14437
41006
61182
60068
26525
89165
43323
6944
5715
63119
99786
43440
77389
35176
88407
5901
90975
66043
44087
54512
58212
40976
69042
48258
50413
68108
60794
27806
27342
20445
11472
10879
46350
87103
93127
28619
95056
46605
60059
74088
61895
40660
49001
31850
85568
88273
55918
81645
54296
26690
73517
63445
87761
45091
18995
46083
99557
90705
28576
67346
52603
68233
50981
11731
65181
65314
4291
18876
47298
19148
16301
66870
56539
25150
91950
44188
55420
18323
47891
85673
65072
37961
93369
1254
87407
8293
80349
79383
41937
16959
25630
48023
92723
44942
23348
10273
67911
50181
70044
84576
20630
27570
54766
25561
88269
86664
16908
78361
77540
69510
15499
94657
39097
93032
42116
28020
27168
99328
42196
75941
4189
17195
91254
58429
85040
12652
35822
51883
79652
70106
26809
68418
61646
55239
78739
17422
4089
27595
76938
50083
26117
37944
505
96687
62932
57953
90155
92319
46512
2913
57913
20263
60033
40124
49388
32270
49566
27856
61436
20755
22004
11094
54848
96699
58985
32160
5715
61582
78917
18114
44367
52968
6715
71046
29829
20156
63873
73055
96780
22478
82537
53739
70266
21482
49639
63315
6210
67950
97992
94767
1665
84542
57006
75913
30761
85932
16343
78109
42419
21136
31716
38976
53188
1319
72540
41004
38314
32957
98897
5206
4007
51995
50757
56188
31545
57737
61018
4419
73858
93112
86770
88019
79818
61952
94365
41327
58521
35747
78459
18756
30372
47305
24324
20
44552
72203
70949
96871
57968
46804
11002
11841
16689
93931
48862
94134
50785
16423
16406
33192
48946
8029
43976
89404
69536
56600
43317
8418
89657
23276
99140
89967
22086
95209
28370
11378
35575
96741
63322
14865
33369
17798
26276
15776
38716
86823
90551
38623
14342
52387
39485
511
92664
50288
72701
54317
76781
8700
25155
79597
35878
79424
41151
8182
9598
17728
43925
33816
26997
27171
52245
61259
52447
58789
29425
27582
60010
64595
11159
48777
77882
17333
8484
93051
59955
35442
66030
31563
59029
71249
42509
27985
33449
58565
64608
34822
35686
66779
20803
30596
8675
995
31321
98717
85145
81400
52329
70171
29760
60056
30689
71707
33587
88156
84244
34982
21169
83177
15142
88720
69322
57792
77505
81950
94980
78455
55634
12341
12577
81687
65869
29235
33849
87575
31707
92418
10797
58255
60844
75334
99114
51952
38774
61064
77494
339
64
83636
16916
8427
30347
25479
13772
59927
65608
36916
30618
90851
75346
97054
26766
55221
65011
6800
84707
24271
22733
74037
335
34789
92714
90729
37003
85205
96388
38151
88757
93936
30817
31541
98600
8874
48364
30000
90759
43572
77
6469
26590
80966
46229
40647
29205
37762
41258
3830
74100
53751
57999
57869
81186
41624
53765
7638
71313
26388
88344
43444
36389
72255
45808
77519
16622
55556
4038
79841
37956
3779
14501
24403
31964
333
97369
31624
88321
55532
5380
21140
89616
29225
70241
3265
78009
57273
64977
38360
97848
76314
75679
90434
66196
13746
30028
73828
89933
54063
6157
78617
64511
95190
11224
45052
67787
55038
96392
97448
58500
86538
1810
35962
99083
33001
31118
83361
4544
70363
54339
49222
55272
22349
13802
69726
52974
9755
58103
2818
70200
17488
24013
72082
51682
95228
39999
43566
1611
90098
29349
66060
41784
49436
46776
37099
9386
52100
19410
20547
33689
95777
64316
24581
22018
54449
3984
64146
72053
49918
44552
71584
66309
28487
78744
4914
91333
90615
18490
61584
14652
59118
64950
87067
81755
4376
49661
20113
35049
61225
82316
33458
19595
20366
92131
91478
19071
15541
97099
89660
64196
5000
45711
36706
8877
90791
70043
76089
94209
24719
40427
46046
70823
76186
23896
17266
90033
38206
12327
78931
52558
24579
88198
742
80027
61736
65159
95900
36539
89824
18960
59670
36164
95124
91494
83782
78691
9227
75476
90638
95875
21651
74367
47424
28200
45758
40216
85821
46842
57272
36775
55095
49628
76429
2213
92902
45625
92628
53360
1444
78547
89109
5628
1470
20853
73513
91537
5406
67831
95721
27428
80656
40065
51672
24038
804
12792
1411
19035
13170
54465
65947
31221
15592
57809
63140
63988
20179
48859
48391
78183
81120
35711
75075
41981
55771
19138
41559
56905
78709
14329
31454
32955
66752
66359
57390
30037
22436
68915
14601
92460
22748
27227
92476
98131
28994
96904
7534
30287
