5524
42184
67766
4255
20109
64664
76128
45849
63498
77447
10924
96375
21644
66847
54983
71164
18515
77356
80727
38496
78019
26892
57152
21386
30425
34096
34331
78991
65431
68893
42224
37652
97082
99818
80597
41939
50860
81561
52476
35767
26230
45065
84031
70433
22562
92323
23822
72648
53967
3861
94635
84656
70221
61604
43251
4689
10006
71505
46983
24774
64917
34116
73946
77155
538
49257
30617
65001
32338
83795
97114
31588
86611
27842
30318
44103
19037
43374
71944
22444
7944
17638
43204
13017
70818
92942
22213
21257
57904
59486
52943
88871
7996
88361
27208
80898
7782
98834
38905
51217
80434
9397
37203
59100
68706
5553
33536
33718
90915
55098
97534
6074
86832
44492
60609
19909
8750
64492
83917
50854
83498
97146
76642
85945
24856
47321
6093
15546
76287
15305
29965
18766
91174
9544
15713
79769
26935
85750
44928
83457
13991
53575
6336
88683
47595
9054
66270
61335
18914
82589
36026
67121
74029
71502
99185
44580
29850
82572
44766
62028
70843
15110
59890
34668
55050
96362
93165
78968
64328
30941
18339
26660
69610
97727
34605
89428
74203
83706
94306
42816
86051
17485
64542
29583
82400
58739
95041
94607
14278
65000
23891
28212
47848
56367
24206
27088
59769
13299
22356
22800
96503
68297
30143
7416
47408
60570
66402
85059
40043
85117
7038
94376
29349
61805
