6184
45749
73626
85616
7513
76429
6635
11749
62632
29950
66850
13385
58754
47672
8098
2957
99530
43762
86957
38650
73655
76329
26830
30129
69909
17535
3613
27387
84598
98034
3327
27930
14627
30159
70859
88281
89079
5030
49929
37630
35123
727
18972
53043
71835
91424
18950
96685
22264
87607
64900
46231
87948
90984
14086
39195
35907
75838
72594
44801
53628
91172
74781
98553
29804
11318
27125
84432
1860
61148
83082
13554
95755
96189
94796
90041
74060
84718
2792
39143
58117
47441
15304
17439
92539
44854
40009
21749
35589
32027
62769
31030
7474
18917
27670
46301
56019
82250
23895
91682
40387
62167
1585
49724
87396
16910
7890
9073
95073
40043
85273
37795
6479
2351
17148
3871
67715
55994
57481
55136
43983
8991
6398
32604
54928
51638
51711
79128
55671
42835
9943
22001
66362
11156
7795
6559
41185
78801
63965
23966
95721
26712
31793
26617
39319
22559
44144
3505
17403
95487
95304
25674
87408
14794
48788
60723
42602
86706
15025
27985
25641
36466
72739
85452
47091
33093
89097
95157
42582
51364
49649
28942
14113
92263
19001
41257
91137
80346
35236
89891
49580
63697
21142
31534
85082
19026
70969
39161
68364
50054
41443
13183
71873
27854
40345
65879
92345
86586
6971
67378
87859
95410
5690
44635
55868
46818
42049
91503
43649
87936
83586
75856
73719
53277
97324
76052
67177
6515
4343
6505
31847
47887
12743
69655
56448
99710
69585
81917
37151
83144
59613
86596
67902
99994
46734
42881
78736
71009
6083
34671
6463
20704
66768
35143
25416
61421
73243
60533
39417
69236
13152
43341
17945
1725
5168
55266
34813
89952
75319
42978
14758
43395
18195
4112
23049
70912
78046
83445
14021
57858
85872
10889
18464
26676
38689
24725
52309
31342
51145
63282
44663
26419
11637
80881
26167
87756
68158
89387
70206
22892
35482
37879
14062
44549
16632
26344
47961
50302
92867
56989
85660
41428
53589
42362
52681
90661
96275
47508
44892
71634
13172
85316
61600
76282
22683
19704
56461
4454
69122
99433
20847
66672
16573
34912
51419
77055
27992
55781
86271
4715
57440
60545
52132
61087
61327
87009
5244
37244
40202
55179
67688
95110
54983
64439
88096
85703
62668
31608
26388
1452
8699
1984
48820
90763
99845
30468
57616
29308
70849
18985
82030
30746
43060
96243
7067
73932
28395
24558
36332
19633
71467
2183
89487
53632
67048
46789
67711
88701
42963
58334
86691
63178
7730
24175
4545
89423
88316
74864
5936
70404
45110
37479
92221
292
15711
45429
4889
67398
17473
67202
30562
45321
87394
75702
82516
93692
26936
876
33780
19663
76429
99200
98238
35333
28865
24866
14574
47550
54646
4794
70831
19152
90444
37490
81318
63716
49265
66457
13772
71674
90675
24944
18601
21195
11186
6315
34820
11194
45578
5068
76740
20159
12014
14603
27356
62901
46920
59278
60518
89904
73551
33194
80892
5819
98222
61647
65569
82312
65328
30534
73797
59271
39567
91773
73341
8189
42727
88660
66017
18424
50983
44827
85873
17978
52240
78419
38113
52013
63644
39651
98921
2034
96021
64252
47046
86195
38128
7956
17621
49382
42453
82449
74498
54927
24108
80696
12965
99699
87356
42903
47269
27605
53980
19003
76354
46038
41291
60023
78013
28258
25868
54193
406
28433
57394
89807
37063
76
88066
76021
48368
92850
78659
80993
98235
87219
34544
63347
33564
94576
93570
74496
10549
4849
98520
66719
9460
88770
99931
84326
16984
45260
62225
85525
72527
17423
32551
77917
11250
77154
87455
4919
82960
56115
92242
62139
33808
1894
35089
27851
76496
27987
61883
35348
78744
10750
79062
45502
33894
46113
92521
40288
94371
38395
82247
81878
78450
70974
15471
27565
79750
9553
60134
33418
36385
10766
45483
15424
23590
76310
94986
83222
73082
47427
86706
17031
41120
87287
88497
20980
4688
4624
26120
92765
56944
34164
77781
26066
89776
16330
54421
34588
14301
60567
12009
36891
9734
4292
34569
93719
83382
55682
18456
91605
54311
83593
1410
8144
78341
29658
54288
85612
33885
95227
22885
23038
95018
5716
80510
89904
74028
43846
97257
37613
43745
96263
30585
25171
34478
53332
29071
91729
45357
97215
29153
66933
15723
57479
16029
89119
75880
69286
54549
81563
83805
68381
38775
75679
98007
42158
37457
19896
79407
54840
74434
75659
65818
73357
71800
98509
87123
19759
84517
34296
1589
7263
79522
78362
95393
20357
26800
21470
34442
60831
55591
86328
70201
27290
48786
16625
19241
79639
42588
57540
43898
72987
45264
25710
6906
67340
41430
87107
52940
32473
59850
71969
40223
13459
9782
30
7640
9245
76895
31778
74769
5911
45534
66359
66915
98374
18552
258
39053
43892
71344
37701
28270
25913
12672
74686
9264
1087
74193
16270
53787
75917
316
14868
83086
85292
57966
99012
36038
81262
32064
90966
8901
2068
59732
89135
33830
62707
77046
68856
19011
9888
96397
81542
32033
65725
97482
19927
15537
27402
32501
23240
79713
183
83258
71867
32598
67619
42381
69858
69986
10923
77946
89617
42993
71518
64150
35320
1395
57978
99251
56656
94552
87422
47287
23476
47984
49286
23535
38511
40059
48807
83429
53374
36514
81782
72763
91669
31831
69496
82084
32738
12604
36306
72368
57873
40308
30690
98613
34195
8129
31665
82192
59061
13156
16266
73904
56559
61234
27107
74617
46980
68864
58959
89696
77404
88011
56113
62519
21079
71478
86291
44952
86551
15155
3450
97924
52138
52904
23194
21964
50998
2642
3687
68504
4884
96754
91631
95762
25146
21852
52297
27472
10146
24682
21510
19374
21897
10966
11271
27749
59442
5417
41188
23494
63119
10400
756
7127
85812
93718
67832
16403
81805
45521
52364
