46879
69631
47933
82320
11899
83386
25829
4805
57667
81310
29617
54495
73746
10682
31273
181
53082
14769
20718
96172
5018
50819
84764
80123
82723
87687
12382
9751
94163
39090
74718
45912
15683
75530
97169
70490
88365
2605
89642
58337
42472
11915
60227
98858
56308
42918
3519
51019
59000
87490
94519
29612
80821
16468
68863
36527
89242
36989
50867
91935
3593
86507
77313
54861
21642
31245
15891
73675
10795
25744
79180
41945
58194
43401
26106
47137
9230
38930
72716
92706
65192
44573
24714
56540
45110
39615
88883
4985
81334
37608
58853
5871
79657
47191
8253
3036
36120
46144
17242
83372
82121
57545
34615
53796
17673
31120
18508
67060
44985
43811
13438
44769
9129
31019
25742
45708
94289
60913
34382
40462
24384
13520
38195
25775
91598
41856
56575
35218
1993
5734
70799
84312
82155
27618
73412
96587
85015
3245
49434
6312
86736
29871
30917
12792
1553
13022
65189
1895
62310
16277
71806
13145
26333
75400
99920
2235
71961
7393
54121
76256
89994
82090
33935
35667
39803
56169
98084
48275
31691
23059
40512
67684
28577
91708
90277
40918
91248
56313
19439
1089
6495
64800
65876
46066
3642
12701
69148
35182
89741
30876
17563
76221
7722
94266
82495
45557
63045
64937
58612
67411
33901
60580
37900
72610
19467
85457
35513
47024
18024
24344
46830
52251
59724
42513
4906
52600
25472
7428
37615
76051
44789
42674
95323
37804
51166
15133
41619
77133
29078
10678
61892
91385
60779
89622
32605
79193
45088
79332
86267
40660
60105
57665
38397
21078
46074
40936
1195
99953
59257
5724
505
93041
92631
96996
50922
29337
55323
89534
