84445
27617
47569
71963
51801
86378
5291
24975
50117
86465
62116
50321
16044
52105
710
48245
37337
99212
3653
94507
26196
69015
2977
47418
29982
99134
95666
10123
31119
7065
45659
74445
51454
54461
4541
25196
62918
26468
31224
75901
22234
79951
92581
58129
38869
50681
70259
99576
11819
50332
4835
59246
14535
90189
61745
20285
32704
40751
85819
4926
93495
16910
8446
61412
18609
50068
65023
5792
51353
69635
15122
60538
34712
86499
39116
13211
45106
70677
25120
79946
15779
4119
34963
8665
31910
96872
72412
86640
5063
4794
85352
61212
64997
71081
24371
98696
31140
64166
12394
7402
2076
98142
8607
62833
98561
59085
18272
93643
96637
17471
38466
89575
40380
53433
20788
73863
69383
75130
64125
8811
91789
39217
9928
66733
50941
34605
99905
50685
36988
43370
5038
84818
91411
92853
35752
62310
14618
85796
24817
92508
28743
80572
28777
52640
96558
99228
73815
73723
17434
4647
1799
43362
72500
66068
64157
61138
16032
44697
4633
76042
4324
81376
44361
60427
64449
67034
13073
20511
24764
3397
96708
17986
93328
10123
35256
37941
58633
16902
72216
96289
72328
73087
38997
5132
50423
39394
70518
54768
52400
57651
8432
19941
43771
32380
94909
78389
37889
87978
98357
24739
74387
81851
29964
90101
81409
2810
26145
6652
1330
66024
31356
88652
27383
23814
36108
45715
13410
84434
27430
8254
21228
69402
99596
57745
94262
8955
3345
19875
42431
24372
4997
97985
79815
940
4688
95600
97284
2023
4015
87158
8357
60103
19322
47927
86167
64943
67518
42039
33080
68896
561
33478
54712
23763
80861
85612
26133
7044
95816
30083
89069
26643
82818
74402
30936
30532
38447
55697
72570
52585
76837
57130
61014
28278
55870
84493
25499
48841
47789
69586
87421
34524
24805
82387
28515
40001
81768
24402
24113
54779
49669
59678
69504
17571
14926
51943
87391
38781
79307
76705
36669
77990
37610
96098
67900
54263
71439
40983
86015
12038
27558
52979
99926
91807
56177
32504
75556
30903
68401
84200
1186
43384
32651
45694
58753
31178
92213
64743
94377
36809
30470
92123
66264
59153
61554
99504
99906
58069
42891
56992
41439
50705
79403
79448
44612
78470
97369
20004
94167
8309
47530
21622
909
82085
59795
51893
39465
71740
87491
4109
68634
1822
29800
34941
36697
56531
89361
32400
38485
439
87096
74634
33353
54916
37742
10806
