36836
85812
86945
35029
15557
65980
88756
65085
43069
43642
76618
69009
99117
9430
91754
53232
41657
2760
2016
93411
3056
65022
95385
79789
63435
18717
73560
75204
7747
13269
13132
16614
36212
97464
29841
27959
89455
27766
45756
91785
77373
58867
46795
60004
48066
18724
90016
44336
39382
81370
36349
7411
55397
36563
92433
64782
62017
91443
27008
21330
81156
44773
82516
8242
34607
24534
39565
53619
52931
83368
15063
54930
83777
85332
21260
10706
44942
22051
1308
88550
5988
37234
81143
20633
71801
27421
53480
3621
67429
42855
46304
13598
45217
38932
18294
68784
10586
22941
61106
74842
32954
47726
11147
56413
97434
18558
1026
53845
40218
21115
82268
37274
48870
35335
55559
47647
82089
19689
10584
86998
21197
55157
98766
1080
53502
85196
39674
78098
50026
67153
12761
80380
96022
93333
88854
13328
98561
57905
82376
48358
32194
76174
19420
95247
67582
15533
69101
41748
41393
65555
50650
46798
12996
29890
49043
47652
71132
77722
34578
33007
27164
41403
44180
16510
80431
60149
96212
85930
75156
7881
67170
91360
31022
78676
62077
4201
3483
45762
5229
96535
11374
55648
40769
92849
58664
41404
53317
73726
74084
88314
48683
98884
95042
14552
77795
51845
31348
45347
31021
63685
14596
17767
5020
83397
10804
87277
13895
31311
29996
32967
68546
10379
33896
73310
86334
68783
3576
4543
65419
61919
33340
25982
73287
97287
51642
14131
98219
12599
44557
54877
96682
84813
365
40069
30159
77056
39900
77373
64207
95030
9513
85052
25810
85868
42878
28778
65307
77314
70881
53188
4217
80983
41655
76460
16665
79483
25828
87615
95456
67538
67008
71429
64205
63071
1262
21838
19726
37406
66833
31497
57008
6297
39377
99157
71348
182
73357
76565
91868
75203
91827
86488
58546
47057
67992
3100
12864
9805
92988
1598
72430
87234
95280
18449
73753
31989
27528
55996
92533
47120
22418
73609
4471
41320
44242
47272
80666
1259
69726
49058
88249
53199
94296
73475
50313
82889
68178
31760
74902
35559
27613
86556
90214
77149
4081
98635
97265
85586
89246
99408
91036
95501
30126
11776
20613
45084
3531
55941
78677
79443
60247
40573
98677
9176
23175
93971
20680
63636
89446
73074
22449
99229
82325
94761
87103
94939
79619
17685
24109
95675
63140
52724
97844
6117
13254
66298
33161
24394
85088
30664
52286
44598
45574
48482
19068
67000
33966
47647
86753
16211
51358
42475
50472
54832
37355
4451
14159
62161
6911
50255
5371
72132
75898
81695
1052
81451
4578
51303
20199
74442
12452
88511
47662
25724
30496
30946
3196
25128
20314
11779
63378
54405
55453
74398
65585
50540
7323
89502
6305
77693
40177
33084
32235
62190
98474
1958
15569
61347
27097
14059
88719
52360
89099
29649
95385
81823
50106
540
76729
41407
15240
40166
50074
65752
62897
69653
26156
95855
74746
22444
14835
23507
78131
8593
19091
64608
40293
93756
10458
63112
88174
83045
89890
25644
94834
28946
87703
76316
98046
99125
35084
44094
72241
15389
34035
13649
99429
43973
36747
83298
43992
45229
50447
32250
7098
97325
83748
8282
93232
95022
76532
34415
6856
40420
21809
39972
97303
11702
70142
31907
51969
13811
27783
37528
12600
72708
56840
82344
11739
4288
70576
35531
49782
65284
87312
6127
79894
42575
30560
11273
58553
65868
16844
96379
88790
42684
68603
76511
81924
50110
81194
86790
29813
50716
59825
46385
65227
31689
87046
29918
23111
12400
3432
83893
51004
91594
70113
49671
1229
56236
28469
71938
26313
