73311
95433
81462
94766
85325
7330
1970
22706
6215
55358
77778
72807
35664
95434
2677
93710
31351
7838
33952
21060
44171
57606
50333
25246
9795
33216
49732
18699
65845
25063
19932
90845
84002
66912
54810
66071
25475
46554
8170
22615
82665
99372
94191
18544
63772
85798
64876
42367
43465
89543
91331
51443
85017
32506
16607
12370
96120
33465
31731
93798
5184
30566
8048
62765
52358
63322
23097
84816
63478
34485
80358
39988
68350
20457
22582
24331
19871
61626
9862
55608
81237
11362
69240
73733
85285
29821
91345
83418
65057
74258
6517
33287
46401
35890
81941
39265
2619
32143
9316
75624
69715
66185
36828
52559
37716
74375
84279
24271
11542
88154
60287
10965
88841
985
67907
76546
70456
20779
19134
80465
33469
96883
53806
90571
71861
22363
44719
65858
36884
90171
48889
49821
12190
85189
28608
99040
3776
71401
6342
86775
76464
88362
57698
99506
43877
16284
86956
28622
47440
94791
4281
48745
39398
43973
42139
12831
56059
55171
27072
95131
20839
35112
18969
11687
26161
72901
11653
54600
41924
3852
43736
44023
70685
66005
17976
18305
56876
84559
36771
91458
76412
22871
80398
2661
22792
58739
686
38581
10199
18664
75285
72954
4650
60919
40353
88423
71569
28037
13142
76952
85111
5894
65770
63969
96826
7295
7776
97603
63385
74178
70302
31566
9607
60512
93027
46193
48274
26097
99851
33827
24568
6555
79681
62785
88420
30175
37830
92156
22267
32467
52655
51499
16366
66064
10038
3638
56351
70766
25741
17059
212
67631
45574
45990
24282
6703
53899
61283
48251
32501
32945
86571
50784
9419
3239
41990
2941
34629
97403
89177
53500
54246
86646
12409
63945
92391
60557
47148
93386
83625
39264
92716
18456
88542
70422
39668
85752
83050
77715
16395
46637
8996
95088
92514
23317
83204
63492
80835
55854
2032
60957
74961
35202
33602
40905
70804
57742
35450
94557
58274
85192
69580
99361
97641
4840
42831
38113
55029
45154
74383
16813
77254
60994
90543
13620
19098
75303
71309
48750
20329
63088
81217
67983
48784
90222
10743
67281
57043
879
75605
44450
55709
79639
53077
31329
30590
10026
6637
52917
51398
13945
66544
69056
84075
2352
36510
2051
84162
64690
17071
16370
22954
84530
49848
75891
62368
83860
93786
3612
9062
15172
99293
65776
59999
65486
84601
44896
51605
92602
11617
40377
98468
91443
31002
31910
90992
48071
358
21220
36770
81315
16590
33934
15689
89601
73584
93622
59902
38368
41677
38322
63608
24960
2652
79987
1871
45934
95491
59697
92289
56877
96353
51064
13115
16294
49822
29994
94196
4033
90494
89414
37861
18731
343
71998
34291
9872
15924
40749
57466
96138
37653
10942
5852
59863
94785
94746
45862
87310
76728
31884
60061
19609
64594
94579
33357
25763
83571
27985
40429
77119
88996
4873
10785
56477
79898
10036
73142
53591
76826
66178
23135
16263
34761
9771
27895
26067
99110
88299
89330
20735
92512
91293
17419
50953
38629
19040
99150
49683
92654
86382
76805
12053
67067
64449
62918
24197
72114
74797
67832
24173
72520
10484
213
86795
15847
45621
29131
87286
75468
50025
48510
89753
28500
91408
41771
28069
53053
42803
73867
43896
46409
82398
16718
68655
49631
21720
37701
32020
45668
23182
13962
58049
4433
13266
60358
4693
87284
36162
67254
98584
48789
71436
78374
83710
69463
26502
15079
26432
34876
38441
61258
32387
14282
