39960
82316
47585
45303
87976
55618
36339
40403
31074
47911
19670
84874
26251
92264
29156
11536
89042
78892
725
89435
89971
90668
8228
95569
79027
61771
48505
96477
34834
36055
57769
1579
53679
55659
28397
53473
89539
27936
8512
57467
12302
55262
64858
39431
97147
98776
74809
76709
9893
71843
32125
18459
44725
80203
30276
35047
19045
85714
49696
16438
77896
55387
53926
13452
83424
56673
81913
73542
83464
26235
15916
95628
65414
82209
34121
61337
67558
16248
74226
69421
28962
46636
90883
24567
92874
85859
86880
38663
86662
87695
34643
27310
82703
42126
98118
16840
23155
60704
25970
75564
66068
65464
14793
26561
93406
23486
20328
56073
83898
18930
60671
70946
57627
