22696
40036
74042
83290
16959
29082
69342
90231
55516
26977
93174
19290
97410
7686
77612
83399
42132
93582
75320
70195
37418
60904
74031
2180
53620
68565
30097
36694
8567
86333
56305
92884
42980
39513
71112
46709
22750
59268
95027
70758
96772
92697
4547
26241
20991
95664
71349
27148
60498
63581
79167
18164
71911
69304
51154
26963
65426
82811
58093
34713
4277
92973
48505
98208
17838
390
65314
96419
65556
57223
25386
45908
50137
20245
51473
83906
56197
75631
81572
30559
99216
71976
53627
82858
55341
94580
51635
5958
48678
13638
11758
12504
52287
57649
71683
44796
72300
3089
26513
89842
25780
75040
58293
93841
25330
6448
82894
46383
36262
36643
42868
57511
58120
88246
716
41348
10863
80124
5622
93563
64678
11768
77652
57462
36673
39846
72828
73882
945
86679
59160
67517
29076
67043
59801
38349
11102
92614
3765
77230
66974
94292
12553
86479
2179
27280
78139
40386
49676
80432
79191
27648
73678
70927
30571
94871
50909
8878
6828
69894
64757
43518
84451
19175
68692
71946
62099
70458
43125
85829
84781
71327
53897
26074
12356
66400
49462
79877
40988
74511
62426
59179
93483
12182
50909
8468
27403
51735
77356
79793
32883
58743
64067
44743
77661
13297
77650
26339
76660
75284
50577
24961
9741
13759
53613
45359
22775
71032
595
4649
35105
2418
50948
51703
55136
41955
14396
53500
50490
61661
97419
57747
17391
82044
70438
6205
89280
80145
50067
50540
8269
79266
83431
82629
98461
83356
15224
69048
57479
12860
42621
6843
7710
90373
46883
40143
63943
59591
11992
56364
82413
62686
25105
38136
32201
93164
59433
59163
15617
73477
92915
69377
79068
56159
33527
74204
867
82982
36408
97521
82592
85831
7834
68497
91617
63499
91364
98268
38196
47445
80272
86313
21194
7868
34294
58165
43540
52269
66375
29820
81522
90341
4814
22475
30358
17612
701
92786
97023
6210
69165
12653
64712
84168
70017
39471
77238
90567
12732
80683
97633
55841
86961
97310
36222
62658
63706
67298
47113
12229
26780
86021
14381
7751
77097
30103
29138
19767
20836
85800
86215
66994
25814
53261
27925
21768
47457
89272
50329
59083
76183
70263
75653
51198
62988
5172
29729
51099
96790
1996
56859
1936
49396
76546
69768
58608
1425
65118
3227
50368
18583
18359
61706
62859
34886
9156
95032
51281
49611
89175
18160
8516
26372
23604
6759
4077
35296
1404
98395
71322
73985
20026
77535
81634
69755
31415
77823
22658
2683
96959
30467
55492
29952
99566
41340
89002
5222
75153
52357
46024
98281
45932
54956
12336
36763
61979
41552
39542
64345
8038
5805
62018
98587
94704
37868
36995
54708
48460
50570
2319
86296
27240
14314
76196
88536
72487
54711
94113
10487
48165
92516
58537
3248
87443
6426
8420
18371
61730
66187
69030
51635
252
44477
1797
9946
71913
9142
57419
11416
69788
87710
91728
20036
33006
19254
96163
53881
58823
12582
58099
48217
57359
10276
13772
61620
17230
74349
36642
28402
36216
72803
65206
87034
39083
58301
34466
62077
680
37787
74489
4400
57830
23532
94981
87422
45324
33799
42169
19832
5511
23547
41269
89538
15888
32395
54194
12154
66654
20981
23653
20686
57817
2032
51960
72274
66886
15275
24965
77219
79956
80460
43336
28789
49552
458
4692
56999
50692
52459
51897
5962
8862
39230
16686
32019
32342
53791
44781
14468
61660
91462
57490
1740
49292
34568
78267
88327
64095
5500
49247
63190
3404
18800
73252
14154
81509
70545
10726
78169
45919
35794
72811
96489
28198
13878
47343
78662
27259
36483
50321
28258
29976
98380
17640
73889
6915
21481
30782
36167
50748
96323
48608
34501
52368
27891
60246
26848
20855
4122
88441
80066
31955
61492
64391
90968
51519
51634
81834
30831
57992
39267
44389
23010
