25081
26089
64963
6355
17961
63264
42897
44999
83869
32553
133
47032
40662
95180
31107
8087
15779
89173
84636
26940
64294
58170
38469
26716
5568
80733
28449
33893
27783
44173
88185
81626
50802
1726
8088
45169
26719
58180
4049
58547
71811
95709
31614
31502
46025
17100
94314
85757
65906
41969
58822
83855
9185
72201
44455
28302
58392
70243
40628
13100
65961
68977
62599
65210
57903
40063
15613
3140
75966
19905
36196
30272
69217
88943
11544
14110
44822
2697
39597
83362
11734
14127
28948
11097
8531
80156
33692
42741
22581
12119
81462
90643
78064
78889
39217
7648
36621
67550
83959
51530
45978
28187
22191
58068
15306
38904
34920
92452
87998
35899
31157
51888
49255
1422
2741
73366
27071
68763
70033
781
26675
18865
52663
79589
16422
5007
61559
85356
29978
21771
97246
53756
58026
16030
21685
57231
45273
81209
39143
60562
39846
66409
99743
29021
47704
36747
99090
47787
30087
68819
96707
1048
19244
29085
24640
23085
87163
2943
73196
63006
9960
97892
18084
29930
29461
37723
93360
53271
91987
69500
48463
96798
30266
69131
44245
4001
58630
57560
86938
18930
57702
65509
80968
89332
58708
74398
61634
50265
77760
62914
65406
47094
92057
42175
23409
29215
6622
573
44263
9344
39664
21402
92510
66316
40876
87690
48463
98958
34696
16198
31681
47761
91366
41874
53599
4738
32940
12081
39885
35766
608
29807
58887
87496
2456
85635
13862
73224
41323
99731
23882
71278
38966
82886
25896
25167
68270
69953
59168
3340
41082
46288
41109
7199
3989
42517
65155
30492
75245
96147
79810
23865
94246
43264
19052
3715
50158
82368
12853
13237
76747
42767
69851
52021
94460
41165
39637
55531
87287
79468
78990
38390
5832
25835
1445
86276
95829
41446
64343
81779
17603
52798
52202
40960
98425
74082
56264
1439
95090
22749
32716
39925
4140
80334
26565
63614
22676
4552
14674
32229
58001
88516
30547
89825
44222
11033
27902
34287
51028
96452
19892
12987
72556
5425
87180
89936
98119
32367
80975
6101
41968
32485
59197
97279
14505
82702
30640
53259
90472
8221
71507
81471
32884
64209
30057
59501
98914
97939
98747
82301
95779
95894
40095
62813
70137
59959
98777
82966
65392
