39790
34951
3576
10478
10522
37433
27734
23378
10036
71219
34756
24596
75841
22224
17991
75900
12710
24768
72024
72649
67695
21142
26368
56987
43954
16015
59509
33403
95905
22843
9626
81093
78135
73599
45653
71294
96561
51875
41669
6283
2736
83133
62144
17199
63336
60919
36737
17962
81911
31677
74681
17805
50497
70397
30829
35850
18864
36932
1786
25285
64109
52688
99288
75005
71578
79399
14503
57201
41065
64438
70746
92735
36789
95998
87979
12728
20194
94683
84549
63550
52437
88256
73638
89856
57096
79599
78075
65409
87248
20368
24159
36181
84975
32937
53570
23919
3694
94631
2109
54322
67831
6173
61915
69366
96643
28700
53512
52413
76057
41411
68746
71948
94740
35648
19560
40338
37266
18716
48765
63490
50088
9651
6524
53914
98870
54040
18827
20864
54873
16698
47539
67338
10910
68655
45546
72150
87286
62517
94449
48384
61379
58554
79642
97047
10622
21289
6467
92980
65626
48051
75926
53751
73745
98747
83533
