50344
12472
22533
1535
7511
42937
16978
49895
61123
59113
74804
95362
92972
34562
76791
82520
61047
93758
42523
60276
27616
26768
83984
79537
31920
69806
97148
19639
67706
96059
17010
82575
99215
44112
65948
52350
15005
89938
35035
22421
22399
50505
11579
6758
78062
37919
91514
16028
86642
44169
20200
91784
60732
83223
78760
78094
78367
67704
63752
42175
19363
37333
34232
24321
56879
29341
22302
16229
64197
23557
8651
1363
22475
28632
375
14168
14564
68569
3813
91123
55098
11923
90916
69459
56220
66282
63959
19095
28819
42076
57621
5465
51911
38816
60598
35457
13005
82699
71743
39326
31496
44925
25107
60321
89218
32008
49097
41173
77329
26145
2838
2966
59550
31147
71177
28572
98976
25331
24576
37563
3868
15832
78843
74240
17545
76691
6648
42934
70510
31123
78962
78090
16053
3294
60858
7419
86452
49979
79113
7104
2682
84913
93814
78902
67401
70786
63153
87337
32424
37983
59991
36326
16481
90266
48477
34881
28165
63077
94045
62856
94142
97127
62602
26963
56820
43858
94482
3027
73426
25449
18244
18562
63512
12082
66430
46175
36060
41730
38972
87577
54274
55321
47623
84181
88621
353
42854
22589
54102
61091
29032
33566
22447
65401
62850
92997
55367
21659
16118
86152
2916
8676
26973
18393
28339
90798
89138
99766
15955
49642
12755
69881
53451
28468
45234
32534
79496
49082
95098
66194
83606
25391
35489
44813
54325
6746
90982
84941
53011
35006
25150
87572
75105
45363
95307
71176
21798
53018
48925
62888
27519
94696
98719
21429
43200
40845
55642
51780
42427
48348
60079
23443
98299
53274
57050
8899
73310
84669
90697
86327
49662
45827
89301
26950
31457
86942
88108
80751
34269
51888
59112
73269
87648
43206
47407
47858
22725
30893
497
64569
73530
84510
17276
48582
96489
42748
42627
17636
9254
41554
81612
6261
37767
41995
92473
48003
68924
71496
91037
15961
48827
17452
7248
18302
94223
58795
38364
67826
8291
45105
64722
51172
15415
74761
74808
50815
17121
51634
88166
58056
18256
33089
6359
82890
87601
69090
60629
67593
96069
77568
40836
15715
13972
25992
34369
21194
95945
97014
66775
52469
21552
16365
43235
27464
78477
19780
42010
43691
92620
19720
27944
39866
8778
38667
63887
10509
19038
65758
56864
78107
1456
78663
44581
55916
56021
12730
50427
98851
36785
37279
25721
83801
97582
8481
43252
11315
69900
66971
40185
65519
35763
62089
813
69492
11544
22114
68519
60263
1085
44414
41295
26656
3893
27532
18956
87731
40816
71001
79481
87336
5847
75117
50998
98075
98776
70556
99076
13961
41360
26408
36038
80682
85116
608
22927
24016
34856
3125
29954
26842
16300
51351
30258
35357
34601
20032
81251
33554
27043
8827
62529
91694
42643
80072
34367
99220
37834
57268
77205
42066
84159
15083
91112
63158
60824
45948
20836
93001
14131
99452
29801
52396
92275
7519
70884
9892
61263
19343
91188
41477
85452
41248
40135
29721
12830
31839
98333
30842
56432
19346
44015
34700
96938
75505
72265
26125
68696
36564
16999
1358
33804
31800
43197
99906
68319
4777
97724
89654
62680
28351
89078
85847
85043
71184
54326
21845
40527
23165
34980
96286
19316
41339
73030
76061
11369
85035
27922
68268
41983
95730
72163
8969
49289
68562
88562
13037
8880
46622
47469
88898
58384
32914
73368
57634
23824
8813
29547
82739
54489
61890
46308
68889
80769
37170
6286
49655
25863
64929
33011
96372
77450
59803
76169
28003
28649
92936
15072
21552
23284
22639
82571
25192
86021
1929
31131
9027
17743
96466
55703
72854
12032
25631
70596
74011
61813
62060
17540
89997
36263
51659
11267
61882
24261
55466
95815
1147
80712
78208
7412
80649
16928
1880
7701
28954
19463
7053
42566
95151
44463
75269
1283
78105
64536
22838
25352
82190
20023
28977
8039
18773
20131
36603
77972
33181
52367
7635
27295
44714
88451
49237
168
23893
62183
74465
85708
49240
50006
30221
5751
66774
40921
37546
20712
4964
29405
4195
5448
77122
41844
53251
62406
29087
50498
97633
56025
91253
29593
60366
35964
31141
77552
68322
43625
85535
36669
72610
18534
93000
91800
30063
58894
2513
34407
63691
19661
33651
53110
86228
91309
82978
59643
82818
76668
24279
53834
63526
45089
83151
76707
76059
81370
48076
90482
78853
32055
37582
31330
48965
34446
16813
71698
82319
86325
17892
7636
36175
74336
22687
87813
24599
33090
34299
46485
47479
58331
33112
8094
35938
88835
93148
82417
39689
38557
14461
36714
43288
20762
35845
33453
38743
29785
84668
68694
7294
91982
88578
74042
88887
79634
62449
50050
72081
33229
68584
49331
84152
96299
