23791
45675
33231
6262
51166
21534
13221
11163
13156
7724
26713
64471
36344
18220
24455
7189
23797
42790
59338
61586
48923
23630
33973
78399
9654
60967
43921
65051
70223
1006
22860
1925
67557
1266
84592
89714
80881
23589
59208
71765
10030
76679
97739
38986
19840
53828
56710
91050
30591
27975
62249
82604
73746
9050
5644
56474
24528
32801
67729
87369
61727
17517
1292
19937
84410
31410
4097
63003
51671
4442
69646
3747
79079
29703
5055
68860
92356
76811
24989
83658
367
76052
61988
96965
38016
21468
7168
77948
22163
82348
82932
98320
7705
8860
7125
61834
14547
95368
95862
96097
42158
26477
85535
40699
14569
55276
97818
66926
94047
86873
17842
72057
30531
23231
33082
261
90865
24049
78577
1573
47383
35727
48032
59111
51472
68061
57945
52655
44378
43288
16340
30148
92009
47283
69574
94624
93191
16616
57441
80560
33717
70578
67309
32663
49573
44441
941
19876
57830
24970
58471
92119
99355
3139
64973
61929
12960
10296
44354
38868
32676
80731
5089
33057
72580
11123
37810
54142
36735
94209
12106
67283
88071
56134
21781
71169
4867
99542
52049
54727
65333
13073
23924
75242
47319
68164
4501
59532
21576
20272
11173
84737
23808
37753
97180
45767
82361
88283
26264
6831
8616
13731
78653
85304
51467
78746
48706
84719
29072
3573
54107
56989
87860
16699
54245
68915
13550
40087
20514
76381
95113
13805
15606
93259
45958
94503
50749
18428
16551
68417
47261
88786
76156
18479
77909
80612
8930
96736
79325
72402
23688
9392
48625
14412
27668
3360
73945
53648
39947
64232
20810
51879
10316
89995
94823
32763
29965
17702
15186
22782
85162
76701
70383
92386
87215
67075
89230
35642
17651
60491
49245
43619
80014
52133
72733
76402
52166
30776
41616
29575
52863
50499
20229
84544
77180
27714
79041
2509
77177
67308
4621
62832
86134
3383
68143
48961
68816
54077
41025
88178
53548
48053
96192
