75598
33425
60647
62538
42305
95301
75574
35101
31765
54104
97978
53475
25888
94657
44114
95601
9566
76892
77692
30267
93093
60338
65258
61874
77735
52382
50729
69919
99387
36737
19290
3871
57901
7605
28406
7869
53868
34172
12449
36249
17234
46746
40105
30995
25126
89410
69055
77961
45034
57633
4568
86396
13772
65819
87256
56603
2437
58026
7819
12238
76127
29554
1821
7164
1349
74986
48619
19954
58643
76047
87908
26029
55840
68646
98886
19767
21348
88371
2800
62712
68793
73192
4642
19520
73443
18185
31364
28912
21315
31278
72043
93592
56157
8633
5112
22580
369
16932
75932
52485
88712
37687
84273
24907
7784
22981
38211
98122
83011
22539
1459
29376
9447
78405
8874
44430
5952
47962
80152
77990
35687
77263
15670
63926
70529
42711
27151
14977
24431
98937
73464
71204
87992
38136
40031
83567
66998
92756
95964
20245
56348
5637
47191
22931
89007
98343
98603
68921
19427
9591
433
87096
76854
37470
44585
10918
3594
6934
43554
86995
81949
66843
86953
78941
19252
61084
1513
35768
42691
95343
73145
3387
38616
7281
68061
60920
50168
49961
76204
21167
56536
73667
83764
70138
71393
62330
46780
7367
21417
54485
9619
71190
58744
85863
51176
87363
62186
27851
83884
86507
77747
55208
57739
86329
84475
25908
21771
2735
80131
17400
42559
71011
44683
65890
76354
37290
21504
19953
44760
54318
95188
72427
33313
78842
51144
49533
85386
30110
46816
21950
2460
49182
74396
37318
88666
63144
28683
64153
84696
33841
45273
85338
25326
42369
77792
1124
710
45057
48842
65603
49591
45133
22223
3036
33493
2060
36097
60387
85436
74843
46442
26796
45801
48185
15211
50925
73016
41411
71715
77385
71398
47508
51451
13452
85996
79992
73822
85976
50777
76225
74779
70573
82214
22292
52905
41557
22769
76646
41718
28903
68651
76261
81266
88929
78765
59371
24602
80096
37101
36489
54307
5080
80091
53356
29540
75118
65210
57543
2477
33329
51101
21948
69680
76850
70383
89513
86539
8798
72901
3511
15838
85709
70122
5977
60782
30169
43040
45926
57287
99666
35705
83523
26088
60273
75762
83694
94241
55492
22758
90030
88930
97801
85581
7866
8945
33575
89024
76223
39845
64809
13416
83295
99619
39124
43830
31867
70141
20631
45477
13224
50539
79770
58102
95530
16441
20010
99688
92848
47408
63758
41742
43105
48242
81212
89118
55647
30948
39230
25105
27218
36987
23737
42498
48866
67554
46237
76634
50890
82479
70761
47688
77546
72776
3998
4637
44128
43621
20995
62915
75563
43682
41081
32451
95456
72553
56422
63319
67210
60317
10309
68030
36238
30543
18039
79630
99021
88894
93188
57371
3229
72711
6352
69314
24371
212
75781
2718
82252
70802
23951
34203
44137
82196
15918
35188
88934
67112
10537
99724
6243
26783
35368
12751
1549
49638
40642
54393
54892
34422
21354
98802
990
53808
22153
18910
18761
19055
54597
90474
48127
43226
86327
52312
84523
37261
25884
26443
26520
17412
44343
44033
38902
12914
47651
52512
49323
49517
4342
73908
37499
25038
97352
34280
25748
44768
94381
8595
60833
81941
34598
66639
64690
16243
86521
4350
13478
29797
88114
80344
92087
56295
19635
96196
8978
59
4587
98413
70235
9878
29658
47887
14006
99855
11146
25838
58217
21928
30152
51908
98054
46028
65138
33794
64542
22819
7441
64620
29594
77160
89752
9041
49004
80260
86249
33870
44578
6835
82552
11754
55450
15502
43728
20490
65083
16037
38429
66955
83184
27630
68195
9055
90274
87732
60439
62543
33143
14944
59867
49588
1258
47692
30722
32583
15481
94692
37676
5603
75051
45006
90852
1500
22646
10874
55692
79673
12192
17221
25928
67183
4631
40980
28188
45092
37635
16478
49190
11856
67030
40543
94062
52442
63302
76335
13727
7344
31360
55816
71529
53130
25674
868
99255
16623
76546
62081
62193
45880
78959
19248
88657
11361
37435
56776
7494
59146
38397
20866
94555
39593
17643
15235
47359
35520
71160
52037
55921
42437
26679
93275
21875
46068
40822
82967
72231
52634
499
96493
3012
23057
5298
52867
9111
33032
63922
99749
28108
8177
29050
30813
53950
6657
86592
99228
69056
85594
33838
99505
26043
94283
64668
48433
84014
74389
8418
87603
94610
52741
94307
70688
18420
79161
9390
20268
39853
94028
68069
4964
42620
92600
69477
62004
66049
