99649
41907
7568
4535
17779
6773
43421
58165
45566
7401
92594
74341
14957
78874
84669
80552
196
9602
89393
69684
33948
56931
10380
52035
25286
77228
36328
44927
64356
96023
98788
70691
70240
77702
96671
96929
38455
901
45768
368
96195
791
98383
65862
4506
42427
56675
16284
87508
2035
17614
29623
64373
85369
56044
3934
32535
8680
92957
74026
10129
32463
89887
78978
35001
54411
56965
85279
44416
72077
64779
99628
98504
92504
54209
67292
45932
52244
34494
19518
39707
37704
70185
63385
81417
29601
90930
15114
16928
8375
57759
30250
7342
97310
34899
32771
66406
55426
9449
8126
76242
57883
13289
44653
65246
48737
95998
77083
85822
66466
61968
66000
28569
56923
72797
57181
10403
45503
48125
8118
34115
57958
71761
49988
18766
93707
75175
29595
98952
30413
40940
68567
64079
34309
20195
7608
71820
47981
96592
66455
72318
2854
73722
9329
97271
72491
11150
92026
33829
49457
96725
4603
70204
88235
20387
39710
81956
84840
55877
89263
95564
86170
5374
18037
50255
11391
50997
87513
75376
5611
4854
91300
34042
34995
40217
2250
23581
26205
18591
53186
76337
51304
46574
43633
26828
93590
19974
96288
66149
37156
64157
46719
83967
93014
33496
58960
15816
11077
71895
92660
79728
41156
92294
33054
32565
11027
30039
59478
10956
43471
91804
3529
17264
45234
29060
3023
11438
46168
24092
9517
46991
55328
73069
37617
8524
73996
2517
9907
8731
44205
31473
58649
85499
30719
90902
32069
65184
21208
