37653
11774
88322
80710
49292
27901
21223
88153
40046
41092
17915
85882
78555
26192
8372
8734
90702
71167
58747
34201
94326
83635
14724
64694
85298
57578
85671
29458
88412
86911
59696
83370
56413
8524
73375
71573
90408
37777
95765
68011
28010
51525
62516
69754
20353
75467
25656
92455
37020
75451
67337
90450
49953
39870
85516
14064
71829
91595
88697
72996
10506
75110
30998
68630
29050
25677
38853
78447
20373
97367
88039
14914
62812
45202
80567
40218
23643
68973
97795
92864
19152
79377
43058
55391
32429
16390
58168
92688
56964
65556
69190
46664
66446
26187
21351
40069
15121
40349
19833
27007
5235
86849
17988
14383
25696
66937
81988
22161
48490
50460
49694
87238
57793
89689
46824
45783
59115
14391
66108
46932
70391
26583
65667
31533
63041
95464
10819
34525
42545
39089
59100
62256
5262
39191
60146
37432
10830
28064
53662
78664
64077
16545
68879
10208
73616
26182
24924
89290
53069
3802
1253
74666
77930
30443
42832
50152
73302
41699
24149
66103
58377
20316
52363
39423
70243
39847
85631
56549
95695
92430
13082
62850
89366
21832
20789
2456
82153
5853
79977
33744
24861
30836
45832
79941
31843
74498
43443
31866
56566
81494
23605
30436
19041
16955
63920
72564
44756
88654
53683
17090
21111
1887
17882
31089
6749
29476
93013
24469
43275
636
4015
78163
45132
18465
38592
91819
58269
1268
16184
94612
84006
48308
87269
88105
24442
85655
49398
736
79379
85781
80716
55202
49866
74687
25196
59411
84387
44480
54776
89237
64339
11885
58849
46150
14793
22976
49097
56250
58570
48678
587
72498
40630
53192
68281
57240
97901
65384
76335
26109
124
98982
40324
9296
46562
50258
64853
46167
784
76832
78782
49370
38958
55265
4953
46981
89894
993
1194
70308
33576
99448
71403
30574
40919
6099
15033
58342
19040
98715
49335
56557
31298
8220
59820
56091
87458
61967
48742
87749
47187
49255
5420
5397
12123
51424
59545
36280
35876
58660
71400
87265
10798
86249
45204
24449
98906
53807
11991
30246
40812
7723
9615
93867
65398
5277
87874
47056
45424
27043
478
38016
11933
54683
23981
48708
12020
24953
83863
46822
22049
70773
41252
9581
30284
76659
63785
8411
65184
6832
25411
80673
32113
2619
16680
43263
1746
60514
31229
61060
11214
72583
56395
4990
77569
52559
33014
59625
92162
13136
78265
59370
584
16930
35488
30964
98210
63131
9570
53313
4729
89559
74035
72581
36024
38437
88036
77997
46449
52655
44433
64053
5577
40700
21377
79999
98888
46675
48265
59468
41955
16472
50475
12581
41540
40564
47618
98331
84854
87775
80233
32379
81308
5172
22520
91644
8725
39361
24955
18630
16599
74255
69849
12980
57664
30696
1047
5996
75073
11511
66009
72060
70731
40773
48699
64936
43225
64119
13837
54420
17511
98851
29752
37422
38779
40791
52941
51758
68961
83483
54149
51934
25217
17965
30303
95592
60190
80899
16708
4523
31214
95829
48190
10453
86886
36423
38326
29332
79307
76151
23793
81133
65182
76177
65589
23503
7815
46798
9755
60093
52880
20632
52218
6720
53403
15127
30523
85077
35970
26191
77681
43838
57748
37078
52195
20063
94750
11986
50081
86096
66850
10448
5774
44555
22569
8689
46041
92624
76915
66640
76880
86350
41808
51932
98454
58731
60103
12138
96239
40480
24121
87195
37506
46123
71086
6460
85402
99807
99537
54672
48413
48353
42268
80681
63149
13498
65471
30691
17050
50379
89832
57242
35078
48800
54978
89428
64165
86492
30478
24021
12067
2328
29821
85585
84760
15098
53625
43108
1221
26267
59345
87716
98765
83444
93637
1917
34006
27296
59813
37996
87465
82140
85173
56349
28232
83633
79938
66072
44079
11875
82024
33979
70388
65357
19241
79978
51328
50811
49314
95085
48092
67448
69637
48803
7100
31095
95612
96371
60280
92205
29211
41344
43884
40271
8593
28137
82831
93366
55712
29555
14242
57635
46997
52744
50225
8182
18447
34351
31302
83657
73637
82429
40888
85709
64964
22575
16873
79734
49430
51822
54885
27815
79376
20902
98222
64884
69598
670
63022
83065
35315
16923
18013
48765
62323
24649
73339
75927
65042
30157
34982
32212
69842
98694
98192
50617
87309
52753
92180
14276
36661
38714
56902
21584
59477
94891
83239
58516
48945
92851
127
41759
25874
47989
28183
55978
95766
92041
75329
10984
10149
71727
68849
11845
76112
68279
31149
3527
79483
20253
93249
77784
71049
76905
6798
54325
7731
38434
40089
51198
57125
70217
5782
76286
849
79673
15735
64379
88460
98099
88363
63804
25286
67150
55119
51954
60581
51649
45041
91340
96145
47719
92629
61303
85995
66827
27261
57823
1253
61731
85428
41527
31758
45738
99455
91064
64433
92934
91430
6432
12923
2994
32915
83804
50120
47962
72902
21381
42917
83781
60103
20134
88397
42437
26960
15479
48107
11606
67167
