38954
86921
38065
47945
81752
57818
18204
48492
79551
75654
72220
60333
85510
18118
10620
99269
59133
19601
24154
41045
24774
70202
48431
58659
57723
24978
90501
95144
34456
93273
88439
37714
41523
54412
70933
27614
97676
79103
41190
54191
54324
94477
26574
20233
43739
2699
75252
16907
47341
40669
3373
1566
24985
16257
36398
29697
4644
65345
27191
87349
27887
81090
27351
77507
24959
74048
83064
13297
87974
24682
20077
34806
70564
32128
61591
36322
45572
5287
62017
81227
43888
5262
51003
76976
96987
5609
80380
6865
78399
6706
10680
7395
91547
76805
19082
1152
73589
76602
2452
19357
25565
56234
274
20208
33700
88060
76772
65062
59516
52875
46547
89210
95623
79525
33904
19073
51329
66788
70555
87790
36471
58487
52919
85684
41534
46778
77689
77512
96863
24859
4717
77927
73860
24623
23671
32846
34573
49233
33527
66475
7302
22724
19402
89874
60395
29270
28927
63296
82382
55197
67695
19986
98239
54080
1328
26294
19235
84915
27584
90766
55487
37834
60336
40016
39352
75010
59841
23110
4645
75794
30138
20452
25813
25349
37865
82070
9355
34748
98081
88574
8827
63420
73847
6088
20320
16555
38669
96218
79960
49065
3585
65045
76610
38063
919
50104
78801
64753
69823
85176
12779
81455
75809
76714
84238
49292
27081
36063
712
73514
7084
70994
55605
33531
35930
52558
17716
55864
85999
35589
31421
81745
47179
7954
82735
80231
5046
11888
4705
78667
8618
37559
45448
25705
11792
88601
69950
12050
32703
21481
26628
