999
682
65517
12870
14057
55248
17854
67377
66496
63016
80966
59100
67694
97721
33768
30256
4108
43674
14662
28867
53806
88703
73791
59374
64933
94319
71327
60620
3879
1767
996
43242
43920
47610
51415
10107
66908
83417
38905
67046
2454
45602
11229
27560
91765
48586
69541
42770
13825
49699
65204
50392
5466
65304
26278
52425
77565
84305
65658
74490
12628
43506
91410
73864
85618
37116
91806
32646
64145
48154
99284
3699
83406
61550
36612
28006
91504
59757
5854
94900
23691
61970
93180
19846
47525
27108
97968
89973
17341
41627
746
42135
45622
48995
43345
77336
49925
65036
30062
32441
17943
63980
72110
19675
73498
47011
91372
37385
14456
60971
7419
96896
74005
58854
29841
27285
64051
70149
55980
20523
24985
8324
96545
72583
71008
99198
68265
98222
62725
78323
29162
21449
92585
24475
37314
19238
30885
80553
16426
66362
12586
26595
80094
90701
62098
45912
14313
56417
66237
6714
54097
84751
56833
57012
65602
40660
47363
989
37372
92801
47735
53486
7856
40306
96780
32221
20773
31244
97951
10139
10033
24452
57011
56115
3705
78153
71167
70205
92371
24954
1560
32684
99049
53911
47637
7677
26388
97103
60537
9864
93483
18899
36639
68958
40947
72579
88130
53481
34584
30917
17509
66227
40791
47758
47434
7114
65365
55684
57161
72274
73751
222
41954
5112
23375
51457
10872
28919
28359
13067
12714
89042
73494
79115
48443
58974
41103
92081
48896
66031
51039
90816
95094
93364
19255
13383
29091
19454
63929
18957
11697
88448
87862
41373
40275
90254
53958
42080
11245
89239
84019
63656
28431
21905
58013
95853
42785
61580
49382
33964
16561
44965
2992
84765
97563
88377
3024
22472
74989
914
68610
88967
22092
91866
33208
12668
10568
25397
31168
20580
80511
96343
77012
4782
82855
91945
59572
95164
64702
14394
12853
22140
978
43821
84377
74755
60533
54416
48252
55193
452
13079
15111
61472
31609
38445
35416
18698
52514
76750
97390
72075
21564
13728
23714
55799
79909
84146
89085
708
99391
12693
32986
80207
95028
73477
92999
89986
39604
9578
87415
38962
8949
14719
72811
92204
24413
95528
82263
41875
69002
84262
39775
81408
79087
69342
89121
3455
82144
56584
72898
48995
36760
14593
59168
2678
12984
22077
39308
35092
80044
62543
33199
62018
223
51869
37183
24197
69445
20409
6415
24478
98893
45402
58001
93927
75775
15342
54923
66303
16283
60936
18092
61986
66562
66325
97036
34867
90338
53309
32830
65053
3498
99685
56691
82289
93852
15727
18297
22488
49197
37783
10039
30177
74684
77293
16608
24207
47023
86517
40056
4241
80956
85550
90935
98580
75364
10212
40360
19900
53794
95211
51900
53432
11854
36630
21466
71869
63600
88799
95064
83031
61013
8260
21668
72760
36057
90080
15877
43570
55133
98109
60786
99124
17260
79937
56680
85581
9928
56000
60018
97469
7111
13694
56361
26383
9966
97728
53572
58103
8138
76435
2425
68509
93975
78242
71453
64348
61334
12373
56459
76659
73206
40448
87311
83999
17335
41844
59718
52080
85767
33101
23198
82002
64218
75510
62986
72705
18907
71300
