14861
60673
2745
35120
52297
23677
40627
7221
67928
33818
70485
3736
97659
4850
20324
83612
28130
71496
2558
92203
2102
33907
53730
13808
62715
19203
34392
9643
76752
33771
78098
55147
32327
5323
75161
85625
58327
70145
94515
62198
27466
7782
2489
32820
96707
99371
78083
621
52458
37960
76625
2464
20939
18066
31396
59995
99392
21670
6828
59511
66728
57498
39184
50159
97437
62558
80167
15843
79531
31971
27020
12697
90537
3868
12079
19625
37047
40673
68077
37616
89747
22763
76428
87188
27192
7844
38508
86989
77913
48178
963
88603
97645
58516
42136
54974
23498
16143
18377
53497
99369
43674
7890
9218
28520
18741
70300
93991
57226
72679
76148
70857
59534
50782
66684
27994
83569
98034
5851
48868
97346
44827
88294
2615
60967
38903
23019
76091
14542
12507
5295
2547
13210
19734
64629
79349
73814
44227
4125
30430
32913
