89689
60139
31022
70450
15860
63009
62197
7394
79128
52642
24557
15123
78537
32163
52057
96827
18028
85548
59180
10309
57890
29033
43848
36794
79674
37393
42592
23945
28876
8582
45768
2442
53708
36203
40666
49179
28692
9249
55825
29832
81125
30087
62954
35440
25981
52701
26594
58523
72556
13828
6146
7806
4897
11272
55557
13201
71129
25106
45490
25107
59924
7095
47258
49670
76599
54201
36278
16511
94712
77152
49242
84826
15532
42710
9479
15806
43174
12801
38317
83258
65953
29492
56677
40476
57656
2526
59308
59878
45321
95574
58998
41197
74809
75254
57020
4811
69067
77032
40213
34607
29325
53846
59637
92678
90194
39981
50940
16867
82662
46783
52330
79705
55940
62899
12414
35477
47773
93203
9352
85936
70588
27056
16225
87608
81610
79410
5308
9012
72140
17057
76164
52008
70420
14133
30562
45124
85795
10006
70397
21231
31060
20057
94278
69325
15635
73297
60886
78105
61106
82981
19100
1699
61422
81064
93092
40255
52447
54177
27360
24926
23351
58138
406
30089
90791
75893
87433
33625
19827
30660
96144
31967
59675
30030
6736
19483
50003
75829
18124
9783
22503
5245
54369
44883
19623
94178
89825
37682
98060
44095
86239
70725
34154
9410
53631
52478
76044
32842
65614
43474
43912
8430
88623
29542
99883
77080
43903
63227
15421
81759
80525
33416
6534
25643
66785
23821
49348
65973
66819
93193
36589
28721
9779
62990
39290
29255
85821
44443
40939
43744
78830
56470
65438
83041
20863
41276
9253
9972
326
87668
92757
19638
48363
13567
14017
74639
18261
8377
99885
6087
1867
89915
48001
36800
74644
8989
86497
5700
99475
12621
18071
22123
11802
54088
23325
11028
43878
31440
96730
82770
77556
45268
96853
45940
93038
33533
81464
26255
53922
36466
72509
18239
32294
48780
25737
57755
59471
92743
78336
48971
39153
21419
88622
24837
19362
7158
3442
63563
77161
98537
47056
40417
69168
64195
93663
47456
64596
24836
11061
98183
8438
19232
24227
70422
51536
36498
7397
28908
51358
54452
42749
57657
9651
98158
87404
54537
73589
77546
65912
45360
38771
7961
6753
93792
4784
11204
732
15410
1128
67296
15942
36681
77465
20138
62307
59002
12502
15595
95346
18370
47113
6211
528
76649
4160
16299
41273
62203
17944
76692
28938
49401
58907
20834
46777
51956
94419
42122
29091
19317
62017
95867
85322
65020
56075
18091
60144
2564
96834
30793
21458
47343
79007
28076
58678
76793
23293
86078
73047
55576
30858
26872
33923
37044
81741
75379
53980
8385
32189
91860
36522
7987
37980
7531
77995
20688
96027
69516
17142
2215
36538
74025
96784
94768
5007
51177
477
19517
22371
81505
4394
53343
1983
35003
87105
29767
75391
63612
655
22986
19101
20082
17377
46843
70521
3941
43784
52572
44807
56325
30026
27817
5581
1493
93764
46580
47245
29298
1326
97343
95191
23024
51422
18369
15975
96279
314
82965
42984
9072
78974
66814
5122
94476
4272
3305
46374
79151
55008
92708
93709
15657
48267
94162
35816
39306
643
16467
65718
84645
87023
51366
84992
14131
1066
18661
36015
95257
30508
29746
34015
82601
29910
92209
11355
48815
1784
86192
80243
1859
58417
89548
82859
72723
13697
99937
76174
18158
78201
88444
35268
33744
23631
53096
64676
80141
80835
54113
48030
14332
71172
47769
37079
78184
91291
82222
59751
3691
40072
78498
80743
9490
92318
41218
30754
66474
89317
96275
36130
28408
48176
73478
1580
60631
87523
57045
26519
93399
7484
93543
25107
63371
49492
91405
85054
60566
5721
59433
56420
24776
9370
81908
87738
55768
71726
59331
48742
84480
3851
32911
27261
68524
52872
886
97754
94173
14653
69843
11179
93040
70030
55323
89435
85353
83373
1088
91991
46356
75851
92183
66293
49955
67247
91545
45922
84126
58114
86034
30358
11399
86008
93281
20545
95580
59362
68639
81901
58680
10794
15521
64521
