41535
55490
92402
41794
20322
48072
28188
43288
18174
49453
30334
9008
96939
96762
15742
74621
16587
79106
88256
69834
62490
32908
75635
53197
51243
23562
92119
86108
75435
2962
96582
4410
21873
21340
60335
23509
13002
27824
20847
63731
97829
53993
36564
16402
65027
81120
36795
93059
93320
78815
7400
67407
72585
1469
96885
86422
47994
5917
55059
45627
34474
85915
23103
80802
95528
80401
49035
10494
71395
94451
91018
87173
67425
84506
40017
46999
87430
86242
24289
18237
98920
92731
71282
98404
20308
19394
51865
62500
11699
30096
5659
21776
84549
70938
10954
4117
93498
68850
32671
85013
58481
53286
43870
7979
1272
84373
17588
95376
37582
21823
70015
660
94501
19332
12592
41228
920
66294
64715
34361
87622
14204
29857
93244
7473
1326
96494
23338
39847
87884
13123
58905
91938
43494
79305
28804
99100
22295
7071
54050
93889
31802
83600
11119
78553
2623
95480
78869
11691
95909
85055
64044
61116
50438
80540
86539
14833
88536
75217
35090
49248
87656
77379
65479
67700
91264
26027
27309
73947
90805
2441
24937
16446
11061
97161
29604
37177
24519
91022
55466
92473
47667
12797
80467
69081
6969
33582
94536
16065
8556
2425
68206
3459
36314
21690
46255
87615
91750
84395
87889
588
98920
85897
25637
79396
72880
60321
78600
87847
94918
36404
25293
86115
82115
55093
26045
26764
12256
88324
11384
24806
98525
46281
22614
72474
37170
96062
56074
827
934
12784
60506
99546
19389
71626
