74280
86651
89429
74704
2121
53045
96426
83154
30873
75398
76926
57369
79085
39171
37253
96063
77616
45436
29024
1407
49050
62809
4990
78872
66755
16860
70738
51182
91740
15896
58232
71368
36767
26934
65733
37034
22843
16279
1363
18217
72077
51082
8496
89189
54771
11542
88717
17852
38989
65785
6950
11070
59053
80830
62192
23553
54263
79508
43289
39540
34460
57304
78006
98220
33442
42841
7409
27846
97243
10574
24586
14786
11312
20550
81756
21946
38841
78503
58732
70397
23791
43918
2997
72870
84213
15289
56886
49648
8027
5681
88161
68255
27368
66502
63018
5052
6103
69755
31094
84774
42840
98031
53500
53142
26662
96502
48411
18931
65416
9151
5571
34900
54097
80572
28806
39329
92298
96234
45053
83872
91502
16447
15196
1725
91458
87909
38728
89056
13840
4586
87889
4523
22963
28690
89061
1484
43662
9647
43892
70149
65036
22898
35903
12391
61514
30256
6331
13559
82137
31369
12976
95008
39165
24839
53041
40569
24266
26810
81137
23704
89450
31066
17459
34664
79803
99990
74673
95545
67171
4051
98471
46068
38456
5936
77182
56835
91690
83235
76723
34367
86068
1733
38084
61523
80002
45141
61311
26839
73478
2880
9055
93568
38831
19157
62519
21596
52971
56241
15860
49187
66463
8395
2992
85702
42634
34332
3444
94713
84404
32156
28715
744
4831
97064
7347
79222
48852
24754
36281
57163
1980
91196
78028
77856
89549
92449
32819
81340
38076
22591
86956
17263
33493
9223
19480
90379
42035
63418
37889
82031
42789
40255
46151
32026
42879
40895
12108
5471
53014
83426
96833
15456
60010
63155
8206
17397
86258
88164
19994
36840
48847
44904
82538
67182
86418
73625
81242
91047
68614
67078
48141
86344
36715
49359
54625
58894
8360
6287
76428
77177
64055
37517
33259
71138
85323
68706
97221
32638
38490
82659
4711
84105
98857
28020
25890
19204
51848
78375
3300
61161
8865
99822
55935
77304
9932
31189
83011
24478
96527
68376
62952
98127
66962
2084
28630
77613
97053
9802
47064
90476
82642
11717
30235
53529
34762
25376
87940
51959
55742
19614
50154
18291
12981
72467
8114
77396
50992
97750
29021
41490
8896
24022
25446
66179
37119
47984
50351
25828
76397
62343
58429
83775
56147
30002
34021
84467
86302
24399
63879
87348
8865
4800
79738
20090
40742
37536
50532
68378
93919
40537
94981
97199
75484
11527
33779
5941
51224
96389
46960
34536
27724
41541
61068
37162
57591
10601
78106
87614
75162
3204
57968
37500
52035
23795
19278
93516
72078
72197
84297
36786
46962
64274
18703
39523
48109
39557
14914
61327
92485
42236
34288
57700
32414
73431
12224
56625
68134
92716
22104
98305
58062
16494
8558
39925
5208
35240
66693
69357
45405
92485
36265
97265
81961
74095
78582
90160
70992
30127
25415
38364
62919
47253
56129
36953
59391
49902
82492
94517
99900
58146
34181
66042
25879
45001
17989
37309
39339
61608
5816
57231
45635
58254
48109
50198
53692
82324
73204
92574
31197
19559
16883
44823
20686
66050
66633
73200
26346
84744
38444
11196
75015
31844
83917
49172
2870
42000
66864
40987
48632
32728
50181
66821
17312
62360
55446
61218
58169
15293
30172
82651
71827
51383
73848
23970
57860
23595
62492
62801
57908
36603
73693
21471
62938
63610
63448
39727
69159
13895
28824
27287
1595
9531
96954
48667
22529
43125
88386
58176
27584
94897
81132
46323
35875
34564
6009
5156
64639
55754
35557
88191
78101
3961
72974
42401
13626
14713
72460
1527
77413
37669
87468
25291
58228
12973
33330
55626
77099
60677
68356
16398
91714
87736
28378
42081
42945
56741
12253
34284
95575
72300
2820
1612
97019
48216
47846
26095
75505
72385
38653
29456
53912
68340
51436
53587
18429
36432
704
35900
51850
11490
18604
80644
32764
57662
3626
51301
93871
41860
29468
51870
58845
81335
58295
26379
46300
37819
4274
39279
46663
43453
