91154
72414
28182
47106
84529
37845
49538
66046
98019
41948
7804
61441
8242
30323
20749
21211
88538
16144
25107
62842
44384
36922
34438
92226
82187
74513
97280
36410
30662
18815
23247
99416
31192
39978
88041
47665
82687
75673
2041
4721
58360
27168
7200
8671
41576
43819
40867
29881
99428
26602
88628
17283
70025
68347
70533
16723
66861
98952
32864
25421
48592
67435
43732
76318
37279
24361
35685
48936
40954
1581
78107
98251
48169
46399
9360
21452
39464
62135
64316
25259
13190
89872
23086
1787
33917
23981
34236
98653
10712
39768
60201
66515
85278
20390
90530
83122
81318
62913
53488
41350
56270
9753
25460
98169
67083
25383
11695
59004
42701
54152
98481
19904
29498
60234
22180
76159
69344
28839
84041
30274
97735
73181
10656
97599
88807
24285
56065
62730
64050
54633
95470
8532
96966
50554
31851
11334
89594
62002
33067
43702
71709
72620
93413
39105
14919
37936
76431
36053
22834
56357
58202
79066
15279
85354
96486
79501
33146
68787
74081
36402
84844
19900
60445
76022
65303
14313
57454
8145
99984
71105
29684
90822
95129
83064
15362
87642
53367
11982
78805
31996
42498
46103
34714
17557
73138
84056
89886
64012
8442
85915
26182
27766
50660
13360
39666
49039
78747
59830
26221
95359
37142
22904
41784
47667
19235
70298
54458
46704
34635
88467
10262
74788
23720
53112
33919
56281
90690
81817
59808
70158
4761
19644
59964
76659
68110
96196
12683
56897
32587
77520
28967
43263
95877
54558
24995
90003
22679
65609
54115
84910
33544
59010
53056
89581
35764
70227
60654
72345
70089
40212
20383
72550
16732
8886
41499
53767
41096
82204
63581
71792
70108
65016
83285
24586
1721
35283
88588
57089
73599
30271
46924
29859
20905
40940
63900
41248
42416
72988
71784
28352
99983
57446
69938
8411
58918
97682
87793
85378
98665
3894
52762
44171
57046
45381
99469
16311
40359
94152
55010
27016
55371
89393
70446
45729
52889
82905
43564
51912
59373
57752
8395
3442
49123
89942
6713
37562
84866
89470
66878
88261
45587
56202
63505
87857
67118
22895
82518
27370
99810
48382
34622
83472
67287
55704
92547
87418
79745
26056
22932
6916
35723
76943
35612
10526
19585
66744
36885
14606
75633
27438
47229
50887
28667
95854
58857
74429
84912
72011
54085
77655
9111
33459
32730
80239
24540
43993
62327
94747
52077
28312
27352
87
77248
73205
18017
13161
94706
71924
84220
44585
26914
27372
37532
86830
3395
68837
11923
82775
57005
51124
24278
32754
79648
97716
54885
21428
31385
71401
93849
73542
77007
7559
41526
9266
32442
40878
22312
97948
48023
94612
85012
50914
82553
24644
85034
21908
94632
34854
68967
93819
60733
204
28912
17201
95019
25884
27081
33697
23686
78465
11285
62181
42347
7238
47240
