14134
48003
63932
76695
65962
88909
49883
65284
2191
38386
38974
11664
40739
84064
18593
95015
66891
8387
56339
64858
32304
18834
44568
27997
38861
25658
33014
57915
51154
13373
63211
49728
58004
37682
3546
4698
67811
67927
17093
87386
50725
8189
34542
26439
53971
62118
83007
57310
86613
61259
44059
76588
71642
46371
40085
84140
88742
41574
7991
13487
70960
82583
31296
81056
65850
98898
21118
20331
97617
86477
71983
75572
99444
92989
14012
4513
52834
60253
40565
64918
49456
74857
88026
8932
19764
68728
67744
39296
36819
1717
57311
90759
36824
88200
23561
78448
29052
59619
78780
12045
48401
49043
48340
33302
95431
49925
63248
73679
76626
16388
26664
39935
69982
52910
27782
14042
7159
27816
85390
7692
80912
37509
1218
70807
16808
90601
74604
28414
39361
20245
59191
93319
58605
50525
43343
46214
89912
470
7811
83523
26739
91064
66563
97520
67197
51000
32166
3685
38459
70780
54602
71369
62167
6517
31684
94310
12358
4526
75259
37884
92703
9935
87791
51140
86610
8412
87761
53891
20084
48708
5761
34185
26285
64313
68091
69111
19672
21467
96951
2747
77175
31139
42195
59517
72144
79429
13949
46381
99188
89527
38214
48376
26608
90997
31552
87640
12070
65999
2880
10439
49447
29852
8500
55766
33580
70460
79524
15464
2889
69630
41211
17665
98051
94653
85328
62658
55751
72291
49864
40236
22160
35903
98237
9653
40229
8243
37627
84969
27658
46705
47808
79718
69582
28823
24257
83320
14711
53486
14468
63430
32154
99855
2535
7963
41241
15052
79639
53012
39565
59067
3230
84672
35555
60928
79370
28382
11103
1005
91200
39497
15103
40429
68179
46533
52476
40605
29737
84716
75678
73862
61237
70600
30104
45755
87648
46497
45893
4334
39241
6238
50941
42125
68257
60718
62171
72856
59131
80581
76744
92911
95219
92757
17927
94204
38244
53099
11719
53784
24425
54
11893
78003
56359
3581
87777
17179
22276
94035
92448
16648
97963
6358
59690
83290
3792
29907
38947
57247
27915
50043
45310
97293
49135
80360
73717
17292
26033
29460
31464
2588
95696
9473
15538
46802
75218
42152
35794
70337
17391
81358
34572
39619
65663
56457
47346
24727
71836
4969
10861
49495
45643
7692
83253
80463
2769
53061
67491
81293
45648
76852
16915
86893
64663
50754
338
91045
33718
79543
30690
2998
87435
76036
96797
4779
29476
91076
55714
55398
38865
90850
63868
96887
31562
44802
61857
3153
93778
69166
34555
46904
94542
10679
82033
90729
35515
79871
55815
48761
9702
69794
87638
79360
64352
23755
44619
88949
24245
71415
37022
10462
41092
17538
58914
33937
65123
82271
76800
27853
17772
84591
75474
47874
99709
45292
1773
13791
79000
3383
59176
46117
71798
78622
49601
26636
54531
72747
26297
66896
84276
86196
40743
41578
89801
38526
86712
14815
87401
95744
9107
68123
2658
84767
29779
89990
3453
47471
17873
90200
37180
71346
81608
42108
96213
94050
45610
48405
16680
37366
1177
87466
84222
74224
47364
29167
99719
23079
79941
22093
4719
10332
45532
35141
2137
15422
770
51580
76548
97033
83648
28127
18716
51178
16589
3207
11487
58665
59031
2722
48032
45910
86686
88564
52767
34155
25918
93135
75225
60902
45500
94331
69979
5371
80412
42877
12123
52893
49187
63400
24506
59071
70040
17537
33706
90185
87062
7788
93359
26002
1176
64997
65539
82466
54566
60983
11684
67396
95112
97974
88356
52569
5010
99828
52524
37761
37457
15927
76595
87383
92953
9391
31614
17030
19500
27299
4352
45856
88475
51770
70074
96872
68553
38508
91643
90283
31102
14332
72002
90777
31243
95098
64617
91896
46480
63353
45492
55945
31962
67627
74644
5860
97690
14692
31149
12279
78191
13685
1688
71385
33105
86900
81214
11494
74799
8806
3416
19743
19115
56363
69510
22640
9731
53394
65412
38944
6381
50677
95495
32237
89740
11485
32693
64035
2020
63435
11108
92523
75709
8089
56963
41013
79841
43934
85498
21407
87241
12856
63257
34749
16380
2842
67436
62619
3306
64043
38860
9582
41244
69023
37917
56193
99147
15381
1987
94937
50870
53083
34640
82010
2521
71841
93559
239
21697
52352
53331
4175
83179
40388
77009
49849
79658
71506
56701
42092
24484
94122
57748
36879
11134
27688
45035
79701
88519
91163
23684
56321
64577
3601
29393
2169
67910
34696
22528
19443
81347
47591
44015
47788
54425
98726
27014
19499
12245
4570
14579
20809
27264
23973
11254
40156
79803
3323
62386
85654
35586
76004
62667
5891
6370
57926
30231
82122
70830
6855
18268
30408
50229
79834
20590
49956
81532
61161
1193
66481
11597
8442
91489
7394
69878
1282
50188
82400
54215
66198
54730
14501
25535
65483
36424
64042
23043
71714
62889
37105
15329
39676
21975
29788
43952
80594
93173
12593
53676
11772
56558
47749
651
42206
38667
64190
14175
36525
61383
28231
73723
26788
18612
1280
21999
35901
66087
91884
40247
11096
89648
66319
82491
74109
1960
41707
58098
22192
67907
71461
10353
4000
34144
41589
75687
31993
95401
51694
1883
61065
79903
87673
75385
56145
2671
4064
10679
80041
1205
58401
7545
13274
1751
32144
30835
38771
6546
24721
80349
80843
86890
12912
9744
62390
50506
23467
99508
66985
81606
11667
93139
42708
71788
3510
96824
62037
24748
32023
89673
81244
29326
72552
34950
89398
64008
53679
63395
53501
69334
65193
68352
49669
61070
70077
39759
8784
31234
40229
8017
49339
23533
18534
3007
41783
24830
18276
65088
5101
38459
55521
21683
18791
23733
76790
70751
80830
65595
16183
91459
582
90486
42995
89461
27682
36081
2688
80147
85081
