19279
21688
8113
51357
24770
98843
31
24891
31684
6583
42534
47036
13854
36572
52081
4120
54984
95484
45885
69773
44281
6131
49898
8627
93488
99111
1659
90103
16823
37610
91351
90232
79636
131
17653
87269
79481
96110
59710
8681
97798
30146
52022
7568
6420
5232
32096
32237
1790
92836
40450
31102
16843
82478
64523
12070
60104
28619
88513
94169
49569
88444
21760
12675
24405
68834
61701
78481
86532
1496
50363
27863
84937
87054
73990
10176
21853
72658
23028
17392
2999
15478
41699
8465
77530
870
31317
40095
67111
97538
62841
43562
25454
95882
33959
41626
83799
57594
55616
4538
76063
55530
60696
79833
9905
74568
29144
11999
67364
43399
86290
22331
16033
64654
12840
94054
16296
84555
68391
19492
1588
4937
86491
12458
84574
81936
52131
39810
75850
73940
64862
9508
99656
64390
73955
27828
92346
14039
54688
6407
78386
96156
36413
81854
81182
86541
38197
55140
8222
97467
66006
24616
14965
12430
3328
36495
56430
89065
71698
95469
96117
85957
31588
91689
69561
67053
16308
78423
4093
94492
69874
35453
46390
59353
10359
1131
23325
8121
90745
99626
54069
13016
56114
72899
66496
55255
48094
860
70223
5724
13838
80817
41856
53359
73189
48208
529
3462
92087
46816
14219
82590
37805
65661
23117
22675
97178
14002
23091
88523
48839
17721
40864
78454
38312
92911
6878
97215
45419
28763
14704
24182
12901
30098
44000
85941
68340
60338
77822
19483
50958
23437
1973
65101
20106
18266
93813
66379
93787
26708
77078
6478
75832
61893
8555
94149
14378
48590
30340
7229
9330
19113
20763
56727
76274
93744
8336
7654
51803
22331
3043
51387
