48717
61090
12050
22872
10019
86346
64499
95355
77959
20996
78779
89506
80111
79035
98367
3827
27284
47317
29203
96242
80678
15354
51689
10447
91933
67363
32315
2471
34074
75719
59693
22840
69468
8084
64984
56312
3849
4122
91818
25466
90
23157
175
49960
46566
13871
30301
57347
786
15489
22838
37419
87152
12309
75752
28567
10047
53522
10223
17168
42688
35870
43799
9665
47994
15597
40995
78291
92959
12431
31825
65583
15406
34194
77210
25864
85564
32389
49803
8520
622
62063
61134
55476
57908
32893
24780
64550
62775
31938
76794
40579
87284
27399
84393
47303
98238
31958
9770
7850
44638
18316
39444
19156
44364
6542
50865
71396
8975
51459
41770
13798
7049
72060
71216
96118
96231
1242
74795
39588
30604
44033
33888
49808
6880
41237
58631
84263
67563
93171
80223
60770
25918
96154
9347
97876
46856
82654
22536
50482
18531
47501
23173
69645
88083
66734
58970
79224
75404
79856
2896
73601
68113
32129
81593
94295
70534
31565
1966
53323
71110
11933
60898
78141
74895
26091
95419
59352
4951
8520
46
80883
48582
98828
46239
17497
62297
105
66560
38542
51040
11533
28232
82894
49615
61369
1640
65373
90381
88265
17670
71847
90765
39030
66482
24584
82251
42959
91426
43831
42157
16023
90512
78672
95591
38076
34030
29431
34442
50662
48542
28331
46083
2817
55115
91558
70316
69818
96110
73291
66207
99713
25720
63009
67447
42944
39176
15149
4819
92949
36064
14614
24085
88821
71223
10048
70735
1280
19953
51923
50855
736
74892
75167
92186
11080
14407
45384
54519
66269
43756
85044
93036
7828
71906
91698
9292
69030
44852
9605
36904
35594
13859
21881
40279
53255
33152
64924
44808
65499
5466
72817
89404
57974
35825
87576
44580
32615
54872
125
3117
97509
73393
80753
77574
50470
23359
84449
88772
44384
45268
6335
69740
86688
17493
95357
4788
71997
20502
79753
66030
36812
81424
55738
59153
54972
89377
11387
79174
38921
34212
81623
93367
59054
96193
57716
1239
38607
48317
38276
83419
78015
48219
86691
74447
95841
44719
69007
67691
45751
9700
35356
21367
15940
3769
47911
24198
92638
19490
67229
88282
1321
9054
70017
41627
2742
84273
24978
4777
98993
11926
46302
75539
50646
79131
10972
15153
68273
35564
6213
20559
34463
421
85450
5739
66345
23935
63048
20159
2397
94126
15096
19482
35815
24125
56798
68826
22055
76035
71889
98926
91101
82895
77258
39682
24078
71774
70986
30213
74552
54140
97741
80871
57469
51270
68756
48196
12572
91945
74668
5246
76248
58770
14301
50620
40635
38087
11282
10410
59340
4713
14211
37879
17255
98815
28043
9732
63717
63754
82365
65907
70663
2658
84088
12299
3444
92625
3273
12216
6724
11722
8416
50263
54129
10868
66257
44751
7933
38704
81602
32976
6984
82316
36440
35492
5994
37829
75795
42522
39541
44554
1587
82190
19292
43348
34503
80853
59673
85817
84005
27216
6081
7319
8201
31224
76287
20201
6851
49896
76831
55453
74686
6173
56816
85651
95336
64006
8932
22398
31192
28934
75067
12993
81486
87825
28734
20064
12356
72012
62056
48891
93135
68620
56162
90170
39483
67708
25715
79460
48943
53888
65559
11782
27922
72852
83668
53765
3543
50742
93686
22592
99627
76944
58511
63789
69639
85301
7267
45394
18769
49828
32652
75363
79047
4272
97268
25508
2961
68837
2951
1005
6622
476
13193
39839
52403
15088
77416
82964
22953
64413
58272
43530
93935
12227
2986
84838
23081
19621
58141
50385
4095
35255
23903
32455
63198
37338
24969
47130
93864
27240
19099
85246
90069
45312
35322
43862
68863
38166
46407
36304
38069
6668
75545
42353
99472
67459
39804
74932
33621
60914
53653
25957
51370
47742
70965
68981
29554
10447
88117
29536
99162
64669
56770
11217
20736
8404
44539
51829
69371
88890
25148
46763
23922
43653
47652
69524
46706
57685
80406
43498
45291
76513
9810
85020
80760
86535
45864
11775
3313
80805
37968
9823
96699
70162
68123
10116
13969
70532
91835
24078
71784
41984
12499
70797
46737
82388
42028
39992
34355
83858
46749
87816
72200
19610
74749
64858
31263
24309
49060
27530
80820
4086
76082
68908
4730
99221
57434
67351
39612
39591
93152
54574
4941
44068
22812
97369
25089
67421
647
78387
13773
80591
51676
86090
58698
2907
71389
4246
65393
33590
41194
28985
47811
38979
19
23444
14786
3392
17462
84730
13877
31673
13700
54284
27188
43758
28176
37246
75443
30377
31771
59057
46022
71967
15887
9861
30593
73312
21193
77553
96366
69829
70525
71823
84176
93093
63267
99854
84947
50478
67159
7150
78720
98450
97384
74843
48700
75449
37936
68748
18559
20649
45387
93884
48727
36284
11745
99134
84955
87509
9674
98498
416
6900
66192
60210
19481
4498
1972
53222
72053
60510
54641
32265
57533
22390
96211
70395
98955
82441
38387
54945
40830
4519
51387
36695
25024
70840
67617
96516
92652
44994
91828
95551
79305
38020
84845
47563
67604
87474
18328
26837
46802
82640
79438
76322
8255
40563
20352
46982
7029
42443
25729
22365
87275
76274
89704
8530
64189
