19435
43518
88221
80930
43775
3712
96079
43097
4515
94964
1857
12893
86849
28940
88366
19784
1930
36458
33646
82727
53745
57085
96477
30599
60959
99731
25994
73328
76844
72557
19773
22251
65611
95541
1266
76955
48293
36766
18655
38213
33285
8598
8372
8232
59128
36864
59274
83823
59041
68075
99499
21793
71483
75096
91082
64581
72339
60019
5912
62694
62960
31582
88788
10720
68276
84376
54784
28712
51876
56576
46310
4193
74038
23899
68763
69217
94547
92603
27521
38316
64042
14373
67306
78874
90356
69063
98588
10653
51342
87325
21271
87922
55079
93364
16246
37104
98847
68480
14924
29151
23042
64963
98394
51955
83728
74659
47782
49103
55248
19512
27079
3701
5112
21065
34655
31742
81267
8746
98214
29849
56062
13123
51241
76981
79203
23228
89851
72368
51504
94858
19079
49134
68219
19144
46757
22083
47646
60079
22275
72860
16959
26449
20028
4597
65612
4077
35301
93484
27316
92378
46921
73300
10463
56838
45261
85702
46273
86252
84362
21156
67892
26281
99760
4951
9730
35789
97466
55893
64642
97331
90597
14781
19330
70082
27962
52812
78778
73082
48061
41265
21062
91783
41432
24189
31594
92734
27634
36245
56432
29669
42357
78122
56460
95492
79432
77975
91258
28523
76931
40600
43999
75093
43811
15800
42873
50817
51630
14894
27590
92354
42284
46038
30777
65313
73384
23536
59639
26317
5373
9458
58532
16837
78724
68066
52315
35304
33353
46579
23689
40017
55990
98041
25634
21560
61241
39231
37584
51068
74114
95510
86583
57393
75491
28140
46823
25242
38189
28223
38836
99320
12004
57989
85218
18115
61535
94262
2550
65975
8040
29028
60943
30696
1372
64816
32692
45493
75849
58866
23081
13657
39500
54691
58562
19897
98902
89164
36169
81408
82454
56898
50529
14743
78610
52825
11489
96598
70075
19477
41761
55603
94279
95002
38504
12114
8507
74303
78614
17547
2689
1488
14934
97980
90442
5168
69714
40416
61815
97598
78023
91523
83054
34577
17348
72667
77397
68727
62377
30681
42689
59458
85540
28547
73628
22774
62087
66059
23327
43870
2743
2492
84413
80652
74094
53887
48976
9517
51366
84953
56444
23040
25411
72181
457
95287
35423
37533
9134
12399
95128
56530
75955
34477
37689
24494
63371
41338
55335
95430
38858
68816
47752
45339
83517
18375
18847
55272
27791
72028
42106
52411
42817
423
12940
84838
32280
15983
21075
1884
65432
77989
15440
2156
40263
81900
54962
17191
27433
59843
52560
41882
91941
92992
63738
3542
40127
2134
70656
78317
38015
6060
61880
93311
23513
76765
39876
86288
94627
45957
70693
99646
91480
56986
37203
51520
74358
1798
30884
48650
28940
92388
17053
7505
36761
22729
5850
29972
25662
86899
69279
42676
27802
59087
39934
50777
85486
23442
78351
2912
45765
47310
9450
23389
88083
63822
26912
94045
57555
90445
50080
73003
30436
33866
75836
31520
47643
12456
41143
65595
22636
44364
97174
47518
9580
21308
15967
60041
82578
34438
82544
69943
90730
47065
3336
78150
24625
67594
9759
16080
47908
69988
43532
16984
43630
62904
92937
35703
42009
23352
78524
3729
79713
90925
21437
88530
66034
90871
26079
97260
1477
31557
62372
53257
65660
7125
51514
68822
54189
19795
89217
22574
93448
34517
20458
28517
69437
95389
56020
7258
92361
55169
94480
79705
51355
94910
3255
12364
99450
5012
45913
39096
70823
90490
22358
61555
19012
23609
82139
57671
45715
6689
32933
89142
65388
34001
49148
2381
16611
82438
88168
90114
97040
92491
37301
97495
44427
63838
90511
65671
98171
2074
70297
49774
21337
4848
86363
49072
27713
67519
52579
75021
42583
64696
11116
27048
78750
7972
94082
77058
69294
93844
91117
47328
23427
30066
11275
98086
76391
54889
84060
49381
27429
95665
90083
75999
77398
88538
10824
18872
77905
99891
15030
7878
15997
57838
56745
86519
70049
83356
11669
24583
61541
93974
59742
55582
40047
50017
10454
2628
77300
40674
87535
53711
