93353
37755
33693
61626
10110
12201
58365
4706
4682
92844
71894
81948
57110
19711
83723
87815
65024
25766
35788
74417
90262
82529
18555
44358
1872
77642
81378
67978
75703
3507
43807
38213
29856
81896
77683
73612
53801
10844
49027
73190
59285
79118
87238
65482
25563
29052
69539
2924
41792
87445
31516
79110
62354
56458
58120
86494
62561
36876
64966
46815
2556
64977
34753
85235
93383
29696
91291
69803
35588
9166
54044
83446
36305
59094
69785
33681
60068
25376
79417
20461
77107
95488
19908
93636
86101
56676
22258
90302
55580
5259
90858
95921
94525
33482
10881
83625
35817
63473
49873
99024
39729
10041
67302
11026
15576
77646
52322
58027
37947
66955
78815
3236
89304
90555
99603
64713
132
20257
49890
69371
89008
11368
56404
49540
88440
53936
79898
97565
15059
94270
34379
88479
24088
31850
92291
79233
20888
62107
1351
12631
84843
8235
3370
46288
47281
24746
98789
88148
52121
79813
69924
80975
5023
29214
85634
3072
35228
63827
4656
50969
14142
83260
99988
47872
57542
72306
2540
90343
42230
38872
1600
94571
94483
27173
93810
18989
45632
12042
96395
54134
99855
11445
50583
22339
42363
81862
16148
95159
78661
14258
39063
14319
64526
50319
85275
71830
11705
27656
3111
95483
33632
34211
68589
43486
49511
6125
40435
68509
95210
34903
5970
39338
32003
64135
80100
1509
66179
34987
3935
47901
43667
97326
95966
38770
93140
47876
26188
29705
43504
48243
3498
95585
44044
20659
7044
98974
5579
75816
91974
54397
24432
13438
52446
34546
4279
15657
37091
71354
6975
32782
62307
64647
90711
33714
19683
3378
82375
39494
65650
53146
98149
36349
96305
37506
54808
38568
1686
49452
11607
78545
60083
84590
63575
70976
52935
59497
35744
30140
57069
25354
24849
32507
33589
9908
32985
66657
76808
69543
77891
63343
77462
65941
36815
41024
68610
95925
59187
24994
73177
42743
65287
48061
41901
15084
22493
29687
38166
32976
17458
19335
63044
46964
8387
70909
35603
67173
41921
44057
42419
17118
214
11203
82211
78622
58893
88300
9168
82184
27561
15240
35643
34385
1434
8983
83467
89645
8768
58826
57053
55812
97659
7407
93722
39870
69130
26551
36525
61678
87208
60043
17898
3936
56044
95584
29100
75562
29804
98277
93096
17039
69687
97995
43805
4291
31929
12866
42145
7126
62792
14773
81459
34636
6803
42762
84740
78576
86581
20979
95932
74381
77085
25670
30574
53147
20740
72791
53308
14571
544
51844
14789
64003
72403
43465
92232
87715
77433
77202
91331
50985
76902
54035
39710
92213
65110
76652
50260
87028
32181
57345
70251
68196
26432
30469
82668
55461
12362
66329
63403
75312
23467
6426
99006
38952
41845
72483
90214
78047
91469
66564
4432
93988
3861
95425
56818
10795
39401
99468
97674
56810
68955
87992
35287
