96265
63455
57575
25710
92158
44916
76520
23336
93252
38199
90159
47749
2356
4289
85069
4052
4156
47732
12403
52854
92411
96373
83717
82111
89351
69165
15375
13553
83699
88534
35916
31241
52683
21881
39972
83821
37863
39973
7054
60403
56615
93434
93055
24542
64194
74512
87643
73933
53829
82910
26947
94970
5156
53852
70375
60303
76579
18292
34411
36083
31048
7319
20964
29895
41885
40972
90388
6639
92487
80148
3332
9879
33653
97930
50525
40745
88823
4502
74494
82368
10966
12630
75864
8084
72947
82858
56706
34768
29202
94545
63285
119
16339
6510
21579
68090
54445
31011
92657
32466
50223
69555
74234
17602
25981
51125
34884
79612
417
14506
7766
33022
81546
976
8406
75885
60671
68687
82668
57935
78305
37610
96846
29757
14570
72527
20254
96618
4799
59139
25785
63096
16253
60440
89696
77193
36489
54769
78966
36364
59579
16084
15603
45546
78449
48896
73681
16072
19455
79732
20059
29964
94794
51466
63763
