88245
81482
21464
32982
18098
63755
91883
29010
62295
67086
82325
88568
14402
60006
95636
92249
83603
73974
45375
93409
68823
79276
51022
6514
79709
25549
86295
17270
61481
86137
59997
33579
44499
68680
72613
60404
80704
53591
70675
3782
68474
8989
86268
51644
60237
74174
7991
6618
33395
63352
19940
24526
7265
12539
49443
69807
11128
25051
32173
20382
58958
75057
49124
3813
96908
74678
79819
79228
37723
88956
36957
12869
87071
60339
88464
58262
71955
4156
52311
62011
81969
2734
65206
74840
3208
25208
57562
10719
62270
42275
3258
60602
6296
27295
44271
43411
81977
40572
69269
69093
11737
61964
1061
46388
24003
6785
34134
84141
11617
39682
17909
93690
2869
22178
47414
70510
17172
99702
36041
26328
92420
44212
45687
42206
36206
95557
76303
91061
6084
65569
78192
23835
79894
40366
10595
79453
27484
18952
26562
20385
13164
45238
98269
52224
2621
51690
24942
99917
48419
52360
87398
46488
2345
17147
79786
20709
53933
24104
4131
31399
15071
96576
94128
57133
8942
92002
33984
49629
98617
98692
58428
72885
34467
80759
68229
92133
26488
66521
91513
14326
77173
9
63798
14907
37108
51017
25682
31124
82662
56002
90692
7211
99933
9426
24440
49331
82524
36437
84117
13030
91133
21137
38715
60067
15465
26268
73004
34308
5609
73789
25740
7594
31566
14113
99972
70570
36939
15649
2795
88140
24131
63440
2725
175
42731
58265
36796
21039
93528
70084
65083
23386
39259
4790
9790
42790
48974
79248
76356
79127
43598
32643
13174
8307
19620
44717
36771
89850
58550
21537
73661
72273
48576
95777
61876
11098
24279
47338
87163
92673
3539
79900
39933
34337
90363
74464
83749
25331
21993
30093
54114
61290
65654
17707
92825
51334
38836
94280
14823
23720
60397
69293
73716
2230
81562
67019
59286
92043
8739
72112
40391
40869
58739
92406
18985
77529
83366
94442
26550
12629
50503
73038
9459
72971
77751
19420
85830
1313
71212
21260
16207
89701
61473
40622
17361
90507
189
87266
30147
73969
52682
99308
6067
64708
15691
19599
97389
55503
3450
95022
77927
74451
55727
71875
60932
58500
80653
85397
20759
94184
92041
73811
5807
98280
39465
65282
55660
54160
36409
15575
66577
18427
5418
69067
74252
4835
68038
70935
61647
63438
77725
89560
85970
54554
58581
34023
4793
68859
84786
53462
3521
77251
7895
98728
