80446
15024
8433
31092
58812
18842
79616
65148
10937
17145
44803
86260
24823
95612
94413
49525
39751
74950
42981
60296
69709
56643
68177
22666
41145
97738
22025
64301
81535
16007
31168
24138
77589
94522
79362
768
21698
78427
71473
3306
76093
54440
39537
78989
17460
47481
86085
79265
60129
55171
34733
44317
7328
61863
91544
28939
73433
45685
6975
32006
13757
8597
92618
83206
98935
36553
38994
53292
44114
9738
72044
4585
66750
34112
8547
60550
38028
14618
80860
63936
32229
58106
64275
31219
81602
36579
66984
63005
98963
21528
14803
97173
25109
90589
72151
8909
40886
58634
36293
57086
8471
78030
3915
10380
58170
37759
96241
72168
81166
6460
74296
60838
71144
76001
4978
67164
90664
39533
9477
77751
14371
30801
60322
96013
33116
65638
41218
25843
26510
46975
93317
24688
31519
27679
85868
43087
40838
39968
23270
95767
