15561
37013
65181
65670
89263
98921
15878
60059
78946
7398
44883
33137
20474
93535
88866
27246
20921
18175
66431
75259
43635
46668
28727
3904
28505
77820
76799
17552
888
32425
46034
72914
27521
29872
47921
91794
29677
76301
55289
12624
71444
17761
11175
26931
22947
59409
55229
13603
22707
34034
93274
1332
98837
3532
63965
18061
50458
22496
80270
53737
34613
27396
40715
74370
91616
43167
95652
62321
2747
77993
89994
78514
34320
99598
82560
34817
55630
53590
58403
52532
79329
45584
7236
23639
94280
14296
71229
8157
2137
18479
66279
15457
79424
42637
87211
99052
15388
16423
14164
60771
43581
50633
59440
79493
95959
29744
92828
12373
54661
62429
10661
88514
10673
89074
11186
6618
25332
53122
95340
23160
50459
40787
84081
3373
99974
4429
48333
17636
98460
58869
72949
6674
78812
44006
85016
18352
43672
75707
73220
77195
65940
18311
46231
90948
9415
37607
39791
45590
2892
4793
53648
27939
58958
71127
90848
38822
62810
18970
18514
53421
11861
46300
34184
18126
36167
49542
26347
9827
56517
52937
86283
10669
13794
41280
67949
90771
38002
80197
33929
25952
64167
27398
65344
97482
30442
23402
7591
83090
42747
29482
99924
70118
38657
99037
64310
26334
88705
14157
31284
77185
11697
84738
52102
60012
85980
11857
89201
47636
97259
70671
33054
22020
77014
27428
74291
60383
17862
3885
1209
33287
40026
98364
41405
68733
63707
89888
91479
40311
82793
58821
74387
87926
16441
15389
39775
83466
60371
17979
68240
67965
46513
24612
46431
36020
67524
37290
13730
63470
1991
77143
97491
80267
3895
62518
6022
19079
52771
93830
48938
81475
99022
97982
21711
90712
41898
68750
39865
92819
54195
31270
47701
86983
76602
4662
65630
8507
79032
53744
54284
19099
99457
10074
22334
60503
36058
11159
52372
93189
66859
66492
93043
27908
43035
68595
32402
63476
13751
10447
90371
12418
13492
55907
93736
71465
69588
21443
81906
43383
17968
80805
43168
3529
20872
97310
38675
86602
70414
8247
16364
34038
70565
42222
5875
40506
66648
15193
53679
54668
75715
93841
24430
79606
88282
1616
68031
56337
32736
88070
39032
98563
97981
8464
49850
4329
57536
78040
82500
26477
84853
70605
25785
60985
40512
73685
91756
89869
83198
66837
89152
30123
72906
85576
29008
34192
54350
30292
13536
7083
43255
72531
92711
33997
72193
4464
25039
21553
41197
86331
12030
83616
83674
55717
6848
94594
91359
21564
15256
13044
25517
54279
33585
51813
88524
81670
79284
78510
78163
37043
61009
44931
31041
90054
85056
90871
20037
63240
49731
99523
19340
38661
51920
91453
2616
79376
28934
82300
67066
36362
26410
58939
60250
86289
10894
99866
98598
87405
61289
51238
38255
43380
63656
34861
93355
63346
22798
64348
58448
1236
89217
26489
88650
88302
37254
18688
92823
27104
24151
91324
25745
82909
6546
28569
44324
36418
59294
21286
50081
89524
80402
65582
94535
96607
26693
14232
88789
24447
72403
40549
81251
49170
84394
68129
7135
22160
31907
48194
73139
99339
30569
58963
68692
67222
65891
87086
1904
7522
21014
75197
91156
2762
31725
84547
29739
9191
73264
5065
35388
53411
46856
82498
4933
13934
91396
45433
65887
33456
78675
48735
58581
47531
39017
43645
14911
9712
27077
76258
28397
64323
40373
23594
35191
32687
55423
73214
75016
48039
61908
47704
41724
43967
37211
85709
55504
32851
16720
9317
93672
95856
92059
84034
13807
57600
59260
46314
81785
13360
43943
34440
17053
12125
83519
56552
47025
22472
77271
57335
3119
31343
77020
