86865
92850
82043
57931
21974
7533
3096
41298
75658
35678
21333
35702
36849
488
7932
15698
26271
31131
4921
13019
5911
47844
83161
46044
46026
38165
15114
21918
76871
31712
65576
99736
5684
30546
76916
85795
15614
30374
88008
99748
1059
427
81498
90094
57101
61815
95694
74879
52747
93477
12307
44579
26710
9609
95913
51595
24625
68687
85591
74145
21331
97572
32130
89119
81032
60612
69533
10942
4475
9211
8245
72322
78830
50492
96877
51694
3892
13659
68228
77297
83459
41072
74323
750
18137
22236
7838
40641
33254
84481
20007
53214
47768
14125
91005
76441
7247
6718
18294
62918
36169
72314
48697
19072
44940
92493
69931
91687
38576
22101
50399
28413
31878
56968
24941
77927
79851
3645
63986
83659
14615
40594
41476
69529
40772
36667
51894
51164
81272
90766
48463
95825
80121
47388
34033
81037
42002
9913
4050
82390
75376
96202
17511
336
61395
29115
19898
26396
20873
4346
56916
53588
26206
32378
70155
50671
9375
69340
62137
623
81675
68524
51292
43408
41037
92711
48949
61983
12871
30251
20084
40827
60365
15185
11467
20980
98087
99889
70790
37917
54673
54507
76830
32132
31537
28996
17017
99115
62648
85164
95739
22897
26770
7792
70103
85555
66968
88191
81070
96247
74073
8395
92242
65934
16481
94918
34538
66686
49804
39922
43383
26175
11327
70910
44059
80600
97913
69660
44142
80625
27219
56644
94049
20825
94539
65748
84130
33891
87514
3328
45438
51506
43705
25337
35312
78883
39134
2413
55761
49663
56526
1454
39425
6186
79755
5312
90742
42338
50075
84302
20607
29826
72836
7481
29912
22889
92103
23919
93764
46868
87837
35574
79654
3174
52888
54267
33643
16476
12674
9152
14837
62489
15236
76463
71940
65111
88419
4168
64069
66791
19608
53491
95073
31647
84688
99968
12483
2935
39630
39113
49533
74740
12410
72458
66042
32465
20895
84310
45530
9692
93868
89160
54003
5629
8855
26756
87135
27934
71297
55823
82316
36289
96815
22811
85883
93388
16608
31579
42465
91170
42615
17702
18611
96874
13609
27862
62603
30820
78643
6159
17264
50723
76513
9036
62778
75833
80172
1906
34816
45897
73197
87626
75229
29991
47940
2551
87480
21267
30211
48045
61959
13633
24602
81390
80299
38049
69174
71507
74045
29830
45879
62813
69946
50437
62005
91903
65871
59157
29121
17841
42892
68119
35559
19230
96431
61352
16991
57095
71449
7774
53586
94865
49845
21958
48623
83146
81591
57858
83208
35427
10412
2170
84723
91021
38321
45793
18647
93821
554
17085
51035
12532
27827
77810
8905
68923
55518
69796
23256
60448
26414
23966
81425
59789
43112
56287
86685
71711
12447
89217
14588
85443
90409
59730
46105
65379
95768
10348
21136
25196
68000
33954
45761
77431
48002
50150
38648
44989
6024
46778
78158
56624
57620
98005
17475
93583
91833
88622
13525
20950
6346
62274
8350
37343
9654
51767
21250
50994
26991
33120
36337
979
62083
88344
53092
83022
6933
23825
19690
27611
47454
40576
48519
33888
46791
99067
55386
49005
2490
58796
57471
77874
92007
1806
56102
74338
60734
19306
73193
23111
22393
50882
40767
55492
28800
37201
16236
75702
81888
44359
27389
17136
5846
59138
3448
54248
18663
72964
72000
67675
71156
74868
67023
22839
44649
1757
40507
76744
98943
84546
13336
45450
51189
11984
15088
80645
55454
85711
3455
78035
86092
4540
11809
80686
39125
56040
30816
14441
14837
62368
89557
40140
8726
60495
16444
79684
9550
5624
25338
47559
96061
34781
52276
76658
55102
67237
21077
34511
20161
45455
36111
2215
37319
1493
6192
68050
75180
3302
95533
70218
16152
63855
77904
91098
32326
85302
22574
93848
56099
31890
65540
93844
84203
60000
97249
4404
17974
91437
21879
13683
61544
35146
80046
95184
98393
38453
54735
4354
84576
19064
6858
58141
49670
81544
72930
3280
37530
50328
37460
76736
59439
62933
75152
44443
35012
30176
58919
20724
807
65248
93978
37026
78087
67044
74206
33648
2697
38179
61867
71612
52589
44801
57590
88754
37754
13112
69858
70357
45815
93639
29631
96163
50183
94066
13506
45
62421
77249
76993
82309
26137
81369
31265
60466
14179
97439
6832
28893
1832
919
56064
44825
58206
31897
87428
50201
5928
31289
60926
52878
86125
62649
16174
27375
84549
73784
51249
17773
4548
36293
68128
95140
61578
13387
91678
87687
13007
6467
91467
39371
89544
18854
69845
48934
5019
58983
91831
52033
673
17190
8709
81993
17946
13170
52877
76930
18900
55482
59336
36320
18634
78531
19617
99204
65611
91538
32842
60393
94617
79603
42928
79598
61870
16416
6425
85273
29594
81188
79097
43541
70362
42279
62645
43030
88363
72768
75516
61925
47114
30270
34536
31848
48802
89513
99918
72649
80199
65914
81433
96439
92894
25211
17986
87677
39841
88216
92548
685
28370
6001
55962
20321
24815
50497
86514
93445
78331
71217
11226
82546
99562
82335
59847
18896
82483
53771
3237
5393
45399
99706
95251
22849
22240
78326
83116
90348
33432
75026
21541
36286
37652
2363
14129
65310
22507
75300
22801
16999
5223
87166
49708
24632
80367
90366
35410
21118
26217
14030
1676
76882
16532
56750
70540
20280
35411
41892
53815
41677
50858
47683
78007
22569
13269
8800
97298
33105
88751
89901
12152
45554
8258
87267
45796
70622
9961
24378
20882
51705
76699
41715
82622
80480
77507
16113
10037
97930
46920
54441
57011
50253
81905
29765
42217
27542
91940
88539
31889
39676
14066
10853
4772
14633
31878
54337
15090
18976
27539
40578
71804
71963
48185
29071
91196
74481
64930
49215
32207
82709
49036
17455
61103
29822
14442
30352
9724
25985
22295
13221
3288
72989
93213
78818
47353
41507
86635
18663
67077
29274
1349
74527
27350
65923
35879
2608
35002
64511
6479
93948
32410
8195
31607
10702
73420
24513
75392
76724
52760
13021
49803
11758
17806
55985
4692
61282
41323
95253
71115
