3114
48941
28801
47486
70045
16654
94027
53786
61657
38467
1970
22544
83386
14326
83721
44525
3208
21607
50179
32272
83210
69347
82035
20077
28527
50950
85541
32455
50445
96515
66098
76741
49649
33246
59898
75190
76576
63239
18686
54884
10829
2911
30672
89841
146
62476
99743
22926
6073
71324
2363
28662
4672
30470
96866
65009
80419
57668
3169
67275
62403
67024
42684
71866
14613
93783
61351
91856
70874
42714
69417
58496
19852
47242
76376
16496
43032
11266
44412
5610
93268
96990
58122
20014
65216
45593
55211
95448
48545
66477
48109
47599
69994
45795
55494
60573
14851
96045
65912
50487
9175
5008
68456
9606
44949
30132
25009
22486
18445
99509
85610
2078
25653
42856
68904
28962
55585
91190
83695
13432
51917
44812
29476
576
95205
62501
23585
83383
67904
27867
44874
82358
52910
28077
73019
93483
18925
70715
62455
54493
30709
10692
8727
74839
72597
1995
31782
54865
89945
61523
83540
13374
70478
82566
37545
94332
77929
8303
48737
93818
43807
49739
32403
86293
85867
26644
93101
88748
45209
5074
88045
24275
79788
45050
36453
56657
6041
37508
78143
5329
63396
68956
3848
83463
18900
51856
17878
64376
26028
47468
75828
3430
47587
73513
89625
83881
49010
93359
25669
10820
51770
72909
39856
48800
61587
59935
97300
70663
99135
13157
36541
35696
27706
40265
13912
10283
20762
35798
44227
5109
77886
88065
54939
25027
18791
12796
65885
87875
63135
76658
42617
51311
55029
41686
3140
83658
95246
45107
91624
72858
82031
46994
2353
57330
18876
45439
65771
84479
91600
71044
447
14146
45932
54594
35291
27797
72343
27705
23627
90884
44490
22311
79207
80790
97668
47270
39763
84782
76313
43468
46665
72492
39129
26463
47296
77815
86322
61801
50002
61711
37109
73345
63532
46427
73893
81101
15560
11388
97310
38284
22864
65708
21606
31280
7974
23036
66874
8984
99333
29893
96320
88509
29519
7976
61800
34076
95467
55839
66191
35479
86380
42802
59288
15304
4814
8929
77910
91484
14918
32526
44357
86095
57999
54365
91718
57122
16100
87749
43285
64514
60609
22442
74381
78375
3097
54332
38689
20781
57264
6259
91480
48594
89235
15932
63822
15490
40948
2706
82307
82852
45862
78230
66586
78591
34177
3060
28144
13412
14512
6072
52872
88877
13553
91125
78433
78687
52622
88963
48462
71200
22776
86365
83125
35476
30714
93440
91995
12105
51116
83615
77782
34069
87164
22772
24180
89091
69
63687
51184
17465
33221
35167
37810
55784
33363
20202
36905
41848
25706
26094
47600
87556
3436
58277
25602
91258
18560
29325
55025
82383
62399
8766
28004
48089
6490
87575
16750
10548
73468
31987
89378
22431
92148
73593
35413
69471
66673
43712
42193
12872
46387
98391
96761
13475
68124
17725
8160
45586
37356
33663
65801
83466
72666
50692
48640
61457
70567
87600
48818
64605
74248
46360
57145
14647
65456
86472
80373
86301
12462
55598
13668
21550
81489
45082
72347
4161
42588
50396
89361
32007
35288
69055
62858
29717
41602
93277
58734
10126
88529
49897
86260
19025
52417
41988
81508
65782
69985
92331
57314
46930
36145
69839
39018
62017
86718
17645
62398
94072
13191
96856
7408
3976
33294
65465
33414
81268
29586
43881
80142
3767
12446
73867
42679
92285
85770
96625
23348
1476
6281
74239
1428
921
88612
44717
42937
28471
99985
91979
40966
90216
15028
73286
79514
55632
85568
95499
4756
32037
25962
30681
38533
99741
83554
39462
20946
33551
76692
21006
49006
28472
24790
40458
58717
19402
80620
30113
1536
21011
19313
85041
29642
78055
