3074
77131
3988
39991
17909
96658
68847
72158
21678
42568
24599
34314
93657
47597
34494
29849
56434
61169
42493
62862
85647
23790
24468
18440
18082
92770
35428
21410
39072
61321
86186
82845
27241
25742
34519
47865
47544
48154
96421
330
58539
33196
3632
54633
87288
98932
87162
77707
76983
11401
9149
76827
96607
15747
58637
74745
2237
97423
26126
89356
56864
88371
111
79482
18363
26870
99099
7039
13615
28155
93051
61904
88354
11753
35446
18070
92087
56619
65301
78255
97097
56625
69500
46058
75235
32751
25944
24872
17844
1817
42432
39151
87806
7511
48858
25315
65322
29946
97529
17427
84614
54129
22293
71966
1838
99534
19040
96326
4001
45813
51278
7659
33475
98075
97947
40703
80472
42913
21309
38631
54014
88909
47625
16631
10056
17822
35625
41940
68368
31591
41581
36112
26540
56765
22836
90805
8621
328
17969
7070
23446
41674
88313
23986
31391
82447
44062
30775
26131
82063
87735
11212
40251
73793
99408
93874
91103
12615
18314
2013
39685
61911
12286
91554
99088
18099
80951
6708
45025
8363
63260
79449
54998
15958
10067
2863
23011
45254
71033
7215
59312
26087
28701
65478
47383
45472
25732
63298
16750
16546
84029
27906
98839
35242
2465
28585
17331
82237
15307
59705
22899
64716
42452
71387
58988
82365
68014
67482
36052
6835
79965
25362
52330
85771
10878
32583
12131
83365
63039
57484
97398
8577
51050
79518
15855
68847
78453
17521
75930
16900
39003
2527
85583
45386
87950
29929
11888
9080
8288
91996
22983
62335
23890
9732
73977
96642
5379
10363
75235
36257
54874
36057
93106
81542
36147
15138
19197
32302
91277
34246
63856
2420
85834
68241
90300
29052
71082
42177
47162
33248
93218
57861
39552
28579
15369
7930
89172
65786
31331
64436
45192
21853
85414
3314
2945
10985
19522
1379
81784
91246
18153
93802
71783
11912
4855
8465
75336
30829
35146
80465
32453
23275
76236
57782
18671
1460
38327
49217
64211
67032
70320
29575
52890
97730
89290
43952
88589
72177
38991
10649
86785
45263
8528
28846
11413
20929
49912
49942
50723
80252
44638
15438
73001
83081
98713
8029
39572
73090
90422
74171
55193
84
17649
26100
59051
38272
25467
19614
44171
57653
52714
34439
7561
83098
85384
5670
6918
68772
21559
30205
52440
35799
65700
92188
56647
40565
55131
61452
90403
46035
83504
11301
39434
47415
79142
3351
32370
27136
68593
4399
34423
33469
6140
2469
98349
92563
45836
39124
33751
37503
1604
70993
47829
37584
66483
37786
60191
98019
42467
15606
82514
70883
99516
15847
35565
29380
85568
1776
50679
29747
46828
23112
31383
48339
4599
6897
18526
55619
56388
87603
89670
26088
56227
70725
35740
72122
14828
20859
67963
15869
1555
49352
37293
70683
24491
15240
36556
84847
80578
33455
57403
42180
98878
82339
30942
34472
52350
23298
67377
74436
8100
42564
59659
60056
31813
60533
38512
50313
89619
77522
76778
68150
62108
10617
40219
45982
4126
46504
72070
43402
32685
17801
71067
80232
16853
49797
10894
98257
41273
59389
16955
61018
98353
66303
21182
3589
27024
76969
78853
34775
46964
4178
29885
71062
5130
19700
87808
41824
23674
74610
33364
34792
36496
65730
95419
57502
9418
83425
75158
34706
86632
77480
62621
31827
894
40215
76530
98336
78195
73204
7105
23177
29763
21908
135
71689
37310
54185
62484
37993
24800
98533
80040
82339
20792
43115
7806
99945
21545
6265
95941
22912
80151
56839
67970
29438
59555
13742
55223
9339
63141
84373
10348
22920
2657
70453
60320
63415
78230
69471
63419
50300
61500
6147
21768
55159
35608
41526
16676
72421
47998
72259
21965
58581
36452
34124
8749
49786
24411
68455
79900
27504
52330
89111
38054
49375
18142
15142
92925
31420
68971
64355
84510
19852
50822
41759
30371
29601
99004
96345
23818
5986
7163
86653
33864
46264
29141
68494
48799
33412
50205
69260
21916
43632
3878
85334
58489
96507
32778
83136
15227
11708
83117
93035
90357
74333
76134
35278
6340
52781
68388
67766
2578
31561
38443
87405
73831
40543
95787
30216
23152
16956
82352
44054
95291
9711
20525
65975
11181
28296
60919
32859
54143
55033
16401
41790
45425
44593
60816
7389
88992
31935
18061
41555
98265
79216
39212
11880
61323
27463
65754
91955
29998
62037
26197
79669
52217
77384
44542
1894
42909
47256
1771
65335
49629
97473
81020
64491
64100
97177
90822
95012
9995
81285
7887
61859
27595
73136
49026
53052
25709
82184
26312
8655
65474
87961
18507
41202
