21964
42053
68106
22365
77268
5209
48298
24337
21275
57285
61342
47772
86503
99855
12216
20208
25024
65267
12709
5523
33755
14720
92887
99785
27625
78981
83503
94086
43146
40145
2984
62155
263
24276
98330
84379
16582
90551
38181
95614
36246
71618
52441
43364
96974
84732
41999
60101
79186
30072
13148
86013
64188
66061
55358
75423
93088
74024
87609
93018
8888
75628
37446
33664
71969
48396
65220
12859
22498
23190
46428
880
2314
96077
12233
98405
40934
60929
98572
43192
13200
53240
82339
33965
34366
67126
53980
22083
36472
76734
20117
3929
38452
40315
59135
57329
2060
36500
47736
74670
41189
37231
25090
73304
77605
66908
81080
61723
43296
49526
61306
30017
80040
82761
10678
70243
29049
16096
23446
41971
86749
36989
60097
27600
64512
18470
22991
95327
6062
84294
78074
50475
13145
25414
19707
16292
10845
71810
79691
26377
9649
72666
55673
72443
4242
1374
93947
16339
8501
71640
18522
89175
13719
73977
95915
85522
14629
66638
42181
13564
65613
26571
74906
3176
87798
65417
35622
79527
67662
54708
52645
70672
48926
80656
44606
69897
26246
9610
24344
41532
14321
90482
82241
74765
39126
80974
83904
21877
82430
52233
49732
14877
35942
62985
61074
40601
66230
95027
65169
65636
14933
82491
77159
62238
1100
94056
41585
96303
4746
63935
25810
83967
92351
92248
59190
68151
85695
26050
7977
79886
4749
23803
50429
37999
28263
1780
31276
45351
97120
39766
28224
55728
84174
59413
16702
3467
75834
93227
20091
60055
20181
82226
33442
50352
44226
82276
63773
7292
59719
63506
17781
41312
6525
68891
22732
55945
37585
77528
77068
45982
90949
36868
32706
76581
52658
90534
47932
72049
81708
26959
93399
1082
95632
39954
87564
45892
82790
2555
49227
41263
80645
51721
42185
79720
1919
56119
61010
71530
62215
14738
7526
324
52833
44368
71472
88357
73149
70472
88462
27179
95938
68742
15040
83482
29350
74453
89756
85024
57313
23407
99325
98044
66048
30084
4880
25052
34491
68723
93695
81362
1501
37630
26816
86522
19483
41793
92690
88144
85797
49672
17059
4564
15793
37694
1326
96146
69909
15409
77952
4981
15220
98452
34013
50613
34970
33255
8266
29114
15590
14843
60144
17449
68552
16554
28145
17351
17481
2230
91485
30626
15712
68679
51044
68568
83558
5555
70723
96060
22919
93606
81232
24961
5210
66536
33691
32797
3820
15557
66469
9864
90418
8701
41595
61566
9295
28159
65458
10057
22111
5178
38096
62775
34761
9318
11857
76521
43265
41074
11590
96855
86244
60030
98703
46182
64422
6146
97424
54254
23010
26831
31078
12286
96903
92012
98779
22449
99842
81734
58656
99409
10610
24121
1278
79219
84584
49593
80937
68145
70706
20251
52343
8685
75393
87856
52110
86034
33750
19877
65354
72247
21866
92491
48498
88608
88963
54581
20595
30578
4900
53827
39664
14899
97762
33853
48482
11389
15274
9583
66004
88817
95356
95886
8300
92770
27631
83468
5048
54059
43463
55702
61395
40711
19439
6801
2773
5562
88743
59596
56
45863
4616
85701
28614
10691
87634
14728
38450
10564
57695
50378
81182
81679
40077
48674
40627
95735
70455
5204
72091
1431
65573
43355
46921
76488
98962
90447
99327
35073
50246
52227
53846
66514
61778
65029
9986
