57385
38125
42652
40010
27452
74023
66066
35254
5238
41138
95627
48504
81663
73264
1860
70665
33030
29626
14312
41148
49165
96295
73556
9144
89357
77671
68426
1300
54992
26787
7970
62506
1002
55182
15749
94974
78388
26627
18252
57857
73066
75609
21476
37466
71659
41809
73204
5005
18435
25295
20212
5408
3041
10534
46895
39328
66420
92845
87178
48940
3181
71691
71584
71314
33749
12784
65811
42703
93119
98821
27683
56776
1753
76179
1892
994
9783
33029
10416
67967
83446
38281
72386
60128
42839
83796
12570
58182
33802
99450
5441
54184
46268
4848
86135
21321
39599
20798
49053
3306
73585
9731
43592
27484
18837
92959
12987
71009
13559
79568
60668
23310
66033
84959
62435
12997
37169
79187
60603
15753
51252
66622
84502
71353
87062
8572
73444
37655
57921
48273
5247
96337
76811
26482
67914
94306
40631
60700
52480
9423
80972
48994
23881
56010
35049
48023
91221
2839
22687
95316
29877
31913
42181
10434
63652
60004
60718
49560
26017
52275
57622
28892
83973
92229
38037
67630
23538
1345
17497
77259
47742
81694
94136
88893
73916
58721
683
92626
20308
4211
81711
63736
76311
14931
46735
59927
54884
3837
205
48438
77677
79176
66235
74786
93077
90597
10158
19958
34017
3328
47204
39585
83828
42673
80880
97972
57104
22180
72961
9848
12943
33730
88306
9112
46045
58648
69157
79820
86989
70595
47192
34427
4861
6997
9779
50715
48577
13428
84819
5584
47247
63673
15292
15915
86570
36731
20167
38324
89815
66092
71516
24087
19689
8872
19681
70315
48373
82570
14706
64845
17480
77551
60761
78123
70793
80643
19457
3959
47899
8480
29735
45556
39507
78193
51166
23002
89713
62723
55922
54860
3456
90042
91367
54227
72844
52180
66310
31889
45065
90990
20678
31254
78155
7172
49260
81337
82484
57068
20107
41917
74701
54541
42754
42747
27945
65901
69233
59772
63551
60726
86774
59673
342
57600
57377
98324
83144
62140
60147
52860
98122
77277
44802
69442
76426
50894
47008
39285
40251
85479
98479
88181
1611
87380
46276
44331
52594
19373
2249
98506
39671
32458
567
30276
40383
1508
57422
57356
57142
64269
30405
3888
57743
57039
28389
19993
25713
54727
76379
65510
85278
14036
95000
7158
3273
9191
80525
45827
86008
89004
48299
32830
52930
64620
42600
53502
79115
47966
48322
24738
60286
3369
31415
86023
47953
25940
70566
63980
80929
23301
14013
8113
60217
38700
19625
37847
70682
15379
65795
85281
78498
79684
99276
83357
39990
94072
19398
19473
77991
59398
70992
21994
44500
88875
79568
48817
35638
52893
51063
93009
43102
97509
74347
2053
10300
14055
14408
53677
18804
30106
83572
51931
80294
51601
29072
6236
16415
89482
66499
17390
66057
78198
31214
4652
96510
82138
52503
91315
80498
86253
2932
86638
70443
94777
62966
38893
56015
17535
3693
69074
91773
76265
37554
61315
94485
54580
99683
22146
797
3077
25775
90268
80434
3669
64697
31564
82675
73215
77310
1763
29826
78059
95804
20904
25987
60956
57281
91341
21179
50257
49613
28939
61663
39159
27692
13937
38386
37774
46923
6442
72998
45377
28569
54951
38427
20199
76437
41436
92307
57581
28093
43193
22619
45814
77784
73535
66460
62611
67472
67885
1766
86165
26517
69594
22149
44393
94868
98543
63232
496
50130
12616
43810
99515
99585
60581
54840
72999
51628
87803
56922
62288
41392
59139
15970
1553
11618
67310
46302
80477
37836
90529
73343
38004
9622
16011
1962
88664
32211
51884
85239
61778
77890
52881
50900
48306
59185
91060
85867
11383
20718
9488
69183
15515
61423
96685
29361
52918
72246
4304
48000
21275
69441
65835
53959
61886
93928
99628
89908
37702
48444
77718
60952
91267
70097
90289
36394
57966
8201
40324
15271
62510
79362
98365
60676
54228
90693
24105
24245
83517
20749
27412
5925
82243
13606
74324
25746
10371
98956
98768
39367
23207
30869
10253
22144
76471
4709
51071
30465
20197
47144
21802
12704
21865
86879
22749
44030
90954
7194
4962
94886
91015
30373
71390
5558
24279
48604
56822
74053
67267
28361
45634
41452
62786
16691
23588
37617
11620
97192
44424
6034
18174
42563
37619
49644
47226
1759
65972
61245
11977
94480
78099
72955
