84499
35271
84705
92479
50470
27414
34175
67889
71019
71975
49091
43555
6495
60962
59745
97218
81620
43649
91564
64503
74484
3917
44168
6800
85937
88860
28330
27971
98072
33278
83423
40374
54469
25457
44562
38463
33411
25212
29640
47442
36165
18259
82964
30915
77806
35565
28309
78045
59409
61476
93915
71317
82706
94806
52661
45143
5462
10424
96464
23465
68704
73712
45738
2343
81123
85040
18290
95647
89959
91208
75624
65008
59359
15786
20369
31499
92321
91647
55031
82686
63846
22136
33960
46280
9318
16078
14848
41216
91092
32962
81544
57405
71773
43253
26060
87093
27396
37033
98995
54871
94147
81943
63920
72962
40029
48963
98976
34943
66135
96461
72098
7275
82620
49733
31304
20605
2994
21834
65757
39665
36970
34322
40862
41854
14999
80182
75403
64505
4678
29320
71744
62471
15043
20982
45278
59596
95324
52348
87839
56505
51160
18488
20934
33689
96197
27894
586
51531
64050
62095
90443
27086
28134
37561
65645
58968
51327
35265
75806
36232
31335
31883
51004
4080
78116
44644
15110
46193
43539
45736
58629
50498
388
36249
17686
49630
14092
40973
19072
45250
88235
16339
8364
82883
70991
8660
43570
64087
77338
73275
94875
2979
69246
75721
6814
25017
44672
86396
9795
31468
64191
16470
3403
4861
4449
81078
25621
12093
44417
91708
87860
8894
84764
79288
47640
64599
74416
63489
31215
19429
39851
64986
83953
55858
75442
6485
99521
98252
70630
46697
21075
1465
28159
53103
77661
99112
25946
65013
35699
74836
21363
42481
63784
85238
42331
32792
24776
97054
28274
89400
94597
42816
95677
95814
83529
23380
32824
56642
55213
30320
80930
43792
93099
58409
52127
76606
76673
5355
6395
81301
85267
32068
62501
30054
12516
51263
48066
30272
74022
39989
77653
79428
10628
21742
20286
38410
31798
22096
60874
80811
38158
3971
53790
25689
41189
38036
60329
25090
72704
88657
11977
2612
98477
49126
41204
92383
27982
89095
68151
71445
35199
77370
15589
95443
64814
96298
29008
33297
6425
89046
43963
58513
94326
90628
30585
22488
43324
31827
3805
59119
86150
70319
14328
4123
2998
92968
60098
34196
24558
42637
73324
11551
44866
33494
25256
61487
72320
40965
83828
53887
48221
29275
11011
71080
97684
15374
90312
29620
16284
90892
65824
65796
4074
79650
41424
93433
77154
92374
76422
80905
17721
36449
77988
1348
68371
72882
82338
7549
81179
23602
63921
79382
27322
96450
83814
10630
56459
82455
76939
66190
17731
98138
56614
78384
59041
71069
25854
16389
51023
11838
64866
63851
5977
58824
19414
90590
91665
58925
16075
65143
31569
66129
108
23540
25715
86711
5548
46658
59041
67353
71714
54984
83941
53955
3042
27066
81012
28889
27228
