97136
16640
66865
56332
41619
72524
79631
10264
8693
98036
37610
89752
17059
9466
97913
73308
53906
68266
4044
79455
50924
48321
13381
85803
44488
84211
87485
16277
59499
69975
36965
48066
23436
88918
94303
92629
60523
71677
32975
99845
40929
71025
71383
2613
15675
42877
10580
13640
43817
17592
62808
80320
92842
45415
76457
68745
60452
78882
26990
8381
58543
8116
14879
64383
44999
79695
83452
35816
48916
15894
24243
42214
69536
47007
17449
62977
22188
10473
20862
27378
37603
81604
75290
52884
86930
82515
88287
86942
79844
90001
90612
63214
10185
74264
13234
29951
78333
5627
82884
79147
84192
59877
23388
74076
50642
20066
47902
64030
19186
54331
8817
93661
13990
22166
32039
68964
38750
60855
61159
66585
66921
98184
19964
34933
4184
24470
57847
97694
90007
92979
51175
76680
26258
2146
72318
12502
20352
44011
75287
14662
22139
83924
70367
18135
92658
47616
54766
19215
37428
41867
43383
10683
45430
25733
91990
21128
90099
49546
99324
81320
96103
52632
61280
8018
62502
43786
95568
60801
49723
70392
37913
79770
45798
4970
29314
76140
36311
67110
88568
20535
19862
12402
44626
6731
28495
4830
83914
97559
11157
24899
69244
41056
12797
73486
37373
7022
17663
66159
4471
44760
55100
35811
57398
52462
2286
25166
49291
3968
91823
22636
33808
92159
62620
28148
78137
5712
10965
97734
67377
62234
40690
53867
24102
75934
74443
17974
88420
27216
3391
97784
6651
93176
64187
63930
37618
24092
2653
1503
65022
82769
54027
