32288
56853
96034
93202
884
62048
5626
67615
62076
73768
79335
47785
6596
71301
22890
8542
71660
44984
24929
78526
46929
15686
30059
86708
50572
33157
58334
87772
41700
32387
9623
32978
49581
89882
93969
84702
44961
45097
20821
31629
78161
4108
49996
57736
31286
5516
4797
27124
57310
83966
62025
22778
15246
36484
72480
24890
24204
82768
34967
69241
94931
55383
86838
45225
83481
16011
94601
11603
7602
62110
51267
21183
8903
41182
32981
2289
83731
20251
47474
79030
13320
61608
17610
71524
67295
98140
75060
99798
45224
63565
4955
81298
30478
28090
98566
41536
82026
71271
21639
73596
95393
9308
48059
8996
3915
6597
72804
78148
84767
32483
36293
65095
11090
88956
40597
91097
19104
78516
78505
96181
52405
44137
93071
87678
48784
83292
47187
54328
68217
88770
9138
91149
88890
30600
75987
78591
39334
73311
96494
17984
54847
78282
50569
92840
1955
60272
67951
22133
75689
68526
74334
90658
43106
58699
15695
77828
12222
7977
68704
76714
90482
76987
73448
1272
89141
37255
34576
1376
30347
38054
55538
91000
78775
34036
32343
77435
7284
22586
97845
28007
11294
18822
31715
21080
92037
9750
69013
68717
88137
65444
74721
93978
28701
74495
5221
53925
82416
17707
1524
21353
71955
13224
51992
6335
74011
66858
51318
80733
35870
58025
92752
36227
58079
98728
58507
1250
16941
20972
63390
68785
25391
39822
64133
57431
15460
30922
743
96913
54514
83643
33557
81855
94269
17720
10294
18159
95047
97226
24602
86425
98559
18952
18802
668
30488
93634
59552
54191
57886
57323
2555
51909
6107
51027
85257
68241
95137
19405
35170
87960
97317
50026
66790
96257
44731
68790
19653
7248
25754
31349
70623
19154
15510
79335
36284
11817
9278
36522
7087
11133
12919
33228
52457
15717
59385
47701
83132
46855
71286
63900
33750
29215
3087
84958
37339
37080
88705
17537
42455
23122
2688
86908
20574
78582
87651
99979
83062
82185
33187
64604
64750
12099
54526
96850
99138
57602
87027
16078
18344
12298
95550
57842
21943
88370
91308
60009
35695
7876
76126
12267
74311
1688
80805
51988
33464
12510
50142
14073
31707
84992
20897
15484
39463
39055
72533
20724
99820
12562
34342
71921
29753
46810
18355
89377
3772
6057
10502
13498
52377
67973
89348
28707
70243
38522
29435
8127
92093
48211
65189
2899
25453
84882
70753
13905
96904
6517
30374
88038
99591
72362
43299
6010
22136
35869
41500
77020
26710
10053
67258
69978
75955
29865
22470
46278
80849
81607
22686
72037
83882
59443
33228
47564
91449
30497
45503
50330
75469
63696
5563
5566
52687
75941
97784
900
26053
69836
1946
6974
10985
29566
3822
50092
76960
18349
84125
44138
99007
45935
99862
23550
97862
12974
46853
39769
87536
62240
36864
55977
80106
98081
84640
97938
96187
56290
37275
71435
71933
41263
81844
3308
918
44918
21860
664
68246
73604
30423
9690
60047
74915
56725
40815
61794
38425
93235
49834
27737
67412
54787
82322
46263
26350
62119
99943
78777
65409
88415
45807
60475
66782
73847
1646
72627
10534
54720
50809
20620
51245
47860
64335
38390
632
32129
77271
59127
25274
64964
7898
44060
93074
42838
53422
40723
5045
4369
36353
68633
83439
8073
91360
29942
26459
88544
10483
81607
29394
13073
13201
68472
68028
17482
13386
85448
70454
75612
75099
55468
25962
37323
74655
81977
39919
99019
51609
60318
29175
39867
22866
6685
53466
80749
64
92294
37172
34596
34988
25874
48321
5384
93645
42530
81371
59198
5676
94016
73894
99829
72335
99367
1207
97009
70303
38769
76989
19649
34606
5157
78311
25962
26933
58240
15909
81870
50509
83290
8588
36264
73889
18047
7677
28231
74252
5588
21971
60166
83790
15645
41598
15249
92756
2866
76038
26922
72651
7723
10620
96473
60681
41820
48462
83313
90659
61160
90069
46053
91953
99688
3028
91226
81843
91431
26557
36039
90963
60000
88202
59877
13782
37747
96232
18759
82673
35420
81331
83665
8338
45068
41891
42453
88272
38611
25285
59808
59520
18600
890
62704
39429
58784
53152
99763
57222
98005
21494
38235
95166
5461
89505
56494
63759
59306
27055
2144
37972
72075
21956
3771
79543
34169
71547
54000
46019
11830
32139
40808
46440
2964
26389
5537
71427
27963
64189
95261
96540
87760
24997
22032
80541
7069
17374
94660
89704
3213
10568
13908
46849
67529
27980
47313
66822
47992
77337
52749
23869
52463
13408
40363
64454
45807
54066
63641
84209
58920
42812
26753
34587
96381
12722
24701
36359
66209
43965
92992
57743
58752
22010
21999
24227
77477
6542
63576
88764
12019
99275
55764
3516
7505
48359
