95506
10541
62551
65301
75191
86899
61581
62108
14407
30816
10078
82523
12399
92109
22404
38981
33121
49366
71938
18261
3216
50712
84380
22106
29919
44418
10874
63363
13010
56531
86083
44375
90978
17764
64176
74527
31068
46372
48407
61423
99442
70125
52673
54687
98206
87323
95097
33480
81959
46266
69669
84316
48717
69662
72238
61823
23644
73024
68600
18616
70597
86422
54437
978
44920
52281
61741
55012
54936
90124
60257
13059
86297
45994
5162
57669
5979
89342
24712
22420
6121
78214
3629
6213
28759
46604
48119
13190
85977
69885
12579
9610
19003
80147
89252
7629
21876
57016
35880
23689
32034
87447
80612
2498
98981
22869
53723
95575
68735
87361
23388
81884
72741
11935
97275
52626
52872
86041
44260
59755
63625
3837
1811
39992
27887
94184
90073
5209
46630
93637
1780
18940
28643
87571
61294
33782
54154
37152
730
77639
33995
38208
41081
35609
70952
59300
21749
34898
17240
42819
32223
64129
84823
73633
2545
74147
48866
60663
27213
66148
9447
80926
77198
24903
37161
52290
6904
31059
98015
78635
80254
89946
74543
96651
62829
34971
40864
76152
53049
69385
17874
10368
49522
92944
60592
43109
19721
42137
83646
99034
680
37271
92996
34450
86923
60896
43672
82477
40252
235
52439
8694
24031
79836
59510
61069
55677
36536
46113
6720
55066
66909
96656
48228
49008
55019
74662
2588
8232
59319
46387
96045
74885
58561
10677
47386
86095
46314
81603
48531
38339
47892
3576
10376
87380
39004
19417
44128
41672
54934
41628
25813
31363
98350
13637
90255
59818
24421
32950
80592
66849
98400
50736
87921
47232
420
70791
48618
93138
18102
43289
31499
92539
48396
60859
33158
74775
9201
41800
18718
93762
540
76208
80992
91929
94069
67776
83071
29724
57263
85018
45306
33506
29314
72545
21005
17584
30561
20542
51909
4810
42061
5892
24048
62328
15972
35173
32188
69972
77945
82146
77022
70677
36733
55716
82959
49187
54991
305
36712
96339
12416
83959
45448
14808
71732
59310
91372
40227
75829
21262
43283
44678
78086
40753
25620
79812
51041
19751
56064
44041
78120
20244
30682
66925
66220
17418
38681
87379
29895
35740
70655
64649
20421
16926
75291
68607
33190
18045
70536
63044
46952
97930
61940
1762
14743
91588
68786
56236
30244
4706
97603
51144
49076
3576
2758
61649
8342
15244
1774
28695
66409
2598
66623
94769
35776
65684
11680
10781
90214
75754
50895
74205
19944
93187
48821
11349
49456
76951
74384
33356
8674
83964
39325
23731
33131
13506
87661
77564
80705
71429
71602
79435
23853
92080
38043
75735
28699
26541
60041
84556
87193
99570
16694
74287
99950
96219
95151
50758
57957
59086
24539
15946
9815
58634
25193
10193
9003
20410
33420
82465
39495
71819
18075
90703
98520
70163
99244
30670
51852
55186
80924
49596
30586
43872
30869
96691
27697
85766
26436
5617
8507
77766
70931
97344
9508
97718
82481
10515
20190
25899
77851
1734
51618
16664
72725
42949
22417
51065
23026
95752
48402
64522
90626
93950
67796
3689
98832
13814
67376
60891
68806
91996
19739
53075
1043
45119
95235
59954
10090
88828
74805
99523
31612
89914
41065
54859
81648
7377
94895
42174
3828
34823
57668
3808
13911
95359
38739
69768
60831
58159
57029
59867
56264
2991
79033
59286
83039
87670
23747
9278
45439
68091
72279
53016
14941
12656
13649
89958
70097
78748
70773
42357
82720
21755
38056
90520
25449
7881
62532
42065
59309
82608
44212
48988
24844
50531
54181
97525
48044
49505
10704
5413
77300
41069
30191
11779
61969
77604
46495
17372
67482
37886
39294
93853
32953
32970
9802
38137
58474
39209
75379
55925
8679
75674
12280
82459
41242
33271
73302
51081
85344
34641
96427
95130
96845
27100
57492
44519
8533
22138
68158
87493
51215
41965
88018
61485
47836
64457
99260
4542
45749
81150
46044
46471
22664
