36359
78080
47328
19581
92400
6819
17408
74570
58345
66335
55260
21175
87576
37160
34792
41026
99803
39778
24197
75097
16999
4579
61605
63391
77728
33622
70024
63639
50553
20122
88808
39457
28913
28085
11464
70647
25954
99819
8330
98709
40561
91764
26288
5227
47647
73736
42563
28585
15574
52003
81915
92751
16654
8376
80937
66258
56945
43809
71797
58506
84333
45398
77828
7668
79294
57527
34066
26501
86532
2888
37781
74491
32928
13066
4931
74711
23999
51558
11424
4061
55232
61119
88622
13944
58223
31232
54
11397
51660
26541
71030
63610
57064
44353
21896
92985
50589
22278
27302
59584
94876
19671
99888
55191
69953
57705
18928
18446
24578
66914
83730
11350
62702
4655
36390
98707
17223
72387
62339
2263
42298
81235
64927
89774
89554
84727
55419
97013
44186
21257
69033
6219
23710
89359
3007
48322
24652
26523
67274
32129
78860
61299
13154
70941
59649
92777
43129
52376
50592
83382
55969
45894
22318
86772
36149
37214
34682
92676
59837
57517
60137
96469
91655
91684
85083
35012
36900
63033
61258
27136
65582
1811
53056
90766
50586
68872
281
33304
20507
62767
500
18024
29237
71102
81139
61921
75315
76296
60190
83809
35612
14143
3197
31962
79113
6346
56673
66757
50615
53756
50255
12160
81163
63515
60684
76633
28543
15783
66445
9830
20527
504
82213
10098
17029
8463
45865
25288
3304
33391
97423
32459
29732
92692
28055
15360
