72660
57303
60829
25388
82004
89263
96433
15
53127
74069
40695
37758
77655
9380
45206
49993
11935
98460
54293
75958
79806
51943
88281
81476
16070
79360
59028
51753
81880
15127
35970
35375
37274
46683
83679
39431
798
26920
42493
66320
12193
25782
1960
48283
76148
81786
25746
2491
79864
30888
16278
86431
4656
50439
9034
28777
49372
79531
34004
87386
43400
1973
63522
75783
37113
38214
53950
7820
33105
82178
24464
54804
71174
90335
5339
37727
60033
36841
69286
55838
45835
32000
8055
85541
38256
46253
51178
17574
63817
42198
2715
34425
69686
70950
14977
10101
66399
35678
28676
44456
45762
6042
50156
43207
63532
42009
20810
41895
7560
64284
94849
81600
3730
2885
87469
44358
97436
43099
50917
29892
83573
66067
50692
50373
97078
37145
78604
56762
64064
94631
14894
21298
49124
11164
37196
39196
44022
54216
84192
73259
26698
8053
50638
45490
24318
912
42080
15324
46732
5510
12102
6714
43434
77668
20140
92073
23516
30664
53778
15700
63950
67198
64505
618
668
39262
60647
68679
46853
43235
32466
44276
27142
65310
35232
29434
85937
90387
78200
71010
34845
22889
80464
14074
33087
88258
9676
21368
19603
63456
71203
72462
27703
92392
84110
96970
12039
45331
48989
28488
94527
64020
45024
4468
96904
14678
84828
57706
34081
88761
52043
59434
74378
38232
45783
54635
22161
57622
15596
14422
94347
37328
49370
33777
77250
94233
20593
97983
50014
57660
61865
39356
32749
93028
76937
41860
19363
23431
96815
18148
2512
28174
6994
55584
64687
57282
7129
24974
35115
67985
93396
55613
61082
73033
30296
68243
29915
73338
45222
29144
14917
4649
33063
71058
37958
44019
2885
93609
35752
69810
54128
6813
3373
90075
35436
58722
16949
54456
19288
70918
78583
4715
44431
31586
60527
38702
48901
54944
12387
96200
81647
2115
48884
73157
7479
2131
29510
71011
45276
36453
51236
2969
5260
17059
10740
12262
85855
22146
2769
50602
38317
70100
37776
81387
19939
5472
65369
15822
19831
94692
33094
90231
68135
5352
55633
897
78026
35583
27645
16979
71728
98938
95721
25210
2844
1515
70225
37804
47772
80351
11150
6433
21204
69977
63347
35642
17856
6779
46105
60253
38514
88865
5299
62657
49732
19730
89373
38284
24154
56289
20924
62688
61294
29407
24529
53778
15307
60752
35810
40267
55705
8917
77624
81639
67999
25269
91433
57765
29815
91625
81537
44283
37735
99488
42919
22718
13212
58856
56262
72552
36497
81265
71620
82947
38201
19835
65350
8859
97323
44985
41080
6749
38511
40234
95256
8986
27136
70502
86468
26561
98239
48071
6614
72530
67666
26228
10720
69909
23156
74055
3129
87123
31461
59817
15373
75269
837
67297
19470
33916
4342
79620
33776
65803
20215
47810
22162
77930
29849
59114
99710
61756
4665
5146
95418
32544
61721
9171
31615
46540
69578
61607
98813
91450
52190
28790
61602
16037
34647
94743
99132
62023
81789
86083
53610
92414
56486
25465
86591
81014
54315
40887
63252
43588
64226
12049
10697
89839
66706
88354
22638
65049
38392
36823
76017
71842
3200
94259
54137
46909
82399
27582
56258
5377
73970
71905
69268
48300
55297
45304
5256
43668
15132
23353
94244
97380
13000
89715
84436
68054
55145
90655
92912
27939
65402
79342
56269
91343
43353
9963
55052
30627
44523
72431
9794
5566
53034
16216
46658
64968
80921
91625
90730
48569
71748
29931
31316
12178
71821
53352
57821
62827
98039
87736
23514
91348
34237
5682
97418
51150
57344
57878
20104
89980
50476
30940
2882
39529
49098
63715
