98497
79865
49208
19933
7367
12885
51989
48698
50816
35901
76558
63136
89049
93246
25656
89919
18776
59326
64694
73865
7175
97417
33345
22029
31329
36920
97792
40223
9142
53539
8134
16228
34837
99009
81969
12989
6013
68933
26612
56843
37887
48577
10820
56427
37891
25023
45629
58093
40650
88847
95171
80496
55432
20277
88439
52088
10669
23585
81900
54646
16218
76541
76243
82041
17826
96043
34742
88093
35420
84995
69657
82753
85062
83513
59145
14558
83074
71864
83023
15191
9345
58867
49366
70167
64415
85295
4050
72430
93541
88430
85221
54029
35829
64842
64548
21719
24163
97957
99584
50185
33195
2447
26657
13079
13433
72925
5387
49723
63398
95747
70853
96042
24167
67387
37069
2799
47841
46995
23078
69394
61771
50988
33415
88405
65743
4812
77332
80937
59434
69148
31528
74747
38751
73818
27196
75681
29133
20556
82067
54932
7815
43108
89691
92185
99344
20879
12960
25185
68689
26872
22822
63846
31150
26030
76931
36676
4105
90145
22499
39584
78635
67351
36747
83609
66043
42761
58857
83111
99781
64995
34675
76352
536
20051
97363
23739
79372
62848
50908
84605
2917
33304
23777
6099
16844
96187
66113
30353
31673
23712
17421
97519
49007
44026
29837
54915
34123
87735
18208
21879
9388
86760
34505
18717
65799
55486
25071
61665
74419
18581
91477
3094
7454
79954
47144
26433
43615
13534
70161
61125
2179
27251
91450
44646
52671
9191
69042
53584
61878
57530
72209
75913
29068
34307
78914
72086
4864
60266
55966
536
21374
27246
21039
91245
509
55011
35143
31055
34396
86878
17951
98214
29328
8798
65371
51007
47959
18415
94764
45345
99158
94428
91969
77892
89940
69174
63947
21693
90652
35716
62939
77269
10040
46575
59504
46002
34500
24847
88415
49691
29524
98144
56041
60752
20174
54075
7391
17684
15235
44976
82265
89340
93073
28297
69366
1593
78968
76121
32081
64441
20679
43282
25426
21432
2780
38026
78961
55235
99407
84635
10741
20532
81836
70292
58366
25741
12488
82147
94124
93899
9921
52119
32648
96906
52181
87601
67289
93786
2806
60672
87827
58328
90751
7200
19889
61534
77368
78237
91888
11730
50947
37538
84894
71883
3522
98079
56259
15608
20164
99183
16718
81634
78746
42026
17214
19929
45687
37270
75324
35278
5663
74763
8526
94530
18212
91594
69084
65607
14690
89610
22854
698
44651
26469
57920
24987
40868
43820
55073
84122
98648
22456
14438
50103
60707
75695
61439
77801
61482
91609
18063
77261
86808
26254
46979
49295
75028
49708
14477
10085
92461
36864
55629
26672
73643
74709
89796
52501
62805
27795
42744
78099
75421
67815
25351
62462
65876
50203
34518
25675
11606
55945
31565
98663
65454
52300
86390
13461
45988
93841
37862
24756
58135
36974
3161
34092
70708
55696
47524
18508
64245
30842
52577
36986
8392
49511
9070
38104
2789
85254
15214
311
42227
88798
83373
5034
13341
22558
27246
13421
65515
69851
50837
92793
18079
45872
47848
58761
61617
66758
60845
86800
1970
13748
61218
65067
52701
20702
36876
52869
42010
38971
75334
89713
61915
81223
76392
70765
8460
94779
99225
14003
48791
6000
54475
41296
35364
52838
14013
13092
44557
54807
12839
84365
72516
45165
59528
53654
30117
63705
51971
43509
34767
6361
14661
4711
75577
88436
96024
26571
69300
95816
23263
80193
67728
60957
74308
51798
40558
43619
84740
74650
7224
9349
37024
38333
47156
28091
12032
18069
78786
8146
14054
2353
59176
35487
17173
15471
10991
22174
64164
76750
92241
46517
84385
13671
69427
24445
33959
26933
47908
59723
31722
40605
23981
38671
27961
36689
10931
26116
28789
40756
65140
79873
80116
73595
64230
78454
29908
47633
37884
98704
59960
10388
98198
59250
84423
56867
39469
36639
77752
36805
70718
27416
70750
57126
90251
89907
23667
61729
50692
63671
79780
10586
25176
28297
75722
23431
6048
45892
92356
81197
25612
49319
82039
85535
44819
56062
5916
31245
15598
54161
51157
72231
53685
52872
98727
53861
20420
89624
66255
12756
94613
99710
65727
33786
23727
68629
5363
39715
74907
19686
53607
39283
12209
98738
40168
90623
49878
78511
90123
39937
1499
8196
52657
81586
73934
64044
52876
67455
79256
19678
17485
68304
46644
26316
85993
42973
26390
23921
27382
93746
41618
58947
87876
86154
42445
53431
87215
76752
22548
66063
