28714
84344
27935
99430
68403
5643
54189
28648
71609
87756
72612
47540
85196
40683
33317
47552
87156
86461
4216
60072
98995
50159
95245
31976
10674
93810
4701
23399
54528
30576
87543
89860
31498
83044
66752
60483
98821
21561
67918
67273
20044
71361
31119
11485
25047
64770
51183
8119
50795
91293
17822
25148
52304
39522
36660
26080
15449
47914
60569
48738
17422
14390
57633
4660
25386
54356
32024
20630
18424
52861
741
55589
48146
63101
6725
24116
11657
26851
72478
1065
10022
44605
58101
72494
61271
46866
54753
99039
84836
97340
39221
69995
66642
19545
90910
75345
74857
85602
58527
33236
78917
16452
5739
62398
89431
11282
22897
27880
73007
90499
68008
66639
58499
56700
27148
66233
41318
11184
71117
30464
697
20744
31142
85904
32294
50065
11088
52588
23956
19844
9536
68994
40853
93962
71726
57529
55590
68573
76729
36617
960
34148
10326
58926
37978
73644
93065
98525
49224
80825
80076
89621
16540
84729
89606
54070
28233
5033
96327
19945
14593
70441
69710
86893
61728
37237
23904
43108
99283
91744
93666
96619
19210
59669
21865
75584
567
29989
12945
70796
24961
4797
21339
37730
16069
73713
54514
82514
65809
23565
56918
92687
36381
34326
2751
42682
41888
85425
98718
93752
33504
91503
47720
13890
49473
65654
19234
55846
69933
21476
37166
33761
2124
6902
19
32298
23486
19694
88359
4303
22405
53248
13354
42308
45262
99661
43918
8341
86872
11524
81601
30354
54981
30091
34511
11744
76565
82589
23999
46155
10889
9707
49046
91896
41093
39047
37909
12922
81551
79916
98540
11162
5900
59043
5018
49933
7837
21159
9391
31711
48100
89008
14560
10666
60951
71828
69693
93350
87063
23977
79273
95613
18974
94028
82617
94255
86234
85600
23939
41443
7874
49790
763
37961
89863
72328
76223
33035
623
85667
65950
85568
839
5604
83792
46408
50874
21968
17097
44494
95120
35787
50420
82249
21048
51386
26731
51113
34142
14267
77269
13813
47789
61269
15364
28308
63176
63920
62485
50392
20117
4041
19441
45471
17831
75901
33178
9237
55502
88609
7296
21310
52745
56108
71986
31408
55791
59159
