89448
10088
56727
85721
59853
23961
98367
1856
6068
85898
41100
45449
46754
69522
13552
63615
36260
1537
43273
65399
28817
14076
81185
27426
31063
64025
34108
33343
74483
99808
7905
60644
19425
66400
43382
1320
86776
95089
8834
71684
49223
70073
73462
39028
22989
69097
83475
24175
3884
87634
15224
64793
40382
90250
74545
41297
59603
12212
48136
6686
71416
49511
5311
60506
85556
95596
27110
34216
46698
30073
17307
72039
17293
46876
14590
8436
87892
54848
97790
95354
63543
41545
29334
1825
76136
78110
46887
2905
31234
36471
56727
83226
25605
36984
80704
55663
1879
88075
19027
85757
66659
9057
23613
51862
14670
57970
74852
2973
74637
81170
71879
32897
87925
98273
10952
75339
89590
81400
38541
40049
79866
56118
54647
31306
55088
32182
67765
86509
5559
27352
3491
83033
85960
84962
13632
20053
31626
22483
70593
24854
12425
31712
73659
38807
19300
78539
65642
4944
98593
93970
97407
57100
43656
1714
19408
92713
66932
83206
91663
24794
6088
21453
50074
74761
62891
71379
32458
10942
96771
70799
88127
93673
9652
19484
67338
5720
32792
28096
95383
56053
48784
94459
25303
52002
70225
41063
20106
14404
93069
50712
95812
59355
42614
94668
23978
97048
31081
74224
34341
50288
72462
29260
55257
74009
22478
79445
96315
6161
54682
6579
74437
23587
16385
75911
91073
18345
15073
25693
19927
13414
54355
12336
37324
93239
18452
24756
63756
7412
78906
36617
4136
12182
34967
79150
34922
27280
83770
81826
7704
79202
5216
68784
22278
14088
84337
6407
80655
28958
86398
44526
30402
62808
76432
58021
36252
64936
43257
3422
11819
34885
1856
96583
22635
20767
23894
73033
25298
81366
75919
25226
73342
23703
76932
49529
2306
69644
71883
96667
31513
19314
497
56236
25245
91524
92483
11303
70643
54345
55364
70755
41729
26892
59000
77460
28841
21391
20675
75255
72665
48852
24105
18644
41920
34021
71514
4413
73153
43775
10844
53310
50666
26516
52469
17468
79950
68379
3824
80533
66879
94131
12080
35754
96970
16559
8402
11061
98942
67606
12948
13289
48844
90578
99828
57277
20659
16568
54153
26136
61296
63147
83936
68322
56027
20311
68863
49608
41499
55725
38697
59095
71979
16876
31799
30873
67350
16616
68417
49153
94623
81523
20081
1024
24942
84322
46222
33194
81145
54491
4270
76047
73951
54692
84870
57865
15068
49851
26684
68921
13520
24869
69539
97977
44142
67077
35308
3830
70669
736
76187
31516
69305
71814
34109
61234
35697
50492
99384
83249
24277
19297
13572
9921
51848
81442
52961
82888
53854
91302
66041
14087
57017
47451
89157
18942
55801
23694
11760
49740
56468
25528
45550
38205
92525
22556
93292
10419
20701
24522
33623
94571
5602
55525
84533
6691
61153
74944
51497
88784
47976
3519
45385
64947
27216
12286
90480
52102
49050
54152
11043
3823
53844
23019
79982
15131
99477
46142
94421
79720
10317
96167
25520
3119
21459
57947
86403
22166
37876
69846
69201
22122
98966
66347
52795
95490
39224
28895
20034
5199
91803
81574
61693
43382
94388
17985
77652
53089
33356
7591
79134
63550
46553
98148
9554
76686
22685
66082
9930
94916
92210
18249
7297
38953
65227
41624
61113
95317
33588
7131
50225
2326
1873
90452
69275
67209
48373
83647
14306
36136
27738
86323
89546
51461
82579
51827
33200
73848
19590
49313
86860
1875
26253
28347
10435
80998
87205
8791
55847
98048
31519
22604
96767
8595
52093
93693
50135
92038
23515
4519
51796
16121
43183
58241
31342
48080
53084
49619
19027
79989
36462
3495
44331
55685
63648
90794
19440
29453
99443
78489
13952
94536
11733
2390
74882
5356
16793
42405
82498
94636
97054
39230
15993
90927
61272
63255
94883
36581
98213
11932
39757
81422
9357
66221
37832
28693
32739
27034
52526
81901
71122
3262
25742
34770
57075
26913
24957
44971
7024
63967
56867
41119
64806
59353
20252
78052
84015
87756
61809
85933
23167
65906
54700
18186
51471
49491
71389
3466
51075
99742
13775
12091
17579
48631
17207
97595
25904
68238
31650
37483
67040
1547
2590
40690
59680
17217
64006
13893
4201
9405
67254
96220
11222
3065
20167
34726
21891
14323
30048
10987
64153
82465
45571
97758
70050
86666
39001
70076
24681
1235
57582
50750
31935
24466
92083
85660
38482
55919
8078
62637
10347
1930
44619
88100
52396
88238
73484
5217
84022
13197
2090
30277
50943
72295
20121
68115
66700
84004
3000
28165
64454
44694
49393
16563
64160
99421
6815
37009
23
428
99396
90708
75352
2935
27810
90747
34375
21309
27328
292
19261
10968
47464
11095
80694
87090
70002
78358
16241
52399
39056
955
52818
82789
83979
91674
9787
91097
15574
54973
502
44969
74382
93546
75948
19688
86106
36794
87752
97546
2843
96749
97944
96362
515
58719
55528
32740
53160
38816
68027
91128
33578
33402
74404
75387
86248
23313
13255
70819
9387
62030
1401
57021
23111
17568
57835
10085
97687
77800
48863
13230
55603
95654
6188
98361
96946
15711
45431
44351
94080
55070
27031
96252
59435
91053
79491
62923
8739
82763
50168
44152
35702
35337
541
544
50358
48919
50113
20606
24242
33776
58646
28908
46743
86619
62291
91675
36812
77925
45192
28012
92500
89145
14735
45525
18506
20788
80429
29585
27993
71586
523
98546
9649
77428
96419
58281
92851
90241
30610
42989
97684
23501
79151
50188
78584
16388
33042
16924
37197
61038
26527
21988
39114
