923
20063
95090
20726
43352
91512
88949
13277
47512
7283
4032
74364
90033
35292
40810
67069
97116
75338
69693
86035
38691
59684
78995
18073
57824
21423
47765
55903
28782
26205
25456
38134
93326
79201
89996
14631
94368
93720
98784
8893
74172
69199
86959
73375
80513
46022
65737
11807
48026
45089
90592
29681
30037
20048
49889
54979
4166
28741
44676
43867
44390
43591
15567
39402
8292
72298
79614
26302
49434
21249
26603
2627
64695
99068
85164
97676
78502
39087
23701
29993
77953
10508
7206
6927
32737
90838
63949
56164
22530
48237
95716
44011
71987
45178
83377
71163
2420
83049
53942
70366
95473
59222
14601
3982
25295
31624
657
51163
68294
74805
3716
62175
45486
69266
24650
87564
32702
2152
80909
86162
68638
68728
67429
51478
61486
63984
40067
88600
45631
97838
15845
3790
12267
79081
73973
22247
99245
55096
68136
23835
82121
62867
80312
65415
99766
12841
10755
57399
72994
65368
4606
26181
12262
87457
34778
99622
90420
42494
69150
63105
77108
3983
43640
29892
88415
35341
68145
71346
66890
85299
80404
2473
76821
95657
49280
32266
84289
97475
8562
11734
17030
16313
65113
21865
83524
45654
91591
13504
63158
59056
31561
29595
83936
62014
36569
2421
96858
39214
60396
37763
73736
46191
9503
14201
82205
72805
2226
26539
30060
2748
89885
48508
45239
7329
86138
69147
14406
22680
76550
30788
45588
80565
14330
36102
53248
20751
58672
67853
69899
62235
46669
48737
6568
84635
8610
2792
30505
79861
85848
3153
2238
27282
21710
77023
82309
15039
60785
82920
94580
50237
13310
97570
98728
59531
6393
50118
12408
49344
8644
78829
35326
16101
15260
77534
70585
91014
18942
47295
68427
19896
88778
45034
60686
17460
48031
33189
98320
3231
8706
27564
51553
31518
16398
451
89138
88404
62550
37396
90361
51682
90402
33798
37325
97944
85819
19115
58350
53800
95274
15135
69719
37252
78869
2246
56105
20549
65065
17613
10490
7094
32597
39931
1146
64910
3411
40268
66032
59877
23284
24621
1090
20019
62098
51872
93495
25429
74178
62245
13412
13928
80202
9152
27710
15841
34871
64200
67492
9179
67403
855
70797
49665
3825
89541
66873
95857
18382
50845
18990
64914
81694
81227
30463
78497
61194
54404
41343
24918
84750
50218
81274
27982
89570
52494
36687
75264
16339
6411
51050
71903
29587
64869
11872
35000
28640
42490
3632
47126
29393
97867
95820
646
73227
90912
10000
63644
32648
98908
86395
95883
44127
22365
90673
89982
73534
54419
91725
68684
34655
39373
17454
48376
36225
24628
19372
76921
76454
23045
11305
99407
68871
80484
55854
14603
23797
52668
73181
11061
11253
29160
82364
53408
4813
959
19824
83023
25624
62372
56322
75858
2169
58906
469
98608
42468
32638
35047
19184
13930
23909
34546
7873
30963
86617
29358
6967
736
69900
67212
91551
38161
62189
71320
44758
18464
20578
44444
57060
72127
99113
38146
6115
73277
18659
98936
56061
96933
99559
29568
32078
27814
63293
37056
80405
30591
39478
83337
95746
51844
17059
9960
97948
52003
94731
85879
20370
47969
87289
11923
92505
84784
19660
18122
68985
89709
83582
19499
22720
41593
41182
32281
29658
57054
71066
64807
82183
2826
3214
20582
16508
43859
10371
3659
5590
60409
55397
37086
92311
14776
45710
33569
75380
68616
97206
89705
13468
64534
83564
16116
52440
30202
89875
83262
30072
5435
55521
15141
66356
13244
91145
30616
52845
40999
53168
67592
90794
21096
62850
85528
28855
47501
26297
66376
50166
13999
86376
65835
50910
14762
10091
9533
23790
31203
19861
92025
7070
34912
57688
25668
92297
88673
79551
69130
35472
63297
622
56627
8139
87581
25390
26047
57626
92065
91231
60586
32576
98388
