75784
59449
33908
75980
49433
97526
69800
85096
66820
15185
10387
81921
110
52034
2186
43445
67220
39062
1852
37982
46601
1477
26896
31618
90289
39505
44236
61319
53752
90251
98788
79597
47088
80998
94656
32766
92115
32971
25929
71751
83241
87808
42271
21327
44112
76423
2523
17168
47273
90708
77398
86916
43042
81891
99733
57241
24791
55531
87344
39693
94909
86538
95036
24237
44872
41987
54691
64705
63908
73518
83653
5173
42472
7770
97816
30277
55198
89391
42736
36190
32245
32111
81161
26912
97911
37221
59472
23244
60018
96277
73908
35004
3944
85935
62484
32830
62476
1258
54412
69068
95315
12485
28640
36033
98114
48296
88902
18170
76387
93546
77722
39305
81832
12778
66084
35591
67860
95380
94439
91241
40437
10408
35371
70239
72914
21849
17590
36304
53907
86539
18473
66760
7250
53267
39290
25571
57829
5456
8456
16927
92846
7863
55929
70292
67450
88500
68027
91490
23777
17928
9903
42509
24056
1478
44692
22240
85671
18174
50381
30716
23800
92844
82955
84304
54112
29943
43658
42832
53180
65272
85400
75887
93748
73687
21878
5120
59204
2922
16800
47824
57042
71644
76736
54088
30546
67793
65349
82053
27780
94516
80919
65857
15713
93608
12051
47079
30091
22484
77627
37865
74931
20585
71575
17427
98300
74260
49321
13450
51908
93463
85963
27054
89629
43280
81362
11069
42576
54323
86308
27431
19397
4730
257
25651
11736
48350
91082
70931
2097
58177
54631
50030
26442
3583
19617
91827
78093
57960
9227
73996
3685
35346
45046
74806
20345
27358
4552
17335
41923
88251
83695
18130
14050
34686
57152
20750
36403
3382
46075
65014
64049
44164
50523
10853
6546
21096
52044
84458
40147
35128
87852
71324
367
73374
49756
28821
87943
8519
79337
79280
14656
27116
31021
63908
63425
52520
76552
67263
51143
28046
61541
91261
68745
62778
71912
92894
19200
96968
82789
96542
22975
31890
70423
60269
6361
11816
90728
13040
69112
35131
34907
68582
28489
99023
19323
64722
53106
18402
84837
7253
97601
21936
76360
35636
12196
80874
96454
54147
14424
30368
79461
49547
8603
98291
19573
57554
76501
15509
62122
45227
9032
42
21536
50150
45910
85750
56644
82372
79601
6956
5613
48688
68682
1648
5057
3128
83176
96957
8051
18112
748
79722
42696
67996
64739
38716
79523
92102
9977
85502
87109
94358
17293
47654
2599
91169
23578
65188
84228
76293
10581
31537
31277
60284
58064
59161
86813
22338
36403
15834
22695
33081
76410
76840
14587
58839
80313
81680
48442
36261
31595
993
92080
28783
53376
72044
97572
43122
33941
28705
34721
41117
39120
78641
74708
80050
48494
7495
70788
87705
8222
90762
77583
97539
89400
90740
20994
33372
73028
35832
20292
49238
12108
97945
13660
91106
75405
93376
21272
6232
40349
34255
11689
59164
41445
48177
90478
14810
10949
21472
80762
27768
79010
69538
93266
71548
68234
73795
31231
79135
84585
67513
63010
77651
41912
97397
3190
26744
71935
72836
18432
90742
41417
81232
25114
83354
76401
23233
75036
95424
37632
72218
24074
10396
25342
22155
48486
86912
76009
47581
64587
72997
20126
48204
45500
95508
53262
48413
61391
71070
43586
28402
50441
29578
2316
37782
90263
94728
33352
30813
53970
48657
51164
91718
54250
54887
56155
64552
92216
24482
61774
98917
44522
64276
47420
64823
39596
72757
91188
44477
3883
64769
40731
39404
39887
64041
7176
5154
24217
15692
36310
43718
48426
67349
6347
77686
19409
99785
37630
23733
73786
86549
79507
35673
40119
54922
44860
42206
29033
54327
39585
84080
78191
11368
66505
12208
72668
87798
69294
86290
30841
37071
34320
3128
71871
90622
36164
97999
18474
93178
86749
47911
21079
74829
10769
95153
80537
46087
61776
42426
42009
27624
58694
37555
65089
22004
7465
60776
22508
82920
87994
74343
46993
89348
28371
27270
23053
53346
52414
98744
29997
41892
61085
27128
32641
87792
65493
13757
13013
6235
95729
69338
23828
75768
95866
59588
68773
25774
76460
21465
64762
14132
23603
94879
77103
24174
87047
44620
3691
41438
31841
33870
43939
60200
49596
40040
28365
26537
181
57244
66567
51629
6308
30636
93316
3088
376
32550
57368
58789
35379
1530
24538
5613
40474
32926
69426
97612
17190
7403
28334
7417
64465
34024
32640
67156
52961
84767
36076
12137
87938
31501
29116
42863
84576
18009
75566
2542
23631
64520
57232
61668
26566
81174
40858
80656
42111
48803
14829
37814
31426
59240
21202
36295
90477
88140
17013
42975
55247
3745
44205
36781
54423
61467
41374
60364
8292
66139
59374
64915
91782
33434
5722
78517
98164
92797
81854
81540
97818
69361
15449
55687
3898
15943
48735
58812
27895
29374
73825
31545
69010
14893
2764
67643
37762
53684
46378
48669
52565
32541
99371
73922
75136
72670
19549
57561
3761
12021
33583
17426
77252
29685
99930
65652
80978
46522
68876
56172
57803
73676
29223
44621
27470
79548
11930
4700
97362
1998
80550
66823
66707
10493
56195
48065
5479
88617
33449
65765
79374
91720
93810
12635
63256
11642
64217
53690
48786
20626
48206
69518
58671
54875
53939
17488
13019
14103
28446
75252
15136
93495
22744
56716
89620
96420
74768
77201
72852
77114
17174
35208
22985
7674
88068
9166
63516
83631
45427
63349
77972
39984
98168
55344
31855
79275
29670
45122
37267
36259
90718
52820
14358
7414
3540
4419
74132
96935
32954
40771
26670
25522
40925
1590
33894
49999
1029
98332
14158
57329
95484
39528
34781
41638
90497
36347
69978
83850
25185
77121
32531
36436
67634
81297
10761
58095
77637
10123
34800
69289
6841
77602
11884
30966
29625
95275
36016
12536
92254
57420
25236
39213
35586
76130
80426
71139
90640
35477
55475
39538
550
43529
66826
4790
12831
58375
77203
10687
9702
66666
25135
39472
87760
29967
48528
89921
49905
24570
33741
63034
82311
63788
43898
70669
96927
90977
601
14959
7613
57195
41097
92810
97285
17001
41035
64622
72982
70042
63415
81915
97463
2402
82783
88317
92136
70376
64668
48356
94944
69456
13647
66483
48808
91705
41431
13581
58431
20838
19110
76810
1045
70103
77008
27701
67179
35124
14421
70642
35675
71971
74259
31839
