60073
18672
15080
40386
53599
7169
88579
3093
96619
13269
9332
41865
14267
76960
18070
1377
44588
71061
79422
4911
48763
30276
30022
71787
87097
96313
79874
6096
52743
22777
5159
10582
48339
16600
93791
88169
3864
48393
17720
23177
29359
21404
35341
59477
93246
33994
30276
40687
5175
74909
52981
28510
59885
55737
43841
14442
23122
8269
73351
67170
96127
50690
17875
25871
12725
71526
636
1728
55974
32817
46763
17281
33839
16535
4884
93706
70816
63049
26785
62291
89591
8298
60227
6661
52098
83668
61163
33061
48892
9787
94188
59849
43514
21440
34751
41363
71464
59624
73840
96331
81767
5274
45759
55372
8745
76550
33251
40530
69560
51528
97954
59705
25692
97400
42431
17752
50338
7000
53532
86414
9008
5260
13504
53125
40765
21098
85993
29612
78234
30075
65743
6792
56392
49082
97918
59259
28202
77035
91527
35808
4498
1704
41475
54790
28809
80726
21964
43902
37330
96345
10427
44832
66459
36276
69123
7094
35803
30962
72649
73869
78151
47847
40210
90753
31022
68302
21892
24907
8598
16065
96727
43599
44079
16190
98807
99196
24203
79935
31441
15673
9445
46919
45507
19778
2337
78644
29240
22201
30817
35750
39620
73419
10403
52221
47008
44167
93526
32077
4428
28381
88355
33809
22086
89431
14021
47970
14182
54688
5752
81827
27548
93264
42512
76194
53609
85108
65961
67899
36691
42796
55914
24737
43038
20392
28406
12860
35515
83688
93642
81918
47508
47098
52136
18313
78788
48684
873
84562
91670
50117
94385
78358
22906
69980
12548
87410
57397
48430
47173
12864
98610
75567
5943
89957
50593
86580
2307
86230
26762
75465
2871
59645
