17960
48448
41864
84126
59168
4171
10394
91575
49754
87083
57456
38655
60588
71772
39629
24064
41827
72387
65803
20889
73215
79783
67706
1107
11498
50249
12006
92089
82207
14944
54295
7835
85832
34662
53727
55539
24419
10897
46565
97734
59922
72492
26620
89618
63310
17306
64445
99335
58592
32232
17663
53688
12159
63240
41979
24494
67831
91572
99250
34273
9629
31759
53775
62455
46607
6386
38331
18719
11845
71217
4544
75582
63737
86853
83181
71545
15788
39075
19966
64601
11324
22004
17035
5181
76698
20299
55771
17634
73151
5121
72018
69745
69396
95687
56840
73520
2883
59289
42551
40471
73301
22477
67343
99433
13652
43982
88603
97848
78499
87876
79879
75448
9082
41538
3978
61074
45689
78947
14044
33619
17615
60302
66195
7108
72832
44953
8753
14167
6871
80078
19342
83908
98182
96942
50761
13326
75784
56634
19765
84746
72982
61150
10178
63147
79182
72270
1352
36222
66043
53799
66600
13294
34060
26628
32816
23372
3447
31773
94754
76721
12279
73276
7954
81548
39101
55281
80531
37193
84454
76656
21668
64114
26262
72879
45077
95605
70921
27919
18932
80384
62019
25190
57413
18160
18117
96933
212
78744
2924
54426
15739
29627
32151
55229
374
97541
9917
82820
18148
14017
88725
46819
71278
32525
27285
62717
56109
831
66542
41448
97682
80141
94037
18899
27526
19509
89672
66230
87236
19299
60538
28728
12703
3286
29321
91278
54482
54807
19982
25748
37932
9274
62909
75808
63035
95647
77872
44246
18762
25743
53637
55221
64665
92833
86952
51937
74424
96042
20964
28969
67812
77303
86213
26999
67719
10063
25751
81187
66016
91284
51626
54449
95486
74647
57991
18278
99505
16217
61743
77747
59057
48023
93027
48609
40836
5898
39279
45797
95376
24525
77333
93657
34646
78918
29722
28060
91223
30727
18134
68199
92030
88135
37553
39812
94412
28956
58444
44162
10433
47996
44966
23390
11699
31712
68215
54276
95802
87373
26027
18830
79062
43557
46754
78191
17960
47629
83013
47808
84365
76721
7263
70707
40504
32677
88581
24337
29634
52796
23385
31978
35187
70161
60573
15612
81517
10747
31279
94154
87844
41192
95260
72560
82284
1410
9757
88279
59916
82081
88940
61375
91122
36904
26027
35221
45496
32223
51861
99341
62290
68465
61502
30340
18225
6769
69032
78335
41418
92035
86725
45378
51177
1850
4398
31105
74603
5044
80681
58315
75763
3621
68371
80006
21184
35075
90394
1617
82469
4093
97877
59967
34755
12571
81184
10207
47930
32315
3816
45421
64273
1648
5528
8550
95057
61829
27363
77561
28131
79491
68411
43038
13212
55640
20538
69885
23022
20481
23185
57017
60576
64873
93510
66208
21074
84422
38857
44711
37672
32067
32838
1836
68347
67263
60237
74958
74926
42712
