38403
18765
74439
55448
80415
94057
64029
7214
54130
34917
42418
93226
2193
72596
77493
86970
54601
56381
67303
22325
16680
45048
5516
14086
49325
85268
55806
3457
5435
52502
81018
29382
11888
2819
78060
7735
2876
48544
56542
74042
82204
59516
51064
8701
42136
63981
97187
66750
32949
62034
77600
82620
45408
43523
73106
52933
14659
68911
42810
96329
55129
29567
18605
85514
88732
70855
21604
92355
52171
17724
86983
78025
18233
34676
91104
36114
60525
6993
36706
95543
37244
43012
90400
5557
96372
71698
92684
81818
66022
98009
79829
41985
23872
8354
16829
46893
6099
9585
94889
42176
32356
90063
39067
83542
50492
1589
16364
31660
96232
13763
22100
32542
24950
18335
46691
16489
22541
47557
73796
49236
81817
54627
92143
94041
93260
68053
25676
24573
87753
18462
90201
54213
23879
29908
56526
4271
93031
24103
93803
1518
16046
78401
41373
31006
10049
90576
62729
55007
75874
69080
84172
37697
65110
76503
51042
30525
17828
34767
10024
74348
28002
23837
23501
68922
43452
77988
6530
59540
59165
54589
52739
54055
71844
40249
41531
87491
13172
89394
92789
46653
79404
91437
34196
14700
57639
12857
95848
71254
32503
67859
63489
30565
1792
24609
97026
64272
82246
70738
60716
17916
18739
39957
35138
50952
31981
90845
87988
72262
60161
2446
17105
84365
72700
36302
16251
31931
50148
9243
57519
96832
98235
71647
26960
10996
3260
877
52371
74527
41310
76723
33532
50985
78648
113
15257
17054
25480
26445
45913
41745
83211
87331
29563
49987
14800
43507
9956
31574
45791
83795
3432
87815
64590
25418
99695
19333
21678
30292
7578
67367
922
2183
97013
40369
57126
84758
76687
39852
81067
54645
98115
63867
83331
94961
60824
33963
97024
34569
83187
72980
37599
12974
46732
932
75653
53163
78973
62110
50913
75677
55545
10195
51903
5334
57313
35566
43277
30909
79028
83989
57978
8862
50829
55689
39107
51838
14836
42295
34590
39170
8733
72362
51821
24355
25211
14132
18468
79782
48889
57959
85185
63602
33015
70412
77541
88394
89877
19175
70137
53821
46841
37271
91959
5692
69217
89754
52014
70384
6839
50662
45665
61887
10005
57166
56602
80265
72011
51261
18819
86714
52492
10310
79764
50844
9601
72184
57548
84528
22885
15055
26471
88291
57375
67321
35656
58338
55244
55280
56991
24141
25885
40518
70926
22463
34874
19355
93209
13247
50072
31238
7556
1301
70806
98891
8524
65097
57208
62218
69398
41133
96777
73626
84202
38636
38546
28557
40710
96709
28988
95997
64526
59748
48847
49561
47520
52348
83246
70131
61957
82593
93122
48439
90416
70080
89458
73741
25030
68568
79978
40172
56848
9486
35185
41672
63024
12239
95037
38004
19840
51749
20272
2273
13115
24996
6687
87554
67277
87928
51212
98324
67541
28405
85377
87959
73356
60242
56656
84743
31110
47136
97268
30805
27737
62519
17361
77875
98203
40274
68836
87648
52555
69296
18414
80310
21357
47247
59363
77435
4064
7939
41813
39344
30853
39013
77562
36136
29493
77095
96260
80822
28991
42476
80604
75317
17844
7459
68025
55028
28684
79416
96537
39780
58896
34726
17635
84077
31874
97049
45328
12457
62710
31123
68664
665
90573
11450
45726
921
85146
99787
60901
38193
90652
36849
9608
88920
22580
91272
64794
58063
34111
86969
31945
80793
41015
21923
62083
1994
20762
36505
22089
36271
93994
96947
26952
73158
20275
53263
68653
18110
66434
12826
64480
78897
86958
46476
98290
6088
31098
44090
7197
57448
443
55864
84025
61760
67760
10179
83283
86450
18080
70549
86496
82343
85484
81858
39158
18472
62424
35316
47919
47117
72523
54440
42740
17403
86721
72981
47714
99261
15489
14498
70753
14118
74731
58984
5657
79306
55279
51974
8418
82876
45784
67127
69627
79277
67073
64212
75104
25239
85346
58771
40580
1895
61066
1769
30559
87777
16342
60888
19823
62747
63832
91226
77291
89053
66503
85124
33535
13335
27051
32156
34993
20358
51422
26198
93228
28280
88044
10030
67859
67804
47349
67009
78429
11601
76472
17941
28855
56824
14110
43435
94205
46334
10555
5379
14559
92644
16269
37209
52574
77125
2158
75524
85944
8058
27766
50392
14768
97966
63205
58107
71426
17295
78185
5203
56408
26013
83629
219
87932
26069
30957
81327
25186
97450
88784
45700
65486
90920
35352
51781
60852
14607
6127
77586
38927
26990
9484
92219
72909
38683
31285
96351
8278
35489
48680
47145
51338
10009
25230
40745
79752
52208
27924
6862
33739
38934
51153
3877
68413
73792
77799
31193
40367
25466
1248
77598
54204
84315
42840
97938
88202
61439
68727
56570
42796
59101
86927
25525
82728
71227
73043
92085
17398
3135
88865
9553
53445
21223
96079
48365
42602
92906
19261
18520
68277
94674
32205
54196
43719
71708
52807
5499
24231
42111
37675
81251
42607
76805
17504
83137
43555
12733
96581
77187
41371
97109
54121
86123
19681
73719
54157
95325
81651
65317
42831
37253
99028
4127
68733
65696
13637
90792
83311
58947
96352
28423
87450
25658
20854
87655
67165
8663
2752
52841
64784
85573
80723
72348
20632
50709
46236
72697
87384
12999
69745
65769
41074
9331
35047
18546
93604
42076
54561
87347
85792
52480
1882
44312
23265
14478
34776
67874
20534
5063
752
46083
91065
72204
96804
31952
148
97517
7571
43515
28579
23521
4537
52114
49898
8408
10427
42160
59458
72620
85968
20360
83139
69932
8232
62076
73997
20237
11459
99184
28103
16498
82248
94510
80440
