49204
44254
50111
84982
51078
42789
37379
19166
22630
34820
2211
66505
21279
38117
9924
90663
16792
26434
66487
6412
75594
74406
7877
91683
69931
91010
60558
62242
77163
44048
91910
87609
3142
18786
28913
30716
34469
5154
24128
16161
22409
15105
74880
71215
70041
38626
75432
44284
65707
2386
779
92427
70044
97093
89017
67163
73923
80205
69695
25117
25251
77103
31887
4380
18103
57533
30273
94225
91637
97233
38877
95978
42987
61260
59790
67542
38338
33136
2230
92104
48419
59655
93770
46209
10133
9488
71643
70998
23734
96286
31380
93688
63073
39373
18789
88724
42494
70343
9462
31357
2263
37366
99275
58013
94327
92918
18541
12605
44353
19520
71266
24373
21963
32446
5469
16831
84232
33426
75898
77072
14834
20946
25811
98974
2903
89893
74953
96054
18036
29397
63188
62814
84911
50687
79382
30953
16827
9120
78429
7179
57621
933
91533
43334
2169
63228
35637
43864
9069
26706
44310
97224
83030
31385
71965
77723
52685
45680
20077
28483
1182
78590
18148
13670
48445
97945
7210
77661
5496
73937
14514
40072
66178
13955
35592
85280
59033
45203
8837
20477
47871
42574
19438
82925
67830
78166
1322
33477
33684
8033
20479
84437
87122
7502
96341
56362
55484
93773
89436
6491
93247
42186
97728
57218
28404
69099
15664
65407
59698
7353
93428
87719
44298
96603
56521
20116
80349
75636
74799
8691
69813
12345
76960
24684
50810
31085
30421
67737
25425
1462
70963
35485
87285
46351
3144
45591
19529
27823
19440
26389
15549
34564
98294
69438
11108
89131
67232
28743
77996
39692
82930
54798
65529
14345
91340
3055
48201
94371
32828
32570
95373
86477
66914
91701
69436
71163
93952
6544
86742
27461
28213
57799
93512
812
54867
20033
98012
34881
31402
53952
36844
14684
93395
36748
15549
37524
45883
39370
72590
81699
77596
21017
24630
49593
83783
95285
8799
85441
66511
22246
80816
23065
44283
40370
75107
79672
4352
42666
60518
91482
78416
87669
98894
58419
18495
41136
56809
60537
5944
6202
36194
98790
5846
64291
7928
44792
93913
46912
34727
41849
35684
23620
68826
20607
28388
9341
2783
75885
53549
69300
81825
86316
60119
84752
86244
62866
54842
1989
33364
27717
26335
98520
75699
35919
70316
55091
81454
50756
24252
91602
10218
39154
47708
10896
27553
79292
19032
65456
81726
15856
87234
87025
85547
36819
93697
17922
19741
74575
48503
68501
53011
24830
12871
25090
84069
94680
26466
8468
29780
99763
54691
71838
34293
56648
51517
15957
79980
79532
47230
73093
40834
74834
86877
94912
37810
51700
96948
45346
13265
43904
72804
78215
15989
30689
80686
46892
94142
93540
78835
33044
57464
76634
45485
42480
49725
3906
48491
59561
14987
80667
22030
44707
74463
53968
10892
68183
20475
21497
99691
56185
69575
2067
51395
75082
63042
8584
73384
33529
7085
83195
9862
46668
25620
83406
53193
93718
68205
90758
24176
23132
65362
99835
77198
21572
54679
66665
5407
85325
8982
56446
55430
81395
69246
78166
99223
76121
26973
22879
12645
28206
41527
28667
1464
10910
70126
74651
25949
13508
22756
58774
92773
87946
66278
1903
95437
60902
42775
6024
43766
49262
24135
23183
35893
40085
86110
96804
27433
50231
11000
82987
23711
1544
59961
28050
26368
58220
74311
99417
42769
97522
3869
37075
98709
38204
85736
13524
5672
31431
45124
77430
22418
79429
15970
9436
96482
12989
98717
83639
