45829
32373
84630
32029
5535
32427
88321
58429
87518
70671
36028
6378
7033
14478
25839
64873
94819
72480
33845
16587
70817
76584
8235
6133
79129
75961
28243
65622
80740
58871
19055
61555
27565
81259
83195
16398
7027
7184
47994
20389
68430
59868
78569
72536
78640
66297
16386
99456
96202
5835
72267
49375
14847
37734
83084
39715
73965
82538
78727
17806
67036
36050
75998
55310
62591
41485
16470
2204
53274
45715
15875
5680
67548
37181
89633
19648
13943
32244
4697
43749
68151
84094
13418
11129
40068
572
24754
25100
42278
44219
63616
66752
72763
81610
66313
89976
79069
67009
84365
69862
27546
58202
79530
15469
92750
94438
72598
17425
58533
30757
18678
12130
61575
61836
52266
15427
84591
68676
7304
56485
7651
93431
47739
20748
9376
90249
65338
241
65502
56199
757
23100
28128
33057
81022
87784
33710
54174
79479
63586
54431
90767
77174
15890
67124
13666
84092
89020
15767
89357
67058
16337
76046
71279
47691
21210
74711
28334
97187
65654
4504
1726
20714
41928
69226
52573
64159
83507
64186
40268
72578
78084
11575
39592
7607
57484
10213
54322
57008
2566
35314
2096
32828
30041
95514
50396
77057
54605
23721
71047
52761
25876
87468
17939
4782
72896
23260
27359
8733
71669
10725
53285
34675
64234
40580
16331
69363
40226
64863
23667
64667
29977
17907
57038
11407
22455
88848
21535
31303
89764
12571
81262
25585
3981
18816
31490
35012
34718
90299
98495
55480
30075
55992
37017
23280
62748
76493
79905
20019
47370
24062
95400
37611
12788
24846
84856
26304
80225
4061
53502
78114
24282
6400
63387
19355
98493
14408
59225
65944
78721
20648
30625
458
1527
76272
59460
20209
54103
80766
88726
74226
77151
35681
82454
53752
85493
36965
47121
33672
11792
89367
34344
10251
88688
26117
40837
30026
43973
25884
21999
39365
84713
22797
38795
13875
981
88267
48013
30696
97039
79728
51784
7453
69523
33579
55660
54719
41361
41357
60061
11285
61002
32756
13076
74531
98581
91334
99919
77461
49630
12064
59533
41734
8999
48242
84017
19105
89035
65292
29731
78183
83306
74216
15639
42963
57661
74440
81121
63821
6192
74057
43585
5947
55373
22348
89226
75303
74461
19016
2591
61496
26581
42846
93653
69043
63408
68110
93332
69854
5347
66640
84711
89908
24932
31388
32072
27396
28240
16287
32291
721
17949
63274
18334
35519
59452
71506
70360
1839
6892
30330
43130
64452
13398
82394
53123
5740
76344
76615
24406
91570
65822
36380
19298
37045
4902
87771
19050
75183
63383
45362
74474
43891
51553
18096
29092
37325
4158
92592
47544
55879
37370
58346
92085
27735
38247
92375
94650
32411
22517
32606
92884
57295
35281
48806
63666
7304
57516
44333
82212
97828
39471
68199
90729
39707
31509
58025
1770
59837
44333
84734
79303
95508
45271
48332
88358
89287
88238
71075
17886
8701
40687
16335
34639
70611
17733
32688
69641
24758
7641
31868
86872
8961
2973
69613
47062
48822
25377
4632
48369
13013
12075
49225
2027
68559
26679
83210
64281
37623
16752
44298
90718
53258
80476
21312
87951
39386
35845
31431
49379
81372
69473
1637
28241
35651
69934
43850
64242
82697
45258
28604
38647
18742
94055
24329
94941
21692
77990
33882
44648
73085
99207
14402
50723
78664
68776
78682
58753
37884
93790
67383
65809
11777
34701
99951
17551
80315
6425
84083
35851
29177
64277
62921
88567
91499
75209
89978
15040
80453
24226
55192
92155
4100
20106
17141
78679
10331
39896
14779
90747
41463
55085
79071
99721
46549
22304
55774
58871
19447
38444
7831
13763
21555
64360
59260
50422
12813
55035
43533
30686
26835
1139
51721
51306
73858
84364
66983
47948
46565
88012
63681
59560
91428
86156
72209
78486
78695
77338
83078
45952
98648
28534
66686
53197
48399
22729
5141
12648
67821
33195
565
4972
65561
53943
95682
67601
40196
64320
92891
70681
2139
56472
3315
25933
50624
7913
2681
72436
96272
92898
87361
33255
98420
88810
86295
3651
72577
57315
62902
65310
33618
6341
80119
16727
21594
21624
34245
40985
9542
80401
54960
84602
64623
92601
95817
39275
80200
85096
67397
9520
98503
84436
65058
89327
69377
75776
31364
25928
65958
18968
88749
49443
67020
70524
53997
6860
1968
87593
22468
5397
6363
52766
9586
15647
72468
26594
51266
10717
16573
45746
26025
85943
91507
12190
69576
23874
41980
42629
54039
4661
37468
9238
59961
38839
51210
60157
23516
19051
78009
48524
18882
47171
72865
95821
1201
99257
63328
28295
36840
56855
34369
17901
57996
13852
12662
17291
5422
24695
44848
47467
53175
80459
23542
56570
48132
28410
83075
87322
70154
35703
43357
74162
93761
83285
22229
95697
22520
89034
40874
44986
65138
40758
93713
84876
68466
67631
37582
32754
75690
79056
45273
82058
10992
43739
3383
71654
56813
33362
4524
40408
13266
57763
86766
28557
47779
1635
91718
48794
59895
23683
39544
171
88036
66972
62322
6996
89859
8120
79670
73655
72539
23080
90474
45649
98365
61681
43680
10413
14782
31559
97877
61280
93644
27584
96811
55274
67386
21697
49431
63429
12270
14947
11654
61440
92799
27344
58086
29311
19116
78296
77854
55436
84999
27022
54739
72073
88980
42994
85397
20108
50238
25675
14118
79575
80875
25352
83738
38199
87712
29036
132
30258
42029
57412
98012
34621
64348
67855
9658
26812
23947
74869
77243
84885
14078
7100
27965
93650
29801
46092
38584
67434
28201
65885
89640
24905
65657
68223
90324
30324
50248
87137
64997
68493
24825
20013
55543
78042
2591
49749
1514
54818
5666
38695
27564
58845
85278
13877
24780
68372
92678
94020
35652
90823
5051
99288
74034
47738
8776
96025
40786
68231
26199
23633
92051
41401
3387
28405
89932
29795
60093
48753
73912
97094
6371
78516
79846
28601
87598
10903
56097
95387
7525
72818
10660
67222
62123
64794
53504
13348
46867
68244
43876
97291
18434
23384
11838
62151
46545
62053
98959
55738
55543
76591
28640
36082
13645
33048
32530
21327
33932
85222
86684
50943
