61967
46835
31988
6168
76219
70047
45045
47351
12091
15009
51621
76422
76891
65145
62040
82200
98313
86101
48401
60510
64354
70661
63738
7203
60352
98747
81323
53553
45227
8828
66909
236
79383
40685
70915
28778
64002
49963
11471
96213
91922
80487
99320
9709
77956
66177
96035
902
73532
4364
54953
70406
83604
79784
85877
79239
24815
52395
84428
27733
985
67272
8829
90865
24253
11711
22873
18150
40952
62868
86977
69842
97698
53429
62059
1144
31483
18673
25497
17181
64283
70497
1769
37772
12999
82210
52850
18109
55533
20149
32946
16856
2023
2015
79252
51199
74995
97296
3853
66267
15006
7284
28004
48300
58013
88918
303
95266
85366
2190
18722
63436
28853
28147
59656
5533
118
87178
44098
33907
54238
50611
1498
85599
10985
20095
29946
92094
64434
16715
21611
15446
4809
29353
27986
47687
52108
61810
11141
45845
97332
4368
21288
84699
94315
98303
20978
77302
74984
9734
760
84721
64597
40441
71105
24072
65073
50551
85055
67978
72009
17671
98097
55351
63721
33158
72624
49465
25897
35798
36046
8660
43641
61081
53345
46990
43054
95511
97353
53389
88414
30722
34541
13082
71582
46074
50691
36742
10863
74917
93535
89342
24744
61726
4103
58679
87978
3946
21642
29948
33234
45432
58335
99493
19537
51357
38196
51917
40963
39193
93883
31068
47573
39458
46839
2234
49895
62909
76036
3936
59321
70455
1047
12370
99449
76488
90677
57697
91093
53909
16123
83930
57120
88212
26531
92600
73040
38004
17589
21480
8181
94499
89261
52335
76658
46060
1628
70250
56015
14172
81908
85468
9808
46182
50793
46243
86316
60915
62145
31304
7582
37269
70141
17800
68260
10779
56786
77861
60565
79492
71075
18500
21264
80146
74507
3590
37010
6030
55682
26478
4681
74207
54112
34553
19414
94369
98109
65174
52360
85166
45065
79271
55995
87847
95448
41512
79775
36727
50455
78631
10965
85908
622
67032
74477
89296
54877
86814
41968
33176
73984
17226
13311
26047
64737
7296
34224
90097
4887
44703
97352
38448
82777
80164
71440
60428
78496
37902
97948
59904
82127
69451
27678
76496
26585
3463
6434
34504
92141
63471
19810
49224
84128
89023
55066
66898
12500
90382
6896
9143
68119
36727
57823
8302
37816
59141
47701
95211
62278
72540
44513
6704
70825
11748
44760
63413
42096
85811
84768
54371
81720
15376
26184
72535
59962
51365
64287
30913
47188
59739
287
38727
73977
93140
55375
52544
75166
76196
92535
88298
69031
64330
54547
36309
32312
58407
23712
15510
75990
30187
41664
28077
85083
45828
8968
34027
69875
58183
45281
12767
76209
10466
2697
30392
81769
44316
95710
41400
93201
