9756
73701
57632
91608
7201
29117
57740
11601
72608
77737
86510
21253
86928
43285
68277
90825
41921
47498
79586
56780
68680
68959
58565
64139
55709
74929
93637
8045
14940
90706
37000
41467
10609
13368
68359
77506
99303
27408
31013
28840
10583
66991
84306
76833
97299
41469
50030
29746
25684
60625
88047
59143
80634
66761
22791
34699
69219
21272
20454
70819
20246
70711
3786
34078
37653
23439
32239
34880
21448
64193
57996
3446
20020
64456
84209
57378
16713
96947
34646
87958
55868
52208
32123
76888
15994
4729
80777
75483
7847
84713
20319
93934
89233
92352
14156
25534
36371
68469
14484
28012
90699
22298
49951
10128
28765
38280
55462
22814
21890
98751
56697
80838
4523
22384
94897
74267
61376
18886
6667
62591
34159
97103
55625
56750
75582
70079
71922
50172
15745
17080
61705
40219
48680
45203
3657
68770
88270
7915
34080
75735
33701
5494
42963
53719
32009
58280
87615
4611
6209
51916
29676
61703
11005
57579
97219
309
8501
79315
4476
35752
66040
5528
7289
17470
9370
84694
2033
75703
5305
71191
76318
27656
11804
94505
84465
56913
13158
41454
1964
21166
34952
31907
50965
50668
59182
38581
11840
2137
25719
51886
25941
76661
5607
46352
20024
33138
33528
98566
38542
55668
76675
42099
36850
21605
10038
14417
10192
90416
78705
44099
50805
57476
78064
73001
83341
65766
94129
66758
60962
59866
36051
93503
52727
49455
58371
3672
26321
73263
94543
30217
39812
8292
63840
26724
43631
86238
59697
97413
61513
15594
83442
62550
46978
45227
14837
61622
54005
30952
99372
87779
49635
96333
13742
68679
49106
99813
95680
43784
57554
81765
74674
6699
87442
95002
50097
59042
86673
72744
66722
61791
89882
3793
56702
58565
72069
16641
78681
52084
54535
42492
51605
94847
36655
47984
39323
89087
28496
24305
89393
70281
70283
9615
5385
2173
31872
66732
33706
75244
81425
57230
30254
73347
8089
56824
12793
5624
25826
55517
45831
54550
96953
39710
90687
28394
9172
59349
50692
57037
88351
59517
73326
54787
85916
48416
313
74260
46656
24833
68297
23091
78718
71453
70936
89845
80936
48140
60119
93050
42606
55628
15710
41815
73894
4418
58709
88569
37106
24821
55553
44550
34804
30780
12396
44178
71838
36427
13847
29527
43984
12326
67806
71593
31614
17033
72117
29541
87815
58964
76058
70588
41619
68589
42429
91911
99410
22666
44931
35717
83882
59235
34323
48463
91355
58889
21188
98945
17665
94413
42734
4411
36210
72263
78165
78823
36029
17261
97178
8117
32983
24439
35670
83315
27347
10309
67819
97874
4758
80353
48190
9015
23391
31725
84299
59992
56504
34053
16344
94384
62097
26843
48801
75171
56920
25895
3830
69952
38722
87179
73300
14547
93257
20117
9338
44217
39153
32240
52767
24755
49035
11140
36415
7448
75518
93747
53454
70390
14242
56882
93063
63513
28082
55976
54575
8658
24516
35341
56180
89530
73034
46841
39126
79568
59716
15161
8863
67237
24661
65666
11838
61351
90231
63629
79050
53649
56018
63927
80781
44060
94565
785
96238
13572
97208
16095
98355
92363
89404
67072
48504
78763
25357
74531
94927
89494
83354
79580
53884
1915
99108
47685
13437
33598
65246
55544
94412
27029
73841
14131
90774
80703
37214
41006
75209
88939
46823
36064
15488
3701
14372
56577
66873
6577
51461
81258
61403
62583
99572
41758
10897
50431
77401
28950
45656
13635
55455
3348
76479
36869
37623
8617
23920
14544
32310
22207
35134
89777
27398
75162
11634
37319
99995
64092
67388
60219
65271
77265
42355
42014
6873
10335
97050
56325
23050
88188
34558
6630
38324
88259
16378
57177
44441
5562
79789
67213
12007
4246
65622
74495
4868
21569
4613
32587
73724
46295
50242
96428
15723
51687
78068
41179
74782
21529
24750
68546
23912
89041
66033
84142
29889
27802
54096
58287
1261
4294
77777
48077
2560
33734
59992
55792
64116
56261
57221
80279
1557
67742
98483
40946
68843
5141
3059
20875
41115
8289
11829
18660
19582
18514
61574
47930
35924
55892
55035
47848
60623
67611
822
19575
85403
14257
10366
31020
37611
9609
94200
57973
22620
70173
62841
43978
23264
94085
34146
84844
32425
60368
71219
43108
1723
