72968
34497
75836
33015
71361
33073
43318
24136
43842
29885
60333
93133
35925
70207
24495
74423
85851
45611
55280
59475
61082
79456
70206
17969
98216
62132
23130
33956
91306
35280
42053
72863
71034
34181
72762
64226
7730
14992
71261
37697
54115
79065
1122
72956
33137
19005
17043
37306
84484
73790
41433
40860
20236
7627
98283
83739
61395
39407
92093
47395
45797
93267
88247
17257
33309
7151
91314
55903
41906
88771
24461
2673
37428
29963
74408
34989
38579
86768
55066
66268
36863
39713
31427
74660
63800
54341
77101
92874
88509
25572
86627
85597
82681
74225
56618
46295
51890
85132
70645
97542
25569
32087
77674
22551
16643
21399
51101
26185
84239
61571
83565
29693
31040
78756
10256
74588
58573
13731
82146
90619
78123
74300
22723
6201
25084
80899
24092
10427
44836
32226
14077
98449
73480
45283
54486
12079
13515
45497
39598
99920
6232
48308
95034
86744
60483
12448
7772
30146
52342
87467
10678
64024
22276
87670
25916
58401
23673
60042
2078
26606
51006
26070
46684
93359
38521
9022
31269
22289
96939
1678
13549
23685
69927
29866
47895
46783
64737
6558
17056
60953
8315
51476
27602
97439
97948
54582
36430
57832
45589
94775
34339
13124
78429
12947
968
82059
16677
92790
75092
35109
58935
85317
77736
67739
54177
18681
62674
32610
61007
14817
26247
23014
82808
15646
52673
54375
49846
38669
94956
76069
45486
69187
82967
80389
54471
67929
47524
6303
44217
39903
33561
39756
63439
88138
87433
43289
42689
52113
37324
92954
30477
20722
68891
14685
8789
24192
93463
85795
12145
19672
28166
80143
25343
35821
26617
49363
25003
12452
89223
17599
85810
67659
12764
28483
6187
97006
27752
20429
53094
22342
92245
11645
15548
10041
64095
6840
68517
22820
24307
28552
59065
68194
3145
66089
30151
33723
70003
97064
91557
49119
12871
14653
65274
19419
70652
10081
25809
61061
20704
62150
27847
18276
57843
40572
74613
83095
39052
28273
74534
51721
46068
35614
57721
92451
66837
97183
1047
99528
6473
1470
8212
26829
13378
39580
95467
54737
45670
46250
8439
29175
29833
91425
20662
63998
73150
94391
81096
32605
76605
58696
76212
56532
7810
72199
4712
5720
45687
36602
55150
82146
82809
29716
31308
81624
11052
47609
39779
52879
8473
8263
73855
40422
61225
77429
1262
19631
39225
32265
73361
44413
32413
44421
67415
5496
81421
90950
49881
27432
45988
4365
69342
89477
88428
62186
25163
13805
11637
77292
2937
67155
31206
62330
55523
48232
8122
12546
63902
70497
12283
45637
93192
32795
72357
67882
55271
7009
99741
83295
98717
85973
98099
95374
95356
96536
25937
8008
95595
3146
78664
58762
89236
37303
40905
71385
30998
76927
72260
42879
53858
64995
39007
69363
52524
37035
30750
95756
13860
46582
73540
43652
32968
78326
80001
38307
2512
32272
80183
90532
13894
14206
54161
57537
88683
47583
98597
57301
27493
66488
32253
60755
80938
87156
75994
85581
13512
305
27255
59228
14506
97005
2793
46424
27720
87074
97525
50801
90270
10459
87857
71198
80392
4008
75821
78093
69911
54277
7759
16572
17640
73829
7228
78883
45041
87138
86660
38782
89238
71850
48702
13275
12680
11511
58108
97817
62719
79331
73451
47533
56390
18072
32045
75412
10513
99965
53333
40334
74606
61416
94754
81210
49202
12926
43806
23557
12193
35368
9443
13681
30828
15095
6957
22738
53368
33126
28138
99776
85831
16794
52956
8587
26168
3294
62743
94875
11771
38796
22738
54374
35731
23421
36316
46420
53051
98191
42705
15756
11331
42760
39877
90821
81314
92561
20847
78429
12638
5226
35647
100000
48483
26203
76848
43778
53108
57366
19405
37229
95553
97077
20875
37849
4416
22168
78098
42538
24950
25150
89799
97606
15076
81269
43454
15686
37211
85939
22714
47648
1033
72676
31070
78967
50680
55347
93781
32560
30100
76697
98206
85135
17128
66233
43381
84548
48679
30639
38142
38386
32103
34641
94829
35111
2235
70745
66423
33053
2022
97966
55831
23201
40090
77143
4891
1858
30970
99679
50554
32574
52273
31963
95410
7482
53635
13925
31832
92471
11258
12160
80069
74532
27058
57344
47684
5289
89609
4543
54891
30439
68622
95692
48075
75285
71929
73203
76623
57186
95915
87917
65194
81867
89123
40339
67124
22224
7507
67879
3821
17051
77033
54922
46727
13967
40903
42383
4570
5842
98333
20604
78698
36464
37912
68602
54528
31736
81443
70568
3447
39146
16501
32494
6568
93291
89406
2278
97553
20424
54707
34500
26616
29107
92056
30319
56815
62714
97541
11486
42992
41456
27504
55278
26240
99020
77016
58286
75174
9924
91875
91999
69700
11390
32058
92373
61617
64024
14694
53860
95482
18152
78775
32382
25254
42468
48648
95595
9870
82778
99296
15561
37637
48742
87416
43677
60469
66927
9513
84464
47323
39907
98255
17958
21470
44262
88141
38027
8781
79977
33485
70962
20299
64514
45345
84296
17319
73022
47155
18230
87575
30924
25482
74706
47376
30842
57519
89948
97596
41204
98307
88937
6760
20434
22965
65408
85440
48294
54891
33866
69020
75262
90970
74058
54156
74040
51481
21081
97934
23474
17622
61591
28248
51190
22837
18539
78545
65592
74039
34160
14802
67794
84869
50450
83017
13807
55685
71963
49692
50096
45218
64631
22622
98860
88297
64167
13592
45838
85254
17474
75274
85485
1088
93275
18552
95125
10801
40119
59262
82565
25356
50532
73760
52454
70319
8674
