16168
32741
69076
20908
91450
56170
15755
86910
39630
46788
35487
21317
64731
4009
77421
64417
15637
2362
5383
71832
33560
33776
55415
30109
32865
55844
35974
5320
16793
42569
31636
86787
82842
74066
92243
74159
49544
60550
29962
51775
54014
79110
62315
98771
80094
93244
98727
42081
29741
52492
6074
91514
17242
88153
38554
56837
23980
21300
79843
70677
36965
49234
48875
25230
24900
81500
29232
90734
19590
50867
97111
89535
68306
82645
73836
19352
41850
49129
92389
23207
35669
69227
59330
20730
97583
16843
78226
41
91702
75487
76181
27985
34827
22368
26704
3109
55998
25490
5359
78674
32773
414
66038
67939
18140
69549
66924
50374
19166
15705
50185
42623
52868
28828
3027
84850
31159
75335
10159
43848
26807
37455
85003
5022
12949
36955
79655
14388
20229
85574
87554
65376
37397
14678
92206
58379
43219
58239
91719
72259
23336
3999
18504
89629
49571
11434
66629
5551
92630
85702
41894
90859
23182
6407
84623
18616
78296
80144
43392
75116
28051
42432
39529
54234
78812
47524
11249
62946
6905
54580
95376
23747
15628
62047
90690
75131
87077
56531
79956
76596
3128
86444
13981
73276
4541
31071
95183
83825
94016
70989
73001
91640
48436
38010
19356
7339
44187
22161
61648
78636
97803
23972
92797
81976
33528
85260
24301
26619
71451
37795
6232
45758
40021
10527
32269
36883
70872
3009
78218
72698
87735
19046
96425
59159
62324
40600
47351
99575
94012
9786
73806
9139
96136
4766
2310
27850
57874
60129
50139
69090
65656
41159
45805
22680
83958
31305
26025
92916
78522
80974
80979
66207
12718
54679
54615
89832
55370
71241
8005
45866
51503
89129
33418
46038
36321
33527
68633
85427
18672
15109
27076
49338
4174
59817
13243
70683
25069
22729
228
33225
98801
92645
29295
42396
30950
62674
33396
67401
77594
74722
12844
66310
38926
10689
55734
93015
42278
44358
4987
16525
36734
64866
63787
27368
62860
58485
21896
96200
73159
49385
94914
67089
21411
40895
9623
42225
48324
62008
43233
95917
23343
23606
31598
52404
24346
73465
88499
60196
74779
65094
92609
23006
51947
51214
29443
40708
68530
53491
90155
86457
37862
30088
74830
30880
81499
8410
47601
7191
58056
23150
70515
10807
30951
73678
62373
72924
93815
92182
47565
6334
54832
33507
40476
58584
89757
98540
9917
78240
42236
33784
86667
71433
36361
2014
55653
38460
73827
75418
4079
60528
66081
94393
13480
62281
22547
44672
73594
53437
87844
50169
69101
51864
53984
85435
55946
48452
17745
35057
81691
38257
61700
54156
80240
55717
11617
40566
81682
77091
30335
24876
89804
86552
28885
60194
56339
62065
86469
43296
52336
83372
92330
35435
46197
17026
59259
41483
83508
78197
19216
57225
53549
71486
20327
26880
61101
86642
41543
2425
61758
29476
93092
39848
99330
87141
31688
67755
15577
7112
31555
38746
