47791
7168
71340
77964
332
90491
36216
62362
93798
9532
99810
46806
42912
4557
95151
56383
94167
12629
56390
15760
75785
69600
25265
20520
72790
43354
37967
97260
86472
94697
13604
45764
31204
30990
38757
77841
35400
52699
85633
89741
34298
39038
2426
75428
73379
33345
18167
30584
21253
99817
72869
74682
41725
56285
51382
57363
79083
1928
14687
48136
90964
72538
11736
39602
71296
30861
68848
84237
23947
68263
59349
53992
13367
51553
26411
87994
67981
19924
57781
91682
40784
31131
10775
3284
98695
18141
93055
27515
35399
28972
28826
72207
36424
55159
27653
59673
94990
46291
96656
44037
10521
28368
67516
5733
55590
66927
14329
32817
46839
93200
63212
65443
72729
17608
27147
48036
15959
28811
9558
46638
20589
42012
70676
21757
71312
7733
68025
58159
43800
21542
56588
46675
42570
52573
63523
2636
9032
97880
11876
98599
91555
15776
48741
60421
69847
77713
82623
95314
94231
90444
35498
4948
62162
22805
77196
88662
98820
19602
44009
39260
19916
19720
25635
36218
5208
36878
97553
17549
40877
664
64424
43701
68346
50832
9803
57144
84840
51174
61359
27884
29168
18818
67360
85851
49471
29716
24018
67328
40256
60877
20374
14291
91121
13666
77183
67460
67390
93020
40140
19168
45058
69507
64825
74324
19075
87563
20976
45394
8573
82399
30039
45970
89891
44245
7538
554
15604
50931
76447
5356
24970
59933
63377
46427
78987
85893
63505
893
22225
36922
39501
70866
7707
29416
91129
59213
59121
8514
92165
58780
80338
98489
56425
8905
61672
85759
1462
83911
51603
60729
37129
13262
91670
50144
41612
47415
82318
81389
57011
47361
65538
58039
25128
16771
64624
846
23489
71725
51573
68487
28482
89844
54026
94918
37900
62165
82292
30153
66913
69147
16990
43305
1864
31197
12052
58992
43759
29345
88993
62878
52707
27196
71560
74489
94357
2769
52981
25804
74118
67417
42625
83534
7035
40242
21930
66473
79323
35671
3693
78057
57691
84493
30311
18272
93943
47686
32716
50632
47836
48413
59946
89196
58844
61589
1607
9711
17881
19355
92146
50417
38869
46551
57767
66646
82148
9059
60074
33801
77626
25473
24303
46240
36684
40338
42114
93224
70702
51382
46115
32972
45961
42719
55062
2817
60015
47366
54808
30664
61676
63637
20839
36910
33200
74232
78098
49535
6578
60749
77151
38238
42694
34450
80626
38744
59191
98446
29009
47571
5043
62031
30073
19399
32088
90599
44056
23273
36228
62917
15385
73718
38763
73649
81543
46371
42952
66431
66971
45117
60632
18237
3400
50728
57571
59063
42660
61114
3723
84098
80613
15655
14000
95418
44594
77300
39126
69360
94980
79142
91499
78930
36194
5371
68590
55048
70286
61869
4273
25547
63614
33915
92819
63919
53819
11752
13904
86618
39557
13859
30032
36885
16197
17263
42001
90802
62467
43070
60023
72054
75388
7975
37982
51433
12908
37622
2208
20779
24906
89584
92396
51353
69644
72970
67265
85094
25817
1866
69667
59744
85833
46752
40147
39080
1277
76451
72821
67552
2248
81650
46737
85277
5778
9476
67985
81521
86482
56687
9051
15843
63366
53824
99790
16714
13082
65567
46130
92442
18250
25965
82887
35041
13918
17526
56766
44407
35255
8010
31823
31030
2379
87819
28606
65066
24546
39818
97852
50749
18426
77092
41734
9664
28953
10466
4365
74250
76823
28523
81684
23498
23111
13316
93356
89716
13068
25358
88338
53892
28402
33915
87540
41680
98031
52239
62404
98647
7962
19608
44607
86529
44047
70922
55876
71913
2591
60290
69764
79628
61531
22886
43693
23238
48163
58207
62643
7318
94590
21242
826
98299
58244
70392
42720
70279
38587
7881
54953
60871
31114
25818
12418
8911
66840
37939
23541
40922
64633
46690
3863
25782
5050
79403
89130
56857
62253
47580
53077
46678
2499
3183
