60310
6668
78870
32758
56172
47899
12603
10687
22878
10530
86698
76971
1401
47758
48140
58671
45404
80062
59489
494
12469
65936
46561
20943
76914
50872
80853
43867
45253
39055
83277
82648
19242
1598
63930
37194
7897
24406
88534
42313
37075
8911
76635
70636
39163
87429
76107
96010
84907
92864
12432
41030
80330
58388
98481
18032
65660
19439
13068
38235
94308
75768
99601
42574
19191
39483
66262
30685
19155
36263
51779
23795
22642
41609
6803
45888
20930
67341
71443
8214
48229
64000
15651
36655
46918
23876
75641
60349
61409
67150
62804
8906
89448
212
69193
87365
89253
24984
93770
36256
46683
81763
52135
4176
95236
74352
87008
375
7585
78132
28931
33188
80599
88528
42698
97803
13250
86027
2682
82849
94146
50217
75496
26787
1718
76967
47912
39591
88006
68479
94445
81607
28354
31701
93257
13867
63262
17806
61159
64326
91962
54926
7671
25031
90670
42690
69603
84821
44166
75929
95670
76985
45290
67774
47871
51676
97888
51913
77934
86464
50858
46366
53350
29754
68319
97354
68362
20200
3702
32243
96811
40505
42425
18893
30766
78376
14389
37053
26047
61193
33833
20573
67451
14606
78089
90845
80620
29432
57751
83350
16751
34289
80195
85173
58687
18569
82943
78732
3644
47188
64104
58914
39816
63155
17426
68913
89328
78019
19800
70762
67405
47541
93704
35412
51864
46111
58419
16990
46420
53905
62116
54806
350
89516
53103
77150
22846
60480
61024
99277
98698
54055
80503
73659
43259
37995
66846
45836
42950
42576
52946
35655
40895
96977
37697
63443
45800
31547
92184
85132
74566
84819
8274
69940
40782
99211
81294
64738
10669
13856
80430
37230
14104
46863
9972
5580
88986
30608
11471
95011
868
95071
96524
29939
67721
44827
90300
28905
98173
36797
24539
17224
76784
73423
76897
57808
43144
98095
24142
43637
81377
59357
86830
4244
40686
95103
46313
62250
8195
28619
89578
83308
11892
64861
78106
91127
22473
94437
46012
96716
42813
42124
61651
29670
55718
26278
50305
57131
66383
63202
1119
18481
3823
54843
20395
70781
84755
33850
7229
2015
70744
56470
56448
98738
32591
35734
72806
13451
64882
43653
52904
31378
57877
11922
67222
65113
12227
94739
17699
63952
10651
14918
23610
9661
76073
9632
79206
75308
68600
21301
1209
34607
17296
93421
69818
93290
80226
21607
48069
69686
72015
17270
47987
88683
45300
29021
47228
39250
58285
61859
37840
56100
36392
26074
18022
99760
7713
42571
64469
959
22726
57234
4077
29840
6412
65924
46314
81944
83580
82733
45038
32229
56998
38523
37505
36741
96740
62363
1485
71718
33157
62291
93278
75752
25893
76741
38743
35339
23880
46230
65430
43612
62015
56901
11287
8361
20526
83126
49938
86241
951
85709
59408
43900
12654
84006
37968
12695
57912
1752
46856
82418
50096
31200
67299
57931
10606
48897
86369
51982
31244
97462
89030
84703
58820
59059
71167
63419
49107
15140
51898
23488
61433
66229
71928
57695
47648
798
26541
62911
19460
67664
86573
82443
66620
51208
35908
93143
2641
88170
29068
39532
93542
14197
99696
35673
33118
7522
31459
25527
22016
17229
62881
7474
15483
22042
62247
46206
57262
66501
53207
22435
54833
51814
7361
19431
72415
41106
55456
15595
6807
8076
33349
82793
51256
29960
19819
85226
42578
93828
10137
69736
10073
94087
74857
78649
13508
29028
60004
59317
4294
72666
53901
92288
35198
62986
75444
43980
57601
76669
25816
74703
88852
78111
65359
58395
10915
42513
93962
70697
60310
93491
56081
17835
43484
14593
63439
82852
46810
7453
70391
21120
52290
19018
25247
23930
77309
97385
94975
90200
43458
77807
52636
25379
28811
21211
80098
65795
80330
54539
8194
11335
1523
4511
28941
1691
28637
97797
17632
36252
70221
70727
63698
38254
12600
64997
65812
59980
49631
22006
51985
87177
32262
22463
27869
79883
50884
75517
70118
40871
97924
49495
32592
55278
35815
35502
60127
16720
15887
6488
50961
82979
88853
8148
46851
98304
47717
63001
25004
42046
46752
36884
87824
13859
19344
8881
61571
84646
95064
80137
18337
85414
12849
55435
64951
92981
71707
39759
5698
79040
80612
8135
32494
9822
73549
94539
63140
68893
41758
11152
38563
10131
80946
13866
51706
89111
34339
21539
7856
39791
41592
13390
41595
75161
90436
14604
40736
26749
54218
21677
26109
630
96323
52428
38096
63326
95023
3933
826
83335
57993
53015
3666
19319
88624
58577
65614
46143
98300
69847
88318
3169
64964
19292
36772
3299
45700
55967
1504
92601
95627
56061
94552
85763
74430
10707
60022
55909
26083
69758
88627
5897
22002
89286
72187
222
46932
63148
88362
52941
50837
86964
48735
71029
45230
53722
80816
27926
42403
46836
42703
81403
99906
62077
3391
2476
16171
80809
8399
70996
91236
46158
53599
11417
87291
45664
51908
99329
60380
77685
2034
99050
69376
66307
83796
19049
45162
23888
70028
30161
8597
89803
69063
7697
60102
2617
93674
22165
22100
29125
95554
21051
42
10313
24961
7876
81461
68426
94899
17619
14952
94571
99077
26701
58573
751
26723
19189
6877
79837
78915
82708
27951
67809
35925
72234
92784
76201
76235
32325
65709
44030
87045
17222
55666
45008
27054
82158
77308
80522
83656
62972
35883
77517
83174
63050
46893
9174
90785
72219
45813
56604
19125
22896
9487
46050
42430
94334
10352
82516
97149
27177
51749
19542
42953
90702
78806
52782
80557
82719
17733
40787
84945
25146
18798
39405
65837
90733
92185
5531
67272
96774
17439
87575
23588
35114
45837
54608
68112
27072
95029
97697
36683
10652
32437
57797
56616
18526
55818
97450
79978
39381
58377
17788
65658
78906
26249
56030
61813
61138
22389
79690
7276
91680
17875
20025
53999
34349
88991
24603
93464
90491
34819
82868
18245
40484
854
62592
45448
27206
40741
13699
39044
96810
29075
44639
32881
18113
25100
46395
33095
12014
16720
8327
54140
11779
72817
88979
15470
6454
82874
15318
43132
347
37772
17323
43682
49230
76444
56155
73205
20392
21726
45359
26372
25798
76804
249
94930
36062
72654
57928
59764
26809
71953
77266
62164
51002
68385
7953
77650
20128
88271
26898
65833
20881
43732
79155
6572
55731
50494
23782
91765
50552
98681
75268
80875
27551
45855
63295
68398
36630
27665
49796
3013
39702
46714
98707
20347
69118
24422
49533
69703
67845
