82439
99327
36690
39106
35846
56829
89503
20640
89152
31324
50801
95433
85941
60687
42689
46937
51386
11152
25145
1747
71181
4080
75555
5478
81051
75871
22098
2288
65631
25962
34606
4732
35807
96595
22231
28978
26426
27346
88157
97496
54765
12100
69580
96631
30412
25264
11529
62179
3959
40696
54256
46158
49840
33818
70054
56006
63805
33229
64851
18959
35972
66050
73328
90624
71140
14064
67540
8884
16977
32723
54062
85476
50549
50765
74621
13969
79716
38274
51364
51848
91063
39209
72950
26595
68790
10671
41330
17525
38593
13662
19696
22405
46298
7798
64782
63946
2350
8159
32723
55002
96319
74310
80512
13241
32864
34477
37813
2790
1933
88012
73059
54984
82165
94879
80637
13485
42848
25154
48100
1509
72486
41290
46266
74043
782
56532
9218
35845
38111
16879
90515
27359
18475
9906
88233
80970
23331
24627
1717
67132
57528
45943
48249
93170
50330
65342
66952
27838
58162
5156
64649
26752
17843
84436
70698
88611
34131
24924
96715
29814
71013
76772
57667
82615
56967
13901
30721
22981
31770
42520
19829
53481
34024
25965
91731
72743
47933
92178
83746
68289
95673
25141
36761
34002
59729
28317
19446
31549
36194
1035
96656
49700
78113
8818
884
62831
72562
3705
72954
3766
97151
56952
60957
68871
85652
97104
65238
24614
85600
30034
69919
97742
646
66614
41479
23503
4280
44333
78395
33692
55195
38664
6868
31415
83147
7814
40985
16640
72021
13425
34405
31230
66686
60578
1685
34109
58083
65431
68230
972
37881
49414
74432
34752
57261
51019
45154
83989
53142
31664
62301
55773
42231
56957
45969
71788
97343
92431
42800
24984
98335
62249
91269
12383
15263
23070
36358
56140
20599
6741
4346
53701
31017
99103
64770
62650
24133
88154
59601
75103
22252
77372
44219
73825
44642
84345
44840
7895
335
44065
78146
58595
83276
67658
84919
