76073
14273
81115
49264
48127
52274
44009
32064
84076
16186
42704
10019
94136
84060
49330
72435
84230
8854
13010
54163
82748
98207
3445
2398
7124
38825
6604
91281
10336
13692
24045
20009
91154
77197
10924
97520
65624
11903
55497
15009
52245
59983
98636
19559
23588
33246
47767
91619
88327
55534
29469
68146
91677
62602
21242
15849
71929
67099
3453
36155
40540
36023
20819
96476
10414
25002
93605
67305
66622
81102
44490
27669
16820
92634
43681
26443
17326
86821
59211
21857
43952
79665
79637
22242
11904
72304
66103
63554
19409
9721
90623
42493
59453
937
57673
82337
98311
61358
4836
89846
87828
80317
46165
80356
97437
71088
43200
50085
62309
94986
70639
86627
85192
69023
33868
98543
48952
9802
48220
5450
9984
8476
66681
71906
78549
25808
52088
12629
60648
85473
637
21135
3918
56215
69766
13646
43142
63663
49951
9141
41850
56450
19679
40866
11136
66424
51856
21559
39750
62773
96492
89537
1831
77376
11473
30652
63419
48388
26817
11767
73543
121
43879
48527
70028
20307
2521
82702
28545
53746
90488
73448
2992
87993
43745
8
50340
35681
73757
2114
32418
30803
89445
48121
40520
2776
68109
72977
79529
2585
55242
16954
42750
76001
7918
85912
71583
54388
70130
40716
89036
80277
71982
60132
14846
10367
34898
14584
12046
55338
44139
16897
80781
40308
35347
