56305
95254
72623
36804
50371
68630
23592
4376
55262
61710
21778
17123
83828
42548
89429
83847
64567
51182
91510
61840
18994
32917
26687
11429
87326
46299
19458
29778
64755
99321
24790
38119
42071
68973
90096
85988
54637
59376
6648
43343
49936
49282
66364
41815
67621
63729
65483
34622
70890
7136
44588
66594
10804
80957
97134
80015
70016
23423
59002
21851
50638
41461
21818
90857
74858
26
48439
91649
432
72856
57001
89149
76536
94210
29251
13960
17087
75114
1691
23161
60805
20588
18754
92986
64984
46579
36611
8904
60377
29407
24343
23177
31901
44879
55950
29038
36043
51939
10367
35947
40649
63161
14454
34948
57429
84760
8179
61066
12442
8639
6752
77529
95571
14465
17489
31645
47733
17991
70836
94611
72566
79524
18967
79206
78573
33010
84283
4180
51822
45174
15727
24290
27819
40632
80326
96640
65331
92043
16118
85939
25089
56213
51690
27125
72651
11181
24016
22901
92311
18384
84632
67624
13088
74313
37389
77272
70105
20175
76989
10573
3385
5225
27616
29073
21861
5301
4383
69758
80628
74281
93366
48849
84070
23935
67335
63407
47434
96803
11712
43430
2150
38331
7437
122
66145
60381
91610
34068
72038
99692
65776
55980
20830
81268
28053
75629
57059
54208
43345
79763
26638
2684
11602
90287
95294
47810
20171
1560
28294
32654
10444
36642
31811
34077
14479
53203
60442
17704
50935
47938
63592
52908
91294
32260
72908
17440
11420
32383
40091
98656
49657
58649
76724
63706
81775
39406
79835
46065
92304
1292
21474
5275
56736
37119
45211
33358
39302
30788
49633
59293
11160
66491
87358
78861
71330
5136
30280
11521
40543
83120
49460
51500
37584
51854
80508
58283
35055
47223
58992
51421
4839
26601
81358
31832
88242
28238
83047
25536
67117
1513
34432
89193
13511
81568
60022
62284
76767
85854
5021
98093
86158
11827
75385
55077
47765
63940
4936
57312
13276
36810
42513
89318
16171
84112
30501
12000
87456
27208
76272
68952
36086
76678
85781
75555
6029
28155
94926
65204
55827
58462
33199
58796
59271
44718
56790
37202
45843
56846
85701
26078
79297
95949
66223
68589
45894
10533
30323
21215
47710
47054
5826
24757
90914
43538
29372
52575
6449
558
79787
39716
93453
11628
35977
56636
57457
44424
17090
28454
10640
26795
36643
48972
56986
30270
35347
59163
29512
5664
94604
56821
54021
96300
56539
30620
23707
36748
5995
69347
78468
65155
23621
98221
50232
30857
7507
69976
42795
43718
49402
83266
5891
17220
8760
25889
8797
46051
49977
36220
40565
58837
44594
69522
16871
48790
88479
15059
89860
25989
80441
20603
70790
30683
74296
48508
46511
95377
47562
45657
42360
25444
26002
14191
99186
61629
71770
93206
68214
42177
51533
97106
98790
13958
90056
17284
89790
53877
76214
91769
17241
58480
39338
30378
43735
40873
39878
10422
57164
32770
47699
53804
61610
42582
55990
1634
67249
22206
10974
45777
49330
68070
12449
32206
77969
76598
47312
56718
32707
90866
35428
21365
76154
78811
26013
92795
57279
52884
97106
7944
26324
23841
83806
80734
58021
23118
31372
61967
42637
75120
99477
56287
93702
95339
12618
69059
40418
82353
65907
61948
35332
17559
5376
67128
81571
19093
96357
10176
31183
78855
80134
74216
14823
36725
23585
83097
66775
48273
4143
36352
60900
10947
94458
99165
2634
72889
3755
24256
68828
59345
74672
77886
91614
7324
92043
16626
22739
63876
22606
28283
37576
25845
69504
10352
84472
81595
28507
14280
11351
82751
51855
94986
76884
53780
58238
71828
82125
27971
90557
43848
26751
90385
44644
2741
77028
60449
40932
26563
29295
55784
26336
25576
54447
65761
7279
44537
10942
2810
31124
90996
17437
59238
77874
90487
57169
17547
4480
97338
97435
37128
87586
3030
33520
64665
84834
55331
23296
33987
7922
44676
49372
68071
36374
30071
87878
24185
63481
93056
43395
12416
76612
84081
3652
82718
3979
76279
84152
93407
33656
40531
89630
53878
96682
76239
718
74440
78942
30546
70112
39994
67910
25814
53447
58525
5174
63331
69132
61558
78746
33162
37516
21341
78549
25096
82150
52547
23485
3651
75354
40075
27230
40241
12710
14957
76253
45816
3888
44134
39132
81857
19144
50042
28493
75201
55540
24685
70030
61586
45971
20729
95209
21432
3129
91459
3395
65166
7546
28316
4226
30013
10523
64126
24207
39770
90449
20603
73166
65557
76072
94690
94647
71385
30306
48986
76750
98210
57234
9001
80264
57722
2719
10182
29166
79348
56525
90409
47530
18154
3361
97807
86058
29452
96756
21564
14645
39944
12741
33703
24464
51100
14337
62335
