983
26137
72525
80413
50891
93668
17181
61058
63774
16816
28052
59623
49128
65764
57961
17483
33207
91743
65371
61206
54851
47711
61750
94334
24871
98267
20579
69038
88253
10729
15419
52637
41567
1571
15259
52030
41548
75510
61623
71976
68023
20310
40210
89767
70416
37591
77842
49513
41638
93150
27657
20180
66244
33279
4282
80658
71577
49114
42187
17965
40245
74890
30069
58295
37654
26483
87287
89792
90487
57371
11221
99101
30508
42828
86277
1333
17740
59369
79742
79187
56274
62204
25947
87235
10940
65027
66684
28498
54601
59015
42921
59078
98318
74502
7178
49306
55189
36437
73435
90260
40987
55438
17988
24568
8973
11702
69269
65445
1973
74324
24236
23578
67128
79292
15289
64085
51259
89366
17938
80742
88811
3710
54155
47781
29047
89667
80876
36116
87658
22198
69238
43818
34703
30719
84675
93761
81151
65030
17683
94497
56684
52600
20623
6614
64558
96430
42208
75563
46477
13224
59113
79417
23731
46747
62951
89801
37062
89145
16619
19823
68269
63742
70780
54958
56338
42208
75100
72595
56951
52890
92874
83246
66411
42046
43382
96714
24170
19112
9771
25056
4157
65498
90031
1373
82345
24722
99174
68685
44370
4074
74782
24919
6919
96773
11149
83808
19151
63869
14083
99008
63059
91388
12434
78485
54414
7655
68686
75649
94848
51452
20171
11184
67160
24958
66649
27237
64028
80139
46536
16062
58827
71861
25306
2925
73459
89335
10649
77544
38596
65326
635
73138
95821
4332
14369
5455
88350
43735
40529
52216
63789
76559
91014
13493
83842
91563
53541
29502
27543
12927
59732
89804
93467
42521
37496
73731
61919
36909
7213
29312
41745
93503
59522
50562
74912
3717
74839
73629
38677
20563
4951
8664
20342
84021
87746
1741
75089
83120
53408
99162
64909
94982
8300
1295
64360
66587
96101
10516
43288
20219
20276
70006
54289
9015
10794
8500
61971
16738
14357
97349
93333
93736
66602
45159
63858
22576
35098
78628
51984
64520
56674
96179
27467
25282
7829
90762
92537
13634
48927
87682
26078
76795
56471
74762
84008
73486
31178
94866
56052
44579
19203
38563
19285
14387
94294
43034
60394
7106
40219
40144
76939
64934
19070
99045
89134
22517
37987
25111
35954
57247
26281
98108
50479
77010
60613
83578
55505
38227
56874
59054
94583
391
73227
94277
58097
98373
6339
35541
16947
20360
88071
51892
15146
57524
70633
86422
54274
51840
52769
66494
26905
78766
71705
1848
62963
77980
71103
90194
37987
35111
88634
18605
97692
61529
92737
81212
78175
52665
19147
479
63232
378
63910
2976
18192
54728
93301
50207
3981
15621
37765
96922
13733
14709
19352
51868
17497
67200
95379
77734
36984
76439
67569
96982
23750
60884
52999
27342
27787
7071
44233
6037
76048
98740
61175
38044
94565
95466
37386
26392
69252
81099
84212
97319
93510
77587
63866
58999
70285
34997
82434
30234
34250
30882
18346
40933
39700
15472
39316
70584
75386
77442
30148
81709
43554
92971
11047
71506
66328
46726
94594
79649
