63835
37651
85758
90946
70816
66929
43221
91411
88327
54296
20190
31382
33224
78826
81902
73393
75531
2405
35038
66127
68871
77307
51512
38843
11843
49170
75751
10947
92181
34820
97049
51565
21767
29029
83550
77599
67348
75723
30857
9101
64223
59600
70751
74090
85252
88883
1962
81440
22832
28170
51166
17617
78561
30700
58766
57724
37641
18639
64554
30370
10660
64401
55904
44635
55996
4036
33976
13362
81033
78866
55116
9235
14178
82241
86758
94481
95010
73500
81117
93591
38698
74138
759
65868
3216
62781
28801
41074
14287
24774
67838
10864
90293
99520
75997
42929
82965
49426
77828
17712
81738
25836
19779
26696
76856
75246
24872
15566
24321
61284
71964
52539
90391
58875
75685
90069
34314
98425
67264
73697
93647
64959
29209
97371
59361
45086
45233
15583
94955
59075
50641
98912
61800
36161
50286
24657
96452
17947
39001
80194
76735
47797
470
12233
2370
43747
28386
80053
9457
47405
9563
34636
5171
17132
41029
50023
4609
67991
87129
31086
43783
42202
70393
54834
64467
64505
6555
72083
65900
46772
72628
27395
26576
51355
90602
91706
51636
12549
16649
8880
41035
55796
37817
73921
43660
80301
77188
50190
27040
45758
38955
95084
18824
68736
7972
80771
70741
11321
67564
13873
63441
14648
84844
31878
65877
54407
83466
61295
52593
5226
34544
66325
83694
2398
9942
92430
24520
5325
6541
39000
60108
11307
37858
66639
71674
87414
13147
57865
1684
7078
66024
31329
28268
82767
18538
71424
79359
48755
8404
