95756
22200
13247
46570
81234
49737
1232
10742
36549
60765
41022
39995
80617
90570
54248
22878
6061
65466
50770
66313
84390
546
91491
45764
33883
56376
82461
73781
1624
2427
89005
65133
57459
84419
75190
71652
12814
67380
18085
46961
55689
34904
16044
54779
47174
38584
58087
45775
22007
69651
94272
84598
87543
90079
14556
39991
8953
77966
29675
38811
76131
87573
91448
9417
74780
78517
93069
61695
82790
301
66345
26929
89407
14755
81941
30868
88884
18753
69457
22930
70300
96722
50760
3373
99180
53346
54394
64649
22582
34510
97921
1905
30225
72678
59554
97594
688
66638
46864
12622
44277
36946
29542
6457
34589
30176
58662
6284
16953
21522
19210
55165
35022
279
93284
75722
23830
1321
6202
37646
99050
70636
43890
36251
61721
20687
76319
44211
27381
75321
75359
12895
33734
45522
68730
993
3895
77153
68535
25471
82654
15284
80722
50201
8152
14328
3956
1243
98575
90851
86256
60729
40586
13503
42539
35906
64901
61688
61925
35932
2231
1211
58405
84251
62523
87275
78629
69424
70174
72014
6265
92704
32037
37349
5008
68717
89817
6604
3181
66160
13827
85033
5700
6177
27352
96275
39422
40049
80215
35857
30204
32967
69784
19657
70659
31760
70110
8124
46036
941
30109
30333
3367
97655
32003
66594
9271
12701
74051
30452
912
29318
42961
32254
76473
35123
93764
37187
88747
27351
75306
23379
22269
64781
45875
94755
91034
55434
48728
41451
52994
49766
85772
20436
66531
57352
86906
78390
50442
48281
38170
7820
26480
48593
80121
53333
36983
63278
86779
46631
3552
12773
73128
21820
16765
70167
58129
47296
77419
30508
28170
42305
3686
57775
92888
12975
74030
78433
75895
33092
64543
47960
33125
20034
5547
32078
30448
25758
98249
16172
6766
19243
13847
33721
35084
41220
58411
81556
71843
28243
75719
64486
89738
77728
31290
84918
68814
18677
8762
60865
24865
95116
65687
66452
25376
91819
55241
9298
72487
42874
56361
32998
85707
35344
4662
52972
72445
38543
78887
9829
96410
14195
82171
