2484
55730
23183
35824
82554
36781
60681
39081
23389
97011
8975
45903
76250
85143
57187
13872
53985
3846
38053
36654
29776
29813
48863
24829
94607
2738
25684
59405
94460
35833
22941
61626
8949
5146
2093
86895
95304
21194
95178
6308
17452
4754
10362
58366
32862
98725
7426
19876
58807
40886
58015
31654
88706
29247
36140
84247
89154
59971
5412
62032
37152
95331
77104
39641
32021
71859
88085
96055
38985
3440
16391
85758
89699
16844
99003
80256
21587
8125
60089
77043
19465
36646
86945
38872
610
68193
85970
53798
52030
42549
99194
3542
33327
8950
25190
57217
16562
52425
84814
27756
82868
22105
14920
65402
68837
6248
17876
43146
29778
68033
87346
72301
20793
64991
69080
92381
94532
43972
8759
17319
74921
58223
28082
56096
80258
44982
87731
39956
28150
14014
27549
8004
33397
85500
58728
12027
41275
90548
82046
1364
30391
65952
19599
92914
55349
23888
84741
94898
95485
60320
64916
7175
94573
32513
35055
57872
29306
28021
44210
9704
97227
40737
51574
78930
26199
18462
85034
12963
73247
29091
23595
47418
34173
37618
22314
17268
27975
59711
38051
6498
14677
82508
69906
72665
44860
39833
59931
30352
22729
2327
11659
52147
2607
17467
67251
48317
34190
20691
52035
32849
82193
77752
38549
77338
76284
57999
57667
74357
71447
74728
8966
268
7931
5744
49667
27843
39550
92926
55516
21204
70900
84807
97072
38573
73316
83290
11516
44551
45839
99064
15901
40863
73642
68881
46757
28777
51916
29310
5732
48677
92754
63711
53022
6813
8444
13405
92126
18141
96845
18112
99498
7365
94725
92245
15426
61455
42974
37972
86696
47699
50075
83855
96648
9201
38047
33196
5446
31937
61040
68166
29328
10548
77221
4355
2126
45170
54037
64522
93309
85104
89301
28955
31438
73025
94272
75717
31613
4717
84254
9005
55966
96441
21881
41179
80102
27763
9687
13039
45805
15597
42258
8487
47656
38564
20456
5593
8407
2958
15647
85300
82800
66193
67610
88462
29331
55674
84646
97965
41194
21230
7015
9664
23604
4388
48129
86885
30415
69921
26687
19464
24017
50723
69686
68625
48255
95323
47309
3807
97800
72206
22941
55011
46366
43090
96870
45301
52894
63790
86606
32916
8485
7149
51588
9550
15971
18294
57795
31532
53070
16319
69641
14256
97087
85088
24258
88608
81644
40441
78500
973
60981
83197
43539
40616
19760
9055
97341
53199
96486
77748
68683
13193
36450
96543
37984
81909
94750
13625
94095
9847
8185
71910
55829
95700
76843
53359
70735
97959
42702
70783
16278
81217
61029
90615
10451
45968
56867
33701
6442
72190
57524
74541
76393
3570
1714
16726
14709
20986
3802
12327
87483
83901
74516
55196
55505
36728
67388
60635
63081
75468
42542
85233
55503
13108
12649
94895
48713
90499
67511
13987
77561
32416
96431
62324
53985
3274
35794
77467
48317
37805
64843
90575
37480
14101
93105
63754
77064
75364
99180
58926
40836
11242
40127
97553
15818
44718
60769
11013
95590
34572
44563
44929
96780
30769
20514
66458
18349
81819
93107
97679
27605
46632
18173
38516
19428
26131
79244
7820
42176
34473
71034
30306
48402
64031
30050
41934
64567
45908
48193
59414
34671
1075
70093
8062
390
68452
29916
87730
30060
11770
26645
10322
77112
81403
2284
2178
9652
15576
90521
31983
28781
17414
69061
66676
91633
21761
33140
69415
25629
40065
58253
21010
13759
45825
52106
19919
68286
43919
18363
21007
64141
83095
38802
32218
70724
20780
50793
50817
56998
36664
97283
80479
67333
30143
98682
98623
2786
29393
3712
94009
64506
22469
27866
38201
20084
48251
37109
82396
86985
3980
2768
26409
41860
18487
4352
44578
95201
85862
26641
42703
90623
51418
65147
93250
2281
50094
99367
11036
82162
59466
11604
26084
88598
13234
23469
38736
13300
28842
41320
42192
97527
87632
80793
37985
3645
67263
58530
86567
77405
11117
47740
38353
77326
73300
7077
53591
70400
73654
71167
64507
32859
44281
4264
78136
96761
5428
34122
79896
69962
7587
25417
67095
24984
98832
14897
72207
36667
45984
26979
23691
64050
55922
59742
56730
36640
97320
94432
59584
98614
42119
76989
6492
19583
32611
87439
44236
56542
76241
44321
84612
31750
16295
69669
83519
58171
49039
81655
26117
33599
83882
60171
66243
18858
45909
77852
8706
25479
9885
38261
32004
71262
58409
55717
12987
72834
88174
86730
17878
64631
27314
55763
73687
24919
7551
11869
88502
96874
13467
33874
10584
83390
82279
21102
61054
95387
13316
97628
83041
22453
56601
72696
61816
5352
58278
47517
97065
13462
49695
3288
68104
87325
29974
57941
88199
12308
53415
19719
12457
66046
92530
7650
77355
55968
31856
96144
33064
1271
65898
9485
13450
48081
71484
94960
47140
66449
72239
76545
46224
66634
89499
53791
32825
77345
98971
57520
2256
19688
83938
826
85078
51458
26320
45052
66585
50834
35412
48786
25451
54406
75760
62343
59154
64173
25198
1003
68269
60086
42631
87274
66727
39908
21158
2756
27127
21467
91292
87776
98967
81231
98208
30128
54181
92352
14718
69949
88835
99549
67173
49283
68501
64786
23432
21079
64215
32375
18772
5090
60437
31223
45223
33566
33768
21656
70389
84548
49899
24226
61452
96079
37238
48483
24377
2233
36616
95899
16045
58124
66426
84300
85155
50493
5163
76521
41050
15879
75286
98868
13113
94582
85076
27467
23538
88059
66335
59421
59819
42924
1434
7131
61626
13423
92150
6095
51309
25054
78267
85880
45381
3277
75216
20150
56765
12653
60141
66099
96510
87796
41170
18400
38677
23686
88531
95191
21745
58147
52460
72546
42110
22384
95875
16488
12040
50153
2572
32488
14735
55191
67676
93364
13340
97126
42589
71687
98452
29605
55378
2491
75638
481
89407
15357
10348
12477
4941
41831
29313
45366
42882
2542
22112
33034
94240
37677
16445
81196
9497
13012
90681
24911
77079
19096
41052
48793
44300
21487
20378
93922
96039
68897
21218
1161
23838
39057
13428
84592
90991
34693
62819
65044
66101
22274
49655
20571
32229
68254
3015
73521
21496
69304
47568
