86418
83098
81427
164
72869
75266
54445
24441
66683
1797
13436
11457
57997
23646
19051
81794
60199
29616
50374
19099
84483
51980
98234
71071
45780
98447
46612
89212
36974
12041
76868
80507
40135
25231
49602
41066
70751
82280
39546
29850
79328
22352
63622
60363
83093
1305
34675
65625
27999
62959
17354
66242
95808
88202
66814
8877
6303
43707
63640
68095
35767
27014
11996
20122
81311
52564
10135
32989
27004
51538
66622
83193
78235
49851
22271
94763
27679
92062
42092
26889
15681
55263
80066
30507
13846
1844
94829
36303
22287
73875
72973
20226
27612
58155
79042
12114
347
46158
60065
74786
92848
36538
70924
81512
23936
87828
68798
48849
80443
56171
44267
79071
9818
9217
6532
89635
48267
8172
54226
50636
13705
36207
12139
18028
94299
31580
52621
74603
16080
62115
37379
18312
58705
22718
17617
88324
10936
843
77899
11492
48329
48008
46218
64999
317
36394
64618
2167
29287
22019
61385
72774
81583
27798
88245
86185
62522
76222
20962
3585
64457
98123
92105
56296
39284
34964
31701
87084
70016
17343
80449
67639
71216
87873
34323
46597
32744
22579
78999
87235
17795
78976
1384
60150
5423
45366
49301
76684
94040
72009
16648
6104
97737
18147
479
54657
