67022
10304
86883
99838
12319
50013
35804
42591
11492
52256
40516
33408
69770
89644
88220
66902
88599
32294
57446
64378
63968
76897
72627
9944
36770
78169
38401
80596
38337
17169
51991
81686
56285
61214
95134
70488
58226
76893
4664
88410
62395
43882
816
26604
21707
27514
13719
82455
77646
57206
24452
60109
18771
72294
11872
40439
34249
12627
19609
67080
84134
89171
38910
43721
91321
86506
52438
1461
56808
49396
75059
77589
93599
57903
39342
982
11890
34287
52044
70056
97465
45775
25741
26328
93572
6573
70792
55506
59544
26347
1268
19944
98519
52362
29696
81927
97994
29380
80151
51321
20673
52127
65347
59564
67101
38181
95631
12474
58389
15604
62176
56787
83526
67616
86624
42039
35427
3922
31038
36788
78331
67729
84837
9251
79197
27975
69738
51112
12476
91364
10613
78520
41522
38448
86461
95001
34864
47044
52034
1989
41847
1524
26943
29396
42107
65782
61975
76558
70828
64386
2153
87008
93560
11864
94776
52937
86373
23354
3255
15755
94774
8798
79017
87142
45838
74922
74442
685
21443
95062
45251
14954
25809
71618
52027
98171
1009
68004
11888
99057
95231
86017
46300
34226
15276
40876
80389
50015
70313
5852
50920
86554
64543
46357
94188
72066
74003
21348
87609
91023
66754
96272
81664
78020
37375
52019
54716
92279
75812
30160
95255
4717
86429
63359
38685
55311
77898
89939
53800
84270
86161
64197
21031
61409
67529
16077
4643
42247
32871
44921
59619
78418
35001
39435
59408
34493
17387
21967
86376
79755
90867
58830
19351
36066
42704
52
80762
20680
58388
93359
39705
97539
78795
70190
51344
8307
26696
68032
79544
55433
33408
82540
6695
33862
455
51622
86105
15440
47
3981
21824
94618
89700
39829
86025
66405
39430
85674
77532
32966
41479
26400
99573
69424
70673
64125
13884
54581
22587
6944
6454
80286
28925
40012
70616
4922
29416
90734
16553
1050
46683
87419
1339
4582
15818
51956
6913
94818
55231
37714
38018
51790
10867
44085
24504
29177
74612
58571
65394
38996
94346
25581
37457
21309
35130
17160
6645
93423
9845
69615
74768
79439
92660
80237
91114
6637
45313
62437
43375
87942
85685
65225
98511
19437
65596
30012
92423
4065
33537
36149
46550
46110
54264
83581
95556
56551
15988
9372
24364
80238
14640
48691
21593
2326
1519
44942
15912
36222
67295
86692
87892
51452
23541
38203
55251
73842
22943
89169
16733
31397
83641
1354
56471
80609
55888
86222
88694
25266
40460
91614
99036
40908
28348
28789
50264
57245
89219
48295
79235
55849
28252
14765
56907
2813
77027
46968
67093
96398
4442
64217
69140
91228
9971
77702
98769
62209
16241
65004
80666
3326
8854
4422
17746
57027
21414
97959
38484
85070
20570
14658
52765
93509
58109
5770
84035
27700
37173
58707
50299
43630
65918
48137
19312
68176
92018
99707
20611
10513
87971
71673
75179
93279
95626
39799
85336
89025
91187
26942
6622
6603
80977
27685
83728
65283
78667
9486
38254
17638
35870
48957
93071
91903
66036
34604
72394
95361
84282
88158
28200
43277
29583
83373
8884
16779
4815
37246
81628
71539
11096
84393
38693
93517
90546
48761
10613
67639
64536
20368
25180
88711
15907
40914
26417
76199
38314
18587
82364
38275
76503
38070
19794
77569
68039
1604
71393
56256
73457
57639
8914
27108
97294
64568
59724
51851
29488
89751
95083
98745
55925
275
30395
43286
83947
55783
14896
56793
86149
56863
61410
91896
45828
6253
3567
50388
52452
28325
55827
56431
12296
54776
85428
44897
58777
33829
48335
47358
26361
45640
42688
43537
98218
639
41663
14383
33413
63196
8833
51192
56987
44217
35685
47847
44048
96884
79874
90328
90947
2491
79281
31322
23682
16994
13497
37979
4209
53357
41790
44909
63100
90866
36481
26351
80631
13116
36484
64701
89485
28074
30400
17609
45705
37285
31740
34139
53957
20764
68081
98144
50384
72085
93089
95896
69957
32089
6681
93674
18891
99846
59420
42202
64517
9414
31550
55851
58192
99423
49506
23028
24815
53440
31566
25483
84916
38421
17985
66616
84809
29852
10905
77329
31096
13643
98897
1621
59702
84758
88999
48793
48238
11301
40977
86668
84512
49159
94071
5887
45790
76524
91676
54909
32751
31378
64714
10179
88472
96004
84411
55586
11171
52282
76064
69165
12674
19862
24300
8370
77944
68427
17585
45668
14781
21300
91298
89385
40914
29566
7002
93897
79402
67899
47452
7254
13231
68670
97992
89276
14753
51847
68074
86420
8995
79429
24858
83751
61884
56080
9189
33689
97397
92639
34883
62597
37267
28536
2379
97050
64274
25981
56513
85499
38315
35169
71475
39271
18535
12015
28623
50997
78715
26900
5229
82109
60924
23916
56847
96277
73093
28767
69872
94592
48137
17282
60427
63557
71727
74069
34397
89302
42051
33619
27409
53536
55134
16019
24474
28582
75684
77590
10463
61298
95495
29612
85120
57022
47305
27179
85008
89376
87771
24435
73181
19843
96655
18331
87813
18247
77023
85021
6036
53589
51055
51703
41491
18974
92080
42860
24087
28214
79834
24998
32037
38448
72916
55704
84295
7124
45052
71224
26433
58248
36584
49871
53412
63808
93348
46062
50121
65231
11029
64526
54433
34688
93549
24080
3392
9956
26835
12813
40332
36643
50528
6696
44609
14992
73291
58600
58135
52908
944
70969
36511
16513
26531
96645
64922
10394
93846
8864
88187
11858
94433
80649
19413
78285
87954
96239
26338
48492
83938
2581
89004
33731
1543
44743
79131
2939
4766
14969
77070
73923
80853
47869
13676
55618
36952
39812
94973
60217
35345
29376
9844
47370
18064
97993
17252
49193
65314
96432
76016
66192
59227
98337
469
95519
37656
70779
51706
89234
12635
60105
54530
57514
1145
56696
67659
8042
58583
73939
47515
56002
456
66373
95374
4790
17952
10394
