77128
49851
14187
42533
38503
98206
88
85844
28002
23782
2735
79686
32901
48616
73819
30227
7110
99516
9887
69541
35928
23491
99528
13257
5271
91348
38899
62744
11505
69035
26787
91866
44583
89692
7344
27498
55071
55863
55155
58321
66408
87441
64773
11697
84607
42267
65843
80657
61370
10683
57287
92331
58491
30213
79187
50818
67212
93480
62227
18899
28576
71883
91906
17075
84599
3622
73926
32373
74283
39074
95303
96955
70032
94386
94536
11513
6178
42371
17287
46035
89654
60543
18535
8822
74361
39585
95327
11144
91780
92610
52006
38913
95616
65778
3152
78004
67908
87590
83430
55450
20335
68313
6776
81540
99810
45727
17004
82147
93163
41057
21588
29882
8830
8715
75103
