27163
19813
97194
79231
94043
21723
97297
13353
26833
68748
16815
875
20959
60768
94912
30281
25501
80188
69785
44461
27062
20586
78244
776
49593
90038
20283
88575
38625
54087
14427
78873
71748
37970
46932
69967
97237
11856
72697
87058
27874
61003
40057
24679
78736
73288
9887
66942
65383
62525
27682
34535
10821
72535
55814
36337
93467
46344
80553
11368
66643
40427
46881
5902
99275
61867
63532
52977
57867
47194
59857
84292
44251
9922
64747
68870
66093
84171
7536
57936
270
51028
5421
14812
38929
69067
69789
1988
21881
48629
77769
12908
52884
895
51158
92666
85697
62808
88356
55842
959
18410
14142
87745
84294
85283
9930
1207
88053
51611
99601
43642
74101
79611
72005
53414
7084
57854
16811
47756
8222
89645
7138
72659
40024
64854
75520
20105
99034
234
39617
23490
91395
19188
80223
62130
87188
20356
22740
92822
1961
59008
9223
12195
68158
160
97742
91423
96716
58366
20862
24985
13347
17494
20077
32662
29208
96272
91457
58100
50755
15062
53084
54011
38034
25694
30916
92472
24226
57123
42526
11934
69095
50819
95911
16238
15821
97206
79484
51426
95105
78222
28657
35534
99345
28326
58014
8087
28423
1620
40593
22093
3041
8630
43751
551
76844
70575
14405
2983
35397
98876
60802
65258
59747
38917
54416
35487
17059
8172
54715
71749
39038
1839
10091
2977
34585
60626
8645
92910
84963
25637
72715
79071
55
28980
64455
69460
74417
78486
70772
34788
59370
287
31648
98049
48125
6328
64578
26580
24339
59398
64698
39305
86701
42438
28153
61839
2356
9886
60894
12979
30731
82862
12013
99165
16453
29160
76076
62796
75940
75581
41350
49316
25275
94573
41659
50115
58252
7849
19815
19914
86045
18532
66518
33692
39456
16171
84568
86002
88233
80894
34262
19695
6946
46013
11726
84908
95376
36063
90341
7019
76672
84379
19354
81235
73588
49489
42402
26960
15642
97249
3757
52954
78436
37379
7108
75516
49261
5818
85300
92760
61182
50943
66619
28917
3132
53623
21201
13799
11409
51761
18939
10103
855
83407
83351
35121
66633
61446
82898
16668
37676
1359
42107
80241
64885
81831
81082
98582
7354
97232
28236
44045
