96959
30807
64233
23223
4978
63439
91831
46960
37880
33821
11694
42269
88604
18850
12766
56999
50967
69436
73645
4582
8992
24697
67954
60172
75647
61512
5702
45984
28543
4940
33992
94220
6634
4774
36155
34488
17851
11223
22326
21509
3862
14000
1217
66711
83086
82335
62989
31319
58019
1797
9283
17507
33812
63888
32755
2046
98327
23997
15700
71050
98281
49653
88021
27107
79037
39522
34749
4551
96632
45551
58809
78906
29128
35627
73451
52657
74181
12876
10286
78123
63095
71
6061
75692
18043
40226
56652
14219
83564
14258
38522
25059
52197
57595
71058
41749
60924
18104
63732
8201
33638
42540
48883
54554
55312
3841
64013
36563
1185
16104
57691
83345
33717
70973
9965
90734
11403
49187
58382
95632
40498
29438
60462
58973
29879
66892
10862
61742
62821
3339
33112
1357
8209
63772
87114
76379
59622
42552
47714
98371
59644
2173
22231
38484
79071
10009
18739
43303
80698
47788
50778
2113
14934
88540
42714
69592
91790
69853
75141
57085
99289
92128
49950
92723
49263
45362
79975
88650
90975
57410
57907
21840
67117
98716
57059
58047
62631
4170
94531
25015
11083
65670
78437
42697
87039
9329
2024
21156
68067
59575
49756
32850
90443
18579
46559
94578
12949
40981
42692
97769
49858
41039
20156
65126
45408
44750
98232
31846
31000
6811
75612
72924
1115
43244
78453
18637
33217
66221
42512
75138
9160
53949
94059
97599
99099
96480
77065
87654
52967
85965
59139
15635
71739
71713
37083
43864
9021
24326
35117
99458
33147
95736
84993
36647
8975
44053
80717
60044
32295
67700
92035
82501
54434
50984
68377
69923
58834
84624
21757
64410
4557
99692
74608
96375
21436
67941
55881
71071
46908
53041
29338
80696
8732
64062
55996
4910
26746
14477
12250
88967
12856
64121
43368
59649
91955
31661
13815
92330
42821
65255
6208
41523
60649
93397
69497
95966
41313
29765
44045
41616
25780
83345
33039
66647
98987
25765
20484
65426
79615
38059
45500
91567
10830
25572
85186
69490
75741
36734
74170
35908
90977
6135
12175
20576
22837
7532
96954
57827
74359
3593
92501
8948
97418
55914
24395
94839
439
85398
30932
67000
27836
27251
96665
1427
88059
53640
5127
67986
12409
52977
55333
55258
94855
73379
34219
10938
31699
52474
9914
30609
29564
70915
33693
56579
94547
97892
20758
76394
19799
58474
39923
71625
67131
37572
64046
81360
72928
53705
85105
17292
26469
56116
18680
49402
70830
5500
35924
59567
12025
4545
96862
1826
2160
7021
12384
43920
48683
85247
3596
47840
25803
58211
16861
74809
77140
57627
5694
3747
73936
9375
72361
35722
64280
20624
16676
69539
2628
82819
1121
40406
93786
7591
82877
64920
77019
24638
78850
82969
19421
99191
49473
65057
82903
3158
74928
71337
30580
44257
4746
76589
82955
71091
92019
17038
50506
25181
6280
44550
25983
87695
45199
45479
43160
69425
94568
48992
76936
13433
60964
89343
33669
54266
20852
57424
2456
83109
66620
39386
34925
75743
65754
89982
69323
73936
497
69048
52606
17434
2746
51272
6828
66383
56905
78972
34000
19792
43600
67731
23386
38089
39892
46796
74596
270
44848
43185
88852
88787
96057
79616
55561
90303
76188
44257
99671
21716
70660
53020
79358
34422
23253
9865
10842
22329
