8189
32628
65451
8468
22159
21415
21788
84205
78836
56088
44174
5381
49068
69059
31257
17370
29876
11967
31281
25831
39655
55976
65127
61060
7171
33313
86247
12197
3288
60140
34470
25998
35566
44257
99443
80815
6983
60436
22553
40814
49551
87019
75389
29296
73226
71453
67599
2129
90827
79725
88170
28851
82783
87714
63725
88766
48608
25278
35084
47020
41065
60660
77456
62044
46371
29250
96380
4291
32196
98308
8285
47097
30154
81283
85680
83924
70813
15789
62160
90675
22497
99891
18971
37156
63278
88181
5047
32467
57013
91741
37411
42457
54837
20114
50794
62640
57981
54064
34170
78668
27078
95743
91723
43772
49876
47632
34085
50260
89137
81617
92981
76462
48965
35933
8992
36707
25842
12097
20137
46114
20470
40652
14337
53206
13710
16505
2999
4194
90517
76714
95770
57069
35963
11167
79963
87980
22623
10265
30929
10043
87893
60641
62059
94414
56371
95856
2922
24251
71799
93310
6567
71145
3231
17020
47003
55527
9688
21758
78902
59928
78506
11190
68191
46266
75753
41791
56295
24273
45487
80695
96131
22453
53625
48874
5110
80710
46897
77340
5994
41211
13271
39581
22262
53278
13852
10166
56738
67326
15303
92102
99488
45942
22612
27988
89538
10968
34588
5126
58818
15890
61342
46703
18438
84168
60610
44204
15198
38972
79792
13635
54707
28336
40609
89918
5074
76121
26455
15077
91576
65568
72337
33569
87114
70068
701
97983
38112
28144
12850
70101
53612
21791
36188
92287
13318
35945
5202
41671
53512
54366
7886
40499
47818
50650
46951
77986
64195
92723
36613
40835
95093
72441
79288
53677
19693
72801
20334
54586
2649
25363
73342
25269
84490
70594
32334
23090
63720
5587
4455
78597
39077
56651
8519
84593
6902
3630
10679
84223
95003
53885
10176
24086
13540
72788
16140
54771
6430
68233
56457
48723
62225
82812
81530
24619
64417
20790
19996
71490
92944
60787
18399
34294
62526
49549
51115
72094
41002
7473
8302
36122
94365
34709
43321
71448
89773
64059
379
71082
44206
54911
61710
21194
4404
15668
27248
44991
49490
55039
7872
15995
33749
9739
84458
36672
32350
99089
30664
51715
55494
61947
12886
80338
4873
4412
58410
66045
77101
94058
77022
73099
34525
40002
89310
87371
961
55912
77457
70646
6398
39500
52873
15486
68343
338
80612
93848
57647
50065
24271
14837
65562
70128
2670
83848
82806
73691
78592
54242
26488
73511
54757
69881
51740
61155
94352
25749
63301
62708
6437
98481
21480
8054
63586
48453
22202
45827
98923
39507
72642
51413
72149
69174
70922
48171
86115
84715
65101
13693
36203
50811
48460
44311
11550
28718
44730
60356
74535
66955
84374
21374
20202
23876
70894
69527
11218
49980
86198
88267
52182
875
7991
2651
56892
47013
30188
64815
16854
65625
32918
34458
15299
27849
40014
4048
34354
75355
44096
98194
94697
21283
97490
55586
12634
36694
98700
90875
86874
43335
16939
88189
38441
62529
94126
24587
22204
82830
83277
90351
78736
68359
67390
86711
7528
25718
27186
5834
61824
51658
86229
6727
65035
4367
7035
41232
61461
50546
98565
30726
2030
29199
34077
15486
68963
31285
110
64803
6087
13527
54910
48810
33766
91275
14385
73566
78358
15257
18097
59468
48635
83977
59618
70470
58378
22229
196
9363
64335
48160
99257
54253
10229
12468
52027
90759
34725
9762
70215
68482
40879
34764
61413
40529
61105
64409
93085
25831
30522
77686
24836
8084
74361
51736
94590
12846
241
60469
64247
70977
65201
5516
20404
26627
9881
78193
53173
49292
26916
60617
57442
95997
65698
50954
62964
9484
2774
30537
25823
96181
52629
6116
3379
5068
85928
45524
92665
69860
96095
20984
77300
46455
54498
19362
4987
28015
34206
93480
62180
29673
94947
19980
95303
3320
2328
30434
98148
24215
73271
22575
9507
89522
49262
16182
67639
65326
5684
41318
12371
25398
55793
77925
41534
47251
22569
16071
99331
4000
29852
19419
77289
54127
79124
96374
7321
39539
21682
95559
1193
60148
84375
48178
97668
45423
9998
37484
80747
63677
94195
74667
94945
80443
53242
9672
55998
37074
94443
50110
80835
49204
47529
98677
5807
96160
5877
71800
7338
27514
20365
71191
62125
97034
97116
78355
64356
96326
2450
88178
65864
49070
92287
22258
78408
57603
11851
80252
49549
42248
39779
40172
56876
83025
55365
92815
80987
491
64397
81919
65309
16642
878
72175
4590
49457
99152
94475
83415
15638
31508
38953
70491
785
5690
37528
19555
57186
87731
38850
28707
71423
74422
74720
72569
33390
67257
59517
75701
63353
36569
2864
41895
6474
19991
92391
66826
8915
33247
62380
85823
79023
1193
59179
86843
28677
70915
35562
80958
8655
69408
98854
85744
58759
39254
23834
69758
85778
26143
81668
40636
44911
99082
22691
56390
24468
24726
56081
19402
77350
86781
85196
42851
82440
25786
79107
16260
77809
96137
12405
83194
98647
401
40952
54305
84636
37618
34451
6070
20708
34335
53483
68406
71470
65910
22770
94409
79883
50743
20988
44782
31033
61389
30124
90495
3598
76411
4498
95441
19167
41608
87651
94000
1343
75279
70353
83712
1825
74719
69770
82325
87234
