98501
44404
75579
19222
65682
77910
98921
2124
8702
53713
21522
13016
56160
48971
24565
61291
91423
92723
47786
11026
21687
95505
4517
17914
75885
52183
15954
28694
51866
92237
76374
76959
970
17618
98082
12250
89562
22882
65686
46643
3234
54747
11756
75423
86787
72951
49762
33795
77987
91588
61826
79682
70433
27144
7695
30739
12298
89186
4464
39256
59947
98267
24293
83719
22975
40217
13474
48771
64239
22880
41404
63810
13282
38577
54680
76443
35567
63053
591
42555
1139
54233
74937
23164
11054
85267
33847
47886
3583
17826
95981
95595
18809
12083
76134
39878
11098
22028
17069
75071
84895
79684
7235
9900
92847
24714
56787
88552
41183
36360
87156
78548
19513
43091
3708
22481
27505
69871
78448
25141
30185
2798
24575
24611
35137
40145
4602
51015
83886
27258
21315
43242
40705
11885
48749
96636
6124
34981
12976
89421
47492
73761
68578
51315
31199
46363
7499
41930
5657
87285
58054
91602
2227
39073
74675
29112
72206
21961
86481
44579
20093
94412
31610
62908
69928
38694
9365
94028
76222
14725
81125
22574
99833
29891
67721
49430
47672
394
30313
57210
94439
84165
17122
67639
69788
95381
11911
88815
56001
84426
98061
62310
14131
90992
50606
18602
37345
39413
97901
59369
76391
67860
81636
14080
48294
50806
71142
43040
59893
86471
77363
96868
6655
58758
11389
9846
88130
53712
14948
21274
47689
82861
85
35574
73945
46359
38804
68996
79945
85752
93629
77343
68111
4019
50472
62219
82721
44756
88156
87881
60593
50963
17891
92080
39052
30954
26225
46543
33737
8392
51242
5228
78003
56200
33365
48987
6581
7101
49162
37440
35695
8242
32093
74599
39136
35196
28093
53676
4331
3581
93771
61973
40393
74170
38873
17489
29432
48846
32806
64578
28034
50907
75307
36026
74183
47421
78624
93334
7180
74830
26223
16513
23244
50773
10685
77341
31603
46008
29446
88680
89942
9630
48542
23406
82509
75951
72453
74412
1194
69346
54429
59992
57436
202
8938
19612
14673
4882
51815
27957
61122
47819
78930
32440
6694
4714
40580
1840
27146
36972
74144
5126
61734
26870
99887
39742
27511
68360
89435
89199
21040
5543
72665
48176
72395
9904
60415
56209
75337
44464
87129
20495
46848
57081
25033
14207
68896
3728
66822
48186
39472
91762
98395
65091
43597
7068
297
92360
34449
74493
65735
66861
199
52603
71154
40883
3637
33409
94048
19860
75929
99613
32567
43691
89847
2727
41418
94261
96073
39532
91276
20853
76394
10593
43727
96945
7338
26305
97780
30167
677
84495
67921
9959
79758
45030
92401
37105
16033
64924
50895
62437
39726
65024
22482
42532
22422
40665
33394
43281
4435
50239
44869
84239
50506
28592
30449
37349
5710
67657
67614
47523
92405
6797
33730
79198
38589
48132
27488
87923
77015
41167
75724
49965
32304
23494
62167
15406
19149
35272
1313
68280
47206
66455
79362
86867
18510
94451
87784
35757
51306
70271
593
73064
48593
79341
39015
3131
35859
69885
16399
13205
29961
47275
32938
81611
84355
10882
455
47292
19398
14576
74797
77149
93605
69535
41737
53058
13912
13054
98295
95645
52239
57990
11331
46562
40934
63886
93548
10882
91223
32702
5117
7420
9455
5306
80958
9167
71979
15439
81463
1735
59186
551
67510
11760
55060
62703
10465
90046
60097
19082
98785
17637
28187
31463
90887
80933
1713
4265
93400
21752
86931
93612
82563
84167
54000
47388
30944
63071
4580
80708
20823
59198
6863
48297
