30734
40793
94185
16439
82327
32081
77661
1156
36232
31364
18573
46744
1085
49353
54794
89178
57993
56937
4098
77588
72340
74963
64167
15494
9520
97348
69458
37711
92568
32931
57400
87581
25496
1806
58298
83842
83588
16533
67680
63060
23112
40321
51339
30318
39484
85437
85115
76636
83223
78235
51907
77250
92281
15068
50014
62671
85512
53444
6427
23888
76504
64528
96444
76922
80676
74530
84818
95288
43518
87070
31719
94234
36279
26016
34200
84255
33962
77358
19568
73693
22792
53362
34227
37724
17559
7571
50323
53302
24590
84289
6332
22493
32520
54846
62104
48807
81078
26268
77117
57417
76208
94434
94926
70649
53512
57524
70232
51686
67282
68954
75088
55783
18220
20890
91729
45573
27655
83862
25676
20099
750
14460
25783
24459
66810
39206
17452
18446
22569
14315
95405
21727
54629
19728
64743
2017
9765
30188
55706
20023
16589
10028
46670
68704
72621
9369
70963
45293
17284
95382
37626
56216
97289
79434
4816
52716
79220
1016
78949
52113
33420
81905
34543
46037
24591
97846
42936
6471
60415
60978
21309
34787
42652
35573
58681
21364
57306
9506
77278
71547
47217
55372
4258
65936
44720
96412
34101
22225
27273
66563
85065
37960
80691
36346
57905
86812
3975
9290
39068
91893
1310
32469
96058
94305
25681
10369
70755
41808
42270
15051
63961
56515
10983
91124
63902
65629
95782
59127
12807
51574
79744
6128
1415
84647
20756
45002
21731
25525
94246
42235
21833
41617
37665
23474
19720
26871
6034
15289
57735
21497
91207
69223
93406
25325
31709
23322
66678
19231
16078
26429
90836
35846
43428
70501
73209
88396
27260
