80341
47343
67914
99571
39254
31960
32288
55222
96713
610
64064
86633
96431
68221
54555
76327
82805
64303
12166
81220
21519
72486
35108
44567
21397
13044
23690
53359
75305
2870
40649
76596
99071
31483
30380
79722
51624
13148
83731
20921
7107
58845
73773
66484
60518
98544
78116
45910
84773
27573
7264
94200
64330
57613
72816
78479
57529
61917
3719
8068
9382
89998
40754
41195
53163
81194
79381
16142
94720
1608
28917
98462
99258
73704
7940
42816
89336
23895
92097
25043
84810
55909
39664
14126
14979
55608
79715
27263
4002
66282
62056
42260
41165
44229
41905
76489
15363
6802
23640
11613
83653
12576
64067
34846
34973
74809
68693
88893
80873
82662
58256
86728
97108
37033
99671
6581
2883
63448
41732
69140
99982
34988
22253
98942
62364
22091
84408
90852
96360
62860
51497
84961
91768
90322
94798
8149
65655
30992
65065
15806
51570
13386
76148
77254
65368
7010
21435
58658
38910
47597
41986
37820
21847
81076
7291
50594
16751
33097
46988
6480
6270
78121
35457
13834
12548
90347
10374
51547
32702
7131
52095
26705
15985
61967
47367
76559
87333
64427
98220
34269
46385
74894
7164
10737
54562
97205
70789
12942
17589
17923
24257
71879
32773
9624
59707
64282
57616
30032
38093
12477
7164
11715
96787
47868
2053
8847
87490
98503
82348
83930
69387
47386
86755
34949
79131
12736
50618
6150
69440
38673
52065
33615
48644
30928
92052
69363
48444
79541
9255
47305
35577
25053
53885
19360
83683
16386
98719
18493
3374
13287
15976
10788
10835
1911
17922
19361
94993
1643
23967
13798
5309
31208
151
38191
62073
26615
16775
27961
23012
61802
81378
83550
83287
55858
74110
31908
71055
81864
46922
1738
18786
26578
79842
61842
43956
46385
78743
84298
41875
72833
58854
33019
44781
15370
27966
12753
39849
29803
95288
58814
51368
11200
34184
23291
37954
73495
89572
82929
47684
97681
69109
78370
17637
14300
30812
44801
52138
59530
83088
17430
44200
43386
74537
96477
31755
89091
2634
68620
63048
17113
21044
88094
54331
19750
38796
19064
10534
54594
33050
55375
66978
70309
39091
80973
70913
95459
28714
84745
62671
86422
51289
83329
64900
37332
29480
67732
28886
82848
79314
86110
3408
84789
7803
49308
98367
90955
21314
25440
58007
87582
49024
17551
83458
32001
35178
29744
88502
98287
56039
20634
96936
47875
4409
12655
96136
8385
25384
19750
37694
11697
96869
22519
72701
47818
47800
54042
62087
69682
12168
13572
11889
20447
40619
57604
20569
191
18316
32629
89206
38810
59874
70433
23630
47230
63950
78391
76696
91793
16223
49689
94181
47184
91287
5024
36777
90599
44496
28850
76809
84920
10180
1117
87377
93733
25928
69582
34118
9570
50319
91529
70523
40359
89114
84137
43871
22280
47120
26416
63111
67672
19806
81748
91626
11053
65359
54330
90191
81110
71083
51393
32907
58516
53747
91284
63995
23614
78576
79451
90057
39481
44109
26130
53853
72931
7388
81717
67562
82916
26257
91117
56651
11240
7125
55314
30417
570
94437
47709
27259
33607
23337
18863
21917
59696
72037
89697
92021
47983
24611
37504
17172
99655
46815
92699
40517
47608
31931
59939
63019
19776
68146
90048
89589
79777
70759
3064
1690
13468
64408
78959
26431
14036
5925
86528
30546
68238
36694
433
79110
55694
17799
37990
75232
77643
2607
29996
32941
21315
41322
74487
61901
41871
8829
95439
94939
87464
58011
67325
699
55741
15515
50661
32224
72044
8985
17293
35424
61654
82292
36882
63103
38602
64375
16574
62975
80160
99939
18040
92712
64432
83190
26881
77809
