47666
92830
48646
66541
15293
24698
98276
77025
17345
9716
5810
59560
93502
30514
32057
74906
8733
79627
45195
77217
44264
28682
56386
46593
71120
80884
67131
30229
55292
72446
67374
11481
57596
80036
15591
40228
89808
47753
54389
93815
369
1859
47305
32194
74423
81266
90776
21681
82228
66035
13162
11468
39018
66380
19032
67614
59847
11804
82940
24227
74490
11723
24584
67873
8041
44447
3537
48742
88000
69551
4184
28091
7225
40714
61557
51102
41694
39518
69077
44665
61251
20563
2365
48580
68345
46016
61450
57628
31546
86218
13874
76629
55822
79812
57352
78672
633
53643
48342
67037
62758
35545
82912
60302
56406
92800
37254
11232
76772
61915
68172
23974
23328
63502
52132
62884
62403
73990
11314
60602
13230
56623
35026
61563
60472
16514
46094
75346
422
6399
45554
97354
76205
34218
95799
45541
82859
59506
85837
9225
53696
34125
21821
44199
36421
5902
7737
33137
26247
28959
98913
73451
43313
44368
71245
73761
60594
69618
38210
77365
31641
81666
15445
77387
7789
11376
91761
82433
6923
