90656
964
6630
34399
22055
80311
44135
61672
97533
86914
16555
44861
55761
39329
87185
75750
83658
93606
87942
92309
85656
67294
75045
46508
35171
6279
27276
22084
66748
4357
28185
234
41956
40136
41824
9712
24348
9029
48822
33021
64438
72528
30733
12559
84768
45801
47840
27549
4289
92411
99655
37510
7419
1348
58467
24963
39362
31673
17514
52648
33662
43968
45651
36057
282
41154
52910
34905
26584
83566
45301
56852
82450
96217
72289
28878
34810
42050
11438
36164
92494
94797
391
72246
99438
5187
83646
97330
78060
17552
90727
4298
41402
23986
22709
67578
51078
50185
27435
90638
1139
46583
96750
18961
80553
5289
1241
61775
13322
5589
33673
22312
89308
43458
81896
81131
29160
73507
92095
86273
46606
87144
86912
85235
91173
96581
83908
92871
35397
96991
73349
39935
70931
95291
7146
2438
78551
65670
87198
86099
11633
22288
81672
24070
29809
80740
54153
28077
82668
53267
29167
94598
57905
87379
27312
15116
45337
64240
53958
38500
45862
75364
97449
75922
76501
3697
45291
85676
14253
47730
68334
50415
3278
91615
18124
1033
76412
14055
29385
64389
45149
2998
86958
52230
4868
27122
30674
34563
85993
44649
1783
74583
70242
12485
42676
35903
695
91444
53664
99578
46200
69528
27895
17544
54457
34101
19334
37214
45956
59705
33743
97169
58066
85280
54719
28420
43624
66661
33292
30374
83743
24804
71721
81973
76630
79233
22488
48430
47081
60720
82466
63495
19290
6235
95468
75976
86613
56853
1436
46351
97484
51694
87960
2722
55792
65628
69363
40168
91485
32188
70657
87502
97612
8906
87811
95664
72120
83622
87624
40618
56739
85646
5803
37477
61851
94216
40380
45322
8177
40066
70251
68441
56720
56477
84282
84354
87683
43529
79755
5216
72826
48392
8677
31263
27409
51178
22798
52137
33190
5813
3278
3044
68527
89292
72525
80438
84967
87165
30727
19188
86340
72066
68307
1299
33614
31319
72035
59670
47295
68165
13380
75999
80256
12982
82330
72037
91223
41888
91022
61389
27115
14213
73354
25434
55497
5630
30513
18123
98183
4578
44796
59683
64177
90736
45828
4992
12829
22370
63916
99526
81503
77544
47191
20123
6400
62713
80800
65313
78769
34688
91663
23473
2509
75276
29931
43650
2578
30246
40094
45710
20607
35647
10640
26720
73882
95163
53944
15704
33339
7533
12411
84421
21549
75201
67624
19029
24646
17388
38586
93716
32094
88558
36781
57289
30604
44043
18041
7654
48992
87113
65174
50124
17972
44185
88793
97674
53102
59504
57750
72721
88438
22261
33314
87265
12110
31981
84658
94213
90694
51367
96672
7972
90891
62255
84566
48049
35189
99566
48042
24807
30061
17259
60943
40775
82585
57789
36467
89866
29592
38217
97180
43640
43542
90317
11022
53974
17406
31710
31108
20468
95409
81232
23277
11432
35830
78049
34564
5700
96263
42668
93211
37974
17405
15132
20919
72837
28562
26944
45825
66232
32473
60332
61542
9949
20443
74969
66022
884
59427
53623
15390
60146
50019
49903
92545
54805
74935
94242
73699
19115
54690
46730
74224
50335
47758
51937
80806
65107
17104
58153
39493
38518
51096
41176
33936
52121
71697
65238
18254
84839
49589
24955
17805
52517
33453
28123
59315
79367
72195
48708
8155
58441
90395
19521
88313
26829
5915
18298
25789
31836
52109
68667
51399
31667
20710
61747
51432
484
47692
29881
5424
63472
35666
18474
89390
22457
34935
34416
15484
34524
25556
10012
66627
70415
27420
44485
40396
25791
62124
90197
85704
81545
87602
70867
19706
90002
9646
15728
44572
94846
16263
26276
9655
76167
3458
26145
14642
88262
63497
67277
90725
62818
51664
89099
39416
41389
1701
99607
40777
15895
48384
70523
34150
53339
37994
42586
31307
68694
10626
87618
49762
21401
87900
90560
89343
42760
48560
31995
25416
64881
26098
13644
8639
5629
15008
41766
44038
18667
32898
1533
68793
59730
59648
78368
95217
58538
21564
12172
74004
41460
260
70018
59998
48240
41083
68570
16037
39992
35050
77567
20061
61812
35206
85084
57015
15929
20713
18507
42394
3644
53639
77549
28820
59255
69913
83590
43085
9624
54116
93688
53174
70379
29178
88038
98494
30762
7431
3262
28170
37792
45845
183
89357
66111
264
47801
74613
82857
27149
82313
85705
2318
67813
752
52347
73910
58704
366
58850
55083
52026
70893
52358
56774
78586
45402
56777
21414
99104
82464
30126
21084
58506
86495
76136
76018
86838
29603
34054
27788
28935
8197
65068
61056
37292
45557
61885
71037
77904
95462
77798
10827
65889
64859
47741
63969
503
69519
68962
757
23815
50682
95386
1641
82709
46580
54052
27712
51277
85363
42855
51829
66125
27013
59
98690
32072
19381
33545
76439
74557
47071
3742
89588
60866
36000
33925
65379
87996
93328
5050
85618
30131
7481
30456
64767
6670
102
21085
64532
57437
16671
90755
64333
6280
53705
85736
19238
28258
23316
59721
97514
62626
21996
87216
95816
22293
69507
72668
88342
11168
857
7024
64395
51984
72731
52968
1719
97323
51392
17912
45267
89511
63495
35243
19709
45794
42539
26071
61363
92481
76304
7344
36223
80245
29114
12455
33959
40212
28072
95274
23401
86778
32033
59272
57728
98903
4368
14091
22547
39659
23639
88229
22432
12752
25741
19786
41133
96087
85147
15371
31559
1751
38253
96082
88727
82977
49551
77994
99167
40800
3756
37550
85762
54984
91922
83039
93792
12604
43763
1570
98625
42153
51315
22923
58307
30432
65282
57583
59841
13076
60049
14208
94807
59578
98243
9446
65413
56147
39594
46735
54348
7900
83927
20256
45228
25463
50477
39350
40237
37448
68665
22110
90959
94476
1221
29876
11418
97331
82340
42415
55716
94194
58528
50870
46706
70806
90355
40260
26371
7507
72993
50613
29569
59029
65035
14658
52921
11108
94656
32909
86103
84990
73363
68115
68298
44018
97611
84524
55524
56160
55903
40739
76486
63709
17939
1831
83150
60055
16259
55486
24054
74907
21286
39930
85013
60298
96362
95428
6539
9825
26694
41349
27761
70209
57515
19195
9142
44652
46977
26385
37613
41808
53812
93830
55129
27863
82831
90236
40597
87428
54190
50740
63323
34897
