5000
47051
69131
44070
57557
33069
83798
52951
14244
3900
58939
64728
52210
68262
39470
48010
75851
80219
97631
31659
74656
3543
44909
71725
45507
13546
58798
90127
6139
79652
73619
74124
59647
49690
14451
69517
35751
46462
63753
60578
4164
92129
58288
19926
95615
45348
36911
45870
7601
51993
12367
50184
11878
32974
84443
87717
15309
93790
69969
25892
63777
72706
26243
61668
23854
3327
23613
58384
38264
79447
13870
11189
55222
88153
37733
58523
60983
8900
92560
1856
1983
36325
90684
75947
95535
94723
60968
64119
11465
85318
93540
81995
48003
70894
79557
76897
58201
46341
29479
48379
88554
73128
20995
65838
4924
62270
46906
21014
76711
43716
12392
80527
75007
98344
12324
33585
48921
98466
61063
53924
74293
94640
58762
88384
12837
55486
24384
12645
32270
49101
14511
78480
76939
75632
4918
60398
72133
8777
11401
25693
8248
19573
64533
68747
88778
40443
13771
54940
49729
65206
78756
11564
54552
20221
54170
7549
78698
39277
12592
33153
93387
8281
75375
78404
87429
78276
45129
63141
84815
42234
14620
16390
71802
31513
21434
34085
49717
73568
18166
8523
55691
75095
75743
63670
61467
51625
35404
24583
60216
24623
35760
6113
42554
80228
45802
70834
72418
97169
60632
16518
17702
19798
38001
63378
59223
30115
25032
10604
22051
98602
50166
15425
52559
37123
16962
84956
4455
81065
12941
99011
20906
66102
44735
36799
56726
66379
3669
72090
82161
27460
14127
29240
30611
68172
33669
59187
31814
82052
1659
87148
48155
21039
5058
17320
644
36086
78338
84946
39442
85725
28086
36167
43367
43033
37228
81564
99589
27483
92470
89536
76417
95256
7629
18484
48538
56534
44723
30714
90536
91476
82533
91919
26968
43922
80518
28352
3805
53117
9817
96598
75544
24930
83201
14449
38746
81785
8576
34893
32906
44229
31513
33766
98180
57024
68581
99505
22514
83894
62229
43088
59266
45690
96004
87502
99861
99716
73220
65846
36146
90596
3539
78453
18595
22913
85953
65802
98196
26781
99910
28187
29396
51755
25566
72216
438
66278
97272
98759
91431
30167
1265
76137
89442
448
43853
10759
30154
87734
99126
53830
90252
22546
28320
64847
42797
75988
92858
19567
66252
69818
99384
95549
35912
53062
82257
53637
46209
12054
88865
97190
23738
64816
28868
76131
87089
62411
13008
30200
53501
61390
54338
28948
19784
2322
26501
89475
61098
45383
26939
53410
41721
93710
27843
39449
96089
8205
4617
98204
60232
90196
81219
10390
25750
64341
44080
26386
53082
26246
7730
15813
69574
694
66514
66348
69944
7934
46046
77200
66330
66675
71261
42053
68048
48986
85789
11198
5819
4038
73146
33685
34548
31044
48586
56173
63075
64376
29408
45485
46205
48558
96482
20087
3487
17664
69199
93751
21866
94813
62607
1143
24590
73345
63891
84013
56177
33140
69578
61617
56657
98177
2568
68112
24352
72493
49285
9896
20761
22224
5086
83242
95098
56567
92127
30845
95829
41111
34525
41870
87380
50360
80750
27450
43013
193
51408
87554
64068
57433
53030
51768
32972
55139
97085
53423
61829
36154
20803
24028
35318
72572
77997
53727
56490
6260
16944
72557
28951
63463
88413
8682
24129
28495
12809
73535
61623
59104
27821
76238
98340
47490
48241
63312
49041
10713
52233
