13991
50678
24201
39151
1180
31900
29473
50122
71084
74989
6184
33001
38029
31226
4043
58429
87811
90185
95669
59895
32529
3551
85310
54414
501
29993
76824
42760
48920
69581
7700
16920
80116
63872
67990
65522
94716
44170
46783
59880
74209
88396
22680
72970
65405
31713
93995
26596
84172
35040
8029
48495
39321
56049
81187
63121
35454
53217
99767
24882
81645
56187
6219
27761
73317
4322
45630
84977
59799
17565
12506
82680
58341
13829
20853
67313
87301
14870
25195
37513
67963
11908
43436
13058
60327
90461
31143
10664
31009
60865
25971
81405
32718
73716
5386
30750
2643
32883
57068
14979
45204
26531
1107
20382
58793
99611
5850
26296
55517
54639
87178
55181
4567
66935
45063
53185
53701
30866
60422
81588
10700
41726
62241
51639
73014
11831
37797
42629
49089
7010
17101
13029
84685
47154
95492
78224
68541
25794
12942
17667
33301
80312
58380
60447
99220
30152
52929
50580
76963
73115
6641
16818
57438
31401
44870
13547
85831
21644
66924
57207
51656
59153
51751
48422
4236
98781
51927
10610
18057
72648
60654
76596
8259
9461
13269
18435
33467
58819
32926
79646
72809
62182
58612
69071
46220
27
63459
25816
82609
68324
90608
93724
59858
3484
66985
83099
95927
87074
7287
70500
59029
68231
21537
66574
77960
23516
33945
94420
65453
30084
3222
52195
21722
80761
314
83910
32748
86198
83910
25095
55394
77465
11130
62313
57276
6200
504
73321
70019
73825
36050
69007
65758
55917
75188
48774
27860
33022
83752
68327
37987
23490
94480
71386
39839
62012
4030
34068
67730
1290
80607
14945
85745
66131
34696
28487
72317
99240
63802
92992
63313
74197
86321
43298
94673
10727
88199
11593
44015
32954
37701
24395
1553
12477
97007
36206
94397
82404
10349
34136
9462
28438
51824
72143
68640
89111
44444
49979
69890
2974
97374
11595
80901
57396
30024
96605
80269
45227
13575
57731
50427
96553
17290
91558
66044
63339
11162
96185
28570
69892
44064
70761
39538
94094
85394
65753
80839
20031
51358
51280
43637
86381
64619
20870
65141
92060
97607
26640
28349
50318
71258
803
98137
31135
70268
61475
81430
55390
16654
1977
35640
83347
64597
53316
50766
94829
44539
52657
72916
56371
4466
60261
67909
16267
3651
71154
43745
93856
82717
76536
99565
27406
99124
25507
94459
13566
11087
40044
95192
35634
85107
49665
93071
90851
87358
81250
29815
91444
56167
65361
88784
45840
6856
40692
99327
35037
58326
52003
89922
69061
76462
53328
55097
83402
88293
90302
59950
42807
45307
60289
38472
78397
75893
93797
87003
2514
59084
89184
67683
11651
14931
42645
18277
75543
13279
76049
20366
92161
4472
65933
4276
74890
43599
47669
52575
94969
82010
4534
16512
10806
10918
2706
90552
57911
76070
66143
36870
52093
95683
87042
66909
12378
33952
11220
74865
10593
35387
30276
34307
88727
81011
7257
69937
86253
9669
1209
19942
54944
15726
97067
47316
16397
74112
59249
72010
37935
49428
17529
8911
67537
57957
47976
6648
34192
55954
95542
12627
30361
60540
59164
36855
1263
27954
16508
42966
1909
89095
73613
71667
72155
69297
33844
7056
97253
75983
9969
55470
52527
89732
74679
86390
5198
68392
25739
95055
29106
81026
67269
57795
32947
21947
54202
47719
85298
63011
86050
95115
37466
80650
39267
37036
56413
8160
43713
60365
17309
10822
92267
75732
92917
96315
5825
98558
15550
52481
14595
1139
52991
99891
8599
23279
35104
85026
81907
67754
13486
60217
33813
87433
37883
89540
55517
47679
10620
95370
27006
77031
24658
16406
39308
32573
38029
33189
93724
64244
17261
8205
10630
58685
91802
71092
6285
36734
70130
36102
47508
50938
97730
93847
38406
77568
44148
69355
10584
80865
48187
62827
519
24673
77085
21032
81283
81434
24672
54925
98096
35933
5313
792
15779
670
66261
13399
4796
6347
77099
54076
29384
38870
66192
51846
58202
64653
88445
38151
92268
88634
19804
36125
44704
12069
47874
824
55196
53337
759
64714
14547
86558
23771
11182
39704
90400
3176
82576
16557
71313
14022
58637
87036
69182
17
90296
47024
10369
67235
89266
46557
60089
78535
90570
55021
5657
84309
34233
34896
77585
27692
4494
38045
99955
85540
22771
98741
86049
78290
83839
31447
24942
582
81747
81056
56118
44810
1459
34757
54832
32623
76707
75183
62291
95842
67531
62198
30522
73291
66369
35697
42311
2930
49005
97297
17703
35536
34185
34559
12906
18475
8164
7918
83226
27812
30640
61405
95002
42242
34563
85612
25605
28244
92457
71200
27278
46899
7303
51033
78431
38762
52057
95093
82410
18967
68176
2365
58430
8650
75315
72641
45196
91685
91867
65122
71155
66832
17174
42855
48559
9635
35110
76037
8535
50925
64142
3865
66401
59865
19902
91585
12264
16636
99731
25184
59166
71693
2265
78366
59977
96495
33040
94091
36239
55828
77174
13742
60001
5
84631
44412
11470
75609
18692
49475
2844
99960
67898
21223
84667
53116
94484
35146
91355
54132
72522
42028
50116
78485
59341
10693
22235
95908
71823
86261
34758
56525
84248
14136
81207
99846
56713
43281
634
62336
47364
17867
85460
80117
80880
12755
71448
87318
652
66992
92537
15123
67415
3811
61334
9121
2506
22646
4074
75662
9766
36959
49046
94190
94821
