95506
11644
9377
5649
44858
7076
34825
95400
34332
11608
1776
56315
50109
58221
97075
77073
20848
81430
57381
79870
27972
16233
19330
67814
21465
53950
7832
30412
15584
12438
53955
99614
60901
23637
56672
62072
12093
48410
2284
97695
12191
2605
92265
49803
21375
51441
43804
93977
25662
98373
3674
60079
8895
95858
34101
18183
1158
71975
38135
16958
10165
42507
92167
98149
28564
68819
12452
81388
48274
24881
58877
12760
50338
14527
53423
52051
92843
67515
86556
95934
4962
451
80150
43560
956
69450
13740
20847
69068
93446
1260
90091
10381
73297
60843
54646
5275
60405
88882
97427
2674
47306
56960
99447
43185
97389
57051
34780
29313
44787
9085
87751
82005
8258
91260
56376
80458
13259
42224
33859
53868
33476
18740
62937
43238
83740
74635
48730
74055
99960
74857
84626
68919
84815
31109
33655
23425
636
2884
70952
60164
43522
53726
52216
60322
5316
57855
31486
67956
92644
12774
92435
99238
43975
68312
88352
75818
27076
53992
16543
42741
26612
54081
18201
95461
53190
42868
67196
22977
74271
34391
87529
50962
93133
32824
54934
53667
57240
3468
93983
16201
93275
23845
54129
26681
25202
69745
64662
41631
66741
81920
85261
32772
89969
63091
34833
20214
25285
56409
45812
34769
55005
35169
67351
32011
90093
49261
13565
81403
90908
33081
83955
92423
93681
43431
21205
80231
4154
29735
41260
38415
26430
98110
87068
3013
39932
27078
89064
50527
85752
83720
37348
96214
7087
13872
37992
19530
34137
30974
73205
8610
17893
32667
20328
51276
77541
83992
99872
91184
79438
72251
82300
74675
30554
1463
4460
69835
80306
52376
60029
78493
89307
40358
79778
85863
57843
44403
62360
51899
48292
17835
55055
80062
50347
51206
89895
16715
21150
54718
24096
68997
94721
29094
76477
8790
32654
98966
70708
58804
94336
44943
40076
45989
23165
23107
53459
66044
69090
65131
14973
44688
47258
35274
39144
69333
41091
97734
63080
47988
13367
54945
34889
67340
46947
21245
54692
80818
60753
38194
6676
13085
13748
58524
76607
97790
7461
5115
65222
44548
5848
93582
74949
22149
46165
75023
67587
1619
19000
22489
63519
38782
92221
14053
85452
50707
3550
78755
91517
81047
10506
84263
64442
49054
20379
96964
11620
97127
52660
34511
11377
20594
20257
59174
12647
63601
8019
78178
820
97468
91151
29222
23744
63575
77911
8568
1371
45626
15189
76805
11588
66876
57053
64965
31100
87834
85051
11153
41897
45231
68813
98826
10547
65723
75347
17909
88128
18963
13476
84767
32833
2877
65092
66888
50374
6175
89287
96473
75136
65808
370
18374
5190
34985
72066
73413
16552
90528
54666
49380
8641
39203
59506
86358
69644
77011
80225
4119
26880
69593
18293
48879
83686
67487
22089
41203
75953
3857
22400
69794
86461
96078
21309
42776
16425
57487
48735
70162
70844
32652
62381
97319
81727
34292
24491
15359
35931
70048
52059
31516
85584
57259
17618
7642
38275
63704
47479
53973
92874
87053
59545
44035
76672
87975
47815
6317
77459
2756
32252
39258
86096
66016
1673
33808
98318
82860
89539
35789
93532
31846
21844
33907
68506
43999
70003
4786
45660
82694
92284
62471
21781
61866
45900
11492
54637
54312
88549
91141
57436
95605
77875
99246
74263
91026
25708
70429
56555
89464
72976
71570
41810
80190
15635
71747
16402
68250
48380
95069
65182
86868
46207
80375
23896
6843
8004
23037
82084
39523
42714
70561
76168
13789
56027
13667
6433
16249
93404
89618
64244
22918
83722
62159
71001
75961
34791
10134
20151
65572
32127
42810
85094
19479
82568
80478
44867
50923
33602
43417
94434
7048
62143
12837
44172
86514
85155
53505
34059
9007
75488
77991
52676
6337
8143
55767
48370
37417
46900
26619
73141
36804
41422
68323
64468
83818
89204
3774
30964
3205
76317
14690
93154
83167
38790
21430
63476
2637
26789
30811
29232
84017
33861
90381
83567
68691
57532
8953
72136
47177
88408
27646
29256
88750
65885
88452
70624
40329
90999
69534
14215
13578
3356
15730
75581
47560
24550
98101
33451
92464
94231
88156
87005
41514
98730
94944
75426
37519
66662
61264
33275
41603
94513
28549
20207
9381
73844
59914
47371
45155
2889
69516
20759
85830
1756
16249
88524
75807
44325
54562
3346
41105
38682
3807
93484
29114
6605
9462
25233
87101
51763
51410
20925
80659
85210
74789
31097
40631
67497
79897
77088
72746
4062
68040
9553
61170
49021
78532
36044
83867
5620
52299
57997
33828
36560
48756
18154
6515
94382
19440
19590
48674
40221
68923
54538
1262
21470
37451
23955
10275
91439
65927
95204
32735
72225
40780
75588
60787
21192
66978
62505
95918
42465
96732
26521
26405
81263
34548
27903
62472
31756
6775
64883
61088
66481
17793
46911
4219
20704
61699
51272
95412
39595
53180
62564
73325
36444
799
36222
62002
27684
72012
66368
13057
56106
38976
57633
14783
56362
54280
50106
1774
20236
365
44367
57560
79939
84689
19861
94697
27226
74131
86709
65681
66858
54408
11849
48852
33096
29255
81316
31292
14515
44728
18006
23561
86558
28508
17852
32045
65459
33909
96677
87962
20237
24207
34777
82493
19968
244
13334
2004
84929
46842
48207
89710
13009
41045
25413
3683
5824
84511
31529
92050
29339
90505
65044
64212
82208
22089
48295
75497
33401
51151
63464
7272
27906
8515
21178
35128
87070
43851
90959
88
79587
76696
92890
57822
85556
96930
41150
89365
679
13609
27953
88442
95844
98985
86262
57192
96442
51343
88877
5213
24455
