95790
88843
33263
29744
92896
43599
52867
6818
92463
71563
15257
27308
53137
44978
23450
20102
41640
20480
10228
96211
55965
69580
97348
79275
38712
23881
63658
60622
49983
38263
69709
67710
62610
48593
72432
30609
30315
85390
96245
41126
86925
96078
32337
79521
64326
95524
17772
83656
56707
53038
91017
79608
36152
91962
54665
27463
63375
17618
1539
78263
18233
37971
55358
70396
6363
48725
96629
96622
71405
58870
2637
21582
18720
25011
44083
83820
16832
84784
19993
21632
57771
28202
79466
47162
26820
61231
79211
50199
66848
84192
70190
37578
59648
68057
94181
48526
50016
91340
95277
60179
95999
97005
2105
84254
10012
71726
67284
4287
55046
38252
77703
11690
70559
47311
33965
39203
70633
93632
13729
39902
15404
98397
10211
11559
73995
1767
8587
21742
5521
92374
82360
78624
95482
14303
88491
25684
61121
27541
64520
59051
44203
4802
17327
9239
88667
79986
84851
51245
53913
95661
23545
20645
74312
20304
43433
59247
32803
99387
44567
9693
11435
91494
87953
75178
71305
90132
2295
79225
91729
41373
44478
26044
14014
37200
7251
70321
46977
14007
10600
51992
98630
22442
71177
26802
58280
82970
23781
78892
97200
79046
87531
85323
83484
66871
66609
61670
53756
43448
13746
31212
75496
13015
47827
13840
7139
82362
7419
88773
64088
91652
42735
21445
28206
47245
30175
46714
696
9868
46232
96748
92073
16710
45404
79391
73547
69560
60289
54506
59863
84517
30319
67241
84202
39388
79329
42229
16987
95640
70968
16981
3423
40132
72835
4109
63434
8116
5623
7792
66146
80049
32915
94685
13952
90482
88316
74396
39978
85206
17831
78000
98462
87027
19601
23503
10254
33972
56376
75475
63151
48315
11319
40967
22162
65435
29770
35216
64773
98863
36325
98420
87897
35833
24511
48105
83379
10363
75204
10105
32452
1455
62036
5703
47969
99682
2010
93533
57267
56582
39994
64134
71987
49439
5700
98262
37418
74809
77220
86160
37309
36114
54885
20863
47511
92258
25172
61023
90050
15642
95382
31996
41085
90380
72394
85346
55374
40026
93628
61044
27512
80378
65708
21169
78319
69639
84496
85186
69168
69538
81357
23648
39175
91755
72604
10835
1493
6958
45598
48940
5150
53444
6320
21820
24709
81022
97533
77181
36163
74083
78457
89995
89541
71065
47495
20593
3853
69125
39454
78790
81169
61619
9
64907
53813
6381
41741
18799
57641
48883
51132
46991
53196
42175
10726
72231
48199
58037
94957
85985
3862
21128
92685
96479
75761
73458
69121
74852
115
37035
34104
72851
66303
24027
17576
89561
96293
39742
26439
47682
71505
54130
31928
8135
27551
43710
8785
56979
20628
96168
33083
8084
62884
51569
99385
2427
97091
56822
73318
15867
77023
78387
14607
2516
99205
78193
51685
43958
86346
71227
78391
71855
22515
98773
28716
24365
99033
89487
59312
24020
89573
10110
17882
41644
98613
38814
28579
14365
31633
45008
20972
77296
71973
9366
23510
31683
82218
99633
69866
6668
65780
22653
30709
9687
6121
79555
36054
41406
95529
9630
55828
71935
75503
33357
25472
3516
95031
24509
11451
65609
59520
24904
54580
2789
82112
2792
24776
94201
82752
71259
16621
49159
85054
48049
37338
19839
37263
70135
27944
43452
79396
57027
17375
24457
46138
21599
12675
31718
77744
99316
41163
4236
96963
8851
59056
19496
64095
18329
52835
75874
76838
77581
69255
24985
8663
5281
65854
76424
21293
71094
39956
25452
59786
94837
65441
35253
88373
37744
39474
19873
8434
50528
6599
13539
45487
86030
52286
43041
69556
83025
47693
46319
61089
85770
92675
36227
47471
25560
86615
92730
57505
65588
3820
3431
74974
50540
3765
92423
8126
75343
44191
94240
45753
50289
90328
90571
75527
34663
70253
97581
85060
50652
84588
30053
94630
95342
60982
93668
27945
64978
47773
98346
42834
94193
49588
8407
94309
622
63615
45077
92013
8227
80638
44387
93499
81649
36416
26394
89043
87550
7826
40041
48745
37784
20881
36321
39175
99456
5785
26472
13224
49921
1436
40842
8031
81108
44131
87867
30420
50922
16486
83430
61154
85078
53472
70994
62302
77264
31843
73612
53366
97346
37371
72242
37426
4984
71557
20602
56684
60128
46822
23374
40119
65234
59050
27777
46448
28438
40209
70065
50341
52314
17863
14545
55679
67737
21505
27338
63817
43500
77452
91592
43202
70141
27890
33621
61601
2669
68106
20850
24704
95582
99500
33877
52673
54152
1017
3916
23425
92203
5148
28413
35321
20439
15722
38119
44157
23792
58913
16246
37105
11998
44040
60791
82429
44939
69668
66279
19883
77197
13006
99726
32199
58705
24858
80051
70818
5882
59408
41339
73493
49943
67646
91258
14465
8753
22319
16631
18579
49321
14260
66070
98614
56250
68465
51903
12396
43859
18248
83292
46788
45901
32344
97614
38010
24228
89615
8498
31869
9251
80730
83076
17258
54808
28302
63572
21950
228
47758
51318
76167
96727
37879
16262
19820
17288
52897
8829
99731
17105
85862
35878
83602
56023
50304
37040
8879
24338
46232
4982
35593
91315
74669
16906
28089
84019
65404
13972
24134
20451
16050
58267
71348
7758
88783
26955
19328
40610
22421
20970
31704
38048
57245
94765
55972
1163
55333
47117
69247
92723
46353
26458
70355
16663
54838
26487
62015
52053
36782
86427
32635
87099
26617
46804
12145
29513
10627
2712
86156
84070
24002
98561
61613
91827
78600
94764
48014
40388
80281
45798
98244
33124
6681
88930
93841
27458
71576
31979
53354
95676
71647
34298
40827
58812
31242
74934
70660
50342
80281
41842
19043
50195
4904
28366
31866
51110
73348
15575
59565
73725
58612
64414
68083
39301
20764
76035
79997
72073
98215
44431
24114
81401
62302
75621
22061
72055
82705
69502
77839
97578
43722
20669
79518
23516
31187
40501
90138
1776
56049
90980
43200
48833
16261
98134
86618
43867
51721
41883
15512
11114
98090
49471
41600
50997
78449
54617
14648
88005
46838
79306
57330
14873
77015
49209
30799
34433
95317
41831
42731
53750
52647
12328
98267
16663
47528
83349
2202
18694
85461
440
97671
95340
31704
37108
59557
46564
72092
15818
58334
97060
37593
9222
89738
67860
88449
17725
2725
5744
45021
47012
12229
38206
4881
47032
45215
10708
66725
4868
26481
57731
50488
22545
11011
69028
21627
71221
78112
91330
27082
60497
35380
22207
21067
63755
2391
97416
15802
80079
