61821
87355
32298
26719
57956
28916
72675
8550
5286
47486
81324
62608
21293
68627
79247
58656
93266
66602
49505
6789
10211
23516
24272
40019
88396
30251
9470
62433
83988
39742
25817
90430
880
91446
76935
879
87507
73966
4721
48894
32214
2562
71339
59603
12682
40403
43006
90425
15544
42863
83183
17437
53379
8683
44341
11679
87996
91636
79737
99308
15837
76483
13375
98427
4004
4149
33950
89734
11557
45061
19719
11271
38070
18321
22156
63118
83653
4596
48137
19658
95301
65333
17905
22200
10405
72046
45379
68010
171
84768
49945
97101
20567
59536
92663
38541
47634
66289
88798
78356
89315
70332
27824
23447
60584
9913
17566
21840
54645
93250
99980
99063
98039
92710
28932
54089
52261
32539
67876
52708
43758
18672
10909
43899
91524
92517
76918
19744
26540
46263
12277
44021
46011
79975
96640
77902
54883
93829
23913
2548
26561
10046
51747
90609
21442
66704
57538
5750
44652
49363
19102
46115
38368
41266
32588
