99614
58407
15697
20815
36139
72454
88015
13870
11393
88360
9449
8500
63748
75818
36766
10926
31493
97471
45729
47450
64142
97867
90072
86144
81118
12387
92467
38121
78379
72772
43183
63949
61852
11040
46625
96767
5961
89628
32500
14364
15859
43749
74008
13818
32881
19023
9790
47733
28240
19567
59779
74914
38220
46023
84132
51919
71655
64630
150
27560
94296
87909
32301
70224
10749
61100
79434
95243
89927
44986
50851
31679
11755
64925
55150
79533
62341
33099
88031
90644
579
39411
66851
35808
14515
56921
40727
81095
17596
26587
34369
22852
68801
9779
54738
45846
19003
85122
94670
70374
39900
83873
6338
25247
18448
48241
71416
56421
40025
84445
27755
75789
46177
69909
