90048
82984
61883
39866
2353
46143
11915
58752
17136
263
33233
30173
99111
95796
89377
15073
33471
29028
58425
14989
23141
17067
41472
6321
41595
68086
93430
22953
66882
58444
37009
98052
290
84612
27412
4899
37637
53750
45291
79964
4821
31404
99604
83610
84971
53748
14767
82590
44066
95892
7374
42782
10964
81353
58786
80296
85965
72040
42526
11549
10588
50598
76188
57369
64927
87315
47226
97974
1680
48268
25313
35135
1850
3358
49734
54654
50443
75915
58639
23531
82503
89880
59320
53759
4638
55098
6984
77417
6937
2120
36877
78817
29238
97298
38114
72935
77307
48238
16585
42138
95822
19214
20320
13415
65710
47361
69527
2847
57162
90746
16083
4343
2129
89072
88953
81457
99494
36367
97065
16320
87297
50354
67132
53919
93871
38634
9591
91358
3259
74680
3316
34589
18262
31840
23863
59724
43234
19536
43850
67151
75293
3755
8857
68230
5871
80538
58346
89415
47043
25710
946
14466
23536
70896
3963
16948
40079
84374
23939
38289
11300
16405
10626
86043
71206
18050
61628
44513
12856
72680
93095
89631
71738
65913
67584
40321
49275
43804
86362
39395
94395
37097
77557
61608
21444
98734
62782
44972
24451
46005
87679
71504
24335
93879
69797
38229
5389
74957
67535
18424
50608
44167
92378
48638
32689
90274
84678
34393
25345
67863
29168
21991
92780
8246
86236
13553
90075
39214
52012
47639
44875
86036
62517
87020
92717
40806
7846
76980
60986
55874
42901
18319
82483
45454
18030
23618
37904
27960
7320
28536
92708
90036
84976
42689
49654
8150
81762
22606
25256
71915
33267
9495
89264
12952
89443
