77299
23564
32774
24915
45083
90401
22378
97386
18655
23544
5161
53105
6294
95879
85822
65846
31020
46497
57615
8479
9331
26542
76434
77299
26977
96406
44397
62406
30191
10478
13540
71560
64709
24734
98363
23775
79866
62719
80465
33275
34743
14792
16045
59233
92178
78013
30011
90335
9784
38037
68295
4250
27799
2758
62473
59274
80487
97637
29085
22810
56398
51077
24678
58938
48452
6224
11432
30655
5261
28325
46234
30563
66854
87310
72625
66623
96192
49346
34730
94277
67867
96994
28463
68502
70291
47113
13862
78719
80852
34665
96277
73879
48315
8204
88930
91246
22681
88412
89462
41014
10702
76357
90647
54069
8116
302
88407
5646
89689
57748
46228
33023
98248
2616
70166
35265
85957
27589
75879
55240
96836
72251
90279
64296
94621
