712
76988
96712
84197
50399
28907
31912
35663
65766
95541
96176
72163
347
47261
93740
39575
16648
3440
22271
10095
75977
688
67027
84293
66209
39188
15477
11813
44576
74167
91210
12897
66339
31947
20500
37444
12207
61123
56405
75883
31478
45890
50376
38807
9784
41741
25129
32250
6905
61494
95858
25489
87158
8622
19232
34343
96168
46975
87661
62330
55554
61230
54985
1281
41694
24436
95761
93211
42446
78099
68015
93607
96037
41841
8237
49125
16197
15993
93420
56057
23549
74949
22945
36712
95645
58170
37325
9044
11630
71948
91158
43956
54566
62038
42979
22992
21147
14994
4051
94185
15974
68982
49126
33841
54784
30056
36914
94011
96539
80330
69331
1459
29834
4407
81316
39908
11312
15065
71
93739
16827
15221
12132
1527
75399
92998
70218
14612
