93666
97706
89812
13246
28368
76953
13998
64487
7254
25065
53805
73238
68275
58818
18135
99535
29869
5160
35086
80002
41304
81488
29110
43182
40382
75265
32294
59348
28059
76062
28878
35065
17027
68613
42293
7426
10967
29342
35348
76571
82709
47462
78362
84434
41146
28228
19555
53757
74179
83720
39950
19371
70298
69178
29822
1563
71769
85608
71330
529
93987
86671
33210
43046
48187
56335
89927
50060
26798
90611
54637
57924
6389
78557
70337
20959
49434
15038
38214
54246
79951
94989
19151
63067
31461
49460
51420
82746
69120
56411
70781
79777
62664
66686
54668
77505
76532
31367
72891
32147
77585
27133
12696
87827
52334
45958
89087
39753
15105
76527
46765
49400
38614
69659
13296
63894
35523
24743
51811
58881
82297
24124
41134
22249
29124
79526
44816
95906
40709
70937
1358
38790
21370
63789
60039
41048
81782
65143
26476
74491
27726
79901
54075
9966
93619
9385
40869
62686
26910
70751
74790
57883
15556
51151
64107
19679
38664
9556
14645
33573
54137
46531
29121
31845
3455
72722
98242
99651
80102
38283
9628
22153
17446
8041
45300
41157
9721
80864
41179
70738
55955
3479
84024
43082
52828
58080
14740
37436
71984
98574
75848
41468
40886
54149
51987
19674
56082
49125
18406
49112
799
32988
23740
87128
3640
80223
61019
21973
99964
40287
93151
31653
83377
78322
20036
35235
81218
92558
77440
90934
72160
56406
88890
20974
10813
35164
91404
76162
20484
62517
87019
79563
65246
61983
23701
39089
51169
75016
50391
89014
7102
66090
40522
34446
22613
54352
61422
91938
51693
78291
938
80978
49254
88718
37989
72565
62718
67877
67898
19142
21921
13220
85278
25614
92003
49673
30279
85045
8743
43632
98471
40105
32968
85805
77512
94755
88582
44644
17579
46365
37018
49852
46692
32121
42966
18066
35703
45239
8997
16838
88642
52751
55380
36751
55997
11658
38628
97389
60396
40877
99469
25987
60527
49010
84169
87154
54613
50650
50895
59877
13715
6521
98026
74370
871
52371
76747
45427
66391
6708
43773
75473
41968
41291
65517
4384
87636
52397
3515
87862
49050
52538
87954
98009
80187
66417
30596
14531
17569
75225
60745
1589
6661
51111
96753
79332
97282
66944
99037
61860
55008
84239
56667
75140
42959
86735
79
32327
1133
49828
34534
97048
26565
63766
74511
63298
12487
67915
5807
1178
521
68175
77265
50975
4578
55016
21725
33606
96078
33286
21899
43690
83920
89164
21507
58515
31441
21739
64387
16603
45225
67665
17603
42925
17281
44846
11280
88213
39250
54658
7246
90335
17627
52055
60388
17547
13847
21759
