32042
18032
54375
55104
5754
10608
97228
58517
65968
87540
41704
5795
94618
84221
50224
86738
65448
49088
92348
41594
59778
66067
47905
9765
26020
11832
60190
85397
11474
50904
17444
77160
84036
46995
30436
28067
6332
27976
87897
31933
92388
5532
83884
85728
89738
72479
22049
75989
98037
44969
74734
12743
78188
58945
60631
89960
4756
46456
71184
57927
55536
70098
93959
14462
61302
69250
54883
85236
21729
99029
20446
38174
78354
45028
63757
35108
51676
97173
29358
15605
65841
55933
33496
53472
81521
80628
66422
16270
45545
53472
72354
10414
25906
99374
15279
86578
68995
56173
66028
93584
19295
94182
59284
61860
46414
55746
2021
77296
64533
69547
45092
38868
33681
57029
49253
77870
26615
3586
73636
52485
90466
15304
15423
8401
921
91738
80911
31703
13333
87219
44276
30585
28782
26013
89629
50243
10530
73127
3597
57335
94296
83028
5335
74745
96530
27450
36483
58219
49888
35746
76362
79785
3705
74935
95984
40856
41300
4342
87442
92644
17760
95160
95389
49974
94320
87249
47942
31787
33731
9387
71916
46783
62104
44093
55867
25182
32140
71710
97091
59460
14704
30422
87983
74223
25749
61259
44499
69011
36660
22508
81605
89646
32648
93773
84452
43229
23775
73783
31549
24007
70394
68048
39714
52970
45574
43009
34693
72198
99931
83520
68594
17911
21260
10497
19728
71830
9485
10385
37883
76440
87569
15489
22030
49566
33120
33751
40895
10082
50339
26795
38905
63394
26923
80160
5077
38367
25406
97570
11262
83068
86122
7628
5523
21960
74122
20103
68170
94124
85591
82562
77070
75534
64483
27004
49740
52392
20648
26297
73218
27346
88614
92456
57677
43134
36462
5740
82524
38851
50370
41712
38832
26553
65729
68627
77347
21279
32291
6348
93621
43500
87782
95165
91108
96586
74092
15955
51085
68325
3500
28535
70748
21307
7560
62149
11338
52467
83978
63985
55402
10585
3137
31039
66695
10524
86787
78721
19419
66040
94865
47593
78539
60972
29501
4454
63300
48471
26048
76839
91028
51174
54929
69592
99399
37735
99076
10876
2317
42351
82023
17112
93301
60327
82344
13302
72387
64959
27962
43399
91434
82122
75414
35385
744
15924
38723
2330
69919
93136
77507
17319
80013
36707
24904
53872
98623
99831
94958
9340
78394
25212
34001
40297
59452
78115
40867
34974
91066
98988
32266
88927
46766
80279
7802
34895
71529
43752
17096
34572
44664
54920
19646
93223
46489
12925
29929
7058
23958
48684
13131
99047
20723
87955
14429
12233
4183
7897
26579
3421
98353
58353
5096
59705
30220
92010
60111
46854
56185
74892
68843
9650
81982
25101
69458
35495
54218
21064
13546
61175
38151
83478
71697
75029
72029
47096
20903
16769
35748
5330
93216
27927
60128
40464
62076
86357
57867
38946
45335
27401
18741
79810
25555
93255
78454
41616
28163
23445
39299
79748
73334
76943
40866
11844
57440
58578
83534
1907
56683
49324
58906
10226
73613
80064
85895
82687
73707
59751
96668
45446
96041
4652
91067
10758
4560
46012
94162
22032
88109
4110
87723
9334
75622
36748
2711
76091
26473
15558
74491
22944
10310
79224
74738
72837
25323
96610
76344
76808
73392
55020
94481
95733
27590
99050
72863
66391
5964
47683
92969
70207
28403
64394
35147
95488
19237
7690
55163
4492
10829
3600
19151
58668
7223
99271
90047
67558
14055
17335
48809
15194
65257
38517
42666
74980
47005
85930
81382
46193
51203
47538
47360
60708
86071
41084
83777
93963
81135
92259
44308
57762
69501
69352
57999
65312
60468
46725
84177
16004
79604
61115
20800
86398
35864
44379
58837
42465
91244
92226
95956
75790
58162
93725
74787
11816
84138
58224
49430
51721
44894
4945
16921
94931
51751
53303
44356
69819
12013
97539
82904
14373
68578
53763
76221
99710
73263
91524
96094
2838
6936
75517
74168
98525
48116
55073
86362
44761
76701
80108
28086
26825
39863
52521
92433
70589
49902
75031
99544
81345
26974
47174
32248
78249
83268
44726
94574
46809
1978
46553
99639
80659
95061
41401
11516
43552
61618
83825
92147
59765
34449
65988
23619
50557
85104
94448
28204
17498
81352
42005
63277
68154
26156
89571
63056
46932
64646
64694
75800
36471
58612
57524
75369
79938
71055
81036
30224
58697
93605
59805
13958
84522
20068
76827
88235
9775
87625
56698
1123
76780
2499
7765
13497
47379
67942
59789
34733
45084
11185
86746
85122
93408
53328
60762
3604
70985
7130
30152
47363
903
90458
81142
2581
93048
99309
22814
29266
59961
39152
12720
84371
69523
29740
36374
30308
73473
19026
60580
35901
77859
37869
46212
66761
24847
2828
42296
54528
31685
13291
83574
76359
22882
71373
21999
26062
9931
20431
71167
69404
36053
26530
81655
30595
99524
41246
99778
15655
7304
64840
24240
2109
56755
49775
48309
10374
53423
49157
50168
44666
77737
78609
33856
3352
35976
39749
51525
50381
33566
29862
84302
23331
18130
99049
63594
86190
42583
68333
36727
56842
13464
84911
44414
38690
37727
62883
42904
60744
96218
79664
76937
41706
28069
38007
61406
22633
89020
1394
33360
73445
51236
2289
74629
54958
54045
14789
58301
33969
9426
