93036
99321
37714
46468
73141
37934
48633
53291
39411
68684
28804
1721
26916
61538
39439
30741
48818
57658
34459
46637
5151
83726
39177
34373
87937
10738
72520
97506
31639
39806
98742
97883
63425
59085
10446
69007
66874
13204
24505
52283
467
56603
92314
74436
5653
10697
81876
40159
35498
91996
27660
69317
73632
99055
55678
46650
19242
99921
22765
8730
35715
39281
77996
41834
84822
63975
98072
32738
20467
79169
53474
17794
58275
97091
59633
21689
29299
24148
48378
64749
942
47409
81462
93375
97907
60706
53979
96694
75274
90827
75631
93907
47268
8761
50448
48070
84432
2359
53259
90702
75434
86304
65784
96243
1607
13168
18122
70228
77909
73707
53142
26157
12311
11866
35998
1927
86287
71196
48127
39478
92881
92925
36973
95033
66331
96780
18207
2363
19914
84889
90404
63612
91069
49735
75902
36076
17681
56153
26751
91007
1896
73367
39712
15443
48188
66611
99043
59848
34422
13991
48048
27504
55764
94739
22108
59188
43130
72539
31395
49372
76305
14127
26870
87817
95321
8543
83992
9075
32236
73539
28264
29676
58262
73842
17917
28753
42557
32148
93798
7660
49123
81575
79667
19911
42008
8013
77613
92862
71319
20413
83330
85786
59075
37844
21472
71538
97333
22575
4490
73799
6248
21448
63839
12486
50087
89036
83378
87254
30960
32029
92749
86530
53662
78249
92576
69465
60422
73547
68779
32817
45095
86581
14344
78195
72189
33501
45607
96979
68722
79235
65297
20669
81513
39345
59424
4554
39228
92580
43017
65708
27924
8582
32591
45424
16586
52841
73746
9491
24376
72614
92398
80875
17025
40684
49697
29835
17972
49456
79493
97859
53966
78239
26761
57270
3821
28391
48980
75914
39038
87143
68973
621
43773
70478
81400
38414
9135
39058
25985
23817
84170
92966
34574
63163
44482
92828
12807
41854
22962
19879
3816
41013
95346
20292
39640
7318
99139
71006
58642
65755
2560
29470
85052
26451
45658
51394
46360
45666
88176
19128
84323
70666
38861
12124
64718
89633
7479
98993
17088
95475
97250
30407
39122
14556
41078
79555
31543
36179
40180
89562
22068
85757
63690
3620
46954
40001
82783
84856
26123
41701
49580
58684
71191
66327
19670
81613
27609
7083
55512
60707
70644
80105
85687
94553
96911
23700
19368
15403
76286
89655
75405
95644
27769
5093
11291
76925
44167
87991
8552
40346
71009
15362
85875
52134
96303
15603
33154
1512
23428
47061
32429
19480
89288
5666
32035
2059
14275
19878
82237
12408
38107
46689
80707
5466
68904
33661
30872
56624
57233
86884
15011
90401
19852
50140
84820
17147
81177
94977
24998
26232
76872
40447
74902
30833
5096
52061
57263
92292
96528
93095
98749
26413
21672
40851
67430
58624
55486
31642
87639
5084
55368
49571
19332
1409
86884
16475
1118
93611
63581
65569
84413
83225
10562
21355
7272
30109
23250
48517
99278
7768
58967
29312
32620
33594
99278
10372
21588
19202
25519
85256
46997
62118
79881
21116
97848
76397
56825
24287
82023
7802
29100
67796
18010
86676
20433
5385
18381
20324
74234
6398
29637
2104
77222
23310
60344
70140
12924
20216
68665
17753
63871
48991
70695
38355
16839
7589
58351
78108
12179
98587
99435
52462
411
8711
6254
11396
40791
60016
61919
36171
3199
75732
91040
53551
11669
14254
57968
46067
33297
9380
57713
60533
44802
67234
69616
94634
61806
45647
71866
14190
90743
58663
24746
1441
18917
29006
99803
37847
73827
67264
68014
70904
44373
57484
1799
51199
81287
53676
10532
20971
59867
50472
51876
55533
12321
82006
35974
6026
81504
98171
1876
42390
32958
17488
25838
46694
58843
52437
81320
4847
72419
1347
41272
36443
74470
77335
27894
99318
76642
78186
31447
15764
46219
83386
22044
79979
71373
32239
30104
43936
18263
43820
55603
89231
53127
73072
82782
73641
45627
34835
49805
56509
24571
56096
74419
17791
6157
86960
83793
70463
32266
74928
78280
4597
66179
27414
41127
99753
99667
45021
52951
23103
91526
28602
10810
91448
8162
89273
54983
71452
59107
83632
59051
44330
35716
58135
39373
19494
27123
46973
48854
58515
37684
36280
35191
35949
80374
9510
40389
5422
24095
55901
92540
74710
17209
29372
48248
79209
26376
92130
72712
30916
659
91678
73654
65755
6124
31778
87716
95723
67859
65408
70479
656
39757
78275
31167
12879
60480
56265
11145
15098
48910
4743
24576
35428
20360
86702
59086
35336
85482
42919
12354
30874
86289
11756
82176
90744
84784
18960
58645
17867
86387
54190
44549
16931
51088
12082
70737
44573
21229
82764
74061
2710
47630
2459
32365
39149
68163
87128
6179
51080
79387
8076
29653
70649
54423
55368
47130
92698
28110
33906
46375
7748
20392
25674
93021
53698
68926
4596
43264
24232
55426
9759
17023
98214
20427
10871
15436
28211
31779
96135
90922
72504
35353
68196
35054
45651
33050
50312
62029
93666
92457
80571
4317
57591
3241
79970
16366
60577
88897
48749
96746
47655
13455
34079
48161
12919
32384
72684
61465
16899
15391
79331
75447
89670
35746
73858
87693
10002
6890
10464
73917
87024
67635
12589
90917
97099
81920
86478
86900
86597
83187
80140
68369
40723
19872
76404
79516
89579
4413
82463
7973
3374
17640
77296
78471
12038
27049
3021
85579
79548
26305
155
17654
4695
14133
29160
73554
81321
19903
98509
83748
664
67502
64360
72359
92066
93884
51896
82783
80782
60706
49131
22185
53337
2932
79605
70586
7831
19956
94256
99292
43244
75861
53323
76736
61297
90005
55855
27984
13953
11086
27310
83210
65776
61342
37369
46473
49259
74463
65997
84476
33562
65730
84744
39958
63760
84645
80646
74377
17773
6003
2321
10716
4061
56284
39796
41975
56524
62140
59347
22851
50817
49097
49267
13707
73171
38806
90847
7139
84691
53066
56916
58367
43180
4987
21923
58347
5854
94784
76933
79012
5154
34891
6927
30848
50768
36384
83888
65797
13384
43848
33954
57764
3780
44324
35991
90486
40797
53649
53708
47125
1647
96408
74952
