30889
31814
88941
81223
70952
52001
62763
32935
25992
37369
52783
95026
43473
29732
1419
58459
93100
85478
88723
13171
64019
34123
98640
89811
6774
46618
91353
10339
65982
28008
19167
32683
95111
77250
2597
60797
91194
38734
92392
73028
39459
74906
96746
50581
82283
79350
91582
61314
79330
57961
21095
37896
3595
32406
33285
4513
58802
57816
89626
85645
84475
31235
59545
43280
83276
72061
88079
94282
47896
62953
21806
87156
88232
58066
77997
45653
62108
23810
73470
69875
50655
32236
71570
46511
94940
7752
82882
49683
97035
8079
89104
18532
56890
15904
93791
84781
74312
22409
13943
41517
63824
60496
22691
59992
58159
54296
26870
98887
42367
36712
98739
55058
28109
13442
14519
26513
87895
99181
80436
46139
41350
48285
1748
81352
37437
84671
21325
12073
13331
56579
86991
11308
59382
95558
86311
75276
23050
95629
74381
85053
31139
36793
58982
77790
73242
44727
98856
24286
69213
19904
29869
95127
37873
16173
22509
7503
13953
8460
96384
77624
88658
17932
76564
63005
90148
70519
76531
19526
69371
76857
85801
3578
49345
14024
97905
38425
92205
39460
90079
9052
42618
67293
55192
87756
66712
94357
9901
10212
33374
96119
24922
58236
50587
88568
15126
14096
13564
71521
11293
5800
92299
20506
35810
44898
86616
586
60906
20011
26148
61570
75685
97450
87604
9801
20202
26477
94055
32735
66524
41809
68231
25895
6812
99004
99913
78744
10892
59895
21958
35462
89201
55680
91797
81822
33659
185
23263
79887
11444
41228
95223
67323
57359
99472
73242
46230
67264
76071
75903
64493
91931
32395
47786
9013
77017
78255
93841
36904
37685
47603
44063
45730
55384
17150
30540
69575
5567
61941
6219
25514
8816
70037
67178
27501
96618
11055
10445
56681
8009
10382
96415
97163
61647
66037
48270
50526
57813
33276
53030
52836
87883
95267
2824
76152
49758
57745
85839
47989
20898
20604
78332
80497
75584
3773
21020
84449
79755
99701
12376
95521
68606
23807
17390
75316
87402
12310
87762
60150
10853
6282
88275
88146
27946
85893
56205
2445
93584
8078
74223
25735
24489
84411
43440
77680
28381
96925
67689
9913
11322
94149
8278
28037
11551
35318
70548
62324
54190
49566
32653
94101
6817
74537
97414
76830
35046
3054
40857
72463
48355
81153
99875
37070
24949
12934
85619
48818
53952
38163
91958
88452
65162
40107
54043
77607
95963
1961
70921
36045
94620
25387
78452
97415
2734
64587
83356
10388
91850
68950
12944
45745
11962
38843
19862
9632
93405
98011
12213
58507
94258
48467
60936
21901
81428
19670
91346
94851
2301
86952
56767
46392
80086
53961
99634
87526
8533
13627
20811
66705
69197
57595
69902
463
82458
29615
20733
46035
80446
6333
48874
6942
73706
34103
47334
26805
99559
26416
61812
45552
64885
91691
5538
85727
60657
30672
94917
15556
48087
80218
75758
23002
84462
14019
20310
46486
69919
90324
29132
3887
32884
66717
74766
55446
50415
96561
53268
55395
4030
42461
15698
36878
91144
1254
75680
12071
81334
38023
43509
28515
33977
37130
34986
1105
83838
16782
49436
47331
63129
