14826
80144
29465
3619
28380
74524
80232
16360
62917
7759
3295
76939
64960
53146
92542
2676
80651
60553
80361
76209
98927
10767
63664
64554
19193
74701
60001
3513
53020
82279
24325
15159
78097
39576
37898
28536
90724
45205
39025
74882
93161
1996
55950
30400
23617
27264
15490
37446
39547
48924
36916
32523
93995
14118
86630
49036
27990
10964
74588
57522
35053
28789
48039
74206
46184
99930
66785
27647
58173
81415
866
63094
85737
28834
6739
71003
10646
23421
28483
3400
43244
81138
49254
81405
29080
34951
32
50169
72434
60655
90732
78661
8233
81275
49344
95655
26099
30491
56884
21646
5282
76523
75583
86911
57088
54978
88721
86304
55331
14370
15139
40053
54201
28337
45118
81991
84863
50326
6936
79362
98684
27417
82927
3615
61010
57781
2934
18430
42706
41396
29126
5794
77710
36289
91608
10721
81662
53454
66567
58034
43682
42472
6715
66520
74681
29159
72367
27037
94578
21281
62957
84559
30832
80584
23092
99154
16616
56432
25337
36191
50575
93613
8823
85523
38779
39636
37963
24411
72201
47037
35772
8147
24785
53817
69633
90685
94335
30411
13864
13586
47466
34178
11937
18303
20969
15492
70675
96383
46880
81918
49106
7113
46742
74672
69858
60150
7384
8735
3993
14405
5506
43180
6029
29603
29414
52188
6100
20399
40649
62050
49244
14552
74976
85089
37871
85436
81541
16480
73832
58584
90388
482
11706
45440
83276
81896
78463
87930
87653
38263
65921
3418
49633
61929
13087
54364
60721
14864
16782
49765
71919
98554
45110
46618
88896
20628
81472
57733
83534
1393
27803
81616
71458
60697
9888
93937
52368
20840
57853
2012
22951
34119
28108
97572
42732
83361
99563
93947
9308
34953
35817
67245
51087
785
9092
3850
5628
86534
28370
98514
74299
6027
96641
92253
42571
71746
4794
84557
10125
71057
18091
48498
74338
56113
59398
63811
36074
76618
77379
65627
53763
72204
94517
96613
12273
79947
32985
63641
82145
59252
14127
34849
90592
34945
2352
40189
37967
94224
76118
70952
49084
38629
18831
87090
75022
46694
61496
30592
55963
41378
27234
6615
84694
3694
88022
44756
96750
29524
90798
94675
49596
31160
98747
92302
61609
32812
57369
79513
34288
68865
84225
19981
22503
2364
35308
6562
90512
82557
90949
20558
7955
95090
25782
3607
36987
31067
27636
73251
93404
82756
31911
8171
39284
31844
87587
27240
6206
3045
81422
10948
7851
52395
72267
44319
41437
16695
95099
72081
26328
91717
32118
92331
55425
93710
33020
51696
29007
5267
30145
39704
80247
59205
35790
9741
12373
58271
27655
95839
17952
22924
73050
8163
99029
16834
33485
66497
77993
91678
85446
40585
1102
34067
54835
79633
45277
42989
98445
8974
23986
30980
63559
99224
5777
2574
64809
13185
2928
9258
8944
27196
72572
82325
94125
6232
39784
37227
56987
44624
75652
39324
93857
777
65751
36646
91913
25905
83312
73432
33334
27192
11246
17984
48621
53125
42096
82524
38896
133
48663
53138
63328
13794
36780
46874
93271
60042
92313
54293
80004
84842
99897
10396
22135
17969
1423
32085
47994
18105
85704
74236
44460
11054
86350
38677
23662
80764
52813
99932
6567
73688
26706
37629
16565
98327
27632
1848
74162
95402
66758
72667
74629
43811
4772
6128
2916
13592
45858
14096
6486
21897
17401
48488
10883
15713
93366
47535
98876
57803
59978
11786
84188
98012
30327
89565
67215
48332
97432
81044
61487
84173
54946
48087
79513
24201
42963
60085
11691
92090
7765
4205
85718
13301
50352
33469
96740
59818
38552
24426
25999
59662
9644
81548
26974
37478
70084
58814
61619
99398
26035
63235
56482
66237
8607
59935
90118
58435
80131
9931
16047
96853
54862
46114
23600
42613
80907
67395
67330
78286
16141
82197
41148
60403
58250
71677
39005
36555
59270
15084
15261
88773
58849
40255
40532
1046
93820
75967
38510
14671
79685
26444
29941
99429
43868
74142
58186
98082
6147
16392
1851
10311
94753
58862
69356
33050
60085
13263
18029
8874
47019
18653
2201
1613
17390
67387
39620
84121
75177
66939
5197
50088
98317
60886
84045
