46826
77265
56714
61241
40398
49868
11820
58848
31103
33396
71746
94221
11234
9532
5401
83172
25156
93540
70449
90306
26361
33016
85392
27712
41418
361
82393
36122
92514
26022
42662
689
90321
80212
74330
19575
90608
39
63468
79224
81102
39365
83573
70897
22660
34417
30072
7806
98319
87996
91482
88443
13880
80432
80969
99883
71647
30370
22010
20500
34741
79057
75045
38649
58079
2974
96681
70503
9827
66860
80125
18714
16818
65701
95846
37409
10491
28202
76859
31924
34688
84873
14441
14892
96288
54354
96558
91377
15104
50463
99625
32555
41945
48204
35414
95914
80245
31853
37528
20261
21893
43329
9090
84314
21540
17844
8315
45104
42689
59144
10872
28773
81758
58810
81825
79571
851
4083
21558
24059
55815
58941
87753
10074
7996
96430
42669
9982
76071
81855
85827
54217
89957
63994
5578
49742
86986
30826
77384
52665
11811
10111
34362
7610
1176
72533
23274
54829
88779
62556
47486
66657
73947
92483
4142
26719
51036
36357
42008
15969
85775
65670
89179
78313
55342
6635
25058
42640
36801
1397
84075
98852
47042
17549
46497
44797
89046
54496
95223
63528
87840
82011
19656
60674
15849
68840
62288
41594
52814
10587
34728
57015
16455
60054
95188
63684
5603
67696
38946
48529
7972
81276
54928
47865
50497
77362
86309
49027
71618
46497
53568
90292
85822
58560
82495
53503
205
55460
80227
32709
21266
20273
21360
94322
19695
16764
47014
43044
15630
98599
98468
3104
74923
86084
63147
84363
37131
36516
16743
4675
82885
5429
53852
60352
99859
72843
25069
19410
15052
81010
85280
46058
68705
90776
24423
73069
30138
24169
93111
62318
50813
93232
93076
76238
90935
86437
94487
88558
44681
31532
38616
5485
93293
25058
35827
33156
46966
29133
24969
43070
65213
94762
17275
38879
15937
43269
8192
92818
43657
15638
25134
14578
5514
76121
20052
17166
6419
89761
68737
24955
4614
58729
36243
19191
33412
45553
83200
90116
21993
27033
35992
95171
79318
58995
1675
61594
70619
57314
43371
12758
20536
44938
59477
4077
21754
14723
50065
14862
80111
76844
80940
9898
51113
25766
42527
28451
66443
80292
31147
68218
7287
80163
55582
38561
70992
21004
4968
4799
60325
53761
37301
1747
74677
62012
4449
84495
68175
84940
36929
51159
7333
53280
44984
28026
28027
39955
3543
46055
28856
66127
59927
55922
45750
93474
65446
22611
13161
4349
92248
67779
30873
62535
94572
20021
87594
36217
77832
78236
63453
21793
61251
15743
88244
71263
85730
14673
4485
82850
18767
7558
36520
77699
47279
88256
64389
51650
58287
92739
7028
21336
94625
5932
99599
9585
567
38610
1818
70058
28081
47910
4882
57376
85558
18702
18737
10049
2941
31894
38097
80677
1142
5371
82306
75023
68613
46225
78860
51522
9302
44332
59769
13217
41209
88947
80676
74241
31072
13448
19327
27956
52126
58286
86173
59979
44032
33027
67499
14735
43858
956
76857
87951
50164
89689
51082
2338
8408
20063
91486
60730
62662
28989
2909
4467
88172
57969
55969
41753
25674
95997
64365
50069
83379
1366
72516
41788
14124
85519
68451
27917
92979
48462
72529
57894
88148
61917
99355
9983
81615
63223
56637
61970
2265
74682
31985
57508
557
67275
50255
7221
67664
994
6583
47228
43401
25926
34921
5868
35841
72346
78541
87871
98574
68828
52073
62913
44980
59775
13284
57062
7472
89533
29584
99439
16502
47825
75944
48555
39148
40021
16700
76124
82802
8228
96533
71328
76786
8334
80123
88712
27247
26015
22968
14373
64765
68554
45307
45364
9062
14606
75957
59950
53729
93139
31954
38866
1797
11539
39852
74828
92722
29550
27981
61288
40696
56856
43011
61928
97395
55329
94249
92027
52089
27116
23939
35362
16167
20014
75479
31094
80470
23364
66224
87659
37714
42902
31369
8588
41768
71262
59711
30451
70154
46350
87365
99643
41398
59834
94309
95193
50082
3861
97091
61213
79171
86016
25610
14082
72609
99254
10194
31405
7867
26973
30870
25881
76802
69178
37294
80692
48169
58888
4209
40865
7479
98817
57489
94355
77622
43145
12540
56054
66623
95386
952
7381
53312
92842
44196
82870
45435
2759
73746
13148
78832
91422
73739
89728
14757
19927
15291
97118
6492
21625
50821
24865
6054
55514
2690
18260
414
60184
77674
25359
99251
57030
68904
29793
24897
36473
92339
93316
5381
40950
24909
41856
59590
90423
85606
31901
39461
5491
99037
58422
70458
46819
71665
30491
54189
20032
74812
17415
90547
77366
54922
53970
39037
78070
77216
27372
30674
33418
42013
99593
1269
30734
36511
29859
24767
54839
55127
85090
63049
29345
88302
48090
32757
28389
28211
40391
40315
59017
71109
92424
10882
2949
68386
30814
86376
67716
59441
86724
23719
33501
39683
36025
51053
26948
13773
90464
73442
6640
99976
35502
66507
46326
85348
