42001
97521
87659
30239
11159
52727
51849
95781
43342
27397
46760
74157
21164
4528
5062
86398
40010
33099
78537
35305
51325
96803
20191
38315
49397
94021
54187
98613
29576
74529
73406
86885
19836
83447
50534
7945
35820
5485
84183
15072
11231
64404
5900
60641
65037
44540
64196
12228
20857
38222
72276
1331
78852
21790
25773
54951
29316
10213
51841
72683
51241
89089
68161
44662
21602
63284
81366
72878
22796
20673
38128
96861
83886
25474
30700
65229
68476
40956
26053
70462
24970
55401
2995
50946
20558
13660
86137
62063
59556
24303
52314
23161
65630
480
73877
4924
62709
13020
34913
61118
78683
74109
15023
91432
38940
55128
9700
36238
32523
97103
47775
37502
79005
89862
59659
56004
34700
83658
95341
36714
34446
22522
28512
96402
71596
71594
38363
55223
6144
69417
46279
89367
47334
23518
66840
47742
74622
36588
23921
37655
50245
49164
83111
98152
91982
93210
31257
31675
54646
7375
51993
17788
53256
44125
94058
79031
38848
98413
75492
50659
94195
77317
20483
52843
6310
51383
73684
61678
90149
91945
74380
64658
69972
80446
8466
92923
9392
55866
13174
13711
46464
90194
34687
65626
49868
5844
29746
26439
54021
3957
18879
92673
96324
62598
45144
21320
19137
28405
94500
8402
6917
62836
50147
3568
66316
31850
85158
8844
37759
94243
90571
75127
13081
58820
60558
60653
61838
80608
40067
82583
32533
64026
51490
65617
98344
15882
30663
47101
812
57049
92772
60775
6537
66909
99774
52883
82170
81232
29128
35929
50809
19021
78076
77694
62113
94045
67273
20913
85210
78873
67517
15487
91136
77841
29989
20625
35672
24903
32307
72554
80486
76249
75773
80148
3180
58048
74912
113
14839
92939
76157
34528
96145
49324
71028
35953
55136
37386
35790
6672
36408
85425
90941
97806
64057
76732
90195
56044
5940
45671
70327
44984
22267
29369
90000
82914
82647
96793
45993
83382
61697
5246
74294
26937
15212
71548
61934
85876
68948
65779
6956
5366
92095
91555
8304
69615
84021
96567
44830
42286
81819
82086
66164
84192
75517
75352
188
71202
48838
94046
73287
94553
92340
5631
45861
63728
40217
17487
1347
38647
18668
44444
46080
37763
60405
97878
86960
95435
19767
19621
71134
16266
84494
40340
70796
26600
61965
20654
24932
30806
45661
10359
4669
78407
41728
601
10414
23620
77185
2964
14872
47684
98196
24294
97201
96818
70386
38327
40337
21435
57233
85881
51868
21796
20905
49381
14249
86030
50719
9174
97371
61267
87693
10688
42756
77054
97535
10708
70356
38403
27351
71392
54486
19608
39714
62257
15159
68725
23074
523
95005
1954
41579
3096
34381
35713
7253
12211
29295
42616
27162
95185
21464
38160
30345
96677
88945
54539
3795
87101
51334
43139
13753
46630
89565
75825
53053
38844
42053
58725
61173
8726
67163
73488
79858
33598
70036
56670
24866
20910
27389
17153
82078
45909
66616
73060
78480
71758
97617
94198
34009
80223
57797
67868
17250
14027
52878
86158
15106
89719
53707
22169
93414
48836
69007
57595
62005
78837
76688
51632
58591
16214
12425
31835
38800
1810
20108
42983
3298
43546
56767
58922
72084
78083
98495
47872
62192
32058
83225
20249
12521
44421
55513
75985
32405
21692
70744
56199
5239
54792
63297
1987
96819
85710
76164
39997
12528
62207
86072
60523
71027
15338
84603
72969
51343
97772
97913
69905
61276
31070
82970
32258
47469
93324
43003
27724
40016
37506
45245
12544
27544
24855
23320
32313
76267
79793
31295
69726
51747
84633
79189
86481
32296
84691
47418
26093
38005
35379
6872
99081
6245
69190
46566
9068
5559
42360
27201
56237
47587
66139
67874
28105
54721
73343
44220
90090
93322
7762
65680
51493
19421
7480
26912
4454
68582
23323
84082
19811
55635
26728
5339
35388
56541
61972
24625
64988
20829
75070
63280
11772
52019
55833
49566
25129
33669
67862
28298
94992
69468
6351
42517
65294
58712
49458
14251
9787
99446
26933
59170
42599
47781
38144
76038
20940
25164
23016
18460
49195
88280
80917
24272
29138
11407
12170
48193
56143
65031
33612
200
64636
97350
8504
32351
9759
21899
46254
