11448
11658
30084
10736
41625
78394
30750
10139
6622
283
64212
76389
23744
55739
69123
20959
54996
85793
71358
71030
64349
87386
49056
64335
39487
42232
67996
80020
53094
23351
60619
84734
81417
37016
9828
75598
42064
52057
99694
319
63777
62724
62950
62640
61477
11993
63068
57681
14203
4808
6550
92643
91582
74950
44463
73554
81357
24977
74292
93539
51395
74714
80766
95137
16826
93471
16004
72097
3220
19736
95056
58807
40623
38345
43315
78061
28267
79113
3545
79299
35611
99734
76363
84764
74895
15478
43330
34095
21237
29424
13286
93088
75914
40829
96143
27030
85639
94195
90236
49911
30547
82
90264
9610
18224
92138
6519
71943
11535
70577
54942
76652
42042
85504
22153
20570
17926
82946
34290
90405
89372
21389
73533
31079
32885
78053
94099
74195
59266
56627
93755
94819
71689
35375
24889
1286
13814
71464
49924
45905
99095
30791
93563
67745
48274
23815
56584
74878
28055
4906
53078
49278
99356
15272
74852
1297
12394
6067
74886
67433
8760
26017
66018
37978
71840
73605
31495
30368
77977
9981
45836
38224
6904
42891
56841
2758
67523
27453
97041
18699
70508
95280
9582
54592
6719
22794
83994
33668
50274
36581
98712
90892
71817
97436
46632
13919
34574
72377
3919
66973
81610
68724
3612
5505
31248
76673
9289
17288
48535
2820
881
11387
74680
9922
65637
24715
78418
32689
83174
53595
49245
37946
41424
89397
43116
26707
50548
32838
468
75542
87454
88195
47244
857
19312
78723
52340
53438
97532
67644
57369
68998
13269
13113
87773
47199
50837
97926
80563
71843
30604
47515
55051
18615
60326
69382
73574
14410
94476
12139
25090
80845
14262
92637
90482
82957
10470
77015
47460
32104
56644
87012
68355
5351
39278
26382
89584
94405
3948
57969
62593
75338
70021
97469
98556
77125
1939
92466
28992
65856
10282
19534
97522
89754
42905
86707
33366
73639
11152
37185
59483
94410
91446
84673
52293
54487
41350
51690
33841
45226
96112
91696
90470
81188
87372
18443
71870
73065
57445
48578
28634
36432
95607
12722
23860
9199
14196
84942
73790
41526
6159
11939
65566
38211
89354
21225
17896
75719
70241
9471
74321
76734
28665
69504
10583
77991
47512
4550
84193
92546
75271
46250
2156
43793
5440
32961
68403
5456
10434
69682
9868
54618
39486
23173
60328
5497
94159
81854
73104
26387
77945
82340
39158
9687
11255
68344
13144
15892
90837
46858
17095
7187
93946
91899
2834
40657
8294
3812
82287
48935
33515
74916
75248
51299
52910
25692
93456
60540
68232
36536
45591
19997
80631
29078
7801
21754
6426
6854
97663
65105
90296
62306
37901
86628
3645
74589
77901
33146
73929
81254
93540
72115
94702
94736
79631
11533
44123
57218
30661
4595
32240
40104
9767
55185
61094
72303
53382
62033
58520
19797
30753
46232
93135
74229
29294
32502
54033
1984
53765
96338
91287
5620
59957
67724
93638
25714
61498
69720
39673
63506
10973
16589
5455
89143
68514
83350
13473
33109
57124
56632
82492
96569
75953
2299
46381
4332
15082
75397
48432
80899
22347
77503
44849
53248
6983
70549
82531
58452
71388
75566
92555
15644
34325
90339
84291
25164
28719
70048
58793
6628
8400
79833
10549
125
15461
58907
14105
63741
58060
92900
22127
89881
75063
42020
4744
29838
68284
13818
37184
38499
41598
13574
43668
3327
24908
14733
15383
40177
33572
27039
36401
72377
93360
56728
92228
20369
34226
20084
44539
48737
98792
49226
12480
50428
13147
56325
28202
79514
49542
36013
58997
29089
85851
53820
25265
13895
39205
99012
36495
63069
59416
76133
22508
89288
7136
34832
4739
48771
73567
2769
47388
28900
18553
16031
27157
15297
88955
23514
96721
34928
28736
60732
95860
72826
54007
60734
26961
17148
5116
82224
97242
82853
65127
58495
89088
45889
40732
71099
28467
38914
2615
52637
43235
32275
34754
90375
74247
35711
86832
38046
26085
3365
64504
77396
49130
4907
70516
