28783
47726
14912
26087
43592
29272
62070
73214
68679
55046
23837
24556
13368
74611
49890
76833
97136
5482
33439
89825
44126
6272
9516
38756
51267
25147
45948
30838
85140
2172
8452
53054
60340
10586
28741
43760
53946
38567
81527
81803
21176
4072
45125
1931
67235
79693
49535
3656
57693
9682
24143
60685
96988
18868
18545
77844
77587
67685
49439
5679
56262
72846
82319
92025
16863
14992
71067
88715
90665
50406
41773
64664
71136
51048
38423
50392
11980
44204
16588
86931
99737
24033
20890
93595
91030
88405
80189
84110
98076
11483
87925
2115
61777
55355
16127
36495
56982
62478
41872
30301
56206
22577
48234
51650
59957
62902
53205
97277
87153
31823
38918
79318
62422
2073
41163
13510
56087
25598
13595
95399
8833
61496
39638
74185
94451
89194
25712
35824
73159
51974
7611
21327
42875
80299
41323
4582
16771
73260
39643
58403
46280
6941
68053
37512
49171
89682
35057
94094
86191
69454
77021
56481
40339
63222
37483
62695
84924
66078
44002
20585
72975
49539
76091
26767
61380
85251
68191
42359
12087
43614
98151
66870
41061
96023
6861
17687
54931
4635
12457
62808
88501
89292
79660
3437
70338
38488
54618
44279
76916
93029
82841
60814
72459
83228
63141
79064
88269
95832
273
94436
40303
53051
4290
2716
61228
20839
41374
62355
71508
92134
39967
898
94999
1583
8906
91524
84037
55724
21377
79124
92963
70001
71181
96092
62319
56886
53400
67245
42874
65033
76869
96405
19689
10761
59751
97880
20649
39303
49559
16709
27536
91774
2154
17172
5961
92581
61709
4252
64556
56828
87310
63753
68540
17557
69422
43067
4036
42793
3834
45988
94105
70686
88657
14642
91232
82089
19495
48448
47984
46675
42529
68577
34374
17656
38643
59291
67246
68501
59213
55375
54530
59456
48826
97939
4619
40871
4251
50412
41737
57370
91236
51588
14515
50391
98753
79575
65792
38881
56721
73531
91969
72790
40454
90065
69926
10731
51157
67332
11028
43940
83744
41570
51970
39693
96943
73209
76859
27406
11076
49480
81588
1643
13042
199
55842
1488
10364
93065
92494
99360
86924
90150
92465
8487
36850
24339
56189
47358
16683
86012
61148
76785
78252
35710
66292
30275
15477
21960
70166
40906
85241
92347
25027
20587
718
77306
48079
33215
27789
39357
50763
53554
53706
16868
89716
1789
79408
61068
39051
10812
13726
96249
97625
31908
59777
35910
19652
86901
1196
6389
88550
17783
77836
53923
52248
5302
20810
54421
20637
35041
18518
22284
26013
93092
42560
90327
79945
99826
24877
6831
12776
26066
82882
57848
17252
55553
52920
1313
75114
92850
85463
26790
45940
91778
69105
4565
29449
31672
5932
3027
88908
33502
56694
20253
83662
57146
30088
76359
20209
51217
82784
97044
69922
45869
5428
37102
56331
28906
15693
49905
24855
34870
42628
23039
9790
35908
87798
75488
85296
16893
12784
66313
87431
2977
44157
31340
13954
22019
59293
12721
8278
30618
79562
58393
87497
15681
45034
60176
54351
58125
75067
15169
48990
46103
33471
29356
83013
50414
86449
93294
37758
82198
53914
98537
50530
30041
82371
58988
89040
43438
47700
72886
50737
8356
45012
88162
89746
16980
83157
70415
30610
46134
49566
25720
64774
16062
56384
18915
884
58221
96805
52172
28025
3863
30187
47673
9637
63288
51534
14377
28994
86028
22624
41131
76506
90755
66417
34794
71403
24264
95156
37090
51298
41394
94147
71344
48601
7793
81887
28846
6338
31828
15420
61197
4445
7112
40909
39557
17209
28205
35963
18453
41642
56533
25895
16564
81933
8580
10941
85596
61145
34845
33012
24591
89561
97036
22677
33384
73581
31115
33356
96465
32398
92783
46066
3132
49593
79242
77060
6591
76635
54960
82128
85529
45757
16507
31551
67201
14290
78261
83929
42076
59428
77543
21178
41131
76554
93135
75610
32560
21281
59916
82128
78166
95008
43021
33507
39783
17488
18683
8000
60019
349
78788
54257
68935
51111
96429
33666
15219
78829
42471
96951
7359
79239
33795
78855
65974
82897
98117
1040
87825
20239
48950
78342
53158
96498
90592
30906
28855
47843
74500
86330
93178
95931
54891
21683
17297
15
56173
68576
22285
44389
30662
28296
54971
64142
94100
80934
13300
32808
91519
7407
95549
40789
27410
75494
84400
66752
67421
7066
65681
61260
65429
27363
76414
44691
7748
30300
39360
13795
58900
98973
85033
97046
99080
76747
37497
92306
27396
39459
75709
92523
75688
39785
41267
56793
88093
30848
53772
20586
85211
95719
89453
80385
89680
6040
17742
79459
24088
42487
65298
22424
72284
46059
88784
50970
29877
39981
44487
63963
86074
89750
85744
47854
67655
38939
32528
81186
50310
34402
78427
81230
91470
89249
53559
40452
55405
67985
88125
64913
60897
72169
11561
99233
45367
57950
39093
13478
26268
77725
77904
86742
31547
90940
83778
8877
5310
51562
77325
65393
27605
41094
42036
72191
78597
40035
43722
19050
77504
64337
82341
64238
9375
72952
66826
12480
48710
40603
955
54499
37104
88003
9719
48191
23528
20758
75115
13370
17002
50627
64182
67304
45778
69665
16395
50638
51115
60527
54460
73931
15137
12698
16476
12174
17041
7217
608
24687
6864
70494
53542
49307
70764
96637
28025
4019
47790
84220
36775
65356
8821
50566
38402
4023
23013
72824
12889
26963
54401
98683
12434
80139
48348
67062
81460
49365
60922
91980
64288
46516
67769
58949
19326
10214
69115
76582
72188
29928
85455
87588
49071
17712
88534
40098
11880
72608
78648
97509
73714
73802
57392
