17598
59908
43348
36951
25871
13016
51577
33595
17649
21638
56204
92120
3161
35736
93645
32812
64053
99631
45673
10211
14166
89233
93904
84949
86511
40827
62935
12194
52256
41684
58847
6082
20240
77092
35612
7652
18910
8468
20556
82479
73820
52656
68106
13245
9435
73890
29164
43953
90033
40898
48174
31600
82340
43232
88263
79389
41601
71770
6044
82264
63830
58805
8309
45125
59
3393
38898
40423
65736
82656
56611
39703
72985
18444
85174
74151
10930
7936
79663
45153
66749
14855
59822
93656
29378
40831
31780
10655
85595
49299
52404
24357
57617
46345
2303
20651
71637
