32492
78207
87193
155
8335
95808
90439
60314
60881
88514
8582
42175
13444
55304
69928
47227
25016
30508
42459
90847
12323
15319
66032
66764
63385
81746
67343
1911
24285
46430
26557
38337
10454
5720
47879
80338
199
50047
10910
60186
8504
31629
81978
55089
58712
41404
61869
91914
48458
9445
50167
33689
95990
42143
77048
97305
45718
59676
43759
37172
26779
68200
2837
94436
30745
19103
59072
99179
45877
27881
90491
32762
14735
45167
7228
89628
20116
82125
21558
21645
76408
54699
94187
51382
59089
83165
12902
47043
23310
71463
45875
1405
24459
71079
93071
155
12093
47098
56553
58242
42431
10817
94706
65126
43650
1361
89276
19026
71480
28579
9389
99910
31143
11218
43885
57722
98403
1323
35028
4472
69011
24935
78903
84832
31746
47326
92912
11614
3881
37759
3822
45437
38282
84306
79026
54185
62081
63797
11125
78050
42525
5938
97997
81583
24042
63260
71190
56324
1222
42449
26875
77280
3774
32982
13647
71369
54696
40546
30843
66893
32754
86090
66468
93627
