55599
32169
50575
81350
2262
27541
79889
46652
50814
10202
59076
57500
65475
98745
51273
14214
98595
21647
7098
6441
51578
39604
12362
75406
7773
50803
20025
56593
25972
96595
21257
52525
53564
25404
58634
37075
97712
93446
97179
27363
84406
57927
56345
57951
47987
93024
96159
87735
14590
11959
93051
52803
36212
93888
17071
16326
86345
53139
81409
92395
36195
20408
92143
99556
74785
67563
90561
12368
66395
66101
18278
86461
8493
45473
37301
2454
52539
93174
20557
93377
40189
33067
38413
91626
10102
83518
48283
64198
49889
67542
35471
50845
24002
88561
95782
54905
61326
78064
83863
31481
94833
8778
41129
32520
48384
64506
21052
19526
73639
4410
17380
5495
67320
12468
51333
23355
12532
27496
13759
46801
68023
19463
7820
33269
44470
92178
86458
59286
88478
93279
93888
25256
65393
22828
63582
96110
58015
30750
9242
32392
7913
2904
21261
31021
64426
71227
73593
39189
36453
46241
42400
2383
60682
45414
50615
57276
2797
7874
36126
48941
26628
32595
14006
95380
97842
70717
2069
85624
29289
51797
23206
24342
7737
47307
62260
76836
39109
95258
47024
13940
87929
71974
28611
61779
89612
57027
20990
68610
84677
26230
44587
47071
2945
99042
40243
45417
98223
75334
98854
84899
52678
33879
89622
30895
38184
45325
64277
76625
98080
80857
25723
12131
90683
50870
48459
35269
45945
77891
66234
54367
10984
16308
91967
30236
69501
63927
89160
55263
70061
85754
23563
9380
58468
40775
85157
81107
28376
2296
96909
88208
56039
18585
60342
30401
29806
34193
72620
92107
98604
79954
35094
10853
13660
75794
21721
51562
72290
47133
46702
91466
12871
15744
14793
26362
52345
31111
70617
23784
22332
23997
17506
16816
16425
60238
97423
40992
32229
53613
48430
38204
70561
74909
62515
54691
62728
37462
7611
28627
28169
33381
24301
16585
40005
51773
16763
38160
34344
99333
27702
78892
94580
53348
86430
75124
66289
81232
20774
45649
93250
1734
55602
82555
51393
41731
54218
23186
73442
5776
78203
16674
31531
28823
12251
4350
16147
84185
49527
80039
65714
21376
61850
89064
49054
30338
78798
19393
29417
98972
60077
75654
75948
24934
55884
19041
20933
11422
71189
30752
40962
28740
25164
20160
20321
28812
26845
74152
26065
62559
93675
36913
78756
16233
29995
14356
84840
56485
9746
6094
23282
1388
31167
5620
59181
32327
13148
73487
64265
70864
77553
88013
92702
88526
399
14977
19847
57253
15425
39821
46220
93743
86001
72502
3090
43125
78797
98079
59945
56754
34711
77530
96813
89515
32054
19421
97895
66816
36815
30439
76906
15284
80749
10582
52772
19603
68644
67603
63230
66877
63793
32153
82845
31461
50918
56910
52016
15637
10946
62877
44187
35160
19604
87956
23939
43801
40211
13672
92052
60730
62264
46870
18160
5041
23594
34841
66103
55426
17416
13595
82460
63718
70339
45105
56665
33018
19736
94451
90937
32332
84691
60408
52515
91721
2867
93936
27536
90903
48847
42740
12337
42309
69656
63484
39025
83210
62520
41621
5554
48018
18087
87442
95438
76753
46258
33484
47878
62749
82177
2644
40604
19095
19629
3558
1410
4345
29896
58836
25513
80395
51097
59769
1951
92565
95086
53810
55802
39323
92726
93570
80782
61703
7044
86305
85365
77481
75005
64070
95199
62320
74130
57455
16888
40845
57810
87749
45101
94436
36603
75140
29655
98803
22153
18832
3383
63004
68097
62801
58535
72781
97680
59348
37593
2239
31721
16790
80801
82798
47341
32539
61921
78760
79230
77654
81597
59751
99980
12237
68212
5388
58161
74288
13842
41560
72400
84068
86188
21120
52256
40252
583
5868
33132
33962
87978
3192
54554
65157
65227
39947
72565
69095
44866
35113
27270
20666
21165
17229
64587
82715
37444
7771
5502
79310
12986
59009
39823
85489
58286
84584
57808
56153
27050
15747
66022
93803
91422
79686
45292
99245
48164
65117
84203
55698
90926
48160
98000
29284
60016
53259
89610
25911
79361
84091
75213
56802
50446
16494
8377
88250
75167
94559
6490
89505
53970
42821
76590
12387
84713
23633
183
88087
30681
41082
54750
59767
67676
96515
70455
3825
95134
63776
51419
69769
66313
87227
82998
98421
6435
62008
29080
36132
62241
46573
28602
8505
53568
82398
16806
55032
87972
4466
57972
6258
77274
94356
90014
20078
38008
82674
50266
95362
91401
21774
51241
85573
81387
26751
95966
44240
24897
40435
76767
80729
74080
27725
62051
55842
907
50262
27148
60653
68030
40151
99439
20700
4693
82639
68486
15493
89731
51434
19156
57393
77500
7044
86271
6595
52816
56943
19893
31777
55323
87125
68551
4239
53436
72379
31499
92986
59204
5921
22080
95785
11771
28047
81896
81586
71507
74176
39665
40048
68136
20434
28950
52355
96831
78051
61998
71957
44037
3108
48929
33714
18193
71740
90683
58375
80046
85214
45557
48393
26196
65449
74364
93635
68984
70380
37859
76598
40354
19623
99578
50897
5353
66650
53489
68077
31508
50809
23930
91731
68912
73341
98934
20369
32002
37045
1505
368
86343
21024
42401
17074
57110
16603
36912
61380
89193
10618
65200
88296
45195
65996
58538
17332
89693
18204
49334
33016
78787
22972
86089
45517
80121
56466
91562
32088
84427
13355
52917
44734
22672
44172
74334
86049
80504
82725
16632
31200
67159
3402
85273
39059
49834
32612
89147
45782
29622
53699
94134
61506
96888
44577
92145
33507
38323
85693
98294
69753
98930
64464
