80425
66056
70000
45382
8077
60495
8454
92757
12076
69707
23265
12124
68211
81794
58576
48680
37830
95064
88558
39844
41179
74528
59706
43138
8280
62255
94764
41787
88925
20685
43753
28627
29195
77987
84161
45618
85792
57322
84315
37324
90105
37569
4824
74378
34135
85753
95250
18817
53973
90465
86569
8664
25659
37638
70441
62778
83874
22093
10814
51963
10956
31864
21262
40838
39119
51421
12586
35858
55065
49598
74529
75938
52511
33719
2627
54013
63140
59458
86110
4497
81696
12504
47541
6286
48176
65222
55523
48136
3361
94164
68371
70737
40982
71693
11040
45379
69104
89157
18390
69234
77960
31061
36373
97951
4178
17700
79880
3203
47310
22494
44267
79913
50132
36790
11422
62112
86381
65471
32182
75001
93194
62681
49400
46804
10798
78708
95393
23160
43637
79298
22919
98057
86773
37708
39541
51263
55781
87072
74188
31424
26317
7496
82509
78696
2752
65198
49797
10813
43415
58539
35291
29453
5736
13790
73997
24429
76255
76954
26979
19907
78684
96311
48268
17046
91772
55950
31225
87703
68066
57215
91115
17844
7425
89259
30364
10623
35238
33114
32783
71892
45822
4986
96668
46443
40799
93213
77228
32028
78067
34791
13637
96467
74514
23926
9424
91226
76652
42414
33547
13406
6451
24370
83508
68910
36477
55950
19301
89882
3356
3737
20226
33525
34953
38861
22289
5995
69824
2270
57079
1279
97023
6741
578
18255
7054
59063
37345
33801
72152
14790
78382
20472
66003
78389
34405
27352
2864
33700
86413
1218
85703
59528
58649
77535
91022
62485
55560
74521
30236
66125
31678
96584
39460
87553
48656
33220
15028
77929
7728
80710
56825
33022
91348
38903
28512
89311
98361
93173
1342
68106
29122
46993
94847
46822
15569
70638
75607
93140
52289
346
15546
76314
75690
74586
24041
55858
75904
80371
55794
4471
57174
87187
1411
22370
74578
93455
42632
96620
35998
8222
95284
80117
86294
97446
23647
35612
15751
21059
33296
85850
36737
30888
29720
89429
81239
36175
83490
69285
43796
61795
57652
28963
69869
47652
63407
49924
52125
45327
85903
28686
11143
77037
14876
18259
79661
21968
12357
85211
534
77268
6579
80566
30829
30913
44828
1093
85286
55713
44654
76945
71423
74832
67299
66288
66658
84261
32978
40837
35863
31701
80775
37403
23893
62577
3966
68216
65207
1473
65765
76803
81557
77461
46068
49218
83552
10058
46631
99919
74011
67774
41239
86556
97938
91793
10974
40448
85252
76406
17574
70996
88659
43918
8325
23794
313
64301
64821
17061
36002
76783
53152
7176
15582
85169
84226
41746
2784
89647
49595
25696
72217
4223
77953
8003
1959
37665
18829
52044
75114
97184
17934
5456
516
84998
6804
53171
16842
58093
45390
48130
89754
39014
99273
21960
78659
72561
92576
73604
30757
13200
48833
13408
52609
68478
65895
58063
31260
67752
64927
94550
53911
55093
23728
91581
53082
27883
12281
12886
73317
2323
50879
3374
20554
48814
90332
67485
76293
21527
286
20880
28357
86324
95480
83413
82534
355
77321
88703
88821
64542
29392
86032
97531
49841
48362
93573
21814
27478
21309
34810
37265
2388
34630
19666
14182
50642
13870
9434
51296
5876
62509
58831
48437
56795
23201
35674
50368
16808
85592
90420
41008
3275
49215
25310
84764
85188
823
39889
4882
63433
82652
81663
68076
18615
55457
39723
11500
88166
59977
97633
58636
59104
23968
20183
13837
54031
66931
69705
88978
5613
34611
97971
45478
22796
21252
85080
87215
69860
3525
55577
51234
72352
76821
86799
87967
13722
29933
64791
12451
71344
45831
56572
73163
12564
60015
42172
66332
10972
1447
19297
19523
18102
38574
93138
15890
57556
21874
32144
35097
61097
33645
59719
72109
4117
2680
54752
86640
2669
67387
45682
60137
91500
91467
33423
33977
34370
41609
99112
17934
9777
22530
54695
27542
93964
4208
31425
46600
87677
33699
70513
69051
97931
65920
88730
40051
15177
80927
96984
52433
7415
19822
42481
59883
26802
48638
41567
93587
67794
81239
43223
33266
91879
58241
18691
30398
92642
87547
54066
54360
93547
86570
29620
18086
70890
6167
47056
47094
84055
71096
68090
51186
58677
58599
50552
5943
94951
84857
38334
66959
45003
44619
94636
86450
18680
46343
65862
14940
95455
54130
42776
19510
96530
32792
24177
34411
24467
2661
37901
92441
96764
62661
17351
19373
94917
21288
86365
85556
91115
21726
50169
69498
20829
63174
38995
67245
49683
2906
53498
22017
27186
5253
88568
10181
8521
22122
96368
8953
67389
69510
13777
56342
5925
90003
33324
57000
77354
49088
96989
43503
33734
45594
78878
52564
23477
78612
82960
58283
28207
64813
79897
78421
86786
59211
22021
93094
71816
65425
57078
88154
55535
54375
60849
54492
24915
46423
9667
82011
18286
28406
9357
59202
74745
1839
15300
41376
89929
92290
65243
10245
93155
10105
44472
17191
20688
575
71894
77200
53134
93965
20686
57931
22484
83799
68566
45287
12079
11816
88644
97684
26974
42466
12268
81648
5211
85235
90623
49473
64853
49765
81862
4157
66112
15745
16391
86380
46951
87470
61687
35250
28843
48174
29832
81107
27550
25060
80546
615
49095
18391
97136
10172
64036
24092
13149
93680
31757
32594
94894
27484
7399
63634
71371
99708
27518
92614
9664
30413
42265
24759
12497
37912
64413
55504
31768
11890
33541
16491
60869
88107
73059
58932
42977
97764
69628
94559
7756
59164
35350
6546
25051
18087
91828
96061
42414
27926
42967
30709
21845
50077
12420
49034
95312
48624
93445
72166
58901
20914
3834
38807
8181
2801
77161
701
96179
18651
61119
93998
67253
83520
78009
57871
14462
66608
38716
79732
4158
84642
31459
11991
40566
73387
73343
39815
47467
63085
33604
71002
99369
38007
74534
50966
65826
95264
43848
33687
59171
62081
58490
15351
2078
31871
36475
21770
80629
85880
32366
55937
3563
84983
64849
83529
24943
14073
26584
93510
77216
28973
43306
30267
81832
3766
318
56064
32232
13903
62935
19363
27715
597
36502
