34971
34759
76678
80899
22280
59431
22203
54722
78464
9394
82652
88103
97369
30674
32785
605
71121
96477
29865
22713
23949
4611
99762
38471
59771
42264
4247
91419
23043
80013
32404
5427
22065
32778
84403
11194
44211
38571
48049
39847
90857
84332
13365
33120
41767
61899
1053
99806
87002
96906
46489
20165
15536
17542
21195
11654
72277
20018
38473
5057
98831
90008
16269
33940
9238
60782
23999
38647
26689
57523
65975
8282
93548
9145
2984
63882
30654
86373
22412
66108
40875
73297
63625
16328
22968
10525
87635
37416
27036
83715
46832
82771
78175
49907
65232
25165
34924
53206
2690
24454
86269
70676
7521
4073
61654
83436
54554
57040
47386
1666
6511
36192
62294
45142
76674
22363
51164
87227
77868
88554
82710
62711
53434
30281
29198
18636
17737
10782
6304
56907
2118
96472
49215
38960
86667
60869
86656
85953
69706
9241
22716
74595
72487
46239
17609
43287
5261
25255
57114
82158
84273
35998
96833
15722
45448
29295
48177
84762
52765
92385
69283
846
21874
22324
94637
3097
65326
96668
44017
77240
31121
41551
27461
22613
55665
33462
82511
13184
76634
42292
75064
62754
74655
79459
24212
20784
3859
69098
90008
5612
32087
77034
62762
8128
3818
70742
15323
35988
30435
17116
71815
60571
90497
37292
46588
85413
84258
82127
60906
14721
6603
72373
28194
46796
71193
7640
7653
22107
41656
85333
41056
9234
97486
85832
29483
2016
95939
89765
25540
39375
63606
87253
14128
46862
87943
13553
84443
84623
18421
3002
65571
23003
9209
75969
71022
35798
39753
4956
98324
77784
71910
46061
23384
5837
12127
23944
14995
26316
79730
86437
91013
12085
7037
82605
96518
31399
14889
44897
64083
16449
48744
12146
42549
99970
38938
13813
61180
22423
56072
78686
27918
3085
55823
87924
96270
63588
91499
66885
99541
28781
6034
26269
92099
60205
31475
88381
71248
24217
11020
8249
47341
34296
5306
87716
92050
37174
59830
25970
72995
82213
234
39956
19076
9102
78741
49043
43062
24217
15198
36275
65023
7601
49736
90026
9168
83048
36180
58509
24752
98614
52634
98008
62245
16035
5394
59105
48678
11288
10960
4225
19651
67648
18238
17297
9223
10379
38236
24166
45044
36145
76289
39309
56363
60290
71128
6661
63539
65606
5021
87826
48040
84329
64007
24290
39000
55517
38088
24215
76607
97137
24057
12070
67936
58485
22757
65355
89745
898
99310
52598
96321
16013
32229
58444
33552
97811
49421
98849
4122
90629
58031
99206
67
26109
11954
5192
62209
13106
70966
85174
68086
82301
89375
71675
3819
95277
59983
7551
6868
35853
65072
36033
95612
95667
21877
87725
50700
92294
37557
6254
10769
91463
60469
78179
8237
42674
2751
46088
73980
49300
57389
773
2645
60615
21758
75759
34351
27407
17297
8866
12256
82636
9719
50858
51607
31052
83080
80448
38294
83434
21275
71519
89119
67173
33495
43628
33289
80253
76286
1638
38680
80754
96314
91398
69184
30458
93369
98366
84195
12126
9122
21886
36517
33974
85119
48001
23695
40924
99002
68580
93518
96109
45821
94879
76153
55488
56559
64495
25749
59794
20624
19693
77357
88483
92446
82894
49173
29483
9939
51640
89032
17068
59651
15988
10515
28881
98616
77561
32707
89637
70843
15769
22216
81078
27525
2083
7630
35418
56851
59770
26012
79187
52526
81912
42120
85552
21987
27367
41721
88074
7480
28056
22126
62519
32108
21373
9748
28852
8862
50546
94023
86196
48703
28662
15972
31575
64268
18203
36478
69046
21482
44266
62624
83159
4632
53282
79285
5536
43913
20022
9237
56586
6590
58635
44354
41007
81956
87666
54172
38343
14123
68418
71538
5848
88306
5323
68603
70112
36627
67200
88847
96297
8781
87039
20031
53644
60315
80392
12217
32651
56954
2167
20554
52156
56967
10955
19898
13137
95863
8931
3590
45887
9344
38799
73324
22559
39611
16819
70803
45329
16517
4512
39164
16350
308
86599
18197
40741
19897
3817
60663
34114
43015
26660
72747
18069
81220
16399
7309
42546
49786
31794
48049
42398
72175
11664
33309
15239
22461
98445
10951
50433
96887
18580
76228
14868
86047
46036
3457
6353
81886
13520
29042
5485
86734
96394
38567
84348
88022
41335
1580
54438
14823
22113
42535
67960
66978
71842
7342
4053
20472
64560
22818
782
52269
60587
57627
11383
18565
23443
2156
40865
97157
61011
87389
97236
97806
70291
46579
29832
70875
55047
46663
41362
60731
81856
12260
49403
98055
46543
33477
28185
89587
32180
36853
64860
66780
42792
86014
81830
78544
40875
64550
56993
51821
35581
89863
78848
60353
27828
2048
34051
80849
