26976
80733
39976
62749
83304
44087
47771
64715
38112
33682
75838
60866
48580
54613
49813
76352
10105
38152
426
69392
40595
62349
67656
64607
10703
88841
93419
44557
55078
64048
28307
41810
78912
35515
81398
18836
67361
92346
12680
6572
57764
10856
54485
3201
10202
62380
92755
82042
40828
85602
58784
60830
38331
6041
33782
66155
37197
45933
71751
79278
90226
79297
6765
4059
17385
83837
7962
19501
55693
10294
6403
25286
78031
32105
70034
21858
57940
63999
97470
21758
73513
96162
44241
30575
57947
92868
85535
43433
60720
88216
4305
62522
76490
19554
45289
50291
18759
80509
65222
56458
66903
98201
2852
34054
36359
62815
96028
86963
41180
97603
59413
18748
598
66625
30234
38724
17881
22349
5347
69454
72545
30018
9654
61211
47900
39936
80108
23345
54388
69720
48136
95317
47009
54978
86672
49709
37857
39766
36677
16537
37920
1553
5318
79391
84019
67121
60211
28382
2424
51907
76018
88233
82793
58484
5106
21334
48621
53122
2633
55842
1299
40305
82976
39024
59668
10005
56373
31823
37444
10750
81941
38254
21092
83498
97587
95374
2082
92726
95395
55393
68864
64257
27623
46645
48284
86257
75993
65582
95005
2025
38573
79107
8097
83896
99786
40318
6963
24213
32867
85054
48154
99947
44952
83177
9214
61998
73851
76183
59599
42261
63387
6316
56536
75944
48105
75726
92717
44319
42007
92649
3163
61810
11783
31943
56967
13679
8201
39351
51972
65208
23284
22117
22152
1876
39920
19632
48450
75858
5352
55324
5154
31614
18902
83341
68094
13464
83781
63512
4840
54514
84572
47093
72207
36037
57192
749
2354
76288
29707
72651
8119
53280
54540
22512
46566
5900
59065
73327
65629
92061
12907
22477
63437
48921
91038
31701
84474
15315
98532
66495
43041
70223
3195
825
69176
6132
62988
5577
43387
91456
54866
99343
98947
38849
14587
64100
86861
24015
7194
9121
94066
19680
57054
83900
60472
23788
97316
34931
69858
60271
46221
20617
13070
72300
99377
72373
28433
58699
17154
96472
57055
361
76518
90707
59597
17368
94299
28029
73927
56468
26516
45619
95599
74171
57783
25939
47451
93432
51729
91869
92533
55950
23351
47532
53551
9316
73997
23007
75839
83467
90252
16100
93800
48303
98551
88892
58071
73624
53271
1296
86315
43236
44588
70003
8664
22633
85131
53423
48637
16057
72474
23366
