27654
71685
66033
73780
87013
81918
47186
27740
21195
21927
28776
27564
62637
15333
4655
40769
94100
78404
87136
45608
9928
63761
6041
31265
50448
58965
98187
80531
40107
55972
88518
77114
13354
44768
87591
86413
97656
57085
5741
97650
48781
33215
28957
64796
87079
84155
42578
85581
8769
88408
30430
17246
57562
7734
93759
54406
74100
63178
95266
84481
25267
59762
90107
72881
63865
38909
25934
71697
73410
70014
87917
72058
40505
54989
76507
3989
49431
65637
32234
46770
42722
8352
83081
3334
33709
26757
89454
2579
57154
53857
41247
13895
36133
70429
61407
42891
48275
34651
57498
34884
83299
67871
80176
77846
19667
33217
63697
21574
92423
94496
36514
79721
25708
65226
23386
38604
8231
41186
99641
9631
74260
43425
26035
54419
92319
52401
85101
50918
54489
67379
6911
50461
77971
20110
84262
46749
81577
23427
26608
84729
96094
98898
25045
25993
60366
37111
14580
49291
6428
47302
84952
33409
94178
3386
18975
13201
76505
78415
70787
71884
17737
10160
62206
61844
85300
94753
63857
3616
84808
24733
72040
35886
28044
30594
77692
29739
14289
56978
6372
83
97991
76871
27359
17410
7613
50347
58686
13710
24282
98949
73645
5285
34240
53616
598
55946
60077
90824
35642
14729
57435
81780
29524
98005
14667
10975
56203
70819
9917
80292
31443
53500
44730
63002
47460
37114
53982
49978
50304
29661
95055
39641
30887
12031
870
37648
41012
76256
99630
18258
59648
79846
29549
16821
14708
98630
13496
23483
69921
21178
30015
53432
6893
54827
43253
33549
42447
90571
73481
50686
55021
6433
19701
14719
87126
74818
26547
66618
13537
18226
13603
27827
72903
34713
4384
81887
24736
35847
63474
78238
5118
28977
3984
69047
41014
9969
51265
90428
78552
87828
83830
80326
96025
39614
77025
12082
63710
36793
63211
60810
2356
99260
6268
49831
92124
78400
21646
3164
82397
8780
76184
90275
4620
58447
85511
37723
86475
39478
85985
94980
73125
78401
45118
71839
67198
54663
91853
26977
86723
5844
27500
88250
70855
17235
67960
73281
99224
96312
55006
57930
92394
7847
90542
89666
68777
91852
97391
94962
64365
54813
8429
73755
60361
52011
25288
99261
28355
49470
10340
89072
90793
5988
42303
65014
50641
93628
47485
51449
69717
217
55208
53424
69546
19258
72092
7193
90539
44433
59283
46451
74818
19987
11642
65158
77687
48106
96239
40104
10306
18137
22299
73297
61045
48321
99896
93579
34275
46572
16426
62017
82808
14520
37539
98331
95959
26740
8622
11050
24739
86364
74128
32788
62397
75113
76055
18521
73331
28621
26561
4584
51525
53654
29515
48448
45921
73315
64967
68402
96933
14
37682
10549
4711
83454
68065
37218
12063
46247
56339
68967
89645
11628
35887
30797
92436
24082
36991
88529
64924
51965
56806
6533
8360
5039
96151
58127
9357
61144
9268
67522
6397
20927
13701
64058
91581
43685
90463
56973
11672
79695
98032
64409
90512
89362
63054
19385
4244
36201
10794
8901
9858
79294
43110
28306
25937
7121
92363
93066
13601
96236
81160
7147
25532
7100
30293
26140
22384
94508
36837
7790
23974
28137
80320
96044
57525
94595
2511
15527
55084
72944
31937
58703
90983
5578
57620
92924
23143
54606
36165
16128
65224
79588
87375
63047
5722
67796
4545
89066
77038
43700
45626
