44341
17574
62257
13562
35015
79591
35897
10486
34281
44478
14694
57916
58363
72832
51273
12363
89907
20988
36343
6989
67731
13552
60859
21804
52905
52562
78055
33288
49668
52917
47162
25694
32942
47604
50445
1640
75965
467
48946
8893
65749
8229
4508
74103
16410
2144
36320
17599
89235
28594
65655
33781
45132
13543
14476
91632
13200
43954
12751
8249
45984
38798
58906
3645
63487
91549
6996
78717
50927
99934
39325
25098
12781
17756
13837
52000
32873
90124
69268
52516
14702
89893
80085
45379
68448
66290
98667
34352
32064
82284
94036
9084
79142
90438
42405
76114
12413
25351
64183
91037
7812
91684
81193
60733
1054
13915
75941
4420
84408
6047
42742
48395
50053
18933
10505
50965
50076
1769
39258
92029
71660
50510
90610
35882
53923
49357
15244
204
29061
16419
51518
40237
49659
93923
17533
76894
17917
21344
28886
76151
35581
90197
82358
49140
66326
97936
61713
84949
98076
1061
45358
13629
69127
75779
71972
96591
48611
79315
98284
97287
53306
92222
15468
67484
64150
27495
3069
79338
86714
49249
1050
56918
86231
30859
35496
62259
62989
22454
78321
3209
42145
5333
40638
81156
50577
30938
65152
69546
24718
19697
41906
99007
49581
83317
60071
82958
29230
59939
57857
70607
46435
10283
29594
76194
44833
91787
5711
83506
44788
23860
4784
13729
47978
49249
7526
91285
74074
17978
47108
29089
87705
15120
28166
68114
51764
70442
81367
86121
84736
4877
74152
39024
62828
24964
69803
34746
68856
26470
78557
63828
20980
12486
55725
35703
45890
52943
83203
48331
78986
72785
50863
37541
29120
5075
4758
75839
77195
75868
73997
31582
88640
24656
87337
15885
85484
90386
62733
26032
7606
38498
25847
6929
63518
15802
84121
81269
42798
92823
17484
51056
76822
98870
58697
83813
6030
51701
13205
28254
58884
35418
50016
87821
55886
40025
86899
64853
58057
32993
92438
60062
29356
81756
25444
36232
34080
75341
17350
98550
72862
55527
18361
91937
40718
36003
91159
61762
3032
64146
