46700
59646
32840
26747
26817
7881
51877
66521
78224
76318
34895
57953
78306
44105
60055
6613
48316
16055
34483
38943
94631
7225
27420
31469
79903
78582
81091
45002
34679
41643
67690
33013
31951
87697
68280
37262
47695
82800
71873
37736
6802
17596
38134
5220
42945
61206
54563
7119
55474
16006
19036
40567
89340
86817
90145
14030
2542
38114
62043
29319
47872
59063
43251
92218
51927
12180
4536
47075
65870
49703
31473
46612
93535
85297
32861
89336
27850
71294
7972
86587
16470
1635
90478
13207
72012
73504
49214
17037
36166
34800
61771
51643
43128
32568
54758
97433
4213
18569
80411
26255
65324
73871
13901
25616
20882
50419
65040
95763
26403
46821
2510
86685
72567
89530
76878
45049
16899
22646
1704
46019
12474
57700
27126
93348
49710
46730
77312
41992
34057
89416
57480
44505
76207
70284
21924
74867
42665
50936
49766
90820
62311
31963
86688
21771
7062
94221
16022
84354
84740
85323
72154
52768
52344
19737
19901
78131
11960
6647
26017
51581
90222
6699
1703
35773
16356
94774
8237
47756
10237
60624
75511
75068
27587
46844
89509
27770
17855
83658
91404
73208
64970
21506
46593
59930
8151
2639
52272
4694
4599
2979
70711
99596
56132
84324
78700
75555
16548
14942
28476
90983
94996
39607
61164
52976
33640
71971
83583
32806
63269
21761
38136
43138
4066
42310
76858
4554
47043
33059
14930
27864
96013
39330
6639
91845
94050
43697
568
46740
43274
92868
73840
86518
59687
27322
90226
71810
77720
92011
72671
38696
51606
16621
53705
95355
79182
67201
4327
30654
98354
80460
46734
42497
33383
46347
32227
29076
77465
15518
2394
49619
25464
69820
21839
43230
45384
49615
57844
57022
40735
14359
29899
98455
82952
30094
83931
80802
95251
37115
76168
20145
64711
65191
30341
23246
88263
89847
2392
11600
54352
65846
37094
19820
7343
20982
36708
38871
83056
76320
60989
18090
42009
29510
59301
38437
99772
18908
76631
98529
28905
93354
48981
98345
26338
51995
60251
11524
80802
345
7675
1912
38976
56012
73309
70501
67838
14009
55328
77298
7483
62082
82662
56657
13556
26938
34811
55322
73221
91672
71387
61477
11379
50505
18222
56034
35857
40151
4341
68588
18110
64541
6988
59113
77296
63839
2143
22899
56602
77228
35348
76397
62569
73025
96330
57001
80254
83840
48759
73378
23995
69974
8905
71943
2795
82330
70479
2046
867
73780
87433
32341
47631
11387
77521
58141
50368
14713
72925
14872
60368
81489
33840
31467
52678
37538
83538
76385
57122
14008
27696
69983
67334
51926
94654
99356
17834
27168
10920
28583
80787
40226
65136
1181
59732
91004
58208
76819
48561
46948
28361
48849
77177
65453
30166
84372
86053
37549
74816
99389
77878
60829
18808
98186
51867
9264
2598
