78895
51863
44188
39584
64764
56083
52995
63844
95946
3289
86389
99060
50689
2242
92296
66657
63752
51358
52652
89059
68433
20121
61692
26789
34274
34703
39371
86547
39882
73007
85935
55169
97616
73742
46847
30151
29811
27414
45521
58220
72054
77072
1753
68688
7075
11140
35743
21506
44580
41564
42024
83693
77816
10288
9428
66863
23603
90052
57748
42373
37508
87066
71563
29023
75972
11776
18829
54469
25519
83712
7744
56748
34074
59419
19093
99199
84704
67037
60583
81195
190
1428
389
44040
63556
54729
298
10757
92945
78166
98061
55913
95146
59200
49989
34663
60107
85146
93881
2484
58418
93263
10691
83009
89052
51266
94205
45534
67396
82518
40517
43830
38641
29249
72600
53032
76547
81612
1587
83402
94499
86614
79410
6496
76451
73028
40148
50230
90014
11791
65799
47757
31506
1407
57413
10934
69280
46537
28547
74753
37909
18131
19946
35256
30200
67761
23239
67235
89491
21690
45961
41792
80989
39149
55840
67726
30039
60583
84095
34942
53201
30264
34301
87936
84760
19676
90078
96663
65686
41825
28572
4109
66736
3908
95512
12283
40642
58928
81041
7705
9105
37413
87842
16162
24256
71179
73297
58511
56385
34890
82666
24243
47588
83381
45621
26630
60962
59567
11307
29377
32291
97748
94131
6568
93692
24139
89274
80439
98109
65418
43185
84492
9082
48330
65627
50933
8137
67632
48723
63642
4303
21651
86160
48563
74301
39777
13888
13520
33670
70628
598
50350
10557
33017
796
86158
1615
44878
41252
1071
9246
6989
73497
30595
90861
55222
95807
81691
40527
20810
55260
34642
11491
31677
88211
20334
40977
84746
78831
72493
49597
58255
69415
22364
62501
19711
72177
43269
96054
25091
97562
65825
90044
21296
20497
85399
59610
34608
41297
67201
9097
89785
64236
81850
15088
76227
2370
46505
95459
30927
83631
47856
92680
17862
4984
69117
20274
34504
98884
83276
73798
76314
63102
22359
84004
8849
26354
28310
93939
86351
44764
20600
15020
45020
33010
91129
60285
79798
26444
27230
47891
77747
43600
60892
72515
14597
25541
61508
26162
87983
84974
6054
60729
46320
78089
99000
42993
70180
71188
26809
72225
54780
57229
12025
8682
27734
14800
44621
27784
54212
11703
96574
61326
82264
67039
89299
6491
91681
34628
76663
27190
74958
77262
6741
92465
414
68777
93012
4441
51229
82181
64194
80079
50471
35997
91670
40245
72618
57804
81632
37385
17430
45330
37443
83946
25553
63345
6794
95880
96686
53449
86770
98747
91819
45727
11963
58656
7772
24506
66212
98272
7393
51953
40287
87320
36001
57411
83974
8443
10640
32977
38342
1615
44724
63112
91210
19704
64754
81898
8519
85113
41012
75826
65050
59967
33890
77648
86796
29368
77151
37325
5386
30869
2018
18084
28549
13041
73385
41610
19852
45689
66125
28840
979
56971
81015
67256
38619
56652
21580
94854
61066
98974
92648
83313
3054
43324
20018
39592
1807
74830
31110
48709
23207
31914
70550
95458
6261
29136
82124
10921
48638
33213
3302
10232
63953
20750
38127
81160
5926
5636
32671
80875
14450
64752
55546
33941
37552
11882
1811
51365
65449
64276
54578
69284
16223
54167
60102
4547
30890
54439
25223
9525
90889
22253
8081
24807
20229
79491
69538
84481
20379
1257
39020
5
97449
77003
41868
52794
84876
60831
52518
44591
19549
61249
84370
53250
49526
57350
50819
97110
80984
50118
8267
52701
17868
7041
48182
64798
23954
90213
54856
45001
7992
24092
4660
27793
2224
80663
55547
44351
82811
66963
6487
31790
81167
33614
44651
33502
57776
11929
83878
88461
11796
58414
26480
38207
29474
65071
8257
81155
27936
18424
50075
86445
35654
14563
51241
79153
80939
3704
65261
15274
12676
49737
4037
53887
45497
40971
84802
14967
41406
95684
14079
16812
53207
24292
68751
56957
45039
45097
31428
4792
50053
12632
9431
13119
90856
70869
55218
16405
17674
48973
69359
78361
71802
39156
81240
58243
67437
74052
53709
52297
34973
75965
96826
91800
23495
72383
98530
35216
65425
69114
53810
49839
20682
97031
48033
65423
36698
63753
59276
29431
34962
84772
20735
82702
21827
41709
78879
