15399
8391
38802
25915
43342
31815
99844
13359
29164
51635
7523
43082
59144
95922
12675
22227
61868
76741
36148
17408
65157
57847
99815
36745
62020
45361
56601
64199
51239
44655
1828
22126
73075
37123
6270
91184
72027
19117
99621
78866
53257
69013
57915
52834
54538
91675
21910
43129
48220
4025
56955
12747
46491
54991
6078
58985
30822
12754
53072
49744
14917
2344
8337
20849
11358
97346
41302
43672
77981
84948
80541
3801
87196
53875
57408
19615
73214
68078
52943
93351
225
96847
58545
36863
40022
27169
21068
80481
98648
25987
51135
3662
57782
6993
33927
99628
97357
22215
58030
75048
95533
74724
42458
65839
22783
5193
87131
68887
44992
64788
58800
14035
93546
80593
87368
37863
45648
85107
49821
23824
2954
60360
36593
8998
32335
33460
51289
82642
15880
95187
60000
90769
4269
52329
74992
43884
37373
13304
3045
90552
62934
97023
13637
98527
82107
23686
80276
62285
84814
19852
42855
36291
24153
23767
41954
95894
32399
21705
83424
69285
28749
80398
6418
74086
24853
98618
20131
32505
4783
98236
3156
50711
80268
12152
34883
69640
94971
22205
95772
81010
83751
56728
98987
16403
74984
10337
42325
41890
26520
16794
52858
51213
5541
24303
49876
35987
19009
85102
63605
77244
3604
78777
66154
10810
79435
23966
86224
18759
80297
546
79555
37483
60207
69060
59146
39125
53882
65849
94057
64997
78441
22507
69940
45725
78477
21613
48160
6456
8478
93810
8184
57716
98898
29885
68963
26696
66354
77842
53652
98823
57243
61848
47497
51861
10471
87948
92598
37179
45013
9563
32441
21976
45401
35531
62090
8453
76681
33460
56374
55896
8218
26040
52151
70448
73863
78623
81796
7326
37023
30063
64330
55508
2302
96209
26507
804
25594
57773
62662
27192
1833
17486
82102
34610
82941
40309
58336
29539
58876
97994
25378
11723
34758
66998
94963
89620
945
95686
46000
93684
89515
28855
59928
81999
16505
94847
41820
49770
63276
52307
1595
15472
34133
53107
37980
13457
78408
65040
85906
80869
13038
24399
72903
37262
46243
82540
7084
58137
78482
667
11357
75818
33462
75674
14926
55384
11400
2879
1902
81183
91129
58803
66541
14795
58896
41776
6874
33349
83915
13773
83765
90250
84048
41326
40024
59339
80841
45035
88285
59164
39078
71151
95429
19010
2136
8214
54469
39078
59776
18405
22235
34
84314
19187
64433
97798
29009
39581
18116
64558
94155
17326
96657
62749
91068
29572
8249
45646
43212
41195
44096
94667
10613
69966
83875
37392
27729
33685
34369
31983
20783
98951
15980
72107
56792
67370
58248
37560
52633
77396
57480
29420
50273
16584
19660
19291
20728
77143
5909
14925
35223
70060
63572
19163
72779
52264
71872
11028
47255
89998
40424
90303
66619
26156
96604
76067
9434
53519
62610
54420
15467
54333
41203
83875
33253
70548
69592
178
4666
35166
21755
32318
60167
91190
71472
90871
23084
70902
6881
52017
25626
79473
66390
73487
52709
55319
26293
91094
61875
95287
39025
71225
38704
83193
74610
21546
