87433
40870
84360
94510
68570
14598
50194
79233
31806
44167
95219
83703
41861
34405
25906
94684
97839
27867
45835
22043
65683
4447
43558
59774
91302
67415
12122
41310
86416
43083
68177
16834
32338
96212
81814
99434
35044
63066
9066
80388
37911
47122
62223
48491
62020
44161
91859
29901
40173
71439
35386
10186
3111
982
17850
312
45496
32130
99717
83197
50218
81813
77784
75216
7621
91075
39654
53010
12304
86644
78774
14530
712
82291
13560
6800
85865
78712
76763
8389
96613
18853
50611
94821
4940
26282
16342
59833
88532
7148
37793
74201
61592
47437
55539
15966
36933
17255
9723
18027
74674
13729
47836
55262
55511
43851
77710
32921
90898
73753
24508
3709
48429
14734
28194
41228
8362
45576
69816
64772
95988
22495
64584
25701
50427
801
68619
36367
4793
62503
49793
50819
87887
63700
69247
89090
86513
74469
64963
6111
13982
88379
33012
22661
52341
64762
19555
52984
78246
29912
25316
81971
37130
21168
57989
87081
24109
95603
52991
1153
78262
4658
98833
33486
87608
74869
85914
2443
73656
99719
27510
56636
45827
92427
63144
20222
71804
75342
33048
23889
90458
70097
89612
58376
98107
34966
55959
75304
93152
57563
39223
9739
81300
61176
45603
33758
59084
1682
72992
40033
16787
31753
61787
19906
63893
16196
5328
60029
68246
66881
26309
69160
33717
74581
48887
24785
49115
54883
98568
83200
97135
85084
53887
53431
80829
41915
48607
7553
54610
3206
81978
55974
22481
24805
89334
94612
90848
25488
61881
94185
16284
77879
71097
96389
52367
838
99883
77054
96677
94170
56012
70350
36062
73466
98398
16034
88830
19914
83334
40689
49273
11420
35608
46814
83608
59377
12025
9802
50792
41923
77456
66777
87273
43789
42113
68642
36816
46185
17780
17632
38948
84990
76760
68669
76568
44041
71867
34705
77592
51334
38473
90927
54737
42355
39997
9585
90846
2907
62208
97270
64790
91123
51948
67965
59772
62780
17406
35208
28499
76049
12014
28185
98036
40376
88360
23541
42289
31129
75381
84179
46942
35325
93394
18907
62009
59632
7041
43176
33227
38791
37586
96933
98707
18256
22219
26680
98219
14295
61951
70112
32028
88750
70719
39342
8029
48516
81321
20621
73677
48315
4746
75534
64814
91055
11843
53292
56704
88273
63204
43324
22850
29963
79815
14446
86298
68143
43950
45169
39988
67347
57314
53981
25384
19111
91059
78745
25150
95439
83736
4271
84554
55526
97679
37561
75853
23704
87351
52632
64114
24698
91630
75135
57307
24025
79875
19417
43212
38596
73551
33697
38770
91244
89425
18578
44644
7277
16327
9292
74550
18453
38040
22842
96329
45774
2448
43564
61011
72053
48939
89177
45357
89179
79308
86950
19633
65356
10632
88412
85475
35665
5351
39978
99017
16258
43589
86619
54816
73087
33729
67049
52481
21989
64890
73340
86670
13808
74024
78155
8521
13219
72133
7898
52863
46776
47704
43090
97313
90342
20154
23386
41230
26006
71213
30893
99766
13168
22189
17260
90435
88316
78999
97353
56695
49975
98413
68358
53965
59942
17719
3145
71545
25143
66194
95011
89104
28003
43920
49466
52179
39690
58719
55804
76026
26027
29166
74711
20384
94255
97329
53567
70046
23869
58712
46333
91215
96586
60446
92978
28766
57685
77101
95092
53163
88563
22207
18553
13816
1962
78993
90968
50387
31269
21302
10021
19848
77770
41737
59173
97543
43054
87508
99965
46947
18652
76224
48773
9962
32408
65500
27204
5867
7622
12848
43550
24818
6295
11479
32708
16174
41789
24538
96546
1330
61919
39786
73660
65391
87401
92017
70815
48868
93469
81008
61416
87343
28076
66523
17116
66510
91106
65648
18367
83679
52979
92713
79735
65873
86409
30545
60014
16785
10360
29549
23879
35486
3506
24185
72980
27313
46014
30217
42930
12947
97002
52938
98101
19576
2270
57114
93202
97247
70669
98034
3571
18755
13952
94181
39919
97912
52165
17724
76049
6578
62039
54578
61996
28235
34490
65099
91699
36096
46492
66400
48714
4861
5118
27556
29877
26680
96018
12716
10171
51829
64606
95531
37067
74699
21951
19403
2184
8795
23123
23179
65991
70870
70492
25553
57023
50571
17897
99110
84076
11537
96106
4897
10089
67044
65678
23227
70701
38861
11960
15577
97482
21692
64156
40842
12239
8974
33112
4040
99366
85278
12376
8985
18830
69447
62539
61177
72369
66687
78166
93407
30389
36658
99968
13311
19634
82674
64298
16305
40620
89733
96346
35601
22973
95418
38560
61665
67423
50107
31438
61608
20098
74233
98668
57150
88489
85027
96005
6770
85356
26698
7437
98616
79352
28553
72134
9991
12912
20078
44884
51773
25101
65367
80695
99318
84642
36112
