88987
61224
60993
71910
48456
73949
21066
59069
50719
16506
21968
12331
51135
7036
63722
48449
58000
75583
90662
3148
16607
19727
41639
2467
62856
95001
26820
52506
40883
1384
63681
55275
74489
92242
61261
88424
98541
20409
4642
31170
54286
61148
86223
99671
20168
52485
94289
58362
53064
13126
4440
31402
57501
89233
81700
91230
46691
13540
72259
11031
288
55818
99892
32919
63803
3081
94446
2818
61530
99930
64438
79467
52136
32239
23972
97235
77056
37306
85750
56603
98376
50452
21975
35225
10098
24048
71554
72719
42727
88966
95992
87034
38338
22748
25279
52719
27963
70978
91138
8593
20881
47300
47231
87041
54327
39077
47276
39404
44976
89912
1756
19470
29475
82958
24719
41557
26948
4668
59400
2208
13077
78571
98387
34799
55115
91910
76363
96498
89501
94541
97475
12013
6745
63418
35157
62188
60972
25493
57108
93376
19602
49223
69735
4181
72440
55170
6827
46333
96555
44816
9956
29961
35852
53537
75643
84488
37100
29523
85676
16343
81474
90516
55866
5407
75613
83743
25800
16480
70530
62791
499
95995
37210
66560
35151
68871
83310
40995
88127
96498
81642
17445
94171
81418
55164
6497
97660
14124
79452
355
82673
47395
47299
35366
88908
32218
71343
25420
19173
30042
98888
56336
18509
78678
99680
64352
33694
84458
32146
64049
32528
93295
52422
31396
56045
25421
43226
71974
25161
79923
18783
84050
77194
51400
47409
82665
10730
34442
55231
40303
50719
6029
32332
83489
56204
91539
43059
69822
61804
1482
17279
8917
73912
6417
59955
33377
53207
27318
21258
73975
59180
12910
81052
92244
99154
28623
61707
75025
97226
22070
20794
84676
99772
15324
45477
6849
13009
39234
87571
56613
74186
2169
64374
5922
40044
1313
77109
21830
89260
36709
48309
4472
60777
47183
82104
84894
60614
2261
1972
45934
84065
40833
59639
19413
62739
14443
37385
9580
12927
65306
57862
60015
47281
21045
94569
62390
56474
34184
24123
33574
69901
89946
69363
44941
3224
312
55506
68963
18921
96717
59515
30610
47847
43187
27725
63287
38811
86551
16981
4370
56205
1077
775
28269
2177
98025
50425
61011
77889
36667
44064
60761
73707
57172
68120
49053
16684
11124
65910
14261
86525
85777
6318
96451
92357
84128
99670
99075
92379
60141
66931
78976
8639
95681
51558
14037
24529
51849
4395
79602
24417
66421
4160
17124
5355
3002
59669
30358
7235
7902
11246
18675
63408
73076
40902
25869
72993
54175
92419
35010
96712
77030
1244
21113
45987
80705
64839
16782
59753
40443
2063
74410
64167
24607
58968
48623
75806
38606
26746
6977
59590
92387
88437
13275
14778
76794
35894
61916
97616
82289
86113
51163
75757
9237
48953
30940
92326
68747
86399
52956
9753
25299
88490
1611
77193
36691
48444
73583
69539
4972
65233
29355
60257
4293
63973
68034
17014
58363
71693
99372
96232
10445
50079
55887
57295
25026
7995
69573
83904
25880
64008
44355
49274
25319
33566
26305
374
711
61646
56338
46643
4408
98571
28115
18805
55148
38724
11158
31389
40376
88991
25487
44078
98332
16418
32287
38738
51822
44682
55156
72277
24590
82851
29687
42235
32626
32226
17404
2005
5740
71590
80563
69736
7477
63002
40570
44399
94619
265
55305
79891
81679
35031
46262
1874
3992
95418
42218
42426
37350
23178
46845
3130
8751
75602
1804
32608
37358
60238
89208
65777
73324
8568
2659
96748
87828
70616
5075
7556
595
6095
43289
38283
9490
7087
18792
35800
68598
87477
81738
32843
85564
20141
6316
61753
59033
34612
11902
35355
2511
1947
23867
22148
28093
54269
74899
78467
59450
45729
37500
40151
96821
8156
79155
18302
4566
51751
48600
3297
26579
9148
57705
10326
45264
38768
64554
19257
53310
55964
64447
21710
77745
10090
81852
48327
4056
82616
87752
4636
28696
77412
18421
96586
65124
99960
78508
47003
58801
45100
67026
78117
69740
91030
94660
5186
63883
51260
99062
80106
173
10457
49042
22689
31355
74547
69983
71904
56841
92602
5164
623
77439
80274
17691
21956
7407
92000
88404
60398
77659
74458
68761
32686
41918
4758
78032
47236
72040
33628
66240
62899
11262
73116
22668
79903
86018
55142
45619
98172
23794
811
30102
21318
87212
19998
2585
45190
82975
18834
31635
74958
76628
52181
88433
49755
14628
57317
93831
63187
59171
54069
16409
77746
27804
91329
9851
66902
94705
58078
80719
3208
28965
8852
76837
60198
23825
25564
46722
29248
57501
90332
62759
53776
87036
67339
36023
20800
80784
96964
24241
14961
41802
53714
51826
14178
84408
96418
46033
49364
43471
89020
15538
48452
3381
23754
19241
77671
73989
98363
39255
35302
98926
98697
40317
92224
59636
74684
71665
27785
68422
31712
73596
86507
74460
9335
3501
53272
22233
63051
63034
79557
75640
46385
71688
16133
39237
45603
22465
63210
38764
86717
10185
80579
51077
27886
63124
95515
61050
39447
60131
84148
27086
21900
67714
26004
44138
2221
34273
4767
20484
71749
48992
91601
88943
14215
7957
32918
39989
73056
14129
68064
10655
72813
21783
97793
56963
42165
42202
69039
98798
44746
18031
37824
92145
27180
3174
54350
25524
80719
92324
33595
10728
2771
74418
7805
77096
10126
92090
12742
62241
50701
14785
90316
91514
17113
17777
71067
89111
33321
8473
3603
69410
28574
26800
21090
54861
13971
11058
47116
50680
45627
23846
70752
86638
79788
50894
55721
67152
80098
54805
74967
33545
71681
99583
39035
44463
67107
33679
32873
84179
53164
94715
24062
99900
58686
10287
2806
72740
5939
26173
83389
81007
33058
99630
18872
85366
94864
33584
39050
3004
91632
4376
48252
43312
26091
4199
84213
20804
51565
24717
18775
46755
88699
20594
23334
66679
41101
58968
38821
51033
94063
59187
22566
57000
78413
46151
30387
98868
17140
70773
44013
2959
32282
42559
70790
35317
57819
42419
13253
46856
93298
773
98161
36846
57667
85773
45618
76211
41915
47839
3696
29727
