89653
51696
28219
72568
16249
99503
83863
31910
3100
15950
75157
28164
47347
42550
22839
44970
94810
20324
81400
42398
61871
42167
78904
2340
34394
38674
76716
25032
3165
95386
95743
3214
20166
31852
21215
56051
13719
78860
62340
7679
66448
60117
50817
64702
9308
39599
29802
70125
51671
4694
5160
34239
47612
84810
55543
83697
51798
50154
22100
32423
25575
33134
75210
18427
94365
32479
55052
23929
74485
25394
97014
63367
67763
55435
74235
23102
70740
90547
74198
8424
84936
77465
13890
42536
83713
26237
54234
78331
57950
41523
55963
41721
88591
2128
73569
38900
78434
5309
31022
82708
30345
92066
31
27442
13003
33919
62478
29155
94551
73118
61979
54751
64869
17158
75624
64476
14788
34625
32160
3326
3093
92613
92232
90531
4727
43996
13646
40636
58417
80689
95238
3056
67614
60699
36270
68359
71228
92843
56380
47743
96242
83422
32503
66915
13184
80126
34452
26157
12441
95397
79048
15519
30221
5916
29066
8631
69200
8824
3107
17342
60356
70676
5670
95390
60995
12677
55102
73193
21334
50162
52913
81324
64053
3168
53369
46060
7486
13129
51038
67932
4906
54522
17999
8534
36222
70407
99271
92129
56609
5070
18270
64895
58339
79125
16531
35510
3287
58558
50684
18162
42375
71999
47789
73097
8423
74633
21119
35044
75504
48921
88366
24700
20815
32161
11793
13827
82011
5806
91405
96674
41566
77385
71419
2659
91587
51809
24465
71181
840
18908
84878
99897
10232
72997
25818
15636
97253
71748
34873
97432
76941
9377
95864
30546
71502
1104
63415
82080
72909
45676
60300
29703
12171
63017
88715
81511
16961
61350
73335
99853
78281
19743
18104
74836
20861
10908
29482
85764
91953
97511
9215
81825
85377
75585
12111
48227
30796
79741
56637
69599
12147
63189
78270
45733
20077
21660
39694
17428
12828
468
81724
89153
40837
34982
33700
75176
39264
87581
29668
11447
95936
44361
48524
21780
42460
97956
88099
31634
57947
79246
44013
12369
80166
6837
5841
81368
12447
4159
12302
64926
74566
85324
92465
6481
23715
62696
4159
99117
97447
28475
68121
73116
16460
44128
39875
53857
54647
19743
8004
25318
12193
22913
93364
18932
80875
22591
77206
60642
75945
68756
51333
32918
38556
1638
38356
35088
14250
3279
12618
65549
45720
93367
61323
15841
32137
18048
34552
2687
71807
18411
38111
22219
25591
1309
9595
63717
62189
74807
44842
40636
49213
92251
3375
30502
33342
64696
11800
23450
18653
93997
57937
14088
80994
26618
61621
39487
41509
27057
37647
19685
48936
50685
42515
22202
37958
37674
78357
99935
53956
8685
65812
72449
15634
52407
73376
91940
78040
73947
95138
34915
3604
71026
4280
34860
78210
24571
50940
30476
564
93319
53179
55376
82175
64078
22384
96070
91782
26613
70542
68479
84574
86149
58923
82157
67216
62543
30591
33626
32531
29644
19139
66998
94180
22685
64855
84808
15998
75868
80349
74499
62358
19238
27947
1265
62190
89103
11765
29317
19542
44885
54227
62199
47634
67511
21844
28345
84601
35296
7352
67113
31366
48084
23127
86517
35540
6937
96686
44422
84239
59128
30619
5271
86336
2098
73096
91964
84896
5323
64493
99621
68273
30014
32768
20825
5653
15174
21488
46404
83375
34854
72316
78838
84251
56597
12
9837
25407
12096
98015
88789
24225
36729
81359
55587
18580
65953
32060
27378
30142
86631
56735
21712
99923
48722
40652
25205
6577
47261
98082
3585
50922
16669
48259
66758
71625
66949
72743
58441
94812
59450
51955
88966
99747
98866
77773
83084
47000
9335
99973
90270
17551
74247
25178
63276
44404
74739
5217
89232
64751
32993
7804
60817
11527
33018
20468
6385
15593
61985
51703
54988
55891
33456
85014
81190
23330
8272
27202
78691
16346
22246
89239
84035
26730
39642
39206
23546
33769
36874
19308
7973
3348
83568
83799
64925
53908
4483
47776
45324
37869
41819
34600
3579
62512
44
52737
25541
66528
94501
33235
63167
22961
1149
20736
1915
99715
55017
48411
24848
7981
46776
45072
6931
87243
46300
50533
87414
20124
23801
23829
93674
28015
33443
68544
90662
11284
50140
71461
8450
14010
70931
97880
6692
81121
54149
51795
97001
43752
12195
65611
84613
48208
802
80980
87152
7839
54521
2366
74959
90154
62634
49989
43048
89694
40686
91632
9303
51289
96864
46350
81178
19018
