45639
33771
69382
61513
14679
6672
32287
30777
64738
18508
62107
94721
21202
33770
56385
29861
56482
72265
19012
27152
42448
95762
22494
43696
77654
90945
55331
19413
78092
52123
8344
43545
42418
97543
45285
88932
23039
8098
10591
1485
61194
54294
99816
46444
63648
91478
15843
69359
85464
42344
50987
6232
44511
72899
67041
23438
13784
68777
4097
67182
92851
97688
88817
1452
3281
51529
18815
13138
18360
66920
93334
19151
61876
24563
21889
90736
48848
65427
923
15455
58793
95876
36019
51438
87676
18112
99855
5489
50326
6688
9612
45993
88210
94206
62611
69696
37769
69241
88668
85692
75899
87527
9858
82977
44793
16170
66690
27384
34554
32260
87340
73124
47635
83228
62878
59394
99931
85188
99298
37406
59605
43196
79933
97039
75558
68451
20938
730
75197
94207
89349
42240
12230
55686
81380
15957
94422
93059
90172
74317
2939
98325
93603
36086
75539
47031
34979
72437
10521
36362
20211
81012
20833
35383
59244
84190
39260
26547
58535
74466
4609
65614
39101
53750
51738
40792
72488
67384
93254
62187
40324
2500
19146
82598
73079
91099
56628
23286
52661
48371
51648
22059
43777
36674
67473
74912
9546
44182
48472
41295
25602
85756
47496
38784
23981
47014
34090
36402
86110
2714
17385
85614
67042
41910
69274
48458
10139
4413
80322
32389
45320
76832
65457
93134
45337
57550
15455
47071
91731
65929
31134
62183
82941
41131
69805
68100
17138
38551
16092
51410
15553
93121
37715
57337
39666
47046
76072
7152
8032
99543
68238
40641
34941
30872
52955
92319
59108
99833
29118
71788
95626
33038
62993
97148
9200
22602
69680
69466
77634
51450
96005
96190
6802
21621
74866
37478
80845
10117
43376
97464
27710
10218
38124
37335
73238
69198
67123
4002
74385
43127
20449
81648
18149
30350
81781
44006
82374
11195
51316
35421
10999
56572
83678
33583
15764
38624
39115
82641
5889
74046
54246
78010
73616
29031
17832
5185
47582
84356
24294
3608
52573
62266
64516
83259
92804
96184
11854
31483
22216
85810
55273
41062
7499
46490
39574
2943
67622
81794
67852
47266
81260
87200
24285
50272
98460
64991
61806
41159
34943
74540
54890
16651
51654
21354
90004
52519
53426
99408
88538
8636
40907
10654
61313
53312
86893
62324
47263
25469
46383
42868
54537
73761
58222
13666
89799
6372
3167
37031
60928
81378
80981
99432
90632
99273
24424
86755
37115
75637
88731
59109
22845
55446
55918
93934
94933
78169
45953
14559
97475
14546
72376
77301
54340
65666
16163
49132
37730
13690
86226
50495
52873
4567
59974
55355
17810
30273
87688
18120
40105
28422
75504
46379
64892
4090
51253
89364
93853
33736
86751
70336
3149
35197
35128
79841
42396
38321
44962
62489
24094
37776
90484
19464
21099
279
4458
37990
79353
45441
4370
55157
88170
25223
15016
64646
79389
51150
61025
20098
81290
93138
10907
7445
27966
9604
22196
49783
80340
26553
64088
85153
26909
42347
11001
90610
28363
85571
39323
90065
70721
74972
20656
66185
40180
90195
63476
14224
68486
4490
60753
45911
2935
39933
42779
67020
70365
83781
68074
91374
72417
