65982
29740
28480
48142
94385
78640
58267
71771
23953
67030
39927
42036
86304
67536
47552
81642
4932
4706
95190
11196
71517
47607
3896
78429
9192
89141
42624
56346
71069
18472
63103
39643
58901
12082
63442
38201
21508
74976
81719
10852
97346
32657
60186
11900
5875
39125
63382
26415
47795
74528
51313
95170
72695
51719
8452
51852
42982
74051
34216
57436
99921
7808
40019
73945
58880
59805
10828
82561
53501
62639
34614
47998
74482
78699
50492
93092
40020
93161
10455
21991
88635
32680
42095
66580
83269
56534
32478
52999
21567
79209
21465
52166
30371
27959
89221
94788
53157
78145
47631
11985
40161
61949
37103
71408
23301
13786
93521
47662
37846
69377
88032
6386
28302
66199
79187
56937
16606
1278
80766
89605
32764
56067
96229
58937
20972
63898
5585
64178
6214
40726
67883
68657
89245
87083
58480
43798
93765
63209
25583
63927
95265
67892
17771
78722
35285
19442
57973
23140
4280
35034
98349
99012
32973
57910
61461
37707
23975
35756
32355
77824
53428
43499
59281
13460
29885
67995
55472
97977
42820
50344
13568
37824
86283
18530
30349
71266
36141
2181
60609
31808
85652
11261
69712
16884
67148
19073
54671
20268
38466
85531
74806
32162
36265
93032
33170
67176
94727
16359
35967
83696
27490
6937
87533
10978
3812
67799
59336
32503
67657
69815
35948
68621
79216
47877
50520
67536
44890
45638
23563
17796
1049
43178
71643
65717
75191
89375
80138
35631
31309
98372
88768
67439
5195
21489
59238
79040
76463
66802
10551
33523
357
2375
20083
34818
78805
36980
5760
15571
3116
83736
6345
42066
90938
39962
20879
35
90530
86501
66180
57731
52750
36967
80952
18914
91361
50425
74006
83233
43744
86745
67482
33539
70054
55095
52806
80771
77976
4852
49123
90058
53475
20520
72887
74424
7472
84521
92786
9787
96961
63687
54480
21182
94185
18602
39370
81394
48556
58023
56552
34496
56782
4269
50204
49327
21478
67998
13723
33732
13232
83278
116
51048
39360
8617
33498
90492
42104
18239
35680
52028
599
69803
34577
14484
29835
25847
2776
69568
91621
24359
94973
63055
30947
11865
16382
28769
12665
56369
73600
62070
84959
54284
16391
74227
95076
83526
69762
54284
29018
97295
88702
69648
36422
23034
30802
77629
65523
3164
78675
49410
10291
56271
20523
21456
11089
69664
13102
99539
92397
60552
66006
35904
18763
46427
68551
93407
39368
36809
30391
76745
10208
72653
33880
9908
29457
69423
49928
10062
6417
56542
69749
33725
9995
81468
85874
43023
60009
39888
72672
53896
11143
77720
98128
82606
19815
32548
27495
92207
65426
79845
5269
60297
75880
74190
62974
68297
28111
47054
16704
49130
6748
21356
22556
83950
93765
54630
33860
69373
22988
48445
94714
8411
63783
74724
47620
28163
20053
30821
398
94367
75622
43954
22707
37471
51515
87633
92110
41627
8941
75354
39955
1547
3918
49499
10341
4279
21328
49373
82971
44862
75924
20132
53176
96085
51891
98158
88987
51477
56985
16600
91448
18906
51193
74410
60488
88695
48906
37195
21926
5891
11071
72676
22348
93256
4107
35639
77972
24443
3578
49855
90291
63371
42414
28627
15598
57387
71034
32744
9267
59528
53702
45652
48457
95603
46666
92316
98041
23623
16349
70673
66148
16403
78558
83648
27275
7404
41318
15454
38133
88730
40210
98551
95276
53445
20883
74185
79534
91323
17528
94540
72082
37661
45278
73065
71856
49107
24713
48920
79921
82275
47113
2802
2667
34969
16163
42892
62653
69569
4473
75178
76714
95898
1133
52330
87167
64068
57013
89452
75763
3459
45538
38974
27127
6792
57938
27794
29967
42659
49732
21473
82838
11588
65540
3551
83137
39523
44465
8715
80639
59691
89336
16733
35019
46174
19937
73888
92010
68304
53765
99399
35714
22862
38023
32989
28574
24863
65489
42543
98067
51168
54717
7135
26608
97988
34259
69873
24234
86973
99125
35396
79300
45332
69666
38171
28225
71803
62790
72745
84075
7373
18000
22866
8219
34872
79392
95494
14670
53173
55341
92475
67971
48128
71794
99254
11737
57504
37677
26914
39293
82739
49295
73414
26615
8659
36428
35854
87482
55029
44768
2721
41032
11665
48845
17749
99029
18954
53919
84419
80449
65045
79593
80269
37669
87536
69672
31994
3229
68406
60571
86388
66800
78235
48227
28180
6655
57778
42859
8060
65133
51254
1257
31289
53826
34949
76537
21113
43014
9497
10375
75600
61480
57848
29814
73704
99464
34776
66529
22342
92072
4659
16670
73876
89940
67845
28829
19909
11856
71840
83670
89093
38812
2043
48649
27349
37600
26931
18068
71906
86433
36977
48889
56774
70364
64957
93387
9450
27118
