18958
20177
9638
86228
88793
93579
32530
26798
92002
28901
28989
8517
51294
79385
80789
83696
26010
33142
2563
80240
57529
62617
63199
59186
12704
19386
15705
46984
43668
10290
40925
1227
30541
89913
19663
77932
54454
74459
96161
20174
65031
47142
89578
79557
65832
3227
47097
35788
75337
45950
66154
9945
44508
29578
5381
47981
85307
2116
65003
75232
76643
92082
63637
17453
33663
58338
62185
2988
27790
55079
83873
13524
90093
39695
34927
5014
82851
31687
50141
89788
17335
39434
46079
25640
21524
40793
83771
92261
73885
52217
77575
54065
38665
33972
46776
44376
13222
13927
72305
87527
21940
37859
72730
34379
99476
34680
57329
95726
17199
58546
59793
6278
24081
28360
28654
83376
52600
21095
38344
27558
53031
68074
78802
83269
48768
20685
41397
48908
67556
70162
74499
60800
30065
86930
84027
88234
94330
45183
67353
71630
47529
98965
46399
2432
84204
77635
65038
58757
2586
69298
58823
9907
11635
57879
36609
63713
95421
86476
49157
58766
52080
85744
51643
31943
51916
19191
40527
26555
3995
48949
60690
82832
4251
51083
27679
88308
43415
63017
1213
86821
45343
63206
62443
43359
22644
70357
58255
59798
88732
74681
30429
7793
86222
87629
36127
78138
15193
42689
62460
30280
3187
65953
39011
32934
7667
67947
54042
57470
75541
80591
55861
32497
56424
89001
95309
3619
24853
90443
28911
2745
44722
22854
286
12608
6068
87059
48154
1717
64569
78903
85202
40330
11896
41196
58230
38756
58266
46238
8226
55787
85604
95480
75750
93886
87188
12974
56300
5878
3156
52949
86921
39714
62957
87793
95402
72263
83194
91852
12447
99974
124
89398
59149
95022
83612
23498
27432
35329
63054
10451
53861
12725
61670
55102
67949
77864
19035
11458
73998
39501
78574
46122
49539
69778
28387
90128
38053
38136
29879
65901
71334
77669
43579
8284
34775
50215
31823
32776
48461
63366
53451
25435
74343
35471
52569
1776
48412
36404
23526
98036
41992
37758
80481
7675
94289
68557
94188
64620
42103
14005
73738
69549
70880
42726
77658
63348
64025
26492
33921
94945
87364
72109
91461
40309
63144
20049
51665
901
51016
96459
29561
25705
18813
77997
47923
21219
24914
27871
25649
70716
79881
10222
10397
49348
61706
65571
12728
26401
17300
55129
18968
90135
44785
84723
97463
7073
84535
33571
14531
25861
39510
24582
41405
73551
38368
40522
36498
11821
74068
19485
83507
62792
13387
99271
92496
25730
42961
28962
51678
27524
85518
55288
94514
40386
44805
11310
90439
63808
79350
90730
50003
69471
56827
56021
15136
85144
71926
25836
9926
33775
45315
80595
24197
67849
99857
38491
5716
67652
99626
65604
73410
67238
31461
58850
57304
82451
11681
17264
56116
19200
96666
18582
5733
64946
20351
40493
49051
70072
58906
5048
48212
71582
42966
3880
10307
35031
59770
22943
3217
79680
45193
44086
31653
75795
44512
89602
94990
36317
64898
613
6793
69802
25927
52076
10393
71588
41704
97772
2612
10960
4512
33934
22801
4832
16578
23130
32213
84687
86417
54805
72323
86928
52642
21701
16985
58154
70731
45292
98620
51448
67812
83923
40872
17980
94001
24593
21430
71523
49793
40182
14876
20505
17850
5134
99083
36130
19925
74369
72869
70705
94223
57660
65386
5051
4021
93858
15638
29701
80033
76783
44337
43013
1747
61659
75210
6117
11728
16427
90125
87621
95477
33622
78587
65980
82777
83369
36163
80808
95726
6084
61734
24673
77229
41328
84421
20595
27589
83775
63715
27043
4367
99145
72220
57933
56023
49528
88493
52832
26245
95724
84234
68768
47933
88466
95373
84685
57914
33641
84421
20740
74194
38032
94609
36514
77011
74174
99104
92848
41310
82668
49636
8786
69288
90111
36655
52146
91121
19994
38637
49923
31886
88608
90540
59446
75069
48580
57500
74104
19153
6139
75987
74473
24150
73790
54793
75866
38522
23403
31955
47069
66555
61479
51056
68169
83845
37012
46091
31850
92322
5381
43310
96709
32421
88470
73021
23694
20556
85061
81290
2411
22647
26434
65969
98614
54521
11765
38687
96585
55577
50165
91137
85574
89326
58685
82004
98936
63984
52634
98827
21096
52354
80201
86559
51809
32155
20210
58631
88530
81966
49191
36273
25466
2466
44877
26391
50275
41422
67986
8341
92790
67248
94786
15719
80290
85134
4944
1356
92578
3884
89922
76875
3787
49681
71389
98212
97145
59646
38482
52339
42695
48762
23777
14196
92689
69892
39674
78062
44952
91370
2970
29648
88810
76927
66075
88567
98974
93797
93061
25917
73164
30249
82802
7957
32169
51823
61626
21312
82240
56262
70643
54431
89127
6851
41016
34055
45654
90247
28466
25722
8827
55427
34302
6372
940
1375
15651
49550
55424
83647
1731
94374
96670
73156
92426
49736
95994
19885
7663
2769
46803
3027
74838
54867
29444
59047
74722
12319
53278
13368
81133
60329
22746
90290
60423
92131
92104
42095
63969
89109
11036
80931
68572
54888
80421
84311
70956
23351
53316
59977
1649
16442
37996
86678
49437
71277
16144
31848
56338
47248
72282
6859
81772
1712
80694
75274
87403
41001
92139
33700
76374
77701
70755
49003
78114
18585
46891
82714
22059
43942
12121
10743
52429
50936
64222
41113
65341
58758
7773
39389
98472
57351
76486
62132
13075
47360
65148
7455
95986
75997
32814
96682
80669
64262
22611
20779
30079
22906
71953
73226
75512
83097
59051
46784
72814
40402
26189
42024
70830
95462
72943
17937
63908
64182
72225
43585
18729
69735
1398
10754
37477
56707
47580
56563
20454
73551
40089
52528
18547
23120
76307
46715
23912
77257
22738
44767
86252
93452
89146
27912
2544
55628
4150
47349
69273
32309
8220
63954
47504
73749
66832
9672
63886
856
93487
77714
3654
16271
59094
58537
724
79660
99274
39619
54215
69289
99004
3043
46473
55265
3405
41960
6719
25863
73114
82078
32855
87893
74504
41789
22557
17483
33185
23434
49676
76986
63103
34625
30023
93513
22841
81126
46774
14670
61549
13927
65729
69477
62350
80019
41696
64872
72588
52546
12487
66754
98757
44910
82710
58793
5615
74259
28942
15357
6768
60249
66629
1124
94857
15329
29379
57709
79868
97976
18737
8569
15992
71369
61493
81116
74067
4530
41100
52142
24716
87633
5279
32878
68261
29390
40492
31754
84714
46704
34123
85895
93677
79070
80745
33181
57202
