73305
2841
49966
57122
16666
11082
49110
70784
32956
75089
80411
28178
84160
26097
4238
26526
19154
9279
62101
98890
80450
73283
23113
54870
66934
25051
24213
46453
8343
27871
24843
22322
52531
69261
35373
96553
16109
42504
45200
53034
16586
55242
29538
29205
38237
25601
69075
14160
92723
48821
13476
88274
74917
89626
86217
99888
65986
86871
88567
89193
11020
13087
50848
73948
96956
91145
30721
15450
66111
99082
6671
24844
51496
59637
88100
53740
86430
86479
1309
13431
30386
84358
59236
54066
52534
5777
3845
26544
23490
87712
30659
67918
67243
20200
58
88251
86972
93005
86001
71498
26793
98964
33983
44040
67481
20928
36368
23799
75714
86199
90936
6566
62292
7686
76282
21973
89229
23057
4887
47133
39833
53901
93643
4388
58267
67781
65990
59437
20089
37299
60910
84192
62320
76334
98498
95350
96724
85065
46654
92867
62739
26471
84659
23840
66452
21994
54340
58181
26577
63763
30609
28381
95556
61729
54544
93417
13156
12316
99937
78114
26376
92761
87812
8265
13726
85993
43659
62255
90510
50999
17430
44339
84761
24309
60448
15011
86564
40029
52412
54524
54648
47382
33704
45514
35134
90415
47729
56995
91623
57849
45167
98230
94864
22874
42741
32682
74791
65690
24500
67460
67614
55000
50453
36562
82202
31738
10299
89855
46953
19777
89138
700
74184
71161
59042
95397
84763
64414
73229
12242
55704
92632
21177
15840
25343
30095
93574
48510
76568
39943
98682
99761
28381
94410
91445
58364
1169
62758
34796
7897
24431
9452
60251
4754
13767
77305
21177
11529
61177
67124
23214
47038
51951
23063
12107
75370
6064
23112
44963
79556
55396
10741
22959
71704
83503
85773
36861
11731
70682
10070
43713
58190
76114
3664
79260
72994
66054
27318
17207
90017
57865
15602
20727
58968
48859
48247
57887
77982
96551
72158
13131
90152
28027
42505
58556
22268
57070
41692
96831
83059
19873
8240
88393
67589
39016
32859
55841
85581
7195
23003
2638
36841
64794
53148
28380
66825
99664
2965
34646
77907
35040
3851
33624
97203
28607
90036
82708
23037
75232
91345
85816
68235
91729
36918
73170
35495
50361
86091
75685
92526
37179
58494
83406
62610
46829
36967
92732
96442
52930
64739
41974
38702
50596
46028
76503
39817
79031
28675
38748
15252
43082
56615
96063
76597
32370
24772
31026
36032
76220
84489
58572
90294
13315
77118
75113
83148
18064
2871
57372
20231
25400
83357
40860
7917
67151
75505
68431
85765
97650
43865
14329
33254
86649
55976
55889
93856
90652
42698
7797
52776
71825
28227
92995
14503
49714
25170
27946
71895
868
2326
97823
53876
65718
86442
74945
62788
45196
84215
52201
15401
35468
93782
42528
43474
40073
89148
64211
61653
77552
77599
68520
80084
20534
14891
72755
59686
18032
68024
43852
5875
50575
90013
1440
7072
59719
66707
16736
83890
94432
70692
77042
97195
93257
9756
66462
98333
32243
1694
72701
42388
35
90632
96492
89050
20181
78725
83438
92533
44157
22211
1431
59533
35644
46294
36180
62483
19641
94997
55171
37209
49719
5291
32898
5818
85732
53644
70596
68431
75371
15464
99999
26955
18362
8846
80726
23543
88229
18484
51940
22856
30795
60062
31175
51137
28121
26522
49187
61455
50520
66709
41346
78157
44245
4299
57065
70563
15640
64087
78152
53204
77827
2592
77039
47476
99458
26947
91500
94458
94015
50771
84587
11969
63416
93685
3985
81689
848
63688
62959
16067
41429
74292
86121
79881
11987
72171
38347
87312
4580
88028
34963
1293
36467
92219
69852
73178
67408
93474
62674
31927
77759
50474
86093
12433
67671
8650
87785
51798
51156
58939
49905
32792
27340
1983
40138
89048
82420
95744
12195
59780
88961
22241
6454
69388
62557
59602
305
26545
28749
81106
97438
80807
86827
60775
14041
85341
74156
6628
99398
19298
35506
31420
60203
2569
79868
94112
91688
41783
26287
97462
83239
59893
86443
3824
76688
55517
40795
23136
40487
44215
8243
50054
40667
77791
91386
75628
43112
67024
30221
11090
88700
39311
82803
21245
57027
18538
57820
53529
31144
28611
47158
63869
10723
16678
6131
47020
42183
57410
53456
3146
78810
18517
19053
14060
3651
65922
10732
71697
75103
21636
25346
78082
78060
15860
52256
42429
81245
39710
83736
96533
80528
86303
46832
77488
3319
91877
22257
60558
59370
2792
36894
67311
62032
45123
53413
85564
28935
2175
59893
98323
51881
34445
94688
74909
59390
44805
25082
44330
26931
20120
47959
30586
49177
87184
45976
755
95400
36973
92461
43013
4867
5773
35050
69927
26026
15455
46812
50982
30952
95682
80865
57287
88660
67269
51318
72275
82985
75354
29552
74675
28885
57609
9406
85628
94331
70278
30116
44534
63313
63834
17133
46291
96033
73630
64339
19817
59244
76584
10836
29295
42337
31263
20072
47655
18368
13501
17181
53474
3655
35260
96077
8168
77677
79531
38049
79268
15790
78229
50906
55785
54476
43387
82263
50580
65330
68500
50452
25127
5491
92365
22456
16919
47582
87595
67786
48653
87864
74626
91724
55025
74909
56965
81246
62994
8652
22364
64670
68834
50411
35220
25853
98684
33622
79239
23076
24698
88925
15673
20106
14539
55517
47124
84594
22950
8711
3831
451
80946
7798
70459
68304
42892
67102
48800
66101
17776
54888
74194
45999
86923
67173
36978
77945
77659
79562
57706
38477
