14596
10100
50605
92424
17135
88491
21476
46405
14119
94211
43384
31744
13617
59657
19492
97767
9267
46608
24274
67947
54685
56723
10736
35766
96053
9045
18785
23792
65543
41907
10373
34525
51167
41117
33922
11239
1650
44631
84496
74806
23752
85760
19550
67739
55502
1181
62216
27942
11775
6503
95608
22697
55619
52624
17924
43508
15374
95187
51356
7279
38192
73260
33576
3461
76596
7224
20166
22246
84890
1637
12412
13627
33729
69824
95782
59638
2224
92603
29595
95832
99453
56660
50623
3055
57178
68213
12132
4270
79394
32661
27087
49530
22412
63914
70834
77125
3991
81674
48709
23919
1852
30633
32617
88083
54423
63183
87613
64611
90269
1991
77124
81800
66814
3134
83877
80523
6171
23494
63518
5674
61069
52420
3661
38739
62403
70619
57991
21389
72621
93775
29304
99448
73439
43553
73865
998
87794
9624
55346
71427
34330
70180
80190
8419
93907
48296
92830
36986
14696
90047
73599
34920
93526
34981
4948
57957
47552
90457
55945
42982
72833
66938
85249
33957
9226
69970
53802
27528
61284
72616
9635
32313
64431
55195
29367
53131
47854
52654
33614
39368
32341
48623
77227
12713
69113
51977
56843
33477
27033
27222
7076
23553
41522
35987
17824
57126
89400
91750
89371
6458
38893
62807
66029
17992
85659
27179
89047
62873
80117
87906
81076
2782
71676
12525
4755
19782
64095
3866
84158
92800
37258
77003
54574
91241
34554
33454
46851
2932
91782
30229
54154
33697
26798
77889
39962
21472
70602
65412
52179
49936
54837
18730
94914
71619
68638
60817
22185
61179
3795
96138
38017
40604
17060
32959
21735
98244
38141
22404
31939
88575
31257
24412
87580
5636
24669
9791
59131
86723
7597
91967
43841
8482
57098
14816
11273
64919
58705
26214
62395
41659
44086
34693
65071
21618
29311
21782
80067
37025
71672
45518
4520
78136
93396
57335
99397
6202
33325
77036
935
23151
95462
74355
47355
75108
4663
83435
43823
5577
36929
46472
29353
21251
59421
53729
93373
64935
31465
15437
41281
86733
81462
90777
40512
75300
27999
71247
2717
76718
60431
35428
22695
24422
56154
50671
9946
58444
45764
36219
20404
30647
80846
32646
61746
31821
6249
27435
90248
50559
17437
55972
87156
76385
