61503
47431
57295
22112
23323
82152
82595
23361
23605
24939
40053
55339
53932
10131
69720
49218
86993
47225
86292
68380
31764
44127
26756
83372
84567
76259
36838
27826
60713
77763
24656
80171
93043
28810
96190
14326
68898
38261
37850
29988
95586
67366
90116
35345
30500
98674
52294
80225
3365
59793
4798
50287
43394
97917
37090
47418
24958
65027
72609
2603
47830
57165
47720
11180
11089
75092
34559
11826
66262
34630
14200
61346
11444
38484
78074
52096
54622
11275
6149
52388
57294
14748
72574
8662
84551
95947
26803
65366
64128
73281
94857
11376
2795
77022
61551
50519
44349
51039
89313
26682
41580
12564
68799
67033
82186
54016
26118
57193
17696
7973
12929
98975
20272
98552
14282
32424
35090
43624
64600
99395
79495
21161
47191
19766
95126
31548
20487
17848
72334
84751
67544
79629
87047
49230
92606
68534
22633
87052
32795
74184
68802
13551
55951
47612
88370
78930
32996
45878
52694
4737
28315
73250
77141
73539
35172
24928
55519
78448
38282
82133
64136
98149
40804
67613
28055
18462
89682
33256
27246
21404
34057
87280
73972
15372
56450
31380
89861
41094
48370
38876
65544
71453
65525
44617
55415
37438
4849
4665
15957
88564
50177
95149
20556
79941
29267
85412
73733
90110
22867
22023
41223
16057
62595
9523
53386
32634
74061
10969
59459
92759
45849
68416
35792
33309
12115
12576
60799
17818
69752
88379
38370
73432
39744
56642
52007
52443
84990
80699
71637
72727
82654
13616
36864
55147
23945
28353
21859
71334
64616
64857
9728
98088
1014
51693
71766
37886
32819
72640
20670
91718
51468
93205
38462
14428
93463
84494
37412
62509
54650
80952
12430
12300
31415
82372
85576
36058
10277
28062
36466
76990
23623
16340
25980
34981
11887
92515
42791
75528
60655
94094
87295
16280
17369
26148
60520
36466
70775
82621
65716
57776
17794
58295
39087
24205
14180
14494
93445
70695
29796
67116
77612
78568
43855
58415
50593
92981
73913
20260
10839
72512
67696
32731
94373
81788
67205
84466
72376
92369
90891
57032
9397
32617
77957
83988
36577
31935
23635
22767
40373
29838
76040
54614
66499
14914
60654
80235
60179
90378
39717
1923
27592
29859
37133
84546
11534
52297
35283
84861
18793
54343
21077
43165
61495
18258
65563
82953
40491
18726
26910
66086
65114
41550
14213
68601
42536
76385
67407
80972
44211
27985
30036
8087
20686
63365
49171
571
9350
45580
35443
74895
24415
33177
84254
7957
43056
20885
8627
3645
61466
28489
9702
55252
90428
64671
92408
42229
18450
80052
93603
38692
77623
63604
65474
83928
23931
2218
82164
86715
73569
41575
24895
95651
51773
29271
48699
67210
68107
43025
97568
76581
47051
70015
7838
40958
60535
86496
95340
30287
15614
19432
85026
87946
62312
38554
54658
17013
36339
37509
1553
622
56717
20824
77042
99870
52871
75657
33076
98175
72495
81547
8658
25899
78070
71641
33006
13003
36929
51911
34962
91392
75398
73683
48110
56239
74558
58511
59375
82327
23897
28594
64673
25788
16663
52953
52189
12251
9100
46432
61054
4291
16473
52044
72756
64847
54051
14171
77751
12592
32262
11230
44836
35123
96216
47977
19892
22437
91282
23292
61349
53097
69440
34037
42233
88585
90172
72895
2523
4834
56873
32278
90656
99027
85262
44279
76825
54035
42257
94609
39081
21403
12717
36345
40500
59924
13299
17262
18007
48557
78791
5224
8778
30771
55412
80302
86922
56892
48940
14791
94847
36517
32918
40670
16841
51794
70625
61406
22260
14664
59022
55750
60447
6881
58263
92783
52519
69195
21740
82141
96925
60338
69625
46805
29943
33289
81572
27248
45576
75364
98758
69040
13708
90003
23972
95653
80115
53910
46692
31067
24826
38030
55531
81493
15195
79930
45563
51525
52246
79023
90613
80629
81766
96107
9778
37055
62522
79901
56878
13648
75885
51999
24816
71971
73589
72206
30831
71410
47651
54154
32797
99955
83277
95199
53241
90296
55281
82738
30849
65154
15991
62030
10602
92846
12727
6662
79001
18505
3335
51161
29717
38199
643
21538
89052
41332
46442
31258
48647
94341
37517
34803
23542
66252
60376
12193
33286
20392
22665
29893
99014
63815
8870
75354
40282
99830
88223
21074
80014
56775
87795
25917
77560
15024
6309
31737
87528
41197
86588
39624
43029
73263
83760
10605
42360
26006
70417
66655
30263
14315
93040
71009
10699
15658
62484
32552
92886
77272
72333
55831
22261
42402
28942
21010
16513
33972
49619
18900
49076
95658
73365
13501
8544
1522
93185
14838
87430
86709
63943
52315
34465
45656
21248
2259
80648
5459
59561
19223
68917
55631
66160
8089
54680
71441
69768
55691
77295
51014
64326
88021
12494
84833
48826
89089
74845
77935
8547
50496
64586
64023
98901
71143
57259
24591
94661
7055
75107
89812
24711
4920
87630
44712
61937
38672
36019
54842
6610
6426
12659
59239
97574
71099
15764
39930
79619
17606
8731
39620
76639
25050
8249
35672
24608
73334
86234
89376
90925
21010
6563
9981
48573
36988
42087
32842
65545
72789
19024
26445
46993
80807
81185
35183
98167
44459
2252
58953
84933
25724
30727
11310
93557
55308
36948
71077
51193
80915
94699
47837
78897
73324
20802
9376
83427
3846
39084
60182
42997
34035
14307
61755
90383
9222
89023
58460
1680
42969
61079
14771
49848
66664
92471
743
91145
24316
78080
54276
85678
43242
50543
54886
44639
19849
94545
66680
48060
22367
23073
82732
30688
57695
54640
3505
8774
75075
40434
