67284
98969
22503
2192
41477
83248
205
61677
73846
85579
72933
50567
62539
66564
9826
49830
67051
97096
39997
17467
62552
73030
68756
47153
78587
69755
36604
87377
88989
87724
21634
407
46072
17259
73082
42730
50878
78280
5175
73668
91089
89508
17972
58853
16913
53167
55179
71861
31056
43740
16687
59586
34739
46857
2274
27232
79707
92010
54795
19541
24610
5585
66612
14466
33981
8071
59268
85552
17956
85408
4979
83256
32354
64076
94151
47190
94461
54533
6177
29421
61711
45908
61279
90597
6769
64098
56913
7821
58991
30257
13506
94252
45534
75947
703
14891
64965
40125
64057
73548
80622
75800
27068
15958
97731
7232
60101
91593
56929
74268
84067
60089
82060
35187
79659
81680
42671
53451
23790
38252
82795
90178
67381
45087
52331
94052
77861
63015
63972
51101
21856
30686
36266
4174
56135
24714
58378
30182
55745
79934
98736
92952
83686
56288
4667
45547
93480
67219
13700
53652
98938
90850
69247
89655
83541
29172
79504
71908
22835
85000
47045
67863
37167
53611
21417
48682
74352
89845
69672
38955
92941
3777
83999
29566
9098
19714
30506
94406
22517
44525
11779
68641
13566
30
16609
51551
591
44829
26021
33139
58665
45324
40595
56431
11933
51422
25339
63531
38376
74124
65466
48035
7007
75890
48192
42617
41424
96496
61044
36295
92084
5998
18347
49712
85638
77965
7168
75595
81906
47387
12700
48486
88577
67250
40393
65335
45864
14640
59299
7910
49782
55910
57656
93196
493
529
5038
70642
50167
40492
28632
14288
35741
78587
65043
50856
12970
81609
61846
8204
79551
69514
80825
87959
74481
62222
37140
92767
89764
11570
57578
83667
42631
77888
26610
18005
7920
8285
51272
5563
96723
75525
15243
85539
14092
36485
95308
81159
98250
27606
57169
7497
9960
100
90665
63996
43989
97747
71225
48079
39154
38663
92677
74484
17332
99939
14322
12260
51904
24375
62444
72195
47318
47045
62936
34129
59
1158
71707
39543
75258
24331
21866
3759
89222
11390
36881
45956
65617
84236
5865
76511
84374
34591
61220
90146
39235
6836
89495
98930
52931
84037
61545
59185
98363
36929
42271
33022
87877
1893
17551
77977
16088
84773
37056
91605
61168
10693
11673
85663
82441
37906
65372
71103
97539
86203
70707
31780
20658
90889
12900
7271
885
87459
69366
91415
61459
9155
74126
87542
76675
42941
90318
24738
60794
40173
70202
52416
24546
36392
23760
22299
67265
84872
3297
18236
89869
82432
89288
15388
28275
14991
49470
23340
73338
51232
23858
68685
56222
91750
87922
58815
76350
66668
50813
88649
77700
69322
51281
51218
93883
43933
69390
3485
75927
65021
75007
94850
93859
31369
7501
71170
17681
53207
29081
56723
11852
93056
45370
12554
91396
47373
74105
48016
78043
21732
38563
9890
29580
41224
25280
79879
90398
72567
98826
17460
53051
1525
43571
81429
25613
67987
25969
55349
17113
12475
67369
42064
43722
11946
80654
1384
65616
71417
60124
70554
61322
15132
27967
35767
26715
87256
56000
60875
853
45895
35884
94375
2413
61353
33412
36528
6973
1615
52527
93134
54155
48022
80413
62310
7297
45347
31599
71174
78271
66149
23243
42584
82700
87493
45971
11646
32449
65897
93789
61802
79366
65184
17156
36908
99655
37502
75884
45744
99818
92198
20402
84631
38650
73353
98972
60466
26234
5091
65712
87694
23209
63756
18885
147
78460
39365
95678
7237
41852
82713
7880
50085
57521
20164
91303
84476
38194
9791
51972
69108
55411
64691
21648
26515
25386
57261
58852
1325
69355
16058
78394
18549
42728
17925
64730
80089
19015
81189
5643
46026
34735
75258
15666
96384
73110
17659
84785
27166
62862
94490
35183
7360
1358
38507
72858
86437
2767
8150
77355
66833
19460
51890
85315
35474
3142
12117
45564
79423
18691
34192
49007
29444
61785
86641
23062
89095
75350
73056
16534
89627
8170
15996
41156
83951
13772
57293
89989
163
48985
61397
73684
61835
20903
4048
47382
20001
49155
21336
85763
78851
3250
25906
1501
33019
37905
59425
28690
88615
3830
74160
66592
76161
89477
83493
27609
16007
34897
1893
23523
41308
42950
34822
38459
57463
56209
84474
14831
56341
94526
52598
91932
49623
88766
47449
57686
5495
66801
91516
54700
14850
90067
10501
94704
38070
30669
49325
81635
95966
51468
44
41950
40162
91274
82889
73430
93618
86074
89800
14429
8166
57150
95375
11970
77567
27157
13968
66992
97294
63792
24328
71364
77262
92518
96227
36621
80432
82004
2328
38230
9782
7115
88803
58745
92860
45958
98522
95405
21761
33394
44392
82804
46195
73188
37184
42710
8926
29238
97441
32102
24950
24737
44602
1642
98352
51158
82411
31731
93156
19086
70931
98741
75852
97707
5661
56192
82511
18658
87317
88216
829
33435
36604
87168
90084
88622
21541
28799
21757
65874
15278
73447
88048
77124
88702
69989
71471
67428
27948
6278
12141
54311
77177
66734
62903
76963
67078
51547
18433
589
8030
61651
28035
77475
80329
38292
62055
25807
35580
86283
13461
46478
41259
14314
82121
62640
65716
52860
98912
62593
60940
93106
85917
65772
98516
4620
49189
89462
32187
49233
29112
79163
45901
44051
38681
96893
27230
49570
5753
96504
87211
4361
3238
21316
45875
3169
73078
84520
72810
85894
65496
50955
72661
71652
22209
52186
71155
64715
36203
51616
83700
96101
6649
50467
75632
1245
29712
66556
64272
83740
68148
30210
28362
70730
17369
11250
78341
41736
30248
60184
76905
8347
98808
17585
51160
28001
5115
71960
85432
6470
45478
34262
24112
46875
9655
73863
78736
75940
88046
41585
1911
17340
32950
77957
78076
86087
23235
5189
23673
60500
97042
29517
82040
92956
55797
45468
52108
47863
10802
57161
82796
13151
36019
51192
57388
92107
98241
76600
75009
29488
93263
16085
38851
52239
52936
77384
52205
90546
56080
11598
34174
48274
11012
73917
80131
22304
50984
57745
88992
44563
54283
10741
30250
99154
29858
18368
9542
72216
92743
72556
8313
24622
8296
40016
23477
76915
65567
43048
92861
60876
9542
79149
8912
87751
80603
49842
62346
12136
61845
97672
16532
49189
91883
29978
33519
35463
17344
91875
99657
79426
71200
21212
5111
13179
