65471
39987
44482
82821
28591
24888
92906
23690
42602
89769
98919
71909
41303
61564
73365
98715
54741
9706
27894
97870
42150
91202
81174
53827
38769
80132
32071
10142
53187
84357
38075
15346
22423
53417
61067
26592
28961
41175
16966
38734
92677
74157
19053
15633
42748
42591
99412
57911
85900
77606
77156
16657
51331
99781
54947
66464
30237
85500
53473
97560
27861
52848
82123
92170
44636
76181
39993
40102
72055
87739
74607
83182
1339
19608
55219
38614
69304
54636
34972
58673
90390
32959
27759
29724
51998
99548
49606
99565
36794
78700
74093
45290
67870
52633
70062
93420
51673
49234
60407
33007
33782
56604
8479
5196
35129
90142
72434
66047
20265
90728
18175
57901
12222
9393
63890
65716
60290
54579
83165
11644
95768
21975
20520
76905
92772
59686
9631
62208
1537
44960
24945
37325
99048
45800
35026
73884
27256
90415
53132
57531
85977
64036
14390
45754
69761
43189
61051
51189
6272
18810
39879
32587
72181
7041
44872
50621
54025
72936
866
69058
17529
89
98143
39637
57547
71420
23397
27262
79232
9719
44529
76999
73030
72718
31581
66001
38451
23379
24514
2970
29041
81477
41952
74825
45828
7737
43133
13156
12515
40994
70489
76091
25047
49374
3198
56891
40120
84860
3206
83686
57519
95565
2263
39144
71506
55982
53770
84357
44173
96440
14529
87737
40021
17694
81424
44676
56797
57970
79145
51452
24154
50766
94710
32011
91897
55568
5031
54392
40477
81280
23033
2850
3569
96676
80086
53762
58572
95152
58821
81341
59249
71772
26032
3464
28701
59512
89283
23095
42602
88111
26059
59141
53341
68187
75913
29959
3306
66800
66470
33777
77822
9642
55343
25305
95301
63577
824
64367
89318
19076
10937
11195
62931
50653
4857
39233
63534
90914
34679
41751
82912
60367
61324
39883
89917
86480
16027
57089
70635
30064
74750
84921
15228
42992
52808
23066
60798
98259
77897
77315
96503
68446
29361
63920
61761
83148
26625
78907
38473
91749
66206
80915
98263
50146
81561
42593
43003
23390
7542
58840
90669
19325
89845
76253
35927
5892
36809
34691
30450
64214
9168
82926
84192
71066
69812
87445
36870
64111
71956
19012
24185
76473
45783
48230
71637
70226
56329
97718
98149
36014
66486
97601
24582
36131
30234
35942
56199
4656
55227
70701
32553
5656
73250
71339
64577
4946
27585
15164
64003
64109
39717
1708
10302
50714
24254
33445
90159
58571
66504
4207
14738
8034
37128
91620
10760
48065
98809
26342
28791
74798
88751
85222
78865
44693
27209
99013
51995
47350
84637
40988
61470
94165
69592
90633
15412
21112
22729
3011
8061
92053
88632
81326
4281
60017
66968
91200
44194
50931
79184
4121
60152
49884
72080
16453
30487
84885
13457
63001
32902
76829
28082
60733
3240
65575
92069
51268
39573
83247
87010
23196
45469
72131
60987
75901
21793
61219
76440
90262
90799
1381
16940
11602
99506
33652
75320
64163
48091
40320
46508
45196
79880
6572
61175
35025
47284
82932
90167
84795
94799
31284
78204
24763
88991
22483
73030
72569
32363
9497
24098
801
64291
9123
30611
74845
82789
88286
76918
19396
86264
97388
48213
89158
24222
91195
55045
17139
54519
66335
61828
7687
91562
36351
33058
91577
79645
43048
89744
69375
51944
98802
7721
76307
42731
58025
98589
23956
12966
