7904
38822
65766
87641
35084
39710
84773
25287
98234
57444
38490
89581
36732
41450
29031
7364
73396
25462
39803
48115
45698
30398
80707
5571
31509
58774
76786
95707
91287
17279
11798
92973
44738
89070
44998
52084
44442
11360
22980
19634
80028
78218
70587
25145
7850
44347
25111
30926
57372
25422
61262
804
17626
39150
80884
75494
91512
95141
85978
82444
91270
29471
14870
11730
53057
124
96090
23957
37570
29473
39487
37536
58477
92388
8878
16285
7001
62668
30472
27102
87562
12700
44183
55946
59883
28685
96632
40207
44807
51591
62819
62159
68118
30592
45351
89293
1976
22902
5594
16934
224
72088
38751
79428
328
18013
43683
54837
10113
71809
50159
94844
84090
48122
65057
73745
90795
41139
4816
39636
40113
57843
36982
38228
86934
56237
47942
37954
72356
50822
42353
14088
80047
10545
33376
42821
76675
32996
45249
77057
54072
52845
38763
72823
91153
54450
9496
6208
44880
77207
72519
84539
99834
52909
7200
9121
91847
15563
67385
10720
67684
26963
55461
8896
21395
81367
85034
14134
51300
67649
37655
49397
90470
75494
80477
40012
58033
31621
42740
18914
86668
80369
13053
76613
96511
98817
59530
86256
63929
13233
4958
38713
31153
75417
93529
81822
32303
4687
76863
95819
82885
95603
42389
20065
35291
17190
12330
31372
60970
84724
10999
67449
81742
98302
1851
25253
26695
60544
24186
92262
96965
30845
6546
21572
62696
819
71941
80655
22463
36340
43230
42523
72554
84100
20397
14309
84779
35092
73400
113
99844
13919
34116
77417
1007
35939
14724
59611
51503
91923
92411
97140
74420
31430
37062
80354
73378
23926
12439
59580
35820
14444
55488
56486
28038
23059
48482
12611
61478
35135
7152
7056
96781
44253
46970
98869
26661
86493
37887
50846
43626
6408
563
74247
21896
96329
43532
16872
62640
57748
34238
17131
10891
50616
70758
89794
13602
6842
93786
5722
71653
26368
51367
99824
91396
48714
6526
83209
44809
84762
46272
68635
19106
4696
38174
73785
66422
16929
21026
75441
90696
69417
62271
60529
75690
83335
70137
47047
