90428
76827
83746
72856
47971
20846
59114
3684
22412
78853
37009
1001
29499
74500
76109
17978
50939
3681
80950
78497
64453
26738
75400
6832
29026
24822
70652
7250
48592
58616
26951
60240
30310
2237
12473
39062
96194
70394
66151
68109
69801
14646
53508
80884
73288
11007
90001
92506
95360
66675
67596
42907
18074
63130
90892
72613
74828
91695
58639
17001
40525
88359
7512
66054
26990
5773
30151
40424
92658
46338
87800
4426
85729
94256
9242
33002
54709
64561
50108
33589
21345
36001
57154
56380
49030
21051
4934
34585
53849
10074
14258
39812
2485
75956
43136
71099
26223
13875
95012
11778
45591
34781
42358
91974
52037
65790
98437
69432
5223
88087
31705
59380
63487
97070
6905
58271
28594
67219
15030
15074
51841
61372
39676
12714
81126
36174
59892
69700
18188
85783
11153
45121
25645
