5173
45911
5474
10791
61146
53122
54
14139
29346
15085
36170
91974
58467
24081
28206
50515
73511
63058
78859
46744
5482
47282
53864
58821
66627
68208
33764
63785
1058
85432
15632
23612
45852
19956
4202
23279
44290
57773
60312
39548
69118
30717
45375
3061
60146
45121
33554
34732
31551
69198
69582
33177
85577
50999
15915
78625
99571
29644
16709
24513
78726
11819
40627
97981
8644
88374
58814
52354
84964
40455
13207
66627
62352
17191
19881
39031
68985
90372
24831
19270
70388
66979
87027
16959
29500
93461
39553
47433
76749
85594
31473
48784
82117
90213
62409
78968
67130
21469
25045
23407
278
85115
76579
22995
62315
3759
