69782
92493
76689
74567
3770
66492
94910
99673
54905
56651
97390
85243
33893
19683
2560
36675
78740
36711
78971
16911
20186
54940
51033
79402
62602
22676
13572
98825
91804
6411
49478
59114
4038
67922
32212
67997
82083
26454
913
60793
22176
99060
37977
58569
38130
27111
43204
17846
42786
76986
55210
91922
77618
90720
80361
82683
6982
47491
59053
69613
42233
90008
16893
17501
30983
15195
85550
89696
76147
63042
5896
3305
58662
6630
30923
19277
91548
3475
13017
79654
99105
621
37256
52115
64408
66315
27134
33639
56639
1053
1979
67660
30744
97093
82737
8086
649
13472
23985
10369
71948
88168
96523
13331
57688
25893
80585
50105
88675
12825
41497
18180
51928
20362
27295
32439
84584
57850
53303
31758
46594
89689
54285
40757
77669
45563
53115
80726
18022
88320
38930
74272
55571
55090
70086
92120
7521
2282
65808
935
15402
59896
49525
37859
82267
13173
4557
99869
34207
97495
41065
55204
82464
29573
21363
37209
59930
9490
95604
60782
33868
7797
45001
15338
85462
15816
16806
57555
95756
11622
26773
70418
69715
61539
55998
25239
82999
23741
10103
98589
37447
57807
26583
64134
63282
39957
45901
41718
40420
26504
49492
84935
55917
77208
85525
74035
64757
37697
59797
75499
70589
52951
22151
83377
71436
93093
53673
60832
63942
37146
1077
6980
11426
46078
15846
28290
51853
74861
40615
90256
85290
14152
50472
57446
57823
1068
57439
53141
17383
58452
78303
89202
69856
33037
34179
40779
48208
2141
87096
71222
82880
10993
66285
24291
43905
90250
75945
60254
61834
18856
6917
56590
82994
30522
63510
83596
55727
67242
3713
15708
5637
40467
18817
48474
72014
98270
61084
3397
96916
16891
92429
10216
6864
62256
10018
74706
41499
59118
73483
89563
42675
24750
72504
29418
23090
59540
51256
35654
13559
88098
10548
81993
2945
94695
84157
82222
63938
76410
88922
56318
11213
52656
61187
33841
54332
27172
62927
84033
2589
24487
50151
63081
66503
79161
14894
17641
81517
16797
9988
77067
24393
70268
50709
38047
44709
97536
27366
35383
68772
18291
13178
87219
49370
35378
76727
15518
14545
48881
27167
78285
89701
55471
77448
19200
97586
74274
89362
56337
20502
68199
76794
36675
76234
31464
9704
3003
81395
66105
92053
74806
19821
27480
54558
33642
99798
39879
36408
2080
69122
3730
861
71796
44821
90511
69493
28070
64156
29155
14
39108
76737
76004
49507
38255
31582
83595
35398
24143
70013
63722
49293
37773
29835
33144
35458
20408
91139
23254
30620
22749
36523
19905
30569
67758
64550
65362
5176
4351
24447
66855
93413
32637
12091
5697
47961
57209
74964
78687
44400
8513
85072
59236
50794
69739
62755
88093
29839
98553
23060
65208
22019
65613
16332
84018
44735
35828
46040
71320
31054
8950
31219
93930
34903
96489
28692
13912
26038
19483
44873
52808
18836
64624
93582
77501
16621
49061
40829
2981
4210
60251
272
82078
42136
52247
95735
63251
24671
37391
13985
53330
91426
42351
81517
6616
5633
85664
12301
46644
28598
42411
77486
68770
78849
75882
11953
98572
41778
44323
15357
4258
62926
68442
66164
83127
73224
37466
77908
61580
48493
91273
79799
42310
80636
10999
53293
69344
34953
41359
9151
95218
70947
61574
48851
17921
90640
38155
54552
32119
4760
3199
72764
98757
52453
45675
35641
6747
2043
39910
52255
28697
98196
30172
82079
56414
16633
46522
78687
51943
84636
37480
6231
31857
2600
4354
77907
35716
55564
42363
78708
6419
86214
42657
9061
98513
55341
82046
93869
4035
20491
86910
48622
70553
50443
64455
61010
66220
26978
12088
59279
71033
10920
29300
29646
53674
77488
2660
16392
288
42216
366
66431
75739
6900
65275
43981
62538
50704
61654
91207
58424
