14750
5185
52934
43048
82776
74436
12085
8451
38328
58838
63614
32653
88928
60341
19417
29674
17683
3023
6563
11278
57538
16350
86280
65651
68978
72786
74796
53790
19074
65451
417
9236
30221
8397
26545
35519
61292
96041
13169
30486
60471
7634
3318
65547
15983
28692
14460
20530
36296
4515
93240
24083
53042
46224
60319
51656
55856
48034
87462
20801
97220
26317
95421
80240
53001
68006
45520
30084
6857
51498
394
23745
70698
90453
84974
18856
17088
89947
92110
46369
94536
21056
90207
51941
49394
49128
66589
22042
58286
74932
45408
43669
19707
7190
45552
78382
15450
71358
82014
64481
3892
18650
49875
26809
64647
86741
4593
1102
30167
9553
61500
99918
65076
91082
66644
45699
37581
6086
135
80602
32543
37525
73255
53323
75523
72940
71179
65085
49063
75282
19171
3278
92268
88378
18518
27831
46844
90584
87910
62467
56320
40344
36303
24195
29632
13988
93266
62989
18507
43813
51447
44883
30816
19519
56555
99103
61762
99526
69448
83043
63875
7190
38302
21772
22680
77876
26443
20689
21760
18376
49685
27310
88323
99414
98300
73502
3307
95297
8709
68317
68817
68432
7635
19457
9618
49719
11128
33781
36268
46999
91451
70357
54305
72676
34724
93961
42805
99096
42803
64606
95234
38631
61696
93248
74250
81738
21100
26264
9915
47660
97792
32669
48871
43282
19027
89293
95433
91545
41743
56100
40431
12726
85932
9089
68887
47407
44195
63042
7601
52237
29500
628
67629
8588
37864
60213
63776
55766
25855
29507
21508
81921
8350
35016
3469
10303
64568
59294
30425
46756
9856
46159
77885
73176
30603
37023
28645
29681
39823
94902
58784
51104
76323
15307
69265
96311
36616
83590
46566
17633
47363
1263
28040
63425
54625
47062
49533
82164
89159
39666
41556
15465
25580
10830
16600
90266
43547
79230
72375
59358
3959
40464
60737
80241
73797
63909
88863
63486
69409
26055
97943
67299
61248
69476
49993
8157
92015
48043
39673
59783
38448
75139
25588
51766
9627
4223
77529
91811
23712
24692
96124
6350
29998
70602
68000
38571
53056
84572
51580
82821
24568
1311
36208
31657
46965
22849
13278
67558
15020
35945
14944
66757
55457
36185
43268
79000
4250
33562
67188
90234
9229
10278
39180
72742
38788
90272
58926
35609
57155
71334
65129
80582
1876
39669
97272
93521
53188
3524
26733
95026
40057
13487
79699
57677
40199
9791
53746
88725
51137
40675
99983
64564
90403
55892
55347
96208
9274
67751
58237
56048
62482
958
14293
25266
39344
34323
49715
37399
55741
5208
41701
51136
21549
61089
91839
87076
32593
84785
33277
67567
71124
49207
92022
64694
70945
30427
81071
10980
46573
37657
84575
13363
94736
75225
68915
13886
83060
35983
52471
50826
7154
33821
16552
87775
92828
2987
1390
64966
51560
40765
12921
68465
48733
26439
48143
19079
59283
46422
88128
24247
14636
93920
67538
74042
84439
26707
51944
99182
458
98726
33127
50513
40003
10323
5791
27934
69111
17317
41748
35307
94926
67512
46320
86472
89125
71855
30334
18174
53995
61713
86779
51609
61588
77760
74612
61784
74810
90544
16087
79811
42099
37829
76984
36265
91552
59375
82210
63985
70076
30785
87559
54173
51988
37104
90738
82179
32251
21749
22908
1348
55465
80223
64721
39348
1278
81801
92054
99351
35479
81333
27236
44975
77701
76502
24047
43540
59513
4596
42547
62218
66418
51543
62269
19653
6435
58979
23956
16872
64640
65653
91400
2239
32921
94689
90658
39727
73836
20877
78566
16605
83299
59543
10813
38221
70063
15599
69227
61400
12474
55189
29803
95161
14746
35000
35203
50079
54257
71128
7997
17038
47434
96602
31192
24372
14842
46213
80189
91079
19320
2461
70002
78067
23035
43880
77273
82017
7534
32727
30210
21845
39212
24817
93288
43061
14420
56197
69534
26786
