92668
25836
20122
88054
72369
64122
60078
5978
84878
95560
25144
92089
87782
9310
71967
4324
75935
99293
63607
10876
87252
92650
15094
78015
56538
98207
7342
95066
23015
724
71414
11057
33851
20435
45726
3602
36836
94610
48571
10971
84173
49631
20774
47937
54898
40732
64901
63694
75060
97579
54262
49456
77645
41785
55549
90944
40416
61006
96591
48432
67099
94922
94199
52937
78056
38147
21480
8260
23028
20872
84703
57606
57548
76782
26782
16907
54571
55278
31571
2558
95362
90757
96217
64924
38666
34642
6409
24191
73675
18803
15209
14544
32760
85633
82442
62158
61516
65315
16700
72041
59537
8932
18756
26659
45778
65160
16398
99777
97966
52982
43447
99755
28493
77619
714
6729
92922
86663
4358
57517
64405
24022
23234
93601
3054
33457
90331
47962
81589
15172
89266
39561
78461
42936
3213
14386
78043
31124
97065
11838
55604
