59171
61300
44172
81503
74663
14976
6243
31422
97817
60027
43484
20778
17751
37736
18008
53403
13834
479
59076
66969
13043
5621
72068
9295
17311
40928
65522
87165
36512
38768
54233
60378
36571
34035
4288
80233
40008
91191
93682
68806
79870
28244
93751
14395
28838
61766
73730
44986
54905
55100
39752
99829
75303
78495
26746
17136
95640
68094
16306
45151
23802
40705
2296
88652
28993
67985
88564
44182
50356
2439
99806
82842
84571
42260
47621
49751
40735
16981
95060
26235
30744
7118
35256
40747
14928
1410
98289
93343
69196
38581
11997
32894
37826
24888
81288
55844
46501
23646
5951
26995
3569
86893
57850
47109
45907
36103
59839
75571
78354
51263
59913
25868
58237
52829
74144
96054
17359
51379
3325
89579
542
10716
10020
9154
57690
58186
5496
77665
79119
10446
67101
24267
47749
97336
70185
62012
96536
20866
97832
14464
89594
52046
17000
13731
68741
92695
77327
98355
99002
72909
47066
21410
25208
68437
82479
75866
36633
83337
4389
74793
9819
26626
99192
58113
69622
95619
7038
96682
80384
63133
43018
80052
84077
30896
54824
94665
81193
66805
61226
88088
42577
78522
74841
7965
73877
14475
78272
78198
25668
96979
74577
82655
33638
36833
44682
42713
53501
63251
20869
36333
40921
41095
73101
71980
27240
14137
3439
11853
6992
14169
45634
47280
5821
40415
34477
36102
48632
26610
27091
10138
90507
98212
95052
86442
89621
9292
80737
99078
44047
85774
48828
33010
91220
86124
44819
46786
7329
87819
23462
18429
40729
14950
63223
50772
703
27198
8135
29494
91391
50028
93943
53458
41835
9556
2306
64252
42346
84600
21571
42688
37619
42495
87458
56299
89078
78374
92763
19221
35179
35687
78298
4965
54949
4074
74541
73557
34276
70348
1918
39864
70179
54835
91757
10463
51194
93364
18702
13661
7794
92893
97286
38544
85645
92712
61605
58586
26678
67516
4706
97833
31508
39433
33756
19392
20944
96162
41754
41020
2134
79721
25382
80101
14644
12893
91840
10587
37878
972
47599
66732
33998
94758
41062
10743
55750
62420
67560
46364
18478
63140
68806
81690
23934
47547
96418
50498
91674
16306
48919
59249
64668
42336
16074
57842
19966
61924
25401
4983
58692
98789
92657
31040
84039
98266
8178
47412
31617
79597
45733
11805
99375
40429
70106
31136
82508
60268
97034
92468
58062
10353
4009
91991
48316
26065
71315
58151
8146
16522
76221
1532
47874
98686
53303
44160
68221
46320
85420
10443
18498
87759
14258
25879
38916
47360
54172
38862
35079
65051
80042
28317
5297
24382
77334
7461
6764
93388
26150
89299
912
31543
39154
50848
70705
847
43859
11971
89986
51320
8493
53021
92346
8227
74727
93898
84799
63204
37322
46521
56243
41028
35252
66498
89628
22598
92758
24006
59603
16897
86658
12032
19383
63980
74282
21411
53974
22422
34278
98562
69339
45929
12172
74174
95832
96899
22724
21045
99656
61952
99935
56771
22828
57046
48901
52010
12024
95325
79578
20955
82982
40833
68985
1838
6612
34431
68021
90643
93611
65551
73631
70272
25461
8076
33383
48404
357
2154
10717
26748
44870
12943
31112
88916
59134
27575
48007
27307
43394
6738
45946
92420
52983
60087
49091
45409
67799
63863
13959
9773
53050
88521
14612
89823
3228
55561
93908
62492
76069
53920
14305
23260
21769
64446
18346
42802
50924
54025
64969
95402
62840
11694
43043
97692
48218
73266
47678
6028
22147
13363
86999
50121
53053
38232
42644
94830
48868
93055
22657
89896
24749
44690
83583
28456
54566
56325
20392
31107
6550
94914
63848
51614
44732
82607
23311
77326
80834
25353
99276
67017
15395
41279
49654
8034
35001
39647
37235
86960
92674
13235
42065
59367
55986
35691
42999
67324
70830
2309
21121
74838
66233
48621
49096
26442
96905
25807
31561
28473
34569
83772
12004
56878
20004
97723
79082
94591
32243
90345
77139
36868
28019
11751
96192
50833
26910
59287
11389
22767
30709
6976
54587
13429
5512
44112
69962
18080
64977
31588
91353
26588
51584
40218
22706
10744
76277
46577
93640
48065
7112
27397
52720
40182
14617
66606
7314
23816
64486
88583
62750
3944
88159
32368
301
64979
60433
60717
34442
60780
593
74893
88976
64304
25550
10835
6620
64211
67085
64777
67692
71712
20544
78212
63857
4866
91393
94905
18464
18814
95829
43619
92388
13374
84747
2258
57169
5249
19154
14692
20480
99970
37014
81828
33391
86223
1883
58517
64352
38139
84768
40409
31457
91045
40215
69060
58670
28473
37517
34055
48531
30382
13422
79648
786
22927
23198
89159
42370
1014
52666
35066
35188
88897
48883
59194
44066
2237
97678
14257
22087
8857
56582
38182
13134
49354
71935
70087
9207
46590
17625
20099
4751
56579
91226
86408
17420
71143
66662
54091
78894
29324
41665
47377
44113
92994
94332
84759
1330
65502
57787
89777
35420
88242
31530
7838
33134
75363
83416
28666
76158
44012
93636
91855
63258
43292
89879
46053
84056
78059
97261
13240
19698
61611
58541
61541
80889
54868
34604
68757
69750
54488
53441
51265
92945
67951
14937
39845
64992
91403
64459
32029
5876
67476
32711
55575
16167
