35577
21717
92481
80374
6994
50991
78313
68079
71234
97162
49865
62204
35578
44482
83291
34013
36769
57778
43001
2047
17148
98688
97624
16345
10037
90289
39730
32524
22751
62877
33945
4809
34480
98394
44733
13808
77628
51305
64774
21605
11444
38605
16908
63979
63700
69170
16
81581
79698
43844
60313
52946
35503
75909
62672
94022
74482
76097
14176
54321
38851
48053
6526
79658
66115
66627
56707
52139
77325
60556
37252
77006
96256
22037
61819
66463
5326
13871
37293
60053
83023
27652
43812
33660
12105
42162
91232
89733
92456
48167
11567
434
99969
17051
81545
86458
53195
25768
81217
72355
25792
71354
12707
71060
67645
80004
89436
99425
75162
3897
99064
8570
42571
73698
97169
56963
51604
89930
4615
76721
15309
4705
78337
70879
26575
36277
96207
93613
8020
89746
13672
82134
76046
59200
45423
95519
39961
8656
77474
61697
12587
43585
9168
83174
53939
23753
9018
76166
77878
55425
91968
52709
53951
33488
11280
89833
67573
64960
47825
73153
42179
90292
85386
31904
95279
6689
25071
59433
59841
19943
84459
57880
60296
62829
34926
91100
69202
38743
32610
69809
42215
79994
20952
32842
57148
59049
5633
86586
94302
81392
11718
49115
48981
5919
81227
29067
25308
36764
77086
48944
84497
96696
8637
62724
72241
11147
40554
75567
11054
84132
60868
85116
99317
66578
46897
74125
83427
14104
45663
32076
95727
32053
4112
23132
78367
63023
91002
14631
719
89250
74744
86939
27890
42161
82483
43638
1262
23183
31073
25960
8789
14184
96094
93270
36222
70208
45055
24190
61031
19506
34812
65257
47289
57066
81865
56208
58172
68942
69096
54892
35019
57689
51486
95999
3946
28739
8414
16139
49372
71666
51681
79597
45882
24177
31434
645
45959
13255
81060
26583
71594
45100
82952
31206
75450
52317
69434
43340
90269
5184
31386
93211
50202
18891
97330
70022
15090
8498
24748
36172
31006
3183
5625
45740
27110
32451
98082
16632
37568
86304
63895
43019
98486
95030
8110
13478
21336
95765
70990
91294
34910
24754
40964
56221
80648
1566
32665
81138
36340
57207
55860
8097
87371
89409
53521
1756
19589
28850
68158
96204
39619
55129
19747
78144
27514
20409
7800
93516
65474
80612
4523
27804
97969
6510
22456
13474
57802
45692
15861
77793
23923
70290
23360
96678
16563
77701
86101
55145
93470
93901
43614
95991
62440
93994
8583
63106
84954
70618
37975
26649
87570
41926
30371
33223
61537
14925
41235
17387
19579
54196
44569
56711
11544
14904
82755
21078
46720
5956
14196
84454
65831
91756
86393
67266
2511
2625
28193
33129
93062
45188
58659
57235
17019
40727
75375
89783
30217
52853
76557
53428
29574
40402
16032
45436
21801
5182
896
74603
14107
1436
49278
92616
48084
23107
57671
46527
60314
64767
97026
66627
61966
32378
68541
27579
3557
95684
5530
51241
81075
86620
80374
9732
62910
89055
3893
33212
89085
6070
29081
53461
55
32316
25859
8446
51102
43881
91178
85205
91514
16416
97763
46632
23381
63761
99213
11928
82564
3263
45664
51056
74863
74961
30683
83685
54392
46216
37938
8415
30993
81788
59446
77903
65260
86628
5449
80896
69367
6135
23498
29449
32617
82546
4590
47978
38508
85068
98541
22631
48222
47521
65059
13765
48734
55636
49862
4733
53600
34600
15370
24188
19463
9159
39385
28540
67215
42931
23201
37809
47031
21500
51211
82599
94972
41752
11394
5299
62455
42903
49553
10331
39613
53113
37833
38328
68911
52747
96705
71647
31774
19889
76097
16574
57499
56322
78455
46409
68752
80586
70776
93128
42042
82362
9731
45034
69900
76900
22176
1988
25185
83884
94336
54996
87213
45465
13394
9346
84640
90150
2930
53434
34529
14755
85647
27164
43563
35456
88021
22000
50630
7048
65539
73931
25761
48939
99583
38000
42013
520
54268
47768
15876
29160
80913
53148
40027
21360
91505
66094
98851
32966
46838
90326
62536
7167
56400
85481
25334
73254
36836
91173
90330
24674
90900
11535
75798
90648
65401
61681
41250
67932
99332
20692
73649
74453
86291
40090
75277
33129
89992
42914
34690
28787
12432
43038
19770
71154
42238
72831
28690
86386
41869
77764
43033
44050
29898
85187
86940
52392
34360
80504
93743
82379
96815
8947
79845
14117
63766
87697
78164
56335
1654
12049
3615
61293
19448
55849
21565
28880
67720
32141
80699
68240
72173
74383
13593
62607
4962
1876
33180
39289
21145
86365
86210
87674
90334
93322
8837
25817
96106
92087
56424
90011
63682
76708
90722
17414
74648
71503
18270
52091
75672
84379
10780
81588
7955
98272
95895
57173
78268
948
34546
96889
51909
16742
84575
1766
82041
19257
41148
