99549
67284
3964
22535
31752
35451
8403
27543
4367
96855
84263
67816
54994
61835
21032
87579
90432
33594
93093
56060
66703
48004
79573
41809
67638
55332
31930
33321
16153
81638
44911
1947
31290
85742
19741
83920
4620
61255
81269
48913
50141
96365
48539
74587
49785
9949
12927
72385
33791
5027
96327
9011
43151
14244
89612
57784
53849
11203
82010
98102
39836
988
17050
54932
18514
68419
77727
12777
45432
59984
27656
1138
34805
45530
8512
57968
43875
89565
64332
89813
32429
14333
90038
19607
23708
54326
26715
83341
60798
7091
84060
55723
12499
62656
34283
77292
24
8788
94907
52751
59557
51623
98120
39100
29779
77802
72812
18862
7887
65057
73937
13468
53470
41745
92435
4611
10434
69169
80992
86910
52038
73644
96607
19371
60633
20007
57250
68652
4228
71013
71229
2603
62925
40943
8143
63827
5983
59778
64807
70322
57310
83351
36308
7759
11210
14255
84184
31888
33324
57999
61575
64328
20743
24602
72927
48487
2012
30785
90294
13474
60488
89462
39609
86519
69641
17080
69074
83049
51091
64303
4011
18842
80776
59048
91649
89097
906
36010
96838
3359
66139
71013
74760
52455
92047
83884
92724
58212
32515
63539
63345
3754
93449
44017
67873
6695
33101
14982
6783
5309
30465
17215
31246
36174
67006
37549
63428
98754
96575
79023
89203
90673
97248
93218
58400
2504
89788
16363
15593
75460
7158
5109
67959
45533
45148
73201
56828
84967
94495
15865
43573
12186
8581
23583
58584
90423
92406
11930
9364
80729
67212
90164
42819
44485
44381
91682
40793
88979
17502
53666
38014
80895
49507
42153
50555
50605
89031
95507
33582
96647
91810
95315
366
55530
56753
24247
11504
52496
74288
22257
70990
99243
24688
17519
46038
34627
55596
80082
87673
74567
10444
41917
75128
36503
98807
85046
17036
21071
37868
25785
53134
94959
25985
19806
71053
45237
76383
19952
27899
82462
94642
2445
92856
75067
2925
71275
77138
21204
68292
43260
53817
70485
1993
4190
