64296
84346
53448
73157
15069
67481
15551
69909
22942
83074
75106
65974
86918
82232
31056
42261
56047
50180
49865
53849
18989
35800
74275
4986
97840
37649
54916
53136
32482
10217
20644
60840
4309
19991
84776
80559
4936
66670
79859
38533
4609
65826
3774
30653
81158
78786
6279
42292
90487
71120
70502
95410
95333
1755
9980
39908
11502
11433
61282
38935
63073
35930
55318
97944
82302
6032
89319
36430
69676
14876
27867
55449
3061
51261
10269
94834
29237
80909
84834
59829
18063
80368
94156
26007
85218
4610
79929
21715
55885
22829
72070
48839
11985
36819
95314
93632
27800
31691
18213
5466
72429
78283
55510
32643
15595
6099
3906
51068
74955
35820
14153
62282
47967
66254
4117
3198
62554
7709
65310
36577
40780
74491
32342
60888
10092
21814
19733
51515
87785
57096
75932
52620
64315
9658
18917
41781
95781
36854
82572
49948
53197
57126
87366
5075
7544
3288
72690
55314
39132
81054
36521
494
16854
66558
12221
2611
86397
33703
39949
11766
55029
47485
59490
11639
9125
72354
18482
28212
52898
37701
16320
94021
54467
7662
80249
94205
46472
25621
4033
86804
69347
69953
65195
591
32740
52755
25158
27670
33049
36235
91318
37492
10192
98695
6220
47848
65050
65384
71195
32090
18549
57574
18802
96906
47658
71913
2971
39872
16620
24157
740
42408
25356
48177
94041
90814
62494
99015
96409
97992
93719
88758
8987
43753
38379
12125
86658
16358
20318
87042
70210
81866
72718
23981
42807
45683
74103
7526
93604
48719
3834
45142
88024
65311
54442
75783
43638
1267
2105
84438
1150
28450
45561
24318
585
43800
31022
75158
35841
59610
40250
66890
83078
49978
61685
11911
96315
8662
81006
22480
13152
42720
73847
6663
88350
53548
49454
54608
73460
6842
142
93332
76538
25465
78025
26056
19849
94184
2785
14653
78599
62505
88714
61932
62032
39075
14163
29329
29978
32932
70131
46946
93116
42112
57486
42853
6358
57883
11212
34524
27592
22991
99573
65314
178
95771
76703
98507
47119
3816
34592
81744
21686
63072
25077
65021
75603
18027
70983
80511
4364
55860
2480
82700
91470
80322
34711
72583
64930
46950
65172
10526
15686
34617
94316
15110
50995
41972
9599
40484
3197
31850
98123
1189
97977
48185
19497
81019
42489
98225
15052
79436
33028
93829
34162
51283
91733
12394
10443
17661
26367
40050
96183
86100
40623
25101
68225
18293
46380
83670
2705
75104
28623
62284
82514
60897
70451
39017
43862
71664
15540
77553
87188
15462
72163
12811
8033
19652
94047
95200
74051
36119
34272
87574
5655
55735
2921
95427
91819
47785
6401
82857
32758
42290
52478
71005
48815
6905
64520
48365
42507
1295
76439
68856
21792
45266
62966
39932
24232
61923
12431
20561
69552
23788
90791
71878
21699
83657
78177
74346
91977
2782
69962
18903
2750
21268
41345
73703
86091
89313
39275
72728
5967
90997
36240
65620
44099
51562
77181
45097
24467
1930
39118
43341
12974
48924
44668
20701
21063
7074
92579
28109
25682
26467
17676
70835
93863
10705
19214
17880
99936
67970
40249
52702
31374
88652
20724
11463
67101
26182
35045
93958
1870
30153
75848
32685
16025
38295
8942
95006
18186
50952
28535
74757
94965
28607
82748
94720
3360
80230
78493
91022
60288
32902
76107
87146
18360
69836
91160
82136
9048
80361
84189
14853
25954
3336
74029
69981
41390
30465
14129
65897
994
21257
67428
27819
49060
20214
32448
39793
75804
91372
43580
26616
22582
28999
82164
80201
94669
51265
90392
73478
12041
74039
29595
88813
23208
54246
87322
64122
72685
73896
38369
43326
53335
69650
62545
56711
14685
14172
82732
23241
99491
96177
97908
80751
35407
77484
24125
60997
52002
79873
87696
54788
92425
35240
61702
87710
95893
11292
90600
66991
81609
62065
91265
36498
11715
98309
18813
91731
70435
57440
64167
27820
55230
24606
51685
39557
9491
18792
33555
43559
79871
40879
35200
88069
27745
7916
39543
89111
46217
43288
14493
87233
69152
5851
36505
20253
90662
4542
43489
93037
27227
88315
59487
73646
32626
35195
9687
3104
71737
50203
31780
13756
863
20127
69587
6736
9245
85424
68507
57888
96963
1991
66185
31432
57255
47847
35108
41267
51913
74282
10929
85416
40214
64158
63399
17299
39075
8656
92498
61635
72565
68379
9157
97228
60784
72465
86402
12646
48465
27091
13043
17331
78907
45979
49640
67270
72256
75319
53902
2049
41743
56186
87349
24385
31081
69531
77438
64898
11706
35301
89226
70761
43081
41249
47922
96669
64567
42855
48456
73339
61121
21853
76010
60664
43152
42852
99689
21917
57676
35286
43522
60286
94037
33142
99996
70077
41180
96049
49161
31092
58550
12326
66837
366
63236
82014
68809
44290
68395
83399
47092
49076
2410
16782
52016
15338
86205
98755
23751
83453
55365
90852
91310
94680
34942
63895
50345
17852
41609
4634
83615
67137
29523
88366
12727
7460
82701
14687
39784
40142
41658
32046
76961
41843
34256
20193
74972
6626
71546
42080
13966
24925
7987
36306
71601
54016
15424
37113
34145
54300
93056
35036
43213
65688
91605
61521
56202
65035
16646
63519
34861
91790
55788
1733
34320
4998
9400
80294
53546
29366
49721
36839
35415
99754
12681
31824
51283
95871
43270
23417
60122
47129
81877
63965
33988
16702
3765
87424
81790
94664
58487
62528
74626
