78199
45521
55731
43036
94580
51013
48706
78056
50954
56764
5248
12238
87905
67619
36711
83885
9488
64769
41357
75582
63874
1914
81834
43786
92494
92759
47952
12618
66943
72601
66674
46910
1685
28768
96698
40358
85380
40610
20132
46168
17147
82886
22827
49201
95424
33235
61134
49445
94890
63433
88991
14115
32825
79359
43642
74770
12935
697
22134
5406
56968
34422
22802
20135
12415
58217
30816
4463
17311
41142
56503
15188
57661
83315
31818
44695
69579
78828
21405
49839
20074
76544
37499
28307
40684
50623
3908
81644
53632
59133
22623
24047
55821
55456
24907
10467
27289
35276
69251
68896
3643
33059
12087
40186
84599
11736
52304
43971
2737
12144
12184
72812
16969
88900
84130
26468
37074
87244
61653
75059
82814
8223
13
34170
76393
89046
41273
62129
68337
98443
71763
88114
78796
73912
97564
98642
14833
98855
94638
25147
33581
87981
53169
89102
82943
75645
25141
36448
72492
35515
82314
8757
73183
54410
46448
24797
61984
38029
32164
62272
79948
34095
15698
26977
95842
60523
83263
61518
97964
26583
79643
18561
47464
7001
73277
29944
50117
87816
78693
43360
24922
61007
14962
72852
77275
13698
25117
25313
29404
76731
73584
80244
9205
6629
25140
26006
74775
6893
51307
90712
37836
87485
5141
7532
94724
69558
26840
88309
53837
5580
89702
79471
24919
