22088
32752
41448
1230
71989
87732
54330
97301
83191
38517
35037
51943
82938
93782
39878
4777
92113
90214
69225
22071
48244
14004
58757
93070
66733
40508
7887
53570
15923
11536
92673
99273
26035
57230
40690
65834
32227
20909
4627
65805
55119
53730
19657
74058
58622
29500
99880
26846
94920
61587
61281
21797
34777
86958
49124
97524
27370
92440
79248
81092
72642
60379
61839
90632
510
86320
25756
79028
72521
15656
20384
90792
91858
98213
17360
74368
69273
29089
93578
7923
58840
93309
87024
55519
78942
38316
60828
4957
15759
57129
36127
64421
82068
68803
32237
2419
55319
15557
60709
98056
64900
42205
24907
7603
84461
83730
3300
76088
64583
14729
47602
17700
86999
49977
45911
10653
49347
45187
41914
32136
99436
58770
19869
26601
78263
21790
21895
77978
26879
49074
65676
78407
40634
11619
76792
4331
96326
92473
38035
42396
32556
54228
83610
82409
1428
5144
66401
69350
30548
9671
50360
77253
56367
38555
75317
11005
56588
44533
40677
43396
30981
84246
79905
21765
6603
75171
66109
51259
84481
25205
7458
45262
3677
1724
87237
49578
40778
39038
92472
19898
16725
92785
78413
48812
66390
80237
4049
64910
12031
2833
14171
71268
59844
64375
11326
53733
71230
29158
44331
58681
16311
36509
90714
72753
17016
87168
83369
29198
12174
6985
7467
98894
50999
7518
51731
10617
43918
10740
3201
4555
57866
23512
65972
49267
6546
16092
59937
25973
25117
37034
7241
95702
2153
99182
586
55944
25054
72376
77387
1254
77325
61316
9570
46281
31181
53737
22755
34494
23090
73555
95975
98106
18351
14387
763
24785
45995
10766
38724
19390
82836
86056
97200
90069
45350
79859
46328
16246
48726
19306
66823
64507
35222
55539
21512
44610
39188
9207
36892
29152
49546
91376
4693
78898
93425
36150
54966
88696
56667
70067
80166
3362
3063
92606
71791
55508
94427
77117
58631
77719
88819
31559
2845
14081
54143
62149
10557
38149
50126
36565
38508
80357
12789
48228
40843
21643
51628
92909
72176
19198
64739
36484
64945
93464
2959
40284
39947
77233
5076
12318
28186
16373
86031
73872
24260
29033
40087
19732
35754
10138
94660
92162
19233
46201
75917
89040
42609
4693
78722
33822
35030
35337
1429
30084
11561
5707
19193
72476
63808
84923
58788
16551
74230
40376
76858
15607
4706
98898
20647
1755
10173
75739
99396
94230
67357
25330
20369
36002
66010
91389
16451
83678
31064
86906
84833
45502
38143
44824
35087
95581
80427
89443
18062
69646
536
22276
80402
66774
27738
75297
79110
54683
36271
89345
63499
97393
34978
56537
91508
24149
72470
64368
5245
64246
45571
93542
10641
42077
64176
68365
71369
58302
53159
13775
12872
31897
82483
44626
14485
56137
58585
14462
63336
55921
36705
88406
87937
6518
47343
75116
27487
71713
35946
31423
19568
82464
24037
84688
97567
56691
83226
25769
86126
72855
41450
36716
64321
2259
74029
63954
44140
38807
7662
81848
80528
92201
73710
1656
42060
85267
29900
13378
51820
20564
21460
74477
94212
60608
6954
74252
11000
80354
61247
40355
24190
51876
46603
27705
36332
16173
18608
49071
20261
17235
65192
48365
41619
71759
15233
12064
52711
93400
23401
88789
24090
74280
84948
66805
54985
99856
22893
50906
46245
9910
60500
87753
7315
54082
21111
14361
62810
14851
3329
53900
70164
4178
17860
63250
17553
3771
90948
11033
39621
98974
94439
79159
85555
82475
17162
37454
65618
99078
54128
6442
68484
74382
95422
5553
38284
24540
41101
72268
74140
26717
24094
43829
21807
4619
41111
42462
47495
22295
13323
13280
95859
55663
4789
93824
53087
11873
49518
18083
14801
53764
77076
76790
60924
21981
27551
