2009
73959
94414
63232
1878
66550
76958
95561
32930
45879
63956
74464
68814
24923
75919
33911
27670
43370
95119
8054
59422
70350
40171
43957
66751
53220
44905
95385
86462
12551
47816
18660
12548
92353
23509
13190
84733
55376
71335
84242
9012
65636
9155
68141
13747
40845
59051
36486
8543
90482
80212
80171
86229
98860
90636
67658
88466
90500
76104
42479
32203
30260
74857
79512
8972
96737
3247
70267
33597
56982
64794
50750
38356
24914
15126
16360
67448
68140
98780
35363
37190
30514
31372
65349
93271
47739
28061
18286
27860
28020
17949
60965
14686
31949
57663
5169
77400
23678
41801
37890
8724
31338
85571
47616
54350
34559
14785
87547
53443
83953
47361
78019
21348
88938
26137
68538
75063
45539
57289
25551
23247
99248
3129
94465
27060
93171
75064
64214
6449
99852
62463
81876
39749
42918
98278
94396
52313
168
33914
83168
51518
41335
4409
5347
66149
24135
37891
21704
73607
81437
72995
95538
56474
33577
16791
98604
78651
47207
78130
94281
23323
86914
23336
9199
12210
13802
76719
81989
43112
61996
30346
10231
51854
89640
23419
99786
54332
38527
11102
91796
58068
16472
38034
20113
31319
70316
60818
40806
2728
64420
70666
44552
66405
40908
20006
35815
26110
27933
65896
81596
39081
21833
34143
19077
20391
8843
34159
11
87683
41930
93432
59490
24737
50769
53421
15343
67462
2991
71572
64312
64484
56498
36740
75489
97808
6354
99016
10277
22411
53030
54386
32363
5118
15551
64065
3675
72579
1050
48677
90094
54016
22771
11633
20860
89180
1658
72026
3993
15996
47140
57743
49602
41183
43817
16358
19297
21358
63715
28021
46592
49808
3484
53838
25920
30104
46581
64883
62859
33482
11277
39435
69448
71170
7894
78358
20186
60598
39699
6486
20781
60114
99171
7374
43106
69785
38972
92767
90136
72771
24390
15410
2350
343
65935
31966
42430
99671
5969
29783
50672
21156
60018
99269
60804
2918
45891
62849
70581
17986
92458
96278
87507
81913
68193
90539
45558
74418
2494
28705
31916
97976
30173
98434
30929
5074
87705
2380
10953
93771
61080
31931
59602
6891
28747
46189
81057
74344
56858
79576
93322
9896
22880
29503
47448
39831
15186
28818
27102
99526
81365
62479
48538
47882
29697
9029
52814
17292
23151
84095
42024
81747
77522
66807
89009
20926
90352
94761
91981
69287
72856
48448
44652
51039
81345
21214
35362
6730
11749
66581
90767
69735
2376
39824
12581
42108
90210
4563
96330
63754
84211
95673
17957
98228
63878
64773
1269
36810
49297
6269
74867
42045
33142
5823
65729
67146
90398
60754
55687
6787
66542
42659
46575
72285
47210
37991
511
97315
10041
53383
84226
47072
14249
79069
61011
73803
73943
18085
45391
69209
60477
10828
81672
23961
1432
77826
78917
22612
39133
99348
92950
52376
65674
56699
7423
64699
64786
21122
91126
9522
38857
45885
68341
72867
30358
16922
12222
23954
89946
69418
78861
68025
56730
38153
23571
52939
16653
82520
66931
70713
31043
27579
8747
18388
47421
82145
59029
78457
75659
64928
4354
83914
4120
58210
2203
30838
79493
97661
39213
36984
68779
31534
86053
42867
41588
57643
84778
22888
79681
60297
72557
23243
32953
25449
15141
76985
41561
3170
77497
50753
87576
39756
65878
75312
34050
58671
52960
79797
96429
27198
99240
71030
68138
64828
37592
96865
52107
40374
42294
18427
482
8182
13972
34198
51740
73376
90608
3459
45481
78750
11207
58648
68737
29392
86543
86948
90870
98217
83273
19849
99495
51176
92868
72713
45075
52520
81705
71743
41686
3292
35489
53988
42919
27306
20664
94697
16968
80707
90374
58818
22115
86500
55177
28753
47227
20745
63492
84197
51333
34519
51188
