38705
92079
22612
35830
77247
51942
56156
84624
34025
49892
15900
33772
87253
14896
63873
88386
52997
2182
86416
38203
67520
72479
9845
69115
82657
71819
30779
89687
21515
5190
33744
23325
9967
20506
46919
49635
92810
8584
70723
10680
1275
42148
69003
543
30450
69401
92417
98134
77499
89192
95961
68616
88407
1766
86408
4188
93359
40303
60178
82603
56925
8036
58687
25609
1180
45718
59440
71319
17890
75547
78630
90273
73688
29030
4351
31346
17413
59503
32728
46412
18220
17789
76457
74746
10472
1480
74048
81025
34551
77226
457
80938
74044
10735
19982
36947
55354
4929
45382
12445
71735
11785
65394
49473
70829
78868
86525
83535
33897
91086
34957
99592
89759
25494
65523
9649
70886
43980
47791
7202
50106
2625
18393
34665
99639
69359
80802
98439
12455
34214
28344
60807
47267
91615
24845
65688
90263
2788
69890
6536
47066
12017
66710
66490
56454
1901
63715
25091
98846
51176
84877
85785
47602
16599
79632
36308
13837
50304
41789
26009
25648
55133
88145
26
37986
9776
13964
99741
93080
47258
43745
2490
60973
38129
11712
42606
64377
48651
57445
53011
31637
11285
75041
72088
42344
55272
23172
38425
83846
57103
3592
70714
47209
18880
11540
60237
78151
42342
29683
73529
62385
73105
27896
38429
63045
66904
27211
26587
38544
98265
84241
99628
86060
60573
17306
59447
99303
29032
38258
92508
26351
69470
40231
43294
29611
63404
92277
44778
56524
69031
65216
57778
46393
97375
20934
31788
45666
91363
94472
42369
78865
34956
94204
25989
91232
84908
99409
17484
53762
49434
11627
14045
61447
221
15023
96740
61023
82219
12085
12254
52540
7462
21712
4253
81196
19318
79785
