42998
51438
88582
50189
98951
17174
44772
62164
57380
58528
50732
31641
72152
18110
63557
72691
79525
24972
94998
78976
9390
23306
89671
44451
70186
71932
20679
50614
36872
96940
20360
81099
78031
21925
91987
81578
37577
46929
19149
35530
42061
3253
82662
47773
5012
39337
21046
11229
32647
91328
92048
92128
41474
37297
28699
27269
93057
55850
41653
46921
79901
49435
34366
70784
21588
16449
63680
38862
39746
87881
71935
75527
41125
67850
25332
46607
3281
57292
70090
65339
22452
43436
12980
58103
9965
90509
36269
63315
95125
5209
56370
79260
77046
63166
4192
60382
3612
13034
70602
68993
30716
39371
87274
59743
68741
94532
49245
38922
44186
13378
36787
62783
54759
99305
54900
83804
43656
10901
18464
22237
30455
45387
5952
45765
57494
79576
92597
29498
53828
58502
13201
64211
58856
65946
24255
46962
69072
64523
1145
46505
79152
58793
4379
4439
18861
94504
82825
86594
38283
8385
33953
27321
74402
41863
70440
39037
77147
68910
41505
55825
20160
26725
53031
63121
41688
36219
14963
85579
84026
79076
81963
11394
831
80686
43385
52058
6792
57710
44
41852
95942
46205
49761
13837
56627
98016
3987
23224
24506
63375
2667
24904
45414
58888
92719
77625
1063
71097
88802
52789
92603
30307
65770
59536
93823
32441
28342
38238
44901
28106
61326
78083
99554
44935
95594
87423
66632
45427
77660
94819
64317
39932
20236
98730
353
33805
38599
23227
69809
43553
72956
29462
62015
60346
1068
50265
72452
53986
13875
90577
69315
44055
17750
23164
7800
91855
53154
41161
78968
74598
34827
23643
67365
66779
15968
66551
95710
46945
87724
25729
20978
78778
83011
16898
2175
64622
60299
13054
4988
39374
48153
79044
46981
88043
92310
535
99553
34124
15597
45350
79070
87321
51231
16792
16368
95738
22408
5657
82463
4467
87602
82019
47901
52024
40220
55767
39516
28717
30598
55726
53564
28276
19847
68669
76445
65745
33302
88035
59869
91780
95170
64863
21853
74208
80666
2806
61593
56670
17512
28004
60630
69491
93983
11856
63494
11770
11575
34311
59064
50573
58971
96268
25244
61566
5288
80814
95534
81192
45286
98079
51253
84041
35001
46557
58795
35337
89010
40153
39234
90356
57759
18557
89890
22956
11601
78520
41381
70770
85565
39297
45054
5777
5229
82428
14511
77055
23906
79903
84732
43483
99667
41953
90140
25817
671
83848
78812
49956
93197
5078
55368
38637
47889
45215
6782
87371
93242
67576
21683
20559
24966
92473
33950
79672
6577
38859
79112
85714
44140
37763
73678
59658
42464
74328
86451
30610
49394
35054
35337
92555
13617
52885
12997
48040
85175
96396
80788
64945
929
29471
14442
29768
97008
57829
6995
68787
68936
63461
49903
3303
19262
32251
38171
28649
87998
41037
85718
6780
53067
63116
49449
58156
1756
26852
95920
69897
23523
47615
49253
77153
64601
14578
15416
97731
11906
1312
63530
16921
89586
24594
50429
32180
43072
84787
70770
86189
22858
66799
60195
66780
33473
63968
82573
63831
74927
49846
40968
27602
97353
51030
42923
91280
97393
37038
77284
66828
40865
96808
94427
87392
41438
36385
4709
48389
52466
74255
67744
42470
75394
99679
39938
27871
24774
64791
3203
33139
47022
69711
2116
68495
67392
27736
41769
84379
17042
24970
67775
64241
62961
46418
18663
60610
39600
44673
91923
1781
39946
62914
56694
32382
27770
18713
196
5744
41261
56259
19433
2681
63503
59039
44982
84101
32730
78404
92086
30104
54736
14103
28043
1053
1462
73013
85234
80318
66822
34885
91003
40515
22493
27169
22459
54745
69713
28115
23872
12710
17608
41254
44899
94556
45674
22504
20570
18510
95666
2445
5702
33806
55745
83062
74389
8396
6140
3351
22655
49281
35705
81993
10450
39432
9658
27697
87720
58269
4705
87583
56468
23142
39678
54143
50099
81828
32634
66518
34850
7047
45760
64787
35551
94193
43495
6239
55564
41496
4318
85352
67778
12045
48385
85969
37129
16001
29894
12005
69159
15947
18031
47003
59662
1101
8049
83767
20858
54643
64863
12419
18556
74010
45938
63965
23265
9932
24475
36741
90675
20575
7361
17864
38549
68922
33698
55596
71180
89747
24632
87652
25737
52845
32661
25961
