94348
60542
3601
34723
79406
35134
75437
37017
30650
18728
54464
44868
73651
19339
21272
14414
63108
19619
30403
67311
63275
33323
43538
19203
32373
72896
30577
2036
24149
63678
94818
58229
16686
34856
14789
60721
5452
42593
34364
45134
45949
46689
75468
54072
66701
13262
96486
85346
65567
54842
94000
6973
3561
52821
36615
74578
93959
13664
57601
73068
18433
96255
9788
5179
44133
17870
33146
66167
35228
59741
28777
49430
52910
25483
81396
85879
22272
11650
99382
63907
54943
91867
51503
82250
38010
20080
74587
37679
47300
42616
32359
49428
18958
27712
41068
7469
31273
88598
24539
16650
35063
87553
57841
5967
93437
49723
63360
51210
68387
48655
13607
94488
6549
76365
19288
67001
43919
24252
90042
81586
71454
92874
77111
67093
98596
53409
13750
3959
45543
15606
92535
91868
76570
71478
90738
84725
21493
20160
21795
10530
82890
83837
99415
14468
56879
35025
58198
12375
81788
72403
38709
69871
81921
1610
67828
51728
66677
98701
13537
20306
76350
67723
82108
44245
3735
86346
66980
92834
4844
13088
65992
99569
93255
79150
35326
1475
97445
2305
45218
55599
28015
30316
6042
50774
34692
56352
75370
9421
39670
24085
94598
59264
22336
394
36779
33729
75556
20902
89416
71719
38049
73409
46603
32083
5416
26230
41628
25786
84136
29289
54228
78846
15355
64471
24810
70984
88894
94493
84721
62638
29686
18651
69810
66710
66963
14489
16024
12046
57510
45875
97377
56192
83218
96524
18475
4320
9710
5449
84735
88652
30547
91391
51779
32098
57929
87737
42865
5372
92838
72270
11133
5841
70454
83005
12538
24694
21012
35979
81607
15614
27643
94474
69049
78031
17938
86638
76227
1199
55299
81342
71004
28374
69667
50099
91817
14312
45590
10012
77875
3368
7828
70591
80195
92040
69943
86681
2566
28704
18434
24133
4
73581
39362
47877
53352
57908
22895
85258
78752
37231
21792
56433
41081
37606
26240
14216
23398
43821
73730
43900
10612
52642
24978
5010
5661
53406
68212
98727
53734
76356
73257
90259
28651
25575
32880
229
61255
88235
17543
38877
94982
11379
48262
19492
99550
86732
49061
50640
85601
55483
78192
24005
47417
12561
9168
93780
794
44526
25813
29047
89472
5582
21543
67269
56295
17152
72409
30971
16238
10819
44557
47682
73993
56839
63301
67149
40980
28939
59566
184
1025
41568
10042
78609
43670
38585
89492
41150
88365
3303
22810
58332
54064
34754
91387
95238
11039
36157
78128
59405
90942
9596
78351
98393
30076
82995
55540
37203
51568
76739
10991
28649
98532
64593
79360
58129
51215
38388
62094
74293
98863
36552
13012
448
36687
74763
97924
47672
97443
74800
16199
54013
64532
60031
8294
98359
60986
65345
16777
76322
95008
47088
80544
52309
32097
44541
79196
4399
38458
41199
20684
36613
39857
66022
97337
93887
11047
71692
96929
30132
10463
59508
25954
98238
37698
66432
93236
72781
96535
2214
16973
55861
34597
61166
93470
97004
98349
93501
17215
36202
25901
16294
54813
11641
43708
85225
36160
19685
38213
30761
87664
25656
93568
41693
22526
87386
49950
85951
29615
20076
10013
85159
25588
49703
36267
26661
77354
54366
6070
23731
47383
43819
44952
79455
49844
96108
39847
92085
22608
67843
95329
32946
16593
82356
13677
68608
50220
17964
16594
94002
41907
9325
21615
75615
27864
96391
92608
2376
44645
26705
19425
72825
35906
53291
38532
96991
74328
95315
97158
72422
56329
94236
63832
91647
67177
16177
87746
1275
35435
49042
17859
46233
14940
91123
47964
15229
56663
9861
38883
84984
82792
33906
50145
69503
95479
57444
26997
26337
30316
13730
60344
65801
88378
12625
93033
51597
72899
67457
8094
36428
23098
94041
93916
90920
45403
59455
33646
67244
32537
43075
48919
57174
94002
31364
27925
21246
73888
90397
58366
23507
71605
32386
95377
42128
18970
25584
84660
25709
90830
36106
25855
36274
35927
2719
11389
12292
93689
80376
43115
11035
72435
84304
45311
15700
65474
90760
56421
45666
83729
92514
24937
11523
73794
21410
38671
26585
99194
99959
49559
15031
25834
89993
67569
91879
61114
6212
13111
63105
66399
33982
24437
4781
56279
55383
1698
48639
53547
38477
72861
36994
50034
94095
3070
96464
17699
64815
19269
58187
12719
73890
27269
98656
57984
1699
65226
21580
92839
90086
30600
90239
95750
21065
29334
12353
20767
18387
23043
81396
75133
20888
65545
72750
74491
23979
99609
70247
8282
4663
71729
15906
22258
79793
39791
53995
61325
49350
98026
66677
99229
92341
23665
35232
29510
61852
19756
27105
38851
58750
79223
65451
3248
99611
8225
48016
81734
54954
82035
9293
82611
2374
11521
32478
46582
73737
58404
74224
36308
5733
56079
88040
39663
98453
44791
78149
3498
94489
28753
35914
96029
11558
51295
89570
50912
52900
67428
23148
34153
99400
64185
31028
79065
10438
29230
54592
4392
16609
42530
76986
58575
40015
12344
64411
16994
13234
31463
91435
88579
94090
9775
87106
48897
80053
14139
33309
12667
99147
6533
98521
83120
46896
59721
1279
98072
45960
27252
23238
51142
21488
46028
69560
65799
57109
6008
74209
98457
14506
3609
60150
3996
66028
2449
64765
70571
55749
40416
49068
62001
23633
88053
65053
15749
95785
5700
7338
34406
52543
57237
49430
51862
12572
5841
72626
84741
93018
104
63922
97155
36486
573
32396
71752
90877
16071
10822
80398
11828
93006
99255
17586
68847
77097
22023
29526
32833
10439
56903
32749
98133
65882
47651
50980
94226
1993
646
58083
65291
13701
75639
28043
12879
55062
92655
5580
91615
14150
19299
55589
57385
43459
98811
60598
43382
8170
8645
863
19430
49569
82304
43520
15860
59243
66213
10113
76684
85048
61398
77257
8833
54733
77837
55626
74872
25021
23079
84573
66157
71951
39481
37183
15187
43142
67564
8383
2834
33076
87642
48939
87904
57313
27751
2794
58996
16869
15900
27229
34814
4407
78229
48251
25013
77591
23396
14337
57728
3089
29700
65182
83830
83239
54388
75916
86604
8048
60319
46799
36658
94934
95055
38731
33043
