28518
95129
81332
6049
72184
54093
10592
23135
21022
9735
17807
87178
48548
26293
91426
39076
32950
85792
60555
22573
77884
58473
23714
56865
8507
73151
3095
16883
43526
24875
62248
68307
93669
44809
89451
50561
51783
96403
85552
16622
58214
74274
83408
95543
31534
73043
754
74423
89395
19074
68931
82120
51364
46070
76713
75801
51556
84546
11220
77633
35509
92991
54828
74081
34589
20689
21708
37074
87131
54355
18780
32385
83101
25106
52023
32853
39246
88228
1346
36798
49443
70468
12917
98144
42245
85940
39112
45622
45306
36431
84988
42253
18559
12700
55610
1115
43653
57879
36796
20618
29946
94079
35570
13785
81152
78497
54756
64574
55966
85187
83697
56287
87077
61754
68275
67587
6227
55297
47343
70852
78856
93494
9218
33109
52501
57260
46427
71935
70346
63110
57127
98948
54696
52302
13754
61647
71119
55756
65062
59344
59044
23229
98907
74743
62422
98925
84051
6807
3542
33508
60629
55234
97902
76764
32278
76249
77419
42543
6980
12168
15859
47232
8321
58188
32190
443
46630
82589
23039
6467
98119
33337
78507
25601
68720
42346
88242
26104
25844
47526
39090
69167
46159
64829
54991
5364
62739
19616
83865
64700
80667
24448
89886
56507
76860
35970
26570
57263
90698
2277
76290
71717
1726
19686
57864
82688
85947
58544
12268
82524
37444
13028
59437
19402
88283
18761
14707
85357
51716
67979
91028
54498
19027
75173
88109
3980
91042
90728
16162
39535
46095
90447
89434
71310
65119
18459
36057
2100
97384
80028
79332
88415
47783
73767
57126
83005
25374
59822
89303
68061
73152
30576
85521
492
83085
67849
99699
81430
42490
2917
37726
42628
23107
54170
9673
78054
10560
90241
26181
18908
76192
19256
39447
63080
60739
14731
87137
67685
51723
75255
66335
61089
90523
62419
39779
39831
21827
38631
58219
64162
34364
49348
65895
64595
12697
95955
54327
42085
97250
18528
4220
32359
47773
98719
17186
36565
27199
21404
38660
44652
45461
47516
76863
1276
56798
81436
42586
31767
3114
40220
56245
76476
96204
54122
7802
31970
2701
98485
73679
86181
97723
69643
60017
72226
58285
59850
72091
92215
902
64726
11199
23404
43142
67184
28801
55978
88546
48429
29417
6237
32373
81878
70191
59145
25175
14081
50483
41925
13948
27482
74890
29354
35740
75329
5860
92362
76922
90609
9134
23530
68169
78420
68172
36042
41444
31347
44770
36687
75573
12081
52823
67731
16206
78477
23129
27029
67209
49010
90824
20579
70258
94994
9598
18975
11048
77306
35828
50269
54340
60171
63484
38635
19472
57814
54980
20469
21954
70563
12090
98548
35576
9503
14606
82709
37599
14439
70607
50250
34956
87191
68133
68862
34388
39962
30054
1784
86649
62049
29211
43584
3151
70075
20126
59398
70845
62239
14679
12115
16818
54280
55904
58123
48220
14248
71614
84422
35293
55557
10567
8661
63916
9719
48932
80158
76584
9280
66430
52438
5750
52670
96675
61196
87312
5125
43056
25093
23343
17066
31776
44157
22161
46437
48098
54418
83308
12944
56693
7019
79569
79668
44445
73514
4016
8178
58319
42679
91175
20556
76229
40895
1805
35974
98609
70527
8761
55688
25772
37754
14488
94202
5770
76510
54117
22656
66605
94602
14371
32518
19711
75820
60956
54769
80865
47432
69431
84608
64937
65046
91473
41476
70989
72571
57061
90145
12252
17158
64586
56733
84604
343
70527
5185
56073
89703
80510
93140
51748
11085
3218
83591
61473
44505
73260
46306
36521
93093
55801
12800
37467
98254
7212
20087
98157
61509
48611
77821
87719
52230
96998
86956
16159
86667
68875
49812
70197
68791
30126
17963
1234
51091
66463
8441
65913
68212
2803
24382
73410
67571
21817
72076
49935
25057
17446
16660
7865
89300
21112
17420
80932
80974
89669
12611
61309
93922
86080
213
89008
14734
30805
35388
53860
97127
54243
31452
94777
59652
45794
32721
25069
30045
61754
73082
44942
23456
12341
19702
33687
68955
84317
65143
28016
61127
30853
42246
2665
1133
51998
9962
26401
10246
118
91894
8768
61675
36807
96150
46306
34683
94866
64111
75887
90445
64740
56434
54766
31428
2145
63973
66914
93960
31240
38857
60379
63171
78363
4536
48571
2739
45880
79515
58432
36633
75522
63910
2876
47664
58541
68443
84064
23200
