18781
56415
30416
84569
99660
34825
87742
24606
51802
12622
43572
98547
25063
27946
85540
23849
24645
8459
80279
99165
4022
7690
48141
88792
81737
2702
20385
8484
98797
21844
25309
61092
35992
96969
6699
97100
99479
91506
87441
68167
46483
15072
12963
73717
21358
59915
66427
206
75170
44991
49153
85761
41284
48176
71483
72600
56834
77604
54676
13822
1723
64870
40887
71890
8690
50259
78337
72623
33194
85145
83456
94154
92130
71286
64733
29371
25621
3461
71391
34596
42627
19908
94678
93781
27743
68593
1618
99049
66900
47750
10270
2146
77610
45202
85112
37365
79217
52969
29004
64359
42666
64004
78412
25024
70437
93422
82842
72169
7480
15427
72753
17770
54256
48160
97208
17659
92758
37865
73565
67243
18444
82982
30415
65882
40035
51558
14684
89553
64849
88900
86176
10445
52306
78388
27008
10988
80277
63462
68097
62894
23834
64484
55615
99280
43207
62072
10210
416
3644
46472
28395
21026
73330
14951
82663
64331
73205
22396
95403
80323
40806
14210
30354
43673
84297
35942
54035
34459
30354
53939
22411
63444
65413
65245
39119
62362
89263
96541
2082
4918
57575
39606
37499
22164
9826
51567
55286
65916
14461
38518
49595
12228
8834
83027
86941
68866
95099
78587
60539
50859
62109
28456
54300
97195
5371
82870
45742
72197
69035
38099
16582
96518
22590
69111
11106
53360
86926
10178
63433
80312
51863
42084
82228
58053
70928
45161
7613
50351
24454
91516
53608
65331
83125
28808
73674
93266
67947
47697
19784
6304
52928
41461
22284
17352
33373
89713
48090
19718
99591
65307
75138
3373
94910
99484
71691
71002
98057
92276
35080
81205
74037
97704
59171
55961
9092
7549
83543
61169
32287
37585
76307
44018
95993
95664
71904
53178
32915
81876
52363
42371
7372
810
13268
96692
55723
9429
73536
85877
94711
48715
32996
44007
2007
39506
65069
88604
23998
25170
18618
5157
70448
83102
45827
98319
97946
15469
89489
95796
87421
43781
7700
12359
19891
97092
66693
68776
85302
26567
4424
65935
35188
83385
6818
86367
16777
74274
84722
80737
97670
80401
52375
37669
88186
459
22795
17055
41362
56079
95795
80459
27764
21206
97205
70158
10996
15800
50723
83219
23767
40978
93131
8415
28033
47349
65074
62287
25966
98160
17880
2143
27394
98755
21363
38119
44620
10828
90749
68335
76927
74384
29081
49582
96777
78760
72991
15726
13032
23864
77938
57975
64244
14436
23064
37110
85989
62829
26824
23179
66572
44126
11965
3257
41628
19237
13312
38756
55797
59221
90310
97537
50816
35750
37877
79954
37099
10835
99746
81958
16687
48905
25119
72275
82442
59784
66105
90222
8115
83739
49215
40301
19087
96062
53423
48980
77415
67986
12241
38068
85380
40145
93636
87653
27464
83236
94758
50046
2970
15098
46906
31070
89616
20993
31948
33149
15663
45969
85602
61538
35823
60284
59159
61298
95998
87494
70541
48226
4236
6254
9974
40375
66529
25188
32363
18316
27724
41319
25393
77972
31927
80014
59665
51545
95405
11187
12688
46042
608
24379
37430
75205
28591
11553
65668
47782
48642
7670
14358
12585
23711
8416
50138
49524
21184
27853
20474
4586
85992
19764
64234
51899
46281
25778
40047
52842
82445
589
4130
16369
9902
32113
2411
30929
19721
47520
42182
28811
14376
21299
71228
87035
42187
13032
31977
16853
42891
55105
27678
74263
98857
29265
53553
36011
23083
41641
39707
45959
16242
75880
65575
92485
49078
37776
83434
30225
71826
48242
87734
99557
1560
24103
94171
83797
29496
34955
81434
22088
21146
97218
89661
85574
468
81650
39542
62588
77808
72412
95064
92342
38365
76354
31866
52665
9904
54354
93347
34574
65803
12177
58502
15496
44243
77898
88031
84888
67692
67258
75545
38782
91933
60310
3613
26516
44441
99162
55570
30937
44470
94096
13214
82591
57759
21250
38887
51188
87249
50449
63342
54117
15025
17260
79412
30493
84464
34505
7316
67857
40773
55290
32906
38467
93396
57129
39951
33783
70828
65257
42310
85880
41318
8857
64933
89004
44014
29044
34576
99540
5812
95245
26890
37420
1468
73848
31248
74850
60986
61249
83056
68056
83394
49992
99202
33861
82193
68733
54403
17762
27870
97036
29099
60140
47747
53549
68875
52476
32505
1279
8765
18654
13046
60375
84127
73010
41905
73969
60197
1888
38298
60565
78795
64212
69628
1402
63862
87140
16619
18049
48652
68015
94796
76626
18289
77195
76469
76099
62072
12967
41181
3399
28913
22292
60349
47147
78993
98787
56638
80988
12783
44492
60077
75342
27589
76284
55744
61630
84464
34343
84487
26825
46716
27007
450
64644
40895
95695
91810
95292
