77961
44059
81179
31707
84455
84254
5398
30199
37945
30035
88761
61812
44900
20940
25326
45849
59492
43252
16560
13369
98098
81640
72845
60315
86687
8060
66013
49255
6856
29428
90142
67859
69056
93397
63860
62449
54361
9939
45081
47210
44249
64975
3766
821
787
42094
59243
66592
76545
47980
83715
47331
74881
85795
11784
55782
94763
36371
64775
41803
57862
53700
9438
23110
9774
72507
78308
73885
48184
9303
66203
42118
52292
39003
6989
62121
40420
18523
7254
18625
24512
61178
90947
97936
58519
91225
59982
80081
69773
34490
65514
63201
83180
54949
3061
53551
98229
84951
30266
68602
52291
25083
53880
42494
85297
38715
66447
45072
95729
64591
46161
1137
24558
36258
70026
93217
45008
28196
73521
20123
97577
14393
9115
99695
23877
92520
34742
99848
92026
28627
16288
45866
39862
39821
46062
49832
98335
53634
94472
42045
33198
52897
6085
69427
26319
37259
94410
94616
57476
72449
7789
12080
30160
86912
85438
11153
42317
8808
44818
28335
20148
23830
1640
72946
66344
11972
7537
77426
55672
59402
35981
11786
91097
19568
78707
85901
94133
45502
28416
82816
44354
31060
10578
88862
55719
44461
38894
79416
2367
88049
87104
12533
42334
96255
98934
22806
92871
32542
25157
4085
70233
70719
40874
49976
20476
39150
83172
23988
54947
58573
13839
84214
42410
61629
73211
22464
50714
25531
87260
29385
64407
60841
16451
87718
30871
30371
40030
59951
64876
29254
65055
48384
68899
53214
40794
13955
46662
19172
11639
14084
1540
94457
83073
60944
48345
19085
54817
88742
35613
28813
44475
63019
27053
71981
51875
42480
46753
59010
45150
10104
23267
41862
59190
79776
45616
51075
95157
45786
2933
94470
305
29020
34152
79069
68473
95085
43616
40986
38952
46792
17517
8335
90796
53638
70666
41335
4372
87122
14802
68482
33885
92599
52497
90774
80303
2478
54014
92322
11253
36112
27379
57616
23726
58098
21270
72755
61154
81370
44021
40752
99736
5421
10876
88578
75151
14635
73347
7306
89893
76702
94749
95829
37702
36664
190
99383
76953
2126
34815
29542
98682
99184
34047
6294
88930
93420
63880
95571
2465
43753
37565
45350
79265
62611
65804
37181
82275
47820
93822
9389
96944
78323
36802
15484
38938
12868
71416
45301
51136
20401
77650
20096
48965
28916
85368
36536
45999
86272
23227
70617
18252
51424
62157
43594
56934
56074
9102
75841
14291
91292
94346
24937
11896
34992
88226
70419
86307
21648
39280
63520
49541
17216
44690
91789
45828
6744
50988
26841
9813
32831
84569
6127
77116
46660
90673
90479
26182
35356
16005
99405
38564
26705
25364
83699
89226
77012
2311
43220
71783
17859
47268
17389
57706
27376
334
24962
33865
52685
55898
42660
71233
68932
6216
69368
30417
6332
19400
48787
39622
3570
99197
48406
34236
89781
99479
85576
34410
21573
73144
90616
29484
32714
13448
24957
43088
59035
65326
5644
57322
83226
40418
85404
39336
96904
17153
90231
55669
5117
3035
8832
39645
99289
99687
89148
56342
13559
91962
50756
24338
38516
21877
84307
8146
19447
45045
46803
91295
47077
245
29436
27850
67318
73624
63522
76340
2602
37313
9838
40849
22999
31753
59633
20707
21307
95683
87788
2458
21565
43310
83941
41674
93948
31194
67225
10539
36473
81391
98258
64658
81147
90100
61747
53580
94457
85793
83480
96757
45872
44709
98955
88323
2187
67906
62270
32375
21110
95431
59747
30017
82798
36675
85997
98550
76225
77316
1967
73898
70801
22765
6228
69931
96701
1681
62872
61674
19105
97135
93750
5678
35203
44118
75078
2112
57
61511
88119
67421
7822
72231
52734
71032
92680
27869
89203
86083
50334
30694
60098
34520
70224
24696
61439
68117
9774
81143
30255
84359
68606
17950
87666
55852
79508
