98290
96129
83495
58516
45580
44754
65401
68068
89241
17434
3701
12035
66240
67564
7783
13886
78149
9174
85693
93735
48990
58829
759
68051
2259
76667
92190
83135
3900
50223
71094
34562
69610
96600
93166
82262
28582
65223
64182
68392
29530
98806
68766
5282
86443
99731
16654
96132
37451
19487
15352
16358
22565
38386
28936
14451
76915
65269
44612
79858
32170
64389
58699
21217
90892
67339
31511
89268
74316
85163
83931
84992
20580
88207
37447
63725
95461
52878
94513
18541
22837
16856
97921
10446
64260
89206
38577
53201
28953
1721
24042
60862
81166
14412
16687
55845
59677
67514
67514
64494
17214
4680
57461
15859
41406
91595
85587
13031
8511
53412
62576
76146
38224
12724
54391
24958
54999
33240
45505
79417
22503
95317
32915
81730
92608
12550
30615
38064
18732
16955
60953
6586
94780
14386
81624
9662
86499
44274
96617
89015
21112
18729
74050
18182
75970
91297
71286
59780
92261
78575
69660
36282
77225
72795
34316
35910
20114
47629
81913
66749
21815
36376
53468
6939
30735
52185
47434
99988
47593
74797
72756
74598
23827
47283
64084
34017
11615
19413
74501
2584
36623
14863
8808
39066
61216
25797
61849
71000
59840
93257
14291
92612
71616
19994
40309
59549
4742
2138
42897
51024
28502
21969
23141
17973
73549
5417
53281
62532
48902
70722
79417
20966
74448
7589
48708
10396
30863
95760
76921
72849
36740
79496
45154
76282
27881
87105
29515
39873
33120
32122
67883
68617
5245
57934
73500
73410
55176
18576
95489
31585
34860
73681
16806
57701
55511
41442
3530
33163
64251
41273
50768
28082
61756
95233
23189
37639
83947
57539
31976
14625
7235
9829
95853
48706
83072
40368
48654
8253
9484
96952
13807
53222
77022
60698
12898
83370
58175
17681
60132
13716
16310
25489
85508
80459
37631
50896
88834
90380
70655
57648
59871
27966
12745
8310
74200
36636
26045
32408
64157
55321
43995
3260
89993
70155
51963
13110
44217
39408
7218
9938
30884
63971
27315
65366
70553
52651
71265
17270
51422
20616
80477
30564
78770
40437
6165
15582
81034
92813
55455
97923
28713
73458
72028
27985
31933
79696
3855
94294
38673
54384
8260
34500
28962
50983
46969
87766
27155
84783
96812
67244
28124
68918
63078
24363
66555
60280
99468
9432
18642
17071
1542
24615
90247
37173
48359
44189
57834
84579
76574
33372
70489
64975
1925
63135
82419
67584
52388
67391
11649
79000
13197
7561
75192
19062
68737
24420
20584
50886
10438
31189
78502
32405
16737
94171
82470
33841
59854
40235
18041
7563
23153
22089
44832
70025
78047
98469
13960
17833
10663
10878
32519
33522
87401
2105
88793
1929
22811
84361
9285
51374
24128
19236
3605
92439
78517
95463
99106
22455
1376
39842
6543
80355
79474
78711
53426
2166
8220
61756
98541
24212
32009
55357
58250
86027
384
63353
48421
90540
55035
40371
89422
62286
6486
13756
91796
67832
23016
31234
32018
11724
43796
53681
92428
92928
87278
27856
68419
78772
73074
18742
89778
52083
32191
15260
73971
94585
39469
41402
31648
98207
5186
69558
29309
88481
47316
9697
77765
61094
67497
89181
20364
47339
713
89814
60838
70198
86236
27856
62228
32379
89265
26488
70893
55367
19899
33270
50513
52503
89328
83054
38060
51666
17033
76706
50147
99216
65537
37488
46358
23877
86973
13911
2353
46676
56486
39913
5344
28437
22457
29206
61910
87951
48493
93217
53785
34671
9326
50382
42754
55227
64950
78588
86869
57132
93974
73367
36563
97794
68167
51663
66782
72568
8372
6715
67105
551
72879
33530
24749
50828
35514
74152
27998
52392
28187
23495
72264
99156
50016
93944
71052
25629
34760
1938
71725
40701
36191
41569
33078
33779
16814
83521
83302
3722
54783
5824
95924
39932
15728
32962
71690
51329
64672
2735
72110
17475
98227
46355
64819
76516
65031
36728
78550
46674
31830
56420
21899
42926
45830
42082
57255
60433
61026
30185
7188
17274
19197
37862
22565
40707
43044
26990
12541
84033
87909
33290
83447
43703
88613
67935
49786
31659
85601
45987
83393
48069
67213
6071
45989
14544
34234
54197
62924
25977
81587
95331
75203
2265
71051
11604
32198
32762
16551
75089
83227
42321
75394
2549
40614
86148
41103
96922
5016
7921
26145
7349
21348
90459
97085
58212
36647
15489
22953
71026
94550
54467
7428
47267
1602
32832
95883
57155
80170
71292
58990
17876
33880
2190
6889
91455
29167
95015
68870
61141
73365
11609
15861
71719
37446
44998
64994
16022
82341
66374
19192
53204
78313
57937
24567
83785
31024
2416
8263
84070
10389
1729
61715
15784
83268
37153
18607
23099
12110
40974
34728
60288
25559
54199
2669
66943
74337
41754
40171
30285
96544
61844
74856
57574
8552
35016
6927
23698
91000
90924
6990
82926
94170
68592
91038
20495
61822
15175
49136
3639
59175
16444
72582
52162
69357
46209
14566
12492
46497
50432
83100
14766
77453
2660
16556
49429
34367
86158
1264
51985
90135
53547
41275
97621
65898
17455
58381
80982
14911
11835
13279
71982
60179
4072
44000
86801
11187
25802
37605
17326
92678
88939
41320
51846
49387
26794
25728
6371
89805
96799
38158
98684
21090
60932
47835
34107
22022
18224
92269
16354
66112
16857
21065
33455
67001
46970
97684
24994
63407
44122
43163
15100
88561
88335
96701
2860
72464
55835
91818
31878
69003
90601
72231
46157
39827
57527
24163
4890
94679
18741
80674
47328
12079
13427
59120
1256
17171
85965
74071
63429
15570
84435
50419
74201
60742
62434
96803
6561
78413
38289
677
93322
3082
6081
99512
46643
12673
89321
71776
7479
4072
37728
85571
44644
9450
31218
65332
95827
14638
21110
82430
49173
18455
73198
3739
50995
48032
46156
30124
90132
244
16322
23132
75040
59463
58739
88328
74646
31594
80783
69433
26918
97682
94100
91682
40992
30036
9877
3377
70303
42456
44440
85319
4682
91806
29982
88683
40102
74778
49734
49698
47562
51063
95512
22040
15648
96525
34293
55345
63629
83234
60597
27061
12420
44868
77746
39910
