90107
72787
98566
47206
68000
31765
67796
10181
9424
88431
17659
91316
95452
15502
38023
29442
28802
60093
51114
45708
87659
35252
61114
17934
17257
33195
86702
59475
59612
63505
91967
37610
91252
19699
83449
75278
51510
6484
82015
74527
32644
38082
27319
33558
98764
68505
27458
78042
8498
34471
32412
43938
38378
9088
36841
65934
18202
20075
92151
23848
5318
89049
88496
8525
88609
9875
76167
257
27190
72068
354
61697
12968
49475
7147
19433
99705
87068
91
36876
59612
74969
68518
48286
21962
17149
14862
86232
52548
39861
20166
28368
73748
36121
68548
44162
3603
68123
3760
5284
19008
67927
17081
76925
41756
74351
82116
76106
78700
75935
96134
61802
73009
30191
14513
21270
86104
98853
66247
71822
75277
34626
40015
14650
28595
93885
77431
37968
18704
52626
55520
98429
41101
66959
52057
99630
21710
67813
1790
94260
67175
75712
45303
92839
93201
69488
45595
92638
9148
53196
31407
41038
10426
37347
76872
50907
62001
21786
45134
42196
74320
62716
31333
4809
22333
38590
69714
42940
69598
4750
46824
55679
75495
1760
83336
77829
22384
9795
22213
33909
88740
95491
60882
7107
55522
35981
12023
63537
38850
29939
75471
6697
66250
30131
97568
72080
12822
96956
84015
99799
59003
35840
48126
34853
67201
5737
20610
82872
83349
98116
77048
6117
9881
73511
67269
46188
62408
59255
76057
53906
68824
95846
29673
98545
87904
47068
44787
15427
85974
24556
98328
45827
898
5412
65227
44031
8981
43951
68505
33057
80176
68548
52776
74096
87341
94099
68908
5488
45231
75591
10547
64758
56737
51774
36565
28763
15808
84166
28813
45632
17456
81082
6333
48150
26543
4650
63101
13087
51185
43225
63544
58965
92991
52592
93735
58149
84349
10108
80436
46482
2703
43798
90627
16554
27849
45224
55601
65258
52882
53969
37426
7590
73641
37175
87179
71619
60232
89234
2068
70938
11783
33970
12098
39898
52722
72790
40505
45059
81361
91960
14142
90567
16818
56561
99171
17073
44734
15898
98218
97928
24358
70459
73549
99520
73789
36118
26702
64224
84191
49327
10449
18099
90266
49831
90920
47887
9547
62776
42795
32859
40721
80881
28834
2677
2888
51485
84005
22287
63584
27088
50349
94421
75792
91504
57854
29019
7242
25844
46254
64200
83302
15511
90154
74124
60616
47222
33951
96269
45612
75506
92582
71917
68991
575
74196
75617
52220
28832
60808
75725
63012
5796
17566
31936
38391
24113
58648
68798
55388
80265
64418
46453
6095
50220
14994
98007
41780
84183
24159
26604
22182
98706
3402
76653
63340
26131
75358
99312
84135
14682
52100
17070
90751
7697
59386
66912
55785
55679
73900
94362
90971
4929
44422
85916
34521
81281
48130
5075
3156
50052
4783
90187
16542
10636
58606
61050
35360
84252
82609
65853
64127
49122
64012
8868
41569
31111
78335
33197
24740
98895
79281
32470
7121
88737
51607
41657
3626
50097
63358
29761
89080
12268
82923
45872
48901
50593
90534
55200
18037
36809
29472
21053
26584
81262
33730
82207
1713
2816
32599
83649
44925
25117
31319
71504
28253
41694
25819
38485
8668
85926
18068
58103
6387
51431
73517
68474
13940
97073
47571
2308
2726
21573
67045
83217
86259
6665
27941
90066
81220
19759
89638
99473
94155
2045
69125
43357
76685
1540
90441
91034
59853
14961
56217
6857
50148
10126
81829
53550
88104
14512
3660
12924
11314
57584
92262
95212
79537
26515
29808
76112
75860
38651
82845
27998
58601
77116
45198
19411
43403
50338
14435
14429
11467
26634
34137
24731
45510
62247
52685
44242
56587
23785
47155
9246
95349
71576
40997
11192
4125
28327
88712
25601
63619
19168
60252
23813
21435
51824
80115
53030
48691
25468
26686
1714
22621
88974
42915
59084
92614
7539
17903
95422
1247
