27832
58816
90784
61810
13707
77087
60316
95750
15665
81416
20242
98044
62271
63102
25313
26363
74300
20914
94668
29134
40987
48308
87066
68121
78706
60750
97451
7798
56218
35297
19007
53186
78813
69861
20097
60536
94385
72276
4890
89085
95533
73990
4212
90061
1400
31627
48758
56101
67483
46784
84607
41542
72290
36042
44502
23161
59770
31293
27731
59437
33154
173
17312
62991
57392
63007
25368
56334
78284
74447
88323
2672
10093
34238
22818
99405
49003
71809
51744
31243
94168
24773
50422
12978
17327
11243
62340
14946
99286
39658
7463
39081
12913
20525
55693
96839
14023
86377
83265
85565
47816
23936
82174
45899
99566
51586
85120
68152
94041
97950
85496
84387
47733
21879
18807
79334
29950
58287
97894
50971
38563
7463
39712
28013
97877
68759
91155
84032
82877
67647
4782
77534
72555
99075
4801
89535
65941
31924
29906
15282
39590
79664
75505
70292
52296
5031
65002
53103
79854
69153
22118
24643
70357
49095
7968
28261
70567
79656
37963
25201
44363
87616
13570
64363
17767
616
67083
31690
4844
25771
22976
57992
35791
28457
58688
37277
97719
2131
15055
20714
42246
9658
30148
85355
13855
53929
50280
34484
57517
60108
9775
95915
94679
13841
24863
62836
51233
47861
68774
46624
79974
78486
62848
52778
8979
17029
4819
1869
15449
55804
76967
50024
28486
50321
12283
35043
56795
20991
89404
67426
94014
32122
56345
55609
91882
15908
68038
83778
2001
36211
76727
7317
76099
50064
7693
91497
42368
57418
95111
84499
32898
2445
92946
87752
92390
45750
3959
39235
9303
50205
65726
19451
12267
77481
87650
76521
51156
57473
12876
7914
22171
14680
29082
77591
31057
63526
44217
29840
2271
82435
31098
56023
49710
53322
58437
12793
9198
85983
64907
65482
16069
73717
20281
60316
95136
89952
66398
16206
75815
73976
70100
34433
1594
905
16001
20480
98357
27076
51570
5598
82895
74398
62622
50334
35150
44560
629
79745
29085
14902
50617
87461
4584
50921
12089
72346
86525
69568
91562
37826
27931
23177
35193
69673
63549
37284
17942
46172
97336
66448
52717
94994
15428
1473
61454
25787
94146
52967
97876
46498
71377
91375
90172
71070
41066
73236
45527
44236
51268
32924
41894
285
99912
59701
66302
96587
80324
59497
39603
91426
46053
85737
32374
1281
31289
58102
94045
63724
81683
93757
26901
10849
39393
61106
80578
36999
30866
55831
21520
72621
97560
40979
10179
76643
89791
62527
51777
86771
17366
72831
33030
24087
25020
99263
62467
56919
16137
15670
56796
39603
86264
96883
64026
52613
41289
27705
32177
82764
67745
51717
74136
71805
89206
39086
3156
43299
13980
53913
93211
39065
40619
70955
10882
87314
29576
80262
11679
92223
35193
82172
16241
63424
36338
22173
53259
91996
31783
63424
26514
15941
17457
94351
2345
25851
76114
4948
64610
67827
30539
54422
48410
10035
59566
88145
3831
91660
85087
9658
31169
51035
20349
7769
76406
8657
96841
51954
57958
73337
41698
97681
65842
74497
27975
73737
53768
51237
15714
1394
44767
76618
70434
38992
29599
66077
16868
92230
64883
55397
25354
17163
62400
29162
15479
55559
48736
78995
24390
8817
94921
78422
99065
28845
91213
69285
30333
90493
65377
59007
3664
94061
37257
66839
26447
86609
85630
28643
84557
6089
50173
27987
68490
79550
60757
3191
41162
90849
48960
43706
54545
8029
46823
29696
83192
67653
10760
43876
99785
26374
59241
37771
1791
6940
50468
85258
79574
48699
60353
14695
81643
28320
65927
95014
49522
86576
41447
82621
61975
82715
38451
23531
76349
61716
26853
17159
89762
87491
15802
86091
76176
53098
89196
61723
41187
13245
1229
69673
52545
95156
36860
84088
26597
9830
7985
11199
24682
23262
57533
26368
56868
44580
30815
88028
35341
67724
7764
90885
55786
70803
44367
50525
40619
71064
39258
90228
4812
85726
55214
46141
71414
24390
8472
94104
56227
72593
33810
35111
94618
92401
33519
45420
46565
97406
48488
12626
9179
66670
88921
46138
20012
36813
94961
63497
54118
36240
63590
23196
47541
3334
45276
26454
98560
41611
33853
53638
68486
8060
68292
53059
39127
88349
31959
28772
68449
78802
74974
45020
30165
63989
22188
14608
12275
13669
42468
42534
51427
6552
31158
54805
86544
91089
87513
88993
55057
6994
50798
42482
80189
88442
91088
63470
4905
35506
33790
89847
99864
59127
16029
92529
86894
86526
88413
8245
84323
65720
20131
45122
43699
34013
47170
71499
42474
48074
64808
95447
19916
27554
94963
97148
13990
36883
75698
9209
84460
76369
92014
29280
4132
47143
16486
72241
14730
71709
67244
26950
