68759
87812
4240
63843
78176
59897
60065
79800
55953
77309
82199
72204
89193
24606
49535
6125
44710
27601
82397
95473
56714
56742
32477
27928
79727
24239
73364
92153
60306
34644
49759
72540
44872
44290
53108
63791
98778
13637
1442
45700
64473
56775
84465
56589
67495
59395
13849
64604
70044
84262
45966
27796
62896
61596
8002
172
94436
38574
96355
91077
86906
72945
52756
49219
1137
14929
18470
24357
61823
34752
64606
99235
80750
27135
55194
24860
13671
70310
61909
66240
62669
44052
58319
38355
16544
48616
72031
86998
26855
43824
25850
59262
90940
70791
48227
29400
13397
56648
46414
66474
867
85511
36268
33598
72450
22923
53549
68612
32805
44167
90638
7786
61627
32347
50520
59767
67329
56235
21577
39761
40267
41987
62638
28174
5550
86863
55505
36332
11574
27005
55384
17443
63208
4772
4946
40711
17189
89690
66245
43651
18160
8828
74732
72258
6899
61492
71769
78487
85097
75249
68231
21759
2245
37149
49181
64535
12858
1517
9841
95243
97475
13181
32184
99734
65757
51059
29681
44551
43724
44398
75784
67734
66658
84214
30597
31645
38097
81822
45122
50432
82821
18868
2340
28852
96768
32586
54875
50686
50384
83450
99111
10381
75814
63396
57318
7157
98350
6154
26973
25568
9029
54195
33712
87492
35842
75443
28041
80897
86430
84824
94225
78468
71750
57363
71265
8832
40532
2517
9767
54206
18869
21636
22114
66129
88623
39221
72665
34180
56522
36468
2246
61835
32518
19280
41240
2661
29011
78666
4675
81977
47047
3632
56936
98859
73577
67895
71105
16669
56633
99039
93760
76725
80411
22873
27845
76812
31179
16892
8617
22439
27595
71785
45603
35573
62698
26557
33956
88757
93425
41400
90516
48744
19174
50329
57987
60892
85519
64634
63785
8700
18926
88671
49602
39783
11706
38566
66790
9299
91918
11739
97696
23680
86928
45316
2330
70405
61631
594
99496
64858
34073
46376
11369
82929
44257
10434
65099
81342
72142
53969
34679
37828
56172
50979
85879
16942
47571
7715
69033
93732
2553
18822
43263
5086
87689
48021
67072
42995
2465
30332
76568
33343
86019
73352
94593
