53465
56351
70474
19381
32981
92565
95415
78398
91227
2628
68949
89856
56655
74021
37494
43405
92452
92969
75549
16097
40586
9726
62403
80780
20346
48219
92223
32201
82122
72768
75614
6146
92183
63398
94129
68839
36859
75322
91123
56310
73975
58618
68499
28588
61164
46465
7353
83904
32536
23741
11119
85348
90581
36458
33047
6930
74378
24483
86506
58326
57341
98694
91892
75852
582
85263
67829
74029
70450
20503
91226
87275
78655
16650
39231
31423
17674
37164
91991
45489
14616
46672
93724
72623
28464
83706
95599
86014
87611
32352
30965
23536
58875
75077
82736
99343
7171
24525
82465
42982
85058
15807
65201
99601
38376
62323
32787
46330
54340
69450
1529
8743
49204
53374
31094
91865
16075
76452
90521
40258
3684
18921
99846
61476
97181
62035
96808
89506
76430
16811
37182
670
66853
70812
4119
26163
7576
29286
90663
28928
88931
8097
89310
84473
92521
55261
39311
86938
25812
18877
69269
72029
51563
89522
40727
87381
55595
53222
76291
88223
14922
91313
50991
88792
70870
75640
37957
18642
4761
18910
8563
25317
860
69351
52417
39406
87192
91588
61306
32417
22677
26911
78676
69954
83834
44681
31254
82180
57059
57077
65099
84674
67778
15153
82042
36841
67098
77874
78588
93425
46337
64552
84583
35678
19901
77443
36635
13379
64806
68064
21811
66776
61611
57690
63383
46589
99600
22804
67894
56000
61894
13920
50148
6265
7389
89006
81859
53712
12989
10519
95239
28596
1722
51986
3379
94409
78845
8831
27723
27774
86100
27399
92011
73033
28895
36132
52124
20827
33163
57347
98638
55753
6935
54499
29436
20429
43186
8655
71467
6443
85505
29608
10313
31996
47196
95086
49029
99369
40032
3357
26062
18613
22145
88591
4128
81474
96062
63543
27339
75096
2604
80282
52296
14066
12222
23886
45565
95653
88605
32948
51785
28865
17448
43060
84827
46050
48008
41313
30266
62464
355
79391
80448
46427
77503
46327
734
40830
9557
22260
19841
58115
13108
11643
79135
77869
8089
53643
55837
27622
30413
38911
60818
35617
6329
73652
31492
73152
18359
55032
584
30227
18189
4405
44782
34666
21229
82117
95887
14150
17263
42610
24440
48560
26050
9312
7076
35458
23651
87245
70541
49371
48216
51314
10489
84224
256
7815
50272
99383
73296
47673
16008
48201
89829
1449
54803
40700
21646
4896
91710
24239
75459
91665
60290
69421
18270
66018
34011
8486
32826
87611
23932
9458
67771
97199
70806
4544
84040
16622
69524
46377
33097
44981
80194
69067
80227
33937
72701
50310
29431
38776
96291
2768
28774
92581
62417
8422
46837
64666
2741
79560
26076
54815
45746
32773
10975
49975
6198
74765
32381
8551
27674
11328
90348
31309
1975
1377
50370
51178
20632
55631
57198
97325
86587
17038
51281
47423
11207
50913
69941
64654
2615
53086
93506
4019
61272
71213
42503
36072
53666
29660
77459
16385
79004
74807
33569
73607
75308
52599
5446
41690
70278
27956
53259
91805
22261
26652
35451
16420
74855
46460
38048
51020
69607
47499
90852
92273
86982
49958
23725
33991
71730
32801
72883
4999
27831
38629
28519
4561
63289
63828
20781
58274
87790
40125
60326
69484
83565
37280
56927
38114
71561
92425
39504
23487
41488
68483
62885
79565
96899
27105
42746
11951
68431
89758
8226
53701
17627
51099
99626
58139
12666
70882
70967
5457
14031
11293
10514
4352
46032
34919
77330
43836
30855
73239
92310
98213
6519
68224
4778
6926
4397
5658
92639
29900
25640
18918
51863
42758
7629
15670
60704
16419
60001
891
74708
78936
30666
84861
4871
74927
50331
96313
75134
33658
82600
18392
8043
87006
53416
28241
43956
44680
16656
37896
2010
82852
47647
81999
20158
96687
58385
47652
59023
62456
62024
9521
29695
67751
56751
77022
73032
3298
41796
44917
5570
17912
51328
39219
28695
68042
41382
85894
69186
71023
40569
25188
21961
91444
52691
49429
24458
59317
4926
916
6810
51217
82793
54888
76649
96252
44750
99855
12783
43544
30849
71537
85060
58170
39786
64527
73946
71549
93178
84726
45393
97106
13768
90441
94203
19502
59558
63655
24312
6721
58493
54152
663
45256
94506
15349
70795
9562
4198
67869
43596
96533
71514
94233
16181
50130
15292
16579
40973
12061
13698
16985
57552
55475
39242
28422
81649
29849
66191
36175
80089
16114
33283
78313
70288
91199
28981
80934
9117
25860
20471
58914
31458
7103
82065
22301
468
73399
85561
79018
14701
82468
90186
2608
47067
30010
72086
3123
93109
33781
50884
80666
8827
53613
43843
57060
85842
5929
60914
44607
94584
22737
39919
98593
95955
55388
78610
57330
11486
47459
23224
27022
52773
29779
80923
30081
54266
17560
32630
94861
74863
84720
45152
47960
45242
53685
58148
68349
7407
96477
28017
66643
25533
17315
13414
42207
52537
62305
22367
10423
78205
45806
41486
42954
99776
70564
26031
93656
19775
57120
79612
92812
33469
8272
33363
25236
28856
71632
83608
48705
60253
41947
81339
13793
26604
21441
55230
23139
88351
63560
12591
24935
78709
22693
92737
72804
80284
81429
37176
1913
57273
65054
27430
2776
