28254
56050
5583
45328
10605
40868
54904
52042
47939
84829
80697
26334
79394
36805
63194
66988
31792
10888
87828
82545
94976
1188
75129
49920
80882
43687
35093
90672
77706
69667
63032
44856
76549
19067
54597
86035
39893
63888
39971
66736
90873
53555
73819
29522
68711
95037
31376
20488
29601
89478
1700
76583
82913
76161
91428
75864
15
57487
53770
88422
51747
82283
91546
53762
45527
47964
15869
3298
42817
10597
12065
71757
77453
13391
68019
59887
89565
63316
16205
54859
81548
36849
98707
17317
37685
54042
60202
82230
86849
24756
68264
73181
7569
19092
78067
32674
32666
5224
9651
10387
80967
65656
43744
92738
99121
76096
4322
48245
31750
7535
52575
10040
36942
75948
22531
73784
48208
15342
51882
50718
88057
29493
84746
74447
85024
59496
22450
13207
61429
8105
19696
30329
28308
58189
48040
90775
98530
40834
83250
42613
72875
70163
89589
65655
37126
64383
59259
41543
96350
96359
50823
59533
39534
33728
47586
57463
58236
39606
41050
858
27962
41131
71782
7697
58605
39440
46374
82397
3727
42233
95919
54232
50641
3561
61015
43526
17788
54780
67687
85974
24075
21905
51661
39782
93507
21132
55492
26688
35152
78362
86032
88011
47275
30047
91552
63748
85526
96241
63770
41117
41950
42704
1590
27935
97128
83140
82121
65186
41804
75712
51933
18496
66468
92016
52722
72964
60644
19496
63393
19389
75039
34956
87617
36941
49352
30820
75778
63331
65718
84776
83704
69976
44448
11344
57686
4306
73058
39505
39879
34231
8268
59721
7264
85018
57350
57010
30345
89233
96509
73878
27520
25455
21146
3707
13407
35748
96622
65349
88085
90802
63976
16708
16288
45664
46187
45203
12888
4435
49186
39882
79762
16197
18121
58543
5142
30520
34359
57950
28142
78961
58863
80325
83262
40943
11423
91315
80176
80049
47555
36115
73709
95554
29431
37553
36932
1656
41759
21059
39095
55350
40281
90638
10242
38184
41298
74932
42125
76722
18835
49326
2971
46898
84941
55496
85102
54280
63123
75426
43009
27266
42836
30478
24542
72486
25643
75921
67883
67441
48271
66015
84251
51770
67507
52476
30006
1264
43987
71669
466
46706
62780
11504
42562
26526
7982
52242
11062
21688
8492
30939
71630
43372
39243
44412
13348
31523
88411
79643
13704
28266
53901
80871
47873
85943
96632
43134
39940
47981
97969
17104
58854
25278
40755
46147
77122
52680
67319
97976
30194
66739
46624
89298
79453
15466
42679
94593
63110
49072
33407
61259
55451
42991
30747
57504
36075
1128
66885
97058
91843
52468
96585
45053
84456
4217
84606
30497
46162
25811
97438
82038
64567
41931
13842
36349
94541
2041
16928
4692
69230
17946
12455
30322
14601
98281
60557
46466
36442
70401
90840
88689
47112
90956
41304
72953
74000
80019
36548
39314
35406
52489
58200
35400
52806
87701
41532
17805
37950
2167
19937
73825
39706
23460
84565
37258
84042
46506
7104
98620
51031
56848
10156
94822
21487
23474
17114
37941
65024
30661
99523
29984
30052
75159
55631
66062
63869
9611
38313
10175
18700
89238
65205
73121
4356
18718
92129
61759
56937
6572
56682
19180
54269
71891
28494
80325
86484
95053
94138
17571
20446
25544
15822
24719
40038
8616
17236
81275
45365
34995
51914
98632
51297
24692
92507
9585
89221
82511
22981
35635
9033
13297
80783
67764
69909
27065
64026
52428
36997
95422
8033
9454
305
41463
52928
40409
30452
88439
44931
32517
98081
92220
92286
99941
58943
22344
33406
34642
21740
80413
53379
22681
99677
11798
83756
45839
88242
38602
65385
98106
11620
91892
80189
85673
66171
5865
