9082
42296
49991
79231
88889
4089
31190
92244
99610
84125
37936
68462
4276
65496
58792
94603
34821
14450
65298
36883
75194
51331
99039
85166
35079
50205
79166
96144
37728
71488
55548
73236
36171
3962
664
62558
71940
56476
62776
44818
35377
64698
41939
49166
3627
63924
38014
82126
40401
98873
96222
54891
31309
95625
19001
49970
18999
20189
4561
66379
94948
33763
33345
24293
85213
33540
85275
69786
54036
63547
3697
36679
41493
46158
49124
11264
7725
35383
68879
20359
64973
70726
48281
35118
21236
15965
20906
54174
81147
94290
73926
29108
9869
76095
92332
79740
42155
72076
40060
76985
45773
83657
68721
50389
69626
61695
80586
72416
63447
16917
15427
77746
38879
30450
66945
2702
13620
7220
53555
64672
1308
92772
70627
86308
22887
48559
280
7991
992
84035
34245
42226
71438
19403
96873
81486
91551
53876
63760
75687
22492
8523
46833
623
81639
63450
75509
33617
90310
85499
32543
39204
88111
30664
55975
51512
37923
56155
65545
84361
10797
64476
7076
30442
34236
95354
67537
52125
39170
5122
93981
91087
49050
59686
8259
16786
19486
89459
84127
75677
56830
8700
22296
15686
37693
88666
68004
495
19496
60562
29018
97034
95340
32429
17506
28609
17565
6336
91442
14664
59932
40440
61786
2026
65816
35838
19103
53274
55984
93456
59865
16519
27796
64085
42185
84454
69129
21777
98477
42431
10625
72029
52795
6720
48566
24774
66435
39293
85819
9413
4105
5441
52569
96871
47911
20745
58165
46423
10789
31374
96532
52971
54904
36052
16236
83156
58476
82870
45775
24653
42577
64431
54206
16143
20178
20341
64153
79071
97635
91730
53487
25512
76403
66826
1052
90387
81274
25898
61056
34796
98159
99349
7507
78432
69377
75270
20869
38264
91295
48929
22087
5655
44472
20044
79368
94279
95733
24132
85654
46430
34762
29400
11514
8654
47774
15251
17071
3928
17332
98750
33733
35812
82950
97034
2542
26116
27767
61922
83086
80166
712
77525
20201
18719
13796
76741
52513
62924
35884
95274
16105
80406
32312
51484
65386
7042
54083
44289
50368
12409
61354
40227
79635
88091
94154
86239
62792
20605
3416
11721
92885
60908
53124
36223
76568
32662
29075
60128
46164
61047
93714
92759
53325
13309
89997
35915
11380
62392
97818
69398
33678
7030
59556
19949
77844
79923
18559
22067
66881
34005
10265
20430
65256
18911
27353
8085
82561
50722
66724
94727
27200
42111
48187
49653
96117
89798
77183
67220
29179
95937
59582
63215
23010
25235
23676
19922
24003
14046
74896
34757
47210
41125
68244
41683
53555
73386
55484
83738
31682
69349
12044
28033
48257
36610
88066
75248
52434
39042
64026
43588
65067
39209
62711
48861
85908
4568
75232
75120
94828
22840
64139
57159
48880
7300
95918
36710
63842
54368
35098
84236
11961
31293
25358
77181
33620
37455
82288
74566
93466
31224
62699
57448
451
87403
39629
20408
525
29139
30325
65314
97380
5240
69997
1756
16447
16427
92622
48174
33573
43015
31334
13958
90010
41212
31717
47841
32886
99911
39678
53178
31489
15689
81075
76318
37182
6446
41740
7538
87919
8383
99459
48213
92825
49677
92288
32631
18590
36897
6736
9946
58055
95184
7073
79630
98842
76678
89826
54283
2859
58545
29032
23310
68485
95749
93584
8083
53145
79101
99682
4068
74817
5904
35701
4499
28503
40016
22973
92728
29022
60115
29372
38007
75167
92375
94297
56
44718
47485
65081
82237
13568
32007
27397
52656
61573
18654
5672
38624
28351
78721
21890
92520
39463
43440
73156
86388
81488
22046
17173
31017
97656
56587
26785
65590
32767
95944
81259
68054
43395
12971
2639
56497
21947
55915
28186
11740
15658
55520
3381
30828
16247
69321
47843
66668
56464
58931
24741
14715
9225
39750
60095
84261
21393
51758
64427
83642
31985
55912
93159
74910
77359
29259
43781
13301
53956
6619
52989
68205
77866
55133
90047
76865
25639
7623
29680
28717
29624
79272
80703
26334
90329
8248
19388
47087
60900
18767
13859
24439
39982
60635
65881
26532
22565
44383
26343
34810
40509
24802
33036
30146
46203
9223
13863
98862
19655
36083
24119
56918
83574
86936
83051
96406
41788
7706
11376
96528
88946
70567
80034
91240
20938
97166
20271
89301
36617
6932
10633
12748
54841
92659
61399
92812
40188
20310
44972
30509
56254
26196
66706
86179
68288
82330
79522
80810
27257
98144
46697
17785
2979
71683
36587
2311
48669
48390
70286
59491
29940
97093
79840
25951
51121
67060
46831
73577
60735
40335
88923
83493
23567
89897
40309
54967
2521
70785
49110
69084
49795
82053
15735
57859
4325
3301
86938
15417
10387
74281
92925
30117
67930
56069
19261
14107
94119
8829
99398
26750
72635
43248
40993
50257
50908
85291
38782
99893
47394
29787
19565
21997
2546
4647
4239
56845
70239
73179
80983
32611
84546
14715
9253
13285
80275
35399
39356
40010
33786
27553
77454
20806
73766
44808
68834
53719
36243
20222
70094
34334
33285
8834
80816
27514
10360
26434
71842
4567
60755
82827
27222
3555
57857
70249
35158
79123
69285
28729
38398
41846
81596
39659
29322
97818
67458
38614
68034
6051
227
19755
22265
95885
92420
49981
2189
98891
7217
98288
71120
67646
97271
74950
40324
3215
41701
44923
93701
86025
69498
23163
894
36062
82580
74151
18432
86909
27362
61305
24144
87238
52086
85487
34983
43972
18521
71250
65879
86669
95383
41993
54302
25056
6205
88938
31942
30114
7528
26341
10747
27579
16238
13205
37274
56185
70553
44292
2059
6346
58946
78485
53961
91621
19136
19804
47623
73715
96291
4916
35897
6239
61878
53030
51134
78413
51108
46422
99279
26134
25539
32761
1018
25193
8901
5268
45533
56149
75870
11228
9455
5397
6793
74191
92322
95542
21387
47454
34015
80392
9946
60386
80291
1898
11502
10198
4617
4414
88083
65261
3556
74302
57449
13060
94780
19802
5770
88548
72390
19202
16371
43887
95499
91845
81534
1619
12097
19313
95187
55231
44793
