97034
99196
27943
28689
59665
58707
65633
65619
23424
81342
70162
74910
66534
99347
66061
54305
83591
64171
85582
30413
43006
81389
68323
72080
17469
90941
86895
378
62912
31909
78516
76837
65477
32910
5793
60371
27473
23575
17219
89125
71273
43923
1138
30424
23830
96216
51489
54053
38106
33459
29228
30230
66721
43924
2262
32404
4314
4237
10140
18486
98420
86321
44122
45600
75970
84058
11983
415
86754
22155
54308
24716
95249
91550
36857
34838
11911
87782
6165
20081
2105
90313
33415
85807
8349
19406
51352
55490
86881
55039
16328
16268
14178
89480
32902
78283
54650
76642
74573
449
52788
87455
4749
28587
59479
39532
1087
82396
81029
3724
87121
93661
5991
90549
3399
28527
50634
84568
81562
66845
25992
42042
80843
91403
57602
91776
20054
44094
75336
25430
378
63913
55593
20435
38188
6404
37790
22800
87170
9482
70798
67136
22476
51740
65697
38882
79081
63837
80814
90352
3173
34562
71690
59342
33058
91467
38114
64574
68641
10632
86517
40175
3615
66156
57031
88997
26757
90443
28957
65667
27232
83027
90339
82574
78929
24472
88075
22937
88882
91519
4798
40848
21974
13456
50896
83407
82078
33923
29645
39068
1665
92011
83519
50071
20581
5704
69097
72786
83020
73698
9146
15008
32231
91552
64705
59443
31209
10814
45274
98765
91558
58860
37956
16597
47092
54801
9149
66517
8721
81298
32952
7184
45406
20842
89750
84271
92445
62733
20984
65735
73067
96515
72064
34842
72027
16376
35085
65881
33980
93927
78409
77810
16113
2070
92461
40701
48606
99965
49802
90486
45483
18475
10173
86825
22670
9165
45268
90125
76059
74702
77882
14744
8937
14368
84357
49318
56227
73910
58467
27926
39568
3847
62456
58325
31610
55060
63834
17676
75015
35040
3947
38385
15584
24139
89796
54009
