14937
50983
43264
17774
23595
59809
84802
11963
57204
94362
84161
40747
16670
68570
20471
42996
9904
57001
79427
80295
81278
94060
10497
25986
36290
15940
1165
85291
34308
99740
67832
19506
36536
43031
7140
97692
50486
92918
22100
22837
18092
67737
20527
85117
13150
12232
81547
21691
62625
12049
15839
97012
23840
75626
97439
99339
42000
83058
5823
71605
25716
98874
15271
57329
1343
87641
34288
62318
39710
80571
15802
89296
54053
49038
52288
83184
26869
82722
64220
9478
2753
77606
89808
47493
87336
7715
73187
13987
77861
70314
36113
28623
58971
89414
37603
77986
65370
36542
52973
84221
63454
38214
40684
51271
82086
70204
83999
18982
30548
14637
97935
33268
24010
26090
83025
56111
28363
90174
9849
37113
48728
48660
12449
37827
48407
52340
49837
90149
89197
78309
96070
92046
72592
10000
70853
92107
86970
49030
27782
27433
55163
92964
89901
19159
98184
26143
70864
79028
82886
24302
44074
27024
88787
87759
23250
62799
29431
36361
3726
22966
89346
80611
91613
90456
49185
33794
56516
30817
34184
18908
76794
34513
45496
33274
30539
52694
4865
72382
89618
53138
57645
4206
91758
21012
50979
73777
33215
30621
42882
4328
39036
62170
58199
15159
82933
16774
26426
28452
87600
40086
7892
45389
30408
48738
21883
77778
77107
89373
49436
39196
42752
5631
49447
34341
58577
70980
15295
65747
74513
255
99695
14047
81058
94460
35280
36374
15888
28250
91783
43576
65544
67454
62869
5856
31062
46657
38602
69573
83976
36028
15575
63937
50733
39744
66378
71862
49903
99890
89866
34968
91526
22473
90418
1356
93382
25970
66149
26107
72261
58686
7573
85505
28813
46075
62497
48342
65933
2773
19633
67378
86845
61265
54803
49443
62511
91605
49771
78522
74766
45204
20064
11433
63706
76189
74042
79877
53331
9600
52019
50437
67415
10819
40269
78129
77837
62432
60132
99412
65236
78962
73066
81950
80240
53338
24129
36548
52040
15849
66744
23313
14927
80444
82247
75563
53762
48599
76547
90961
23476
53958
52080
77079
26156
1290
80356
92585
30812
43461
32868
99900
62185
7679
58388
89350
52896
928
12330
33533
78554
7351
44302
64483
36372
87320
36401
78993
95407
45467
35047
21791
42322
91605
56771
25918
88166
61883
27081
48531
40410
52791
36746
69203
57589
75606
67425
71733
83502
74675
16277
63387
4792
46128
59587
48924
45944
61362
84733
67048
33637
18456
93957
81418
42991
25776
4699
75576
66567
53135
14179
9099
37599
7504
28125
83936
70940
55417
70294
87333
60250
83349
92150
18944
83743
26751
98324
76577
88783
31720
99536
53131
48622
69666
34057
78812
50085
50415
97009
77231
76021
38819
16746
40165
27830
22203
57010
40112
48391
91951
69242
21032
86522
32828
26875
75324
32482
7211
96983
32835
36794
84098
82552
10719
53000
48919
64317
35385
96784
92038
24627
96042
23312
90308
49408
72342
