74843
39406
74326
56616
21715
57466
6615
79906
42030
84247
88472
3028
92192
13603
33125
23983
79518
10523
65306
60107
85054
54887
61904
92212
59885
48870
32585
46333
3496
58296
58560
90225
60223
36023
18328
41149
76803
82532
67069
94493
97026
66349
92376
8388
86462
14341
30507
25597
5833
36218
99478
72296
41092
10462
35599
91167
99540
7408
15797
94818
56183
32709
19624
23645
95366
69524
45130
79129
77055
17225
99248
26
39730
29550
38392
32853
46896
53261
29989
21436
76142
81177
94328
20515
86553
54775
74044
23183
30835
27212
38388
71223
99970
36909
6065
32719
94447
9526
2566
29249
73467
14263
22054
54180
78923
22182
2334
36937
77522
77002
30129
72420
28011
77364
8214
49604
62036
99948
75620
843
73111
36674
68994
45857
99224
5766
18422
6959
71077
57055
2715
43083
76787
21555
73755
57221
79052
76434
88828
82141
3042
36041
28546
57074
7198
81271
75166
67344
23294
98679
35730
4582
11705
28848
36318
74173
86049
74663
16071
8380
40607
62969
94165
75876
2320
90928
71305
81546
5342
80187
52533
95716
46251
18100
99423
49043
49146
68542
47216
45023
84997
4576
17515
71569
26265
19833
32344
852
34116
71515
8361
33966
46660
99839
34380
15575
60527
39718
22505
32514
45176
49386
2547
8506
65525
45829
30618
80704
49756
30311
32736
75775
6320
18160
4485
84413
86866
1941
28951
71316
73429
83065
33672
7141
16456
78103
34478
65118
98675
82223
80727
38118
37896
6714
50215
42006
76594
66547
13050
36903
13232
84093
6353
85124
30704
22964
49046
92541
79809
924
30679
12942
23786
56391
36991
85189
24595
59614
4927
21477
56581
26398
56688
34420
82432
82458
22361
11510
51022
3500
37659
17499
5991
1883
62195
73959
97082
4461
87735
20379
97310
38745
70441
70862
36100
11269
4670
93967
52005
19543
52743
18165
89944
32366
65817
56869
61141
64776
48888
39021
3196
25403
37291
33526
61997
54535
40920
25662
93738
93846
15044
50423
37821
44575
53658
9587
24712
19532
68680
59850
61733
15103
32820
87142
47038
52818
84298
57617
47939
83400
61896
52803
29878
53508
81247
76641
71096
71366
12903
55065
49544
66918
62261
87827
57626
91812
29404
78974
72314
36727
58334
97723
78845
8992
37402
93246
34290
2404
2567
42151
13508
29638
6796
20970
33140
75234
10820
57062
18759
80177
88021
18791
20135
8866
18983
39363
52495
60647
65048
26473
17925
64671
93557
51976
41312
9889
3830
81902
83773
20943
86187
96845
22036
52543
67876
61900
21735
1561
49625
25742
37190
41712
35640
85445
29877
31102
14865
29723
47497
65319
76547
75738
95635
77168
23437
98080
72437
4216
56367
29003
46599
70272
19965
55397
22886
30146
44481
70912
80695
95833
10862
65063
74305
6678
38363
54498
12591
24801
29411
1841
49818
62484
36080
76966
28589
85948
74026
7166
45411
93273
79903
82604
78360
50578
34982
30725
90817
9240
528
78119
6956
18979
75769
15889
38480
11669
19731
21265
94234
42525
93173
7246
87061
82219
6786
61173
7735
1323
38293
68886
31989
27905
96119
12706
54057
1798
27440
72024
62600
86330
99472
65465
37130
22254
15432
65099
84750
43694
44526
30946
4682
91003
34205
63576
82600
12857
84523
22919
96044
55252
96021
74729
23529
39478
87197
70182
16388
23304
70764
88618
54408
10806
14864
10906
91195
63442
44033
43468
52061
67797
28998
65730
90308
50172
23582
39022
24873
32461
61792
10931
14136
83899
35689
9381
73062
19288
62400
26006
79445
95494
21002
67244
40046
40429
76666
86112
30887
806
62531
24055
90860
34760
90260
51575
99759
867
86469
36493
19689
11223
33633
54153
26872
25846
90049
97049
48442
38190
42506
82147
3469
2630
4918
63837
69838
21756
42271
23617
18914
90980
57689
51587
92837
51257
45326
81114
40714
56248
29019
14603
37134
93061
24648
50888
46627
35614
46389
38885
25890
17654
7364
68521
90577
73249
54948
84988
40721
76616
40740
97780
38568
93342
51247
82973
82314
10546
42721
85788
93870
15388
16053
92430
20638
49430
50742
2668
54282
85658
99026
81854
72727
86268
57768
75403
59778
55856
43706
47063
71060
63696
6034
10987
64567
40812
17092
60349
53436
69606
27661
82020
59462
46491
44841
27875
90004
53332
20201
6797
42285
63154
90769
98593
95358
32208
1482
8188
14623
62770
38425
97534
90388
6179
58064
50554
34706
83168
58854
31704
33278
98119
28879
54582
32810
21603
78129
69088
29491
44502
20292
38016
26382
86595
46968
62717
53619
45508
32927
98978
71146
7326
24437
4145
75412
229
59310
87941
74062
18454
49045
78128
52971
53725
26461
22075
10443
23729
7613
60857
87630
40538
99682
98795
92041
76799
13781
12828
6219
22535
32381
11088
59073
3013
38854
1170
66650
48539
70426
11141
54601
48654
42
13190
91408
43955
27112
66939
6189
15924
33509
71858
85654
40416
47972
46710
38888
77035
77641
61465
9535
64642
5841
77403
62252
38944
14281
11765
27944
47815
11710
6992
14824
42193
15883
48974
79757
39465
69033
1720
15789
67419
70914
13713
66914
85280
55834
72556
17381
24303
52624
32058
87601
63028
71459
75711
25674
96066
35050
74957
65364
42996
21251
60486
56022
31255
87219
41086
15782
44053
80221
33701
2477
35145
67868
22383
76511
78849
68914
3860
83153
5564
21651
75996
20436
69669
90853
9077
51226
36827
29018
98359
64687
56411
66976
26102
87358
70992
23236
19546
3437
67343
98979
84463
18873
86895
97348
78866
59287
5722
76256
96897
98419
77831
65084
40507
78172
91436
6953
71123
22193
89346
92925
40013
84310
43438
36488
45003
46113
92045
55944
29125
98334
43274
91056
22840
63885
82182
91709
1171
80982
20535
34891
91266
57966
6714
48145
50261
18984
53586
96119
22198
69933
24373
32455
58852
