64728
45297
80934
13287
22347
82550
73570
43120
90457
52140
89311
97526
71244
53817
76003
36135
5942
79891
79844
2572
32374
94287
23352
71384
14959
16536
10271
31164
53958
51934
30474
71899
70400
70885
19942
55783
16576
97957
14609
29045
46536
2430
46307
58510
48507
28952
90349
47021
64087
79064
90512
81408
81201
97699
78118
84859
82575
97461
79649
10354
14719
75146
43078
97044
56726
60005
79297
7113
57492
41823
93769
16104
63187
49179
19774
35095
19120
43873
46134
47991
60318
36982
35656
63616
64329
35508
70641
22366
91963
67408
97293
39960
91766
53157
87610
16277
65504
85767
37368
24446
62462
74405
86932
17637
16723
68066
55770
96086
57543
94749
87150
88604
21482
48925
67069
95008
39057
9616
25687
11196
72080
5172
31919
55372
15156
32304
25131
66719
12478
22892
36901
85682
5307
97820
7331
23644
77151
28474
49303
16809
14584
11615
7604
10284
45276
25304
75658
43189
58150
90132
3379
97209
43064
64418
32740
51892
29694
59964
89806
25285
62015
53176
99304
40229
3063
85921
25365
93004
61348
40618
45589
96914
70464
44499
81645
64958
20619
34646
82521
76568
33190
7875
63488
5047
22835
73458
68270
76695
65819
81768
22305
71987
52553
31433
78059
88443
9614
79184
505
89695
60225
75720
77992
71345
50271
77960
28061
4783
98870
57719
54743
30926
66300
70579
80254
83013
45215
5893
44676
56476
64921
99328
46796
80700
73440
65879
98560
40742
33158
81448
58321
70899
63822
31106
85145
86448
81050
60043
13229
41647
37468
10777
33443
66407
67692
55472
92790
72729
10696
66128
72977
82031
42064
46702
1536
15158
55356
43379
51074
74714
82239
37393
46188
65560
29522
58320
52314
14189
70709
74541
77366
40564
47897
81075
84403
15717
46745
27326
56096
72758
5472
66710
61401
30584
7321
49399
19833
31581
62767
87038
7259
10279
63550
55106
42640
35051
89551
30723
44680
20287
58277
27320
50647
98371
57165
44157
22026
83989
51686
65637
19709
46848
47525
30547
95672
2948
48210
39551
11413
13538
38778
31836
47404
88150
81480
91210
21047
23483
68210
67019
54693
92515
43976
90350
59301
33722
48253
66703
39925
6265
5994
48971
32988
22257
73870
91995
11885
54904
51105
89713
63311
34409
818
48083
858
35200
87279
55584
67341
61746
32895
53235
96488
17043
46224
58639
10491
27392
75852
2333
10263
96741
74064
50481
1672
15104
49310
37260
7451
28645
24865
4621
70946
51357
39422
50734
68757
63804
25229
20076
14759
49673
24655
75144
6319
3510
5207
17929
31412
21503
3041
17906
42337
43981
68980
6302
24833
60264
25859
973
58822
91921
72032
99047
29280
98219
17728
54424
78606
95979
60459
6216
73112
58096
87921
37624
24632
89698
9714
68076
23805
91320
57174
88271
19395
73710
97622
81717
68480
12296
58762
90778
50248
95156
25459
86146
11884
40049
79230
75251
99497
88918
94390
52697
47741
62693
46692
30289
63125
6420
11571
77707
72550
8397
34296
97394
37241
97267
12564
65769
48754
87366
10549
91923
98094
6724
19442
57292
79354
66619
32472
47598
49561
40091
96681
62673
19424
59295
46532
38370
70051
2264
59582
69285
43719
72725
52720
34192
48749
1850
2367
97052
95022
85338
27581
38406
67685
38229
90955
27198
2394
46527
54885
30155
9171
46895
34609
62288
38394
67012
43572
92691
8489
84047
23509
7401
99385
9678
53696
49592
66800
71438
20811
60519
14881
2707
98704
54517
39012
50255
13946
98087
92650
24642
54116
95032
51366
83374
25271
17446
15679
13027
