67974
4173
40201
40085
97065
10243
48203
22820
25303
60160
72062
8489
71140
17696
14225
85317
76506
90000
73021
18880
11662
12225
65594
97287
40852
89293
96282
63394
24920
19638
45677
69800
90273
65913
72547
61587
54171
19716
67343
3310
30088
73102
87338
43842
38462
12594
61004
70606
29820
81869
30616
53693
86543
85226
39401
89486
34377
57782
6574
96658
74743
59573
19167
43713
58161
76270
32364
36387
48477
34007
48549
37522
8687
6030
58296
46946
1298
17484
45092
45026
27612
67296
15176
59132
3702
18290
4392
22896
6834
54740
92227
11936
2258
55351
49022
92040
70268
58652
35748
8549
81554
32836
57062
14351
98095
31101
7036
65629
91056
23455
2753
72760
41607
76678
91174
18242
93660
83963
24826
49979
74273
64138
36352
55671
30552
74541
75011
60845
86257
73250
74741
30898
91022
56934
55807
23664
9697
74324
23927
27835
20716
62611
70985
15196
92999
74209
85733
60372
40477
86766
31022
82184
17312
66508
70475
32038
42738
81932
78542
16295
70126
78479
61082
80073
48537
35229
85711
97469
99012
45777
53731
31767
89325
31175
52985
97350
498
82349
1075
68681
78648
89194
27966
18706
87493
43212
44577
81575
91726
93338
78690
96140
65372
65175
57663
15169
43231
60599
59076
54590
72879
40244
71019
84635
11462
35163
73086
11967
26227
91884
45298
5584
57322
79114
30464
90368
64557
80997
75999
72989
80148
2785
15388
16841
38283
10093
35498
401
51860
91676
47333
4171
5426
91387
91497
35977
56814
43364
96667
28448
22270
81016
94711
46873
69002
74515
35767
26098
22075
14299
19243
18795
91913
28768
99835
73859
7551
13447
6516
26905
77336
39750
52757
67584
41405
67260
95143
9402
27657
20239
52777
317
44160
76412
13768
1947
33672
12688
50442
51154
25692
90537
96947
27445
60038
23410
48221
32988
12538
30243
81306
60153
64549
47587
69708
49105
84134
99183
15201
89611
42433
55631
66926
85641
28440
73289
27679
91797
82963
11868
67444
94455
57349
35694
331
73698
8736
35582
14072
4147
976
7876
70777
6189
18071
14324
34397
93386
78470
8476
51049
51481
8036
63901
56085
85449
98438
88974
41928
59015
35220
25893
82680
62771
64219
93468
63287
33555
45771
52448
74944
49728
48089
5611
2724
86714
58275
90431
20974
1560
18037
39230
14109
29779
87072
66168
57807
33105
74573
9194
33112
838
407
42699
24473
7185
64524
28198
6868
28946
82975
14336
36868
28577
90398
70851
52588
13213
71078
65673
25821
64544
50581
98287
47818
53343
9102
81777
85706
17926
80471
28887
92442
18332
7111
16740
50868
7974
16597
50735
72488
67868
22286
58596
84904
27516
50825
89955
26916
71617
20648
23714
52593
2028
88206
25988
79250
13705
43219
69999
40398
44815
91027
40051
26577
78869
11693
22214
36174
55774
67670
94231
89949
22310
50693
75474
51917
38974
15440
94570
88072
71419
1927
92804
2709
40678
57444
28157
20237
11024
85682
16447
15551
60389
20377
64759
73085
7904
44962
57160
60015
46113
95610
58253
31789
67603
65475
5066
46959
18875
33764
50852
48018
23196
42155
79031
37693
83435
48145
53899
57749
58940
76700
52411
42162
90713
68777
95823
39662
89102
83443
80910
8320
44192
16316
27006
88465
88215
80224
81287
52231
15503
60670
47187
48363
10113
66393
26008
15958
98199
73195
45299
18868
16408
68027
97335
56199
3982
29822
13080
42777
34398
20862
20796
14323
17526
50528
95639
42252
17991
63059
98665
3115
64753
61442
21357
35041
13026
35373
93322
4156
53067
68561
73442
8337
30519
26296
47720
3538
77595
2053
8569
17896
74513
266
70693
96337
77303
87057
19926
97534
98415
11335
6880
42129
40785
47708
7811
75359
19672
19150
48610
68014
70870
78762
8379
29605
60301
39761
51384
91417
100000
40687
1411
18384
82383
63663
52120
58264
20084
48401
49482
14455
47201
79837
84892
24961
8175
93051
56988
69468
16050
57299
86970
63821
7894
70372
12180
16486
78971
24075
16723
60492
53498
21252
75946
82616
78450
58823
16209
25863
71285
41695
47892
1354
66800
71028
28231
66801
81617
