12532
30059
92388
7543
75941
732
16954
40381
72666
61750
98382
56216
97340
34428
16251
33942
42205
24251
84739
64734
48848
57408
27306
22243
25866
22562
90439
49524
22884
11014
13510
69262
56312
99598
87030
69203
57391
34544
75050
22018
51213
13109
21344
20221
50665
4927
18633
55749
39424
83232
26806
12661
86444
22923
55198
83625
38847
81751
44693
42488
73928
69145
78273
99561
71216
97267
5975
24104
4632
49818
73814
50182
91231
70522
19798
39342
8953
69976
42748
41337
40210
85500
56013
81571
21788
84817
65091
44424
10613
67782
71678
47947
18477
38349
22860
1829
49642
7321
43194
36675
87683
44941
9170
16417
13308
59603
8914
18111
94606
96251
41397
35911
35903
11962
40088
47525
26440
64639
61277
48621
43305
1631
24524
70576
37082
20571
26257
91768
593
77605
66818
81549
47822
14683
75981
65171
93711
40980
38780
55181
98320
7702
43092
29324
32508
48165
85888
72339
56663
2508
59132
93784
80993
99089
37989
71086
2074
58470
83023
26135
38635
21788
79847
38594
35044
67781
60586
32593
74617
39383
85134
92874
78013
20244
44327
89905
88539
28058
65083
20822
47480
68489
56009
8242
17943
67431
80275
41623
38205
97365
52372
84063
93799
30685
6986
21309
36623
14570
76144
3865
61836
47026
50879
6824
2410
19639
63310
11281
93503
58795
43855
54737
40986
34037
54216
72938
21918
66246
69166
31350
82181
74162
93453
13847
26940
70746
84770
83938
92022
65604
68789
7325
22079
71812
11525
8945
36540
15535
99520
76517
77039
55157
3793
53572
56603
5498
2452
25061
90307
41392
64493
970
11154
74176
33376
36281
63699
49189
97201
96754
91777
42363
79407
52745
61768
112
85179
51567
56425
4662
55037
72113
67228
70791
53828
57842
24566
66682
94651
53668
65997
81102
40776
99837
6534
17278
92352
8412
89953
97627
65137
16608
33866
64654
3481
14318
39013
76592
38605
9993
50343
86399
51778
162
31137
15777
66867
1936
51772
11416
71544
4786
49561
41126
85976
53697
52973
91125
92938
57669
15964
5249
25982
68260
10563
26342
23152
1819
75116
27800
20068
84600
31564
76983
18933
1116
71389
1490
50938
84959
50483
41642
52282
74571
71755
43180
9417
72313
30958
1829
41038
7830
6262
42586
16656
43108
93026
40434
62771
51702
25081
23694
14398
91130
71022
36488
41386
49347
51264
67854
84110
95398
99255
19781
52042
48828
27520
17459
28989
1749
10567
7460
86021
99866
92004
53663
88245
92639
28581
48370
23861
23450
18200
91113
83950
4110
87048
70779
42442
1105
78178
1807
71228
97422
19138
52417
52432
5530
45524
92721
16930
36451
23265
13222
22961
93221
7187
95925
57805
95424
33275
45130
78594
79870
33822
27576
58749
62923
11698
4044
68980
13900
21718
1909
83409
11407
24399
62834
13897
59996
29143
2032
67144
55582
41210
96534
93408
58040
46510
78010
78365
33007
43582
68222
77466
26892
66264
70835
81703
40445
35225
13169
39477
71083
47029
589
8547
56298
73549
94249
96244
11493
71704
98768
37073
69483
62951
79902
68069
99534
15933
75824
28689
61711
42685
80865
56763
88782
17271
67625
30145
34613
28067
13502
29744
97933
1318
60453
94046
81456
93696
93175
44640
48303
13325
45388
16478
50937
71093
18136
11252
7706
24131
63660
98940
32685
30799
29024
89552
42993
69625
58313
29952
99797
34859
54918
81269
45062
33549
38544
92676
53106
21864
64000
11487
58553
64887
22006
43470
74063
33672
11119
77116
52287
66342
70705
95630
95002
47662
24481
42295
40822
69558
21691
49596
41095
59660
82137
26220
74268
82266
93245
17273
99795
89918
99171
17704
46679
17687
65418
38965
72470
62255
90046
50808
10034
46386
91664
40030
70702
58335
4284
12739
10737
53133
78404
97258
63430
34292
35976
33910
11179
93252
34703
32227
18851
23343
17164
76000
89225
55288
6026
85089
42476
69116
4149
40353
795
72274
66735
76598
41783
25270
97549
54546
35375
26700
39131
60887
3101
32262
13059
85219
20086
82751
55680
90657
16764
41964
74864
99080
77533
57045
30638
21734
82568
81107
20504
1589
9072
77905
98753
89439
42866
28268
93483
20078
46230
63119
13655
7322
63383
38400
71611
32956
82261
21638
64897
91141
53994
58438
38213
30781
16506
14669
40191
73613
69926
4994
47112
84192
66348
78833
8554
62572
12018
83359
60519
4533
96601
12904
73178
67448
64315
16259
71044
94872
67166
26018
74646
32081
75587
43644
820
89081
35255
22558
34263
50203
41246
95560
29941
11596
98285
15976
5004
4409
9578
75477
4372
84154
35673
42942
13754
67261
23172
51454
54801
13281
18467
68334
48567
34053
17635
84965
61414
58251
2117
81541
14576
70688
19808
807
78216
38937
99487
15488
9077
67681
81874
13647
64395
54526
96206
73577
71284
40119
69336
98007
40527
24981
51748
96720
26147
43339
71561
90412
7983
81801
76675
40749
46582
79689
92894
12069
39733
75220
74541
65470
16279
3366
78739
31477
19649
43633
20842
93490
33024
20665
5764
77172
84435
50984
58075
39885
31107
9317
93522
70329
84437
77951
84679
53584
56003
12110
39292
67259
80705
61647
62520
48342
57055
86310
60957
74669
15688
73965
87392
45308
68669
75983
5013
52588
27675
26601
73187
19534
11843
43366
27326
54042
57242
34636
16914
63278
75695
62816
15296
72458
68166
31820
92183
61955
38558
35216
61776
33041
15046
81284
91322
96363
11127
10804
80785
16454
32257
25576
55821
63796
91577
83502
64871
52045
92161
99641
1885
91311
20837
74685
88412
92346
12688
51265
88931
15371
40528
44058
61953
9129
39979
10202
62682
56959
72847
98861
97141
88714
72048
74624
58955
19458
30984
34727
38098
2774
37550
83683
18546
3145
65563
90814
57046
48713
95105
77499
87722
93165
65936
53911
48080
65872
69212
2562
68439
24851
60912
10528
52745
66045
85516
23485
3862
13718
65859
64920
71681
2712
80459
37713
18888
47128
60340
11432
34823
49135
88161
77430
29117
62621
38566
68086
91960
20156
64203
23948
83324
77516
65314
93819
55548
69575
15946
7353
90000
87322
64728
53709
57748
37889
79511
774
10901
6672
34252
59917
97236
85559
39959
75372
34105
96703
27711
31247
53854
97717
74412
8209
66665
3477
48105
76712
53323
75030
86060
68043
70127
84728
80853
55362
34802
96594
2722
57889
4599
96029
12538
19825
91356
73909
55358
81118
13133
28016
47308
87737
45489
9993
47301
57659
