90076
48647
81356
3172
10012
77110
52128
85191
60472
28834
99728
73684
61597
35308
9207
50283
77156
14690
95887
16160
96170
82058
5793
63187
54770
90372
39537
78776
52787
70577
56665
41271
26334
80263
37499
35384
77153
68957
15357
9778
36527
96877
52101
43858
5136
18033
81193
69336
87394
75288
24164
22168
64345
17490
50839
31004
64485
64419
52982
48074
51740
66801
85712
19429
33505
991
63597
36465
54488
52483
51040
6850
29173
4226
39241
6729
98362
18577
25619
65224
90913
22552
23947
72465
81989
38489
62624
94284
85601
46247
50447
34165
94398
93947
15433
76427
72544
6836
94729
58247
26209
83380
22995
77194
57097
93767
87780
62163
35714
35622
84081
96348
65885
95293
34649
39381
51213
8097
84547
30573
31120
20789
97173
28375
94462
61812
49476
17930
52198
72717
15217
46792
18842
77685
14774
3104
68159
11124
69028
18916
19683
11987
60788
29788
34929
43830
31356
80724
79606
95625
23524
52504
7754
28235
37472
80997
77326
81798
30809
89851
72713
52320
17049
45550
44169
24317
93814
84692
79057
67603
72521
28537
18430
41590
84109
79809
2285
5100
12708
83046
4612
13992
66247
79171
89260
48024
12488
83089
31272
68779
31398
97296
95336
61077
87495
74888
4311
67435
40538
8898
50308
95110
66654
13586
46751
24777
25171
43547
79322
24519
75502
16031
27117
44455
35366
84401
79607
18236
88811
98524
31446
5890
98148
11709
89040
40831
32462
80753
74379
43591
