35394
55771
16432
68946
44145
23356
36696
37263
69633
83220
33590
34055
53370
60197
4192
63024
10770
5391
10884
31211
51339
21633
72001
90211
21061
64832
4211
72824
15729
62027
63573
42814
53666
40426
20838
27067
98126
49417
33825
88182
21610
92736
68996
87150
79440
3886
10652
33628
77849
59746
25076
42991
23035
40167
62592
47290
78049
34673
34076
99177
17903
98675
81509
71327
51353
63140
65068
59242
46833
96246
46784
75591
23163
90520
16954
49921
4074
69077
47026
46201
86692
77112
84457
28330
39376
74936
1352
28393
88795
21794
78874
86229
9185
67900
64441
23177
30144
14644
22554
62085
29798
95603
48852
30818
38605
24604
18238
25972
5707
23318
6041
43372
39406
80399
29939
71447
69969
33992
92235
48653
83267
22481
24716
89804
80711
62235
51942
65746
57875
77228
33898
15596
24462
31019
27835
5757
67591
58093
43065
68253
99413
74062
14123
69188
1700
81854
73613
76345
92292
94599
69030
42035
69158
94551
67413
70932
18469
8921
29843
54376
68951
22409
27545
41039
30312
48560
18873
89163
16996
53287
76096
1667
30627
30425
33412
37928
39085
79410
5034
5190
25952
64304
29309
88438
23857
53869
55189
30873
63221
30434
86610
11207
59904
80553
4046
99890
96090
33817
48876
41058
46923
17701
3258
59194
42650
93901
33112
98587
91220
77247
41505
63670
60487
69941
58058
55723
4479
89040
41070
44365
26713
63207
92993
87963
52460
65282
61890
45085
22685
55217
96022
88046
48230
77496
26259
26912
97342
74425
26964
79382
27839
77943
53764
81541
19095
33759
81884
71261
51295
87869
67751
59864
2752
52828
54323
76604
46882
19919
70299
75439
60053
85824
91875
99399
38678
36223
85760
23793
87529
44708
81286
28611
47614
19366
86955
10116
13184
90446
80182
67336
88508
2272
98632
48551
81238
26157
15118
94474
71628
19730
89895
11854
23029
48252
56500
67266
99171
9682
33600
97796
94899
5822
61199
46227
21595
39922
43286
95109
41822
83649
37745
65505
14557
51737
20866
90434
71795
15880
90078
92133
31612
97466
61877
38433
33158
74487
68613
35524
40394
