91123
51989
51961
88921
47760
87798
73797
73133
6143
44357
88591
92247
41342
9377
3315
20289
85572
65357
24207
40703
82907
64320
90128
24686
97903
7109
83207
11444
39169
782
43122
32373
81688
86977
73497
25842
21114
51671
3444
85425
88511
55321
48604
65865
65967
69217
98591
58177
48792
22839
44872
50586
75260
48272
82809
24880
54110
93096
11135
50733
44898
84012
37966
71016
27113
74490
13847
23939
39156
85690
37475
29061
16650
31882
30594
79839
10554
76831
64710
44427
60590
2325
89463
58365
3671
2232
26257
92482
96843
88811
95712
69921
16898
5152
88443
17001
37701
16369
9552
39220
51295
83406
51750
38148
34583
15671
81900
47059
90335
17178
14938
64204
36895
86287
75400
10225
50658
79731
95485
61849
67400
52457
14806
35231
19680
50390
79473
62540
83203
46011
91186
11365
6963
25331
29617
61053
89259
32382
34219
5850
18982
33454
41465
78630
84199
87211
3739
45985
50694
83191
48176
65823
44471
3063
81829
57410
62540
79060
9905
73728
1984
59989
8337
24197
70072
69741
5962
8218
26823
5928
30978
38875
55346
77715
11788
23494
59705
33618
5714
43941
92743
83721
46970
95617
72712
32479
68758
86060
66085
59372
32275
26588
56999
51214
26028
50772
97929
44438
43808
54563
12295
41412
97809
24369
59542
87050
97422
23380
32744
14955
48038
52090
46703
10407
13241
33988
23303
42737
64952
7308
30549
28664
39956
29126
16776
51534
1676
69473
89711
25190
66459
49537
46750
4752
72588
51770
77095
86267
46526
47677
83855
96673
30122
55984
875
10301
32607
11581
40532
3076
1565
4424
66490
61218
55801
25113
59563
40985
9735
16228
42850
67395
70698
78997
53113
39347
90892
78541
1546
87165
40248
34908
80214
19949
79652
65151
63390
70249
36112
13576
77574
38180
82726
32970
16332
93270
35554
36879
16360
55470
62709
20392
17201
90212
35375
34292
30785
98051
93733
16482
3470
18494
18861
262
7787
87672
50646
78351
9809
56864
86721
71948
97881
34916
19536
42501
90037
8933
32473
59788
19664
95383
44259
47645
48358
31284
78330
42522
54235
6750
50581
97813
89783
39220
60771
49358
38674
71729
9153
31454
43520
16457
82423
43338
59255
73547
69738
46197
6745
71221
78333
692
35153
94432
59417
96859
47726
7738
58552
55754
30561
27619
75224
47583
7644
80754
85050
95367
77565
87055
88037
94201
82287
57914
33666
5339
38678
41873
42888
95278
87059
49377
47921
90121
20052
3441
41755
60267
79866
64329
37786
61291
79077
5013
55951
36309
34648
9281
96343
76712
53733
67610
79779
1308
87131
58189
45990
27872
29933
74501
98235
75307
47185
7605
13927
76117
59583
77294
46338
83652
89401
14905
9683
42607
84635
21061
66262
23011
46355
65245
45324
45520
33160
14362
79951
95764
54547
43554
83691
46693
50275
44866
44612
74686
98848
84833
36826
15350
80765
75553
69821
42271
35779
28638
1648
99996
71874
55411
58591
1095
7726
53474
18475
2060
34752
62195
72441
78751
17029
9607
63536
19225
12088
70686
87360
5677
11866
37895
86690
45015
47987
90907
15184
96496
49731
98425
64590
27233
3304
44208
82646
79016
84216
77014
29651
31021
52294
74502
9781
85622
93960
37605
18540
94189
83324
77957
84046
9955
23414
17646
65246
60672
77970
99639
81408
83227
52831
4333
29376
16010
85994
59499
68431
84561
67137
31766
73941
93655
10723
20512
46495
18066
34883
60079
21560
50305
54634
5826
25103
91731
65734
55844
47610
62552
75228
17719
96690
13407
24070
42240
2206
82088
2081
76871
26141
50131
35426
84388
60104
43662
4139
67597
75124
67073
61318
32428
2390
76527
41446
69474
4796
16892
97961
81128
68708
36169
69904
35057
92636
80701
180
30500
1942
48243
98811
64987
9773
51636
19640
76733
11741
32189
89638
92946
91639
27207
54914
15480
64723
66333
17264
57830
25976
74231
62963
81761
17006
23122
11865
14962
67816
45861
57236
29622
42873
51064
8222
92026
20934
27796
61395
32647
82905
31078
9677
42202
73197
84824
97855
98849
97060
25158
21984
84001
64530
27860
35371
58241
25483
78893
6938
4128
89476
67142
18862
5368
23041
44582
73993
55696
58784
48771
78062
44923
91526
31671
86780
64293
44881
87306
8878
17644
41962
35751
52135
15494
98878
79648
95099
81803
22569
4645
67313
95793
46526
32530
18771
73692
4521
91551
49163
64857
25720
69249
29370
11506
75063
37191
59084
96917
27016
49711
61263
16675
49954
55623
31620
20896
96951
92214
87851
59695
61524
94987
87392
43260
58383
9628
22139
80680
47953
19729
82178
15595
96185
19221
48004
73508
13176
49073
47344
90600
61849
61282
29367
58127
8422
55532
89996
4694
93992
77202
96577
7609
