53451
28324
24938
29396
40332
46165
66248
570
92496
26337
37140
88377
97065
16984
54854
1243
6526
85859
83506
32722
45206
63622
58688
34005
1766
83549
53436
70734
95412
40306
96812
71527
18755
11708
82296
7872
2916
7797
42126
88358
76066
7757
78125
11948
11560
96728
53275
64247
71052
27963
59330
23445
41193
11890
29820
70275
70538
99970
42236
43838
73263
97591
64186
48086
52520
76680
11327
67510
4042
45647
60294
35571
28271
44443
28386
70286
63453
27522
60066
94402
66005
10156
85750
56038
1344
95749
