50868
6759
1932
80790
89988
82393
39821
57271
25097
713
86489
70432
13495
5792
55058
26468
43122
39645
93448
19879
5332
19882
56095
60824
36653
19713
11678
67101
38355
15767
86916
40421
43038
23068
1175
54321
47995
36804
55786
66471
51355
98541
23636
37674
67245
55736
21079
63094
96167
16090
26392
68169
76269
8432
20138
58523
73636
52890
4120
55661
73502
5744
43009
28646
46102
19256
30426
52625
50045
74592
19617
95328
28097
15780
9296
34056
66027
83109
69122
92018
1946
6187
91441
91233
9484
6983
71561
90368
58220
74850
62369
3974
98517
11532
23362
40080
11982
89258
13865
28966
19218
98638
59448
5924
75772
58164
39842
13817
18419
63499
2276
54020
80941
26783
30736
68690
34321
20489
48991
74347
13886
82285
13741
47544
44463
63199
56862
59137
80168
42482
68392
34685
42744
85992
18125
20220
28144
4942
64320
89995
1697
28171
55924
79440
11034
44115
27969
63014
36063
500
8837
30181
41574
17612
99739
61021
55324
8783
25686
93093
59406
12259
44840
98370
53080
94587
71610
14482
463
90838
67126
47352
22730
14324
45936
19544
67396
96368
9785
63009
65916
14151
42775
3183
95551
64531
34137
28676
53709
62890
58216
12205
33912
38977
62859
42565
74037
94974
78791
823
31927
78340
10576
52006
44274
99001
55424
78495
23559
54950
13150
5758
73489
84971
67236
6990
92803
81705
66948
61638
19472
66420
80779
8521
7773
48140
57717
24100
47333
95904
9445
43241
35900
60839
82643
31317
40319
15936
32287
34369
27428
65792
36651
81606
1572
22544
87405
58982
87054
61368
79187
57151
7588
29304
1912
34148
10349
40385
29233
3727
38088
33504
85655
49531
50034
227
28696
91037
99406
54329
83274
41165
42659
42271
26499
64284
80420
78534
69761
35503
77790
71203
65980
88109
61
30069
59142
70043
82981
13229
35205
81870
47598
64386
98972
64281
37752
87128
11784
58444
43917
93303
97551
89219
47777
58279
59216
19748
92300
39912
83758
68296
9615
96955
70209
67139
71215
77009
46719
90851
80498
88379
41751
84604
85684
47634
54177
20914
3557
82371
59755
66588
17198
49548
30797
86843
14024
5866
91280
96181
61835
34018
21921
15219
80029
7213
31245
18424
52456
237
90795
35933
19033
86538
91912
14352
7226
48855
74011
56198
83698
70723
8525
75771
48443
56756
76449
29090
13312
33072
19900
63075
72719
48691
20758
67247
78435
6971
69650
73278
47633
51826
6962
19718
3868
16475
91250
84998
18586
70158
5093
10000
73190
69289
10716
1958
12079
8645
2683
1965
27806
18458
11901
23871
97118
2257
46529
92783
49280
25703
76700
46850
84565
33130
97859
64699
69162
63901
50060
40812
9018
65967
70986
26128
24978
3720
28235
29648
82671
98687
69260
23401
96353
42209
91264
24433
33062
57142
63772
77757
22951
33459
26318
24480
32661
17803
19404
23378
13126
2335
47737
99671
12344
67313
91209
91691
98935
41524
78645
38231
32813
70213
33022
82624
13730
55260
32007
22718
19365
60711
37605
17418
44822
5078
53392
38499
33105
81923
36332
22070
19178
22120
67272
4071
29042
91780
98299
53670
12860
42530
81007
42690
70031
66784
215
18224
84761
32155
13925
33787
37455
85910
37099
12045
48640
74101
69864
67998
98108
50076
2811
46938
63096
17990
61829
34076
97523
10815
63709
22869
44332
63381
17907
53066
55981
52755
23904
42163
9515
14618
88730
38334
68942
76680
15007
16576
89668
2937
67450
90183
48651
46633
33556
62886
86131
57102
79972
50207
3663
75189
60190
75726
83386
24967
9341
89962
38064
18667
25192
89430
99794
72811
97028
91154
75087
48338
86325
13547
77858
24099
31781
30317
21670
5428
27399
88936
4987
27125
78362
81154
13658
54039
99288
71009
8381
67321
27747
26248
40505
43456
42421
43988
82598
79837
73979
21823
67676
97172
19627
74675
21742
16222
43990
21515
90950
48124
97202
12592
37412
63097
33137
26909
57057
23120
75252
15420
68316
51219
5713
29069
44636
82487
19988
31309
6464
38300
90024
87030
62644
28723
37285
26237
63075
63415
89724
32712
69835
78019
30187
47714
6787
67997
82381
38044
89480
35362
20607
41402
30376
23313
19322
38911
54634
7610
2564
94184
92100
73498
48409
84021
88498
29370
13198
13530
99064
19241
81193
65994
20755
31814
80560
30558
68773
29439
75606
71440
50618
9030
62192
25870
89450
38682
3727
38642
46380
82511
21960
69955
2538
59456
54657
93591
30585
35219
15843
75006
89978
11582
67057
97797
23563
15587
67934
35795
94712
65526
63012
8677
36627
70257
67506
35733
57525
85922
45490
29270
24872
13566
3262
28563
40989
77234
24421
34270
57862
61906
26809
75293
4437
78955
57014
162
37839
51587
91706
44046
60358
6167
55848
16644
31072
18652
78805
29935
8597
95224
72135
39944
21182
97209
44804
5266
3802
9815
63852
34590
47823
36912
69606
35406
51814
6487
26660
71301
9885
45355
57856
51925
78890
55941
77596
14072
11150
989
23519
70915
26314
42752
9846
82547
27807
41672
66137
24817
99274
43162
1370
31817
29916
86774
69298
52362
25464
59444
42194
37254
12903
60089
83652
89976
69781
71116
7526
89751
92668
19335
51683
6710
71704
94379
70683
26017
51956
4032
75758
16910
8599
26397
52914
93747
53984
75499
68724
7494
61404
87051
13001
15115
42941
87371
87609
