66611
1810
24224
18705
76140
47650
39057
9556
12845
93038
40472
2864
45934
93130
87901
1721
27996
13751
12972
24459
70697
74027
26616
29967
48057
71345
62465
13831
61154
81692
50224
96133
50254
2154
10098
22109
76490
33718
89226
69243
37904
29376
15660
93102
8379
20903
16586
57765
24167
60802
61175
36482
39620
76643
90822
86054
64998
90994
82814
9753
28806
30571
88359
98318
69691
64056
54275
68819
97695
1117
76638
10731
59867
55736
24191
75673
399
21248
7922
48236
85913
92933
76321
85889
92412
24781
79041
4988
35193
67513
59119
90217
30506
2413
64599
82134
86057
9183
40190
54902
2533
79354
52242
97558
619
9267
46676
68655
41713
44940
91799
15681
45054
2172
18924
50615
60262
84466
71307
11150
99644
59559
80118
895
46957
83181
76760
59417
98904
18549
47410
3829
67834
44597
20376
62574
47734
42899
89847
8545
26609
11255
56579
98698
65534
93824
44423
99545
94428
92390
41470
65945
98687
73548
79804
16945
90753
41155
70277
4101
39234
82344
2523
5389
69749
29135
63084
18944
87572
75039
40445
48220
18513
46554
13759
53751
60424
21429
43273
77301
58332
63092
50439
6563
2297
4771
83685
39387
61970
91416
84385
9644
93236
65508
58467
18189
93408
55268
55826
42604
24486
26852
88240
5017
23581
20105
98042
34397
4421
12518
89786
77061
19668
49970
20331
94769
33028
82767
18652
78722
35635
99184
33530
24801
18976
22509
1240
44262
97524
38682
4001
55619
68127
81131
22090
55422
53806
87609
97963
1308
91511
66735
82729
88488
66481
4059
24399
68002
81455
61751
21690
41518
67791
23845
63470
3877
64596
22810
69083
47524
9784
39072
57591
95277
61347
34588
8876
78573
26400
618
95489
21784
23241
4694
95114
26565
74818
32174
29132
18203
41806
19970
37586
93278
70559
50572
32608
24380
44277
44461
32127
38689
30446
93280
3271
78527
62856
81934
11328
93862
78624
93208
89425
9582
41956
38961
98004
93356
80965
40668
83050
71625
66844
10135
33329
48899
20368
17901
58567
2956
96294
52887
44155
86822
74402
36704
73883
19568
80845
22022
25505
48718
80428
2463
96945
96903
94360
46960
28486
49014
58628
24515
8086
2138
45114
15678
91492
57553
56100
49112
1286
27792
97954
61030
95042
21378
91900
15245
20127
71656
85330
91296
52517
32163
50697
35557
93825
72155
64234
55204
81537
42346
82134
87171
27011
62828
20814
15311
37244
46690
3
64500
16066
19021
81605
88083
64552
99390
92021
49612
97628
78973
62266
68516
12220
82683
12263
9189
41524
66722
53565
43665
62602
15412
20197
45963
72751
91864
11560
92303
81811
44997
50266
1366
59806
24420
11081
37703
54457
38199
92522
72162
95167
16629
80774
29727
11630
64877
59919
30108
10035
60116
35249
22886
34762
38622
2489
38406
75226
74889
16680
36600
23628
13702
82374
16309
11259
23499
38861
19961
73506
77241
53858
58826
60923
1246
44489
9897
47120
15186
32691
25154
48598
67315
28983
11437
30262
99848
92824
32327
12470
82315
28843
51762
39909
26145
18635
98842
73333
70575
8566
75796
53827
45876
16441
21703
64464
5837
99299
54587
24510
23559
54567
80954
56659
45496
32651
60132
6509
96318
64110
60465
8384
20012
32213
90203
94250
5434
28934
81277
75077
78748
80840
26260
42283
37556
83279
15823
34234
63682
73570
44067
19680
55945
31840
15636
87202
50920
86520
98932
97256
21990
81167
32476
19056
68490
70047
47574
47211
48172
4866
88717
22133
77007
6333
42708
81475
7830
9528
33304
30758
37808
16791
12102
94490
41948
95474
71041
49817
43580
32860
63431
50926
93239
21901
80307
83461
88663
16149
10033
31995
19976
32964
4837
5937
82136
7099
14295
62902
65107
13635
60605
55215
64780
28655
98467
83764
79280
7527
9344
50134
79503
65749
2595
23609
89393
80048
16287
29498
54886
42410
71043
73709
88988
69228
84690
29471
9944
35001
50627
71599
25664
32941
32393
19906
58259
35297
20618
23662
82389
60058
63596
22335
76166
82635
4090
48881
20258
69879
16880
4998
3804
43928
71302
40387
74424
2915
3217
79367
83683
19872
85650
65105
86146
7814
40399
64462
77182
60532
30139
31187
43044
13609
22385
25611
33776
61145
28924
11521
33604
74870
5340
58158
39428
44535
75456
44711
38791
41971
84401
88808
54061
78427
87618
52611
14310
3795
85073
69894
65801
77506
6637
57239
86566
59205
33145
63124
93338
80392
5605
9527
21577
34536
38793
75436
13673
6042
50295
84581
13304
5980
4066
39368
44956
48076
86325
19131
30068
48498
78652
59742
49051
71764
97377
66921
8369
55858
81943
74928
80862
98917
40373
36093
1037
34386
19683
2490
52835
78292
8858
84066
46279
96787
45157
37364
67165
11082
47930
34884
87675
10647
39110
9132
89832
53299
66342
74840
87043
81293
52526
85415
18433
94494
13786
93985
47853
45242
67330
81129
90669
18048
22875
61463
84227
58281
2669
57010
39729
3038
67289
95387
15438
57521
27642
62505
89801
32530
15609
45578
15532
42761
64477
27241
24400
75790
61553
89048
78574
44919
32180
33239
33862
3801
84028
7377
88374
58044
9034
33398
9281
88914
21041
33161
16902
77117
65251
32379
79800
57842
17374
9760
44479
45926
59459
1399
16181
58934
68999
21446
30641
68652
98994
32770
44586
28071
81813
91561
21182
99673
52900
69824
86867
24942
92205
44236
54436
79423
10928
61861
64088
94381
9960
1021
59508
23180
81246
51172
20824
80527
73646
23920
12559
74329
697
21460
80005
99352
44646
51544
67751
61875
7963
43395
27406
97785
19392
10385
38530
54614
76128
45856
81883
57491
23709
75865
18707
9184
65962
82531
59740
22506
48201
86366
9131
75009
33881
25421
37353
79172
94491
54728
83527
98973
79618
99204
71317
82586
69123
16337
81933
847
38454
71976
68950
7537
79442
39806
3331
84257
52628
94984
38262
54257
72655
71022
35637
30074
39488
50130
2776
61350
76943
38771
12332
57455
23801
15018
8429
67545
85127
79189
86410
48456
84243
19565
31188
67374
11977
97093
85413
94013
17670
71819
30381
94414
61206
59900
15891
78304
15396
66294
70733
73768
72554
70293
