11117
44636
83621
79816
18520
64870
36273
17208
3792
30140
58773
74287
95691
26506
70294
99223
79304
23391
27563
45655
4640
92230
61714
95748
80761
9725
44945
72589
67116
83236
1619
21839
44399
97132
37050
80175
52447
53238
42826
52288
85338
26069
25305
84737
27023
60323
24283
13375
89865
14818
47489
16570
95653
92107
82957
9605
28934
77512
5398
32587
70126
65220
22914
9094
49348
74254
46952
99184
34293
49736
90498
40898
46047
92785
84374
27991
35402
88178
59580
24225
41212
26202
66316
33376
35025
51883
74536
83854
87612
48826
91704
21618
25671
43557
48030
18848
81630
7599
24070
38155
52636
31668
32578
25648
51343
97548
35930
59593
43881
93930
20735
86784
31938
65446
10785
59565
84710
71898
56483
83544
78121
29982
3151
66627
64579
39692
89598
24993
41263
84260
9023
56284
30214
87109
93368
90920
39141
29224
49388
47138
18747
75728
13225
65401
56875
77049
26263
88151
1608
32707
89059
63354
52097
73838
62855
68339
30191
7414
3342
76516
57317
93087
53943
1102
36441
50246
54726
53862
31292
8763
77608
23655
61581
55914
15401
44764
34365
50530
28100
60998
68869
43805
17162
45822
5818
92289
42849
41173
79646
74486
37575
9271
11927
64963
1085
40415
38639
87900
79543
36751
52709
52635
8831
18465
44879
56123
36024
34920
88108
84526
74946
80336
66071
26906
91663
32824
63861
72515
25109
93947
15014
39154
47658
69056
91682
43930
9321
64117
80640
71124
39735
4988
31131
12553
75518
96664
77588
84495
53147
19230
99152
97043
40962
29745
14615
39884
10997
36125
41205
14678
92297
84218
8239
78581
71818
12184
69055
78833
98345
32065
98197
36665
5825
6587
12782
30222
27226
80158
70805
81780
27458
85182
10423
73207
58929
87490
94846
27892
65123
88046
38532
89023
55705
13533
45456
62097
33981
98112
11662
99977
56340
72714
69937
95460
37570
19750
30092
49045
77419
35647
95884
72761
53365
72744
61488
2470
16601
4450
95252
40556
13331
59806
33173
22944
6694
8763
85079
76476
86862
37464
41730
41308
38451
26901
16519
25366
21600
26732
73587
44901
34950
91123
54936
89094
49884
75401
27937
33825
90136
66597
67384
93935
19126
53548
50928
23173
53942
70664
20213
23344
35037
55692
89539
28729
33291
284
73562
24582
45423
5049
66142
11499
59199
25468
26772
48632
34280
34124
3353
67635
10101
75054
90166
77043
19771
79775
31111
72093
31811
29496
25412
97410
12518
89043
94125
12722
24071
60722
15539
68495
58504
53424
76366
41288
6567
74920
43908
45468
53962
9164
13703
11376
95355
84585
80890
74244
82708
20852
49881
26337
30697
19621
58323
2060
34140
75940
84105
12308
54633
87001
84648
32005
91113
77702
97498
87320
30377
34356
5987
22459
64106
88908
32081
69432
2326
92798
6614
67101
33055
38377
90991
42552
53065
43908
42562
27134
28469
62776
48179
17702
21621
86307
19416
24702
64882
42523
72002
97533
74664
33610
71412
76575
52050
72266
41515
24601
58871
6618
34855
95150
40333
62777
68358
48429
23263
78077
99911
45277
55311
91538
33994
22754
19718
92903
66267
10388
86838
45304
98859
72066
81102
39276
97197
32555
39914
14146
55834
76204
27145
11943
29450
54868
44476
90524
90304
95766
86035
46383
35021
87906
79426
61465
14511
83215
44146
41290
42384
31298
20543
66067
56670
32089
3980
99983
59496
19683
1444
79388
29419
33202
6360
93334
11623
48831
83366
92195
75206
53903
17913
68841
68174
71166
43576
61353
28967
36218
98714
34206
94014
46210
37516
20748
7982
50214
16468
68791
26379
37671
17407
49408
77510
70785
40950
27784
55686
93426
52615
71012
55611
18948
52504
4603
71123
30769
28452
85237
28827
90649
78915
87981
44960
19113
28518
97523
5585
70159
27392
74315
68314
9378
17852
38577
46896
62112
86076
35496
63576
87646
15269
23271
14659
71081
18238
25683
38810
65923
35988
30984
37916
39747
11944
37479
86333
44416
73829
2933
4096
44401
25809
57275
95879
75856
78780
18763
47284
85093
7747
7421
28098
28318
32833
13781
23537
76223
41737
57492
43224
39031
69459
61560
14513
13468
56082
35905
37929
56163
94865
35848
79780
24064
33248
80664
71249
48615
53768
56722
97399
29605
66780
39896
17029
7858
77995
16996
49650
50485
71877
95913
53490
83080
76296
70652
10368
53247
91778
53165
14706
63651
44814
72179
70751
77843
57621
1631
24701
43329
13761
86066
66798
40244
63804
19945
18915
5605
14967
53495
55797
46500
1940
12204
6755
29159
63512
18337
78277
50388
43380
76031
9257
80929
35068
81080
60717
40690
