12368
65756
19462
85325
14743
81413
56508
93758
39208
54022
28762
88440
57058
50320
8524
70599
15117
77200
54576
23223
3185
41285
58211
16079
34183
92169
38478
82250
29725
74179
90793
10648
59903
52422
30928
3237
15783
61813
65769
53299
71359
90562
30052
76028
56326
38251
74034
46776
42783
32129
72686
91139
16115
41850
59576
55873
29631
96002
53658
4153
11179
78320
73758
12832
60266
56732
64934
19574
83231
25675
5450
1472
47980
70333
44021
40900
85800
86364
79366
57877
13477
3778
3888
46009
55587
24890
11715
1070
91117
47090
11524
84106
22446
48683
98136
20026
78686
30840
19296
98852
47882
31554
22947
57957
54970
48817
43109
5710
76344
74559
69431
94052
78433
78428
98723
78426
67143
36603
75229
29186
12700
50766
92381
99521
99314
7152
6778
14033
44704
19024
32352
31714
11702
70304
67895
68560
53736
9341
91881
91131
93094
86206
23954
88586
8148
54655
54631
61785
83048
47218
66252
54939
32893
14268
96148
9265
18946
17115
56496
1656
44198
21388
61275
16595
3828
40215
74051
40316
77989
18706
79724
78805
30733
25452
66966
54448
82204
55020
95760
89007
93502
42479
27028
44322
93058
74179
90001
99027
92645
37028
14883
44569
54869
60704
20971
62378
60948
25623
36359
77330
46008
32592
53715
67720
41119
67696
23103
89740
11679
81679
27485
30680
22784
19400
54523
43667
86713
43877
13513
9423
68779
39428
41911
70835
90248
53402
5115
67386
14746
30721
10340
85090
64365
54002
81117
93044
44206
57326
41116
25436
97973
74363
76159
58256
79256
17978
60633
26387
73702
62550
49953
29586
44860
48672
5553
35443
76325
56370
82271
79633
44533
46899
15936
37212
11098
29857
94321
7073
72621
6749
32111
68632
61222
24909
30090
5677
13378
50996
69637
56221
78618
93821
4203
53157
89798
81091
57191
78479
45811
23539
11431
17091
50276
64303
5554
44941
10582
58989
68
45951
73403
40245
86159
31330
54398
47979
58029
66619
29333
87792
76267
75525
3738
38143
49830
66658
80745
33049
47366
64360
59382
2409
256
9975
54702
46450
60732
91432
48745
32514
56489
87260
30041
87275
80567
51333
33611
79652
72712
28892
84991
92141
66730
92148
83281
66042
33298
29670
56275
91771
49404
13018
99412
53096
50698
53650
69729
4975
25743
53226
49486
