55573
86424
81621
58026
13324
35919
68911
44057
50297
23056
92535
88428
65712
82939
14002
33522
88933
44052
60754
59762
85362
34672
15916
5198
62437
38637
54963
42222
98436
61224
61547
84786
45313
46377
40988
61380
81479
80131
16153
88591
3081
81718
96070
96156
43083
78357
8035
48181
62437
52158
99648
25976
62403
69904
35436
59064
51998
98850
16434
99571
25202
55862
42933
48910
13135
59393
95457
85034
19732
27125
76576
64230
84527
90080
21801
4520
72802
50392
12306
29329
25330
12639
16128
54633
82653
2250
17687
65098
72225
43772
49329
53141
17272
90617
48706
76370
4559
23816
66147
898
2197
29503
41365
95510
83172
20070
7128
2547
13583
80935
31441
11093
33532
66685
43450
44392
67423
48134
57609
97948
48535
10334
77160
92499
78807
66472
66456
87549
88547
57239
88354
15588
88964
64679
30649
12564
55302
30116
40806
11862
69019
62077
89258
5769
66279
21073
70941
65017
14542
12818
40501
75642
67487
23870
79205
51724
92630
80225
4902
93816
5684
29172
78881
1498
76654
76449
38773
38711
92418
15979
49424
47127
47585
44300
24829
87016
37392
39643
60507
16790
89216
99075
98625
27295
39977
81782
56896
25109
93164
48083
3060
36780
39055
73867
34763
54965
66547
17879
82566
46156
25357
70465
61045
52528
14607
6997
4585
62240
28885
53202
40479
4267
28439
69047
34198
53711
94592
52027
91566
96273
12671
57043
96785
15570
85066
52365
75990
27942
3471
44911
98361
94909
89581
36926
3586
68044
81890
86024
55651
6508
83961
92251
10781
91559
87100
39450
16160
2631
32269
35790
8194
20507
50659
98392
21030
51619
26908
29380
79196
3709
36825
96812
67745
46543
27657
16685
21466
79944
71136
46808
84404
38988
61205
44192
6396
2859
58718
49171
97751
50518
23179
54476
52475
23940
59480
49863
17815
5858
53337
3200
91351
87850
39532
93875
4552
12919
28303
75728
13288
30856
77279
92116
41678
61719
82673
31511
91360
34365
58464
81111
93675
48372
63231
97989
39654
38870
62984
34506
35579
63964
7151
86783
8676
21984
76209
5506
47202
3298
35178
29717
41271
29226
96630
9225
52473
87924
96273
3047
18177
4478
59370
94471
20148
29928
95888
40612
46526
44204
20535
34589
27059
67162
48686
36606
20332
7765
17293
43206
36522
5100
26843
40290
27824
36131
43877
19460
51836
77704
21797
38457
36024
34746
54814
34525
47047
99628
83282
77813
52979
84516
20207
20417
42124
63419
44057
46960
35343
2422
20009
93763
18740
54179
65608
36943
91003
35467
80622
61738
93126
19875
41037
84340
56131
66530
40691
82416
21338
21905
46663
39750
63947
27158
30333
99354
92462
55353
87347
93128
42848
30752
37080
85999
44925
29695
67773
25055
92718
57251
95050
54882
76644
6391
19942
68468
13023
83063
94746
38184
35584
52346
50240
62125
98754
9119
60404
75655
98565
29680
28583
80330
58420
37784
16014
46125
3784
10801
31117
77652
60883
31840
14931
48799
46441
8005
49879
90929
87977
83343
95802
96698
53302
22572
60693
35720
36624
31850
85273
29296
69598
90535
68972
71931
99936
70245
78286
7167
60968
64087
72162
87336
13072
97650
50271
78011
96213
91782
25958
73983
99875
41421
46806
53934
49226
14124
73364
90267
72853
9321
60942
28911
97606
11240
14596
21285
31257
27987
74041
66149
36050
77868
79688
76703
13000
94566
11554
92234
26495
99789
3813
86195
25752
7251
78927
85930
77622
42286
82847
66150
52703
50818
81132
46588
81854
74026
8384
12689
65460
45862
81186
48408
70721
66333
29246
29029
82166
21716
76327
86380
37610
97120
46734
36317
71146
20384
82085
56067
87292
69091
70817
77178
91956
56579
90674
12991
47246
36308
6569
17467
62248
69363
51269
51528
7215
74139
11272
47424
32286
21637
41754
47053
4615
75864
98771
90365
10280
79590
28648
80189
92634
42725
65681
57917
85640
8329
86943
99806
90283
37545
96242
86303
51564
5232
42299
91747
33329
43281
2543
44402
39501
82637
27387
84263
55061
87862
51841
58914
36810
52644
64984
47262
6705
97692
54669
86712
17584
25468
28904
79527
61171
70421
29150
12115
25055
97804
30505
87388
85739
68794
86074
89537
94763
19828
46505
94396
54943
96869
17302
89612
61310
11621
11400
3891
9739
80951
94591
45606
77964
97667
36103
74802
62668
20167
44450
57594
53938
2836
74282
20940
35399
34982
23540
25971
87997
13842
44517
80530
27317
10070
53860
96934
18412
43561
11980
53578
59398
75425
24997
19353
68309
38929
67300
81710
61869
4546
3061
58679
94942
33117
83699
90973
36245
53421
13928
