72606
56918
95994
11095
77576
82435
36840
52144
61775
19058
96483
41253
21128
1136
96752
56190
53195
17565
16459
22415
14588
78013
21584
63597
49535
9439
37810
50895
74862
69120
64033
75433
63799
42027
28697
99021
94257
22878
98139
70302
24820
37188
4283
82478
54112
27351
78344
86351
48256
12761
66117
94711
53752
90718
51592
89235
28500
87203
66519
41330
20336
86968
27094
66825
92399
96440
6224
12987
67215
44040
62107
7082
37754
14618
77729
48820
90102
98055
57379
47545
63755
90694
48421
85848
98132
54980
28665
68327
40455
10508
12395
29636
74627
21738
41903
48000
17814
3429
37160
38870
72214
70175
96499
95931
52832
27245
93100
75033
38389
82311
49552
2967
75709
4063
93926
57635
50212
88469
52892
21657
79230
82787
57232
61282
28599
54270
83543
61954
25527
24798
78915
80574
57598
14236
62035
86609
82614
47133
49825
88197
74957
63014
42199
12972
27850
66021
77813
59720
78013
23071
55777
14545
52965
63586
53141
13337
53416
30349
67083
29193
31137
12112
67721
51966
65916
16519
32956
73795
37213
26619
69292
59674
10284
50052
2815
21584
57365
5993
20921
14709
8343
17660
7490
84060
51704
67846
59323
17439
1312
64484
51379
97875
34046
94757
23305
77812
38394
77002
25250
71763
83656
54871
81121
50447
34421
95684
2238
13292
97917
32508
45196
93605
71240
90669
23896
7910
49760
87606
41960
8973
8745
87447
73315
69821
48137
23351
54828
59924
9037
81785
15349
67696
33752
60054
88283
21046
10588
46549
31689
82736
5211
86823
79640
61793
24963
48238
8678
49511
7761
44986
65582
98952
36533
90339
76368
82617
5011
24383
91797
76143
89843
32965
26728
3976
34659
5653
10982
69851
44193
30362
84723
97777
81742
84308
25441
78500
6124
25998
47058
81192
54736
16801
69120
58210
98166
17877
60465
96598
71490
88358
79644
33681
65318
60925
39466
82972
57369
73310
77439
76087
58129
48670
75454
14801
67135
96234
52921
18808
1529
97427
6100
21395
85411
50607
35405
35822
48480
73868
57350
59868
67946
36295
95537
40472
91418
6149
42542
82758
63255
90709
87480
33892
13817
14989
10485
20464
27666
69060
56973
11080
22283
98709
44593
60031
14149
1774
29327
81509
79950
79689
89085
5781
62184
96066
30001
19928
24369
67797
33107
9913
7538
95628
73107
70700
18592
68552
24474
31233
14377
25550
9398
56284
35073
58921
48711
66786
34319
80984
59391
54241
93888
26545
29665
71026
3257
42871
20592
79001
18261
12510
51835
65699
69140
91016
58452
76358
15213
77494
4343
94800
51317
62325
72148
49867
93507
20961
87970
54493
36579
64036
12719
62437
48024
21385
15244
3401
62249
81196
10095
75655
94488
11646
33771
69476
39965
81945
10473
25493
58289
29272
64887
13662
11032
23227
66768
27968
44727
98024
28666
72806
19530
43435
97869
32326
84970
45373
56181
9332
42560
81671
99153
336
57833
66269
43917
94723
58505
56023
46910
2253
78414
53642
38358
64281
37047
35571
31745
34066
41589
65080
58830
23505
43170
42448
5677
20332
22320
24964
66864
42307
39056
3345
24457
44653
55728
98788
79925
58521
40860
12093
55715
66504
4139
70362
34269
46872
56544
5815
38776
92686
16463
96965
38328
69828
55822
78088
79578
18817
60012
85022
11632
3106
8858
86548
70067
74794
28979
31132
21017
33635
83819
7703
72261
57507
97986
91343
56104
11328
87244
63424
28905
735
54884
11963
62739
17883
48243
98123
89663
16505
90426
36123
8322
71817
92096
11551
39969
43454
18566
29963
73136
60099
52715
56120
80391
85401
92115
24195
45761
87065
44712
49180
45231
74906
990
49292
24849
34640
77638
12359
15145
45729
43185
89202
68525
71614
81277
70257
77778
79082
89511
64219
2487
13201
70932
23507
79798
12988
87467
11219
66439
10164
26257
93411
10375
79162
37480
9389
7353
89351
69684
49486
85749
38066
64277
74808
55004
29300
27162
3578
48358
27109
16071
2642
10253
28706
57752
4211
83343
2516
95582
89352
81983
34812
68391
15018
1435
25375
76211
29429
5604
86529
45172
86057
11919
25800
14521
46621
34778
371
44354
31725
91293
15312
40980
29676
50426
78208
5868
28241
35998
10209
92728
28307
37561
67047
17385
80242
79505
94419
51823
57027
16554
12989
7578
63337
72118
41004
38058
18517
15039
61484
29243
70134
7692
89427
50623
99812
82151
67564
18193
59146
33226
13849
66118
9449
18329
48902
64981
9601
60024
438
76100
64041
7875
51480
99776
73151
12423
96775
49510
89970
67518
45760
66146
83667
42835
11022
47909
88776
13145
23120
79138
23933
26357
71010
24647
42305
2287
38818
90656
6331
15245
28528
64318
52081
6344
24869
62955
48388
28944
50586
71509
15363
96739
39738
52049
67853
67357
38760
26060
79176
63771
66690
28519
7532
95035
91609
24371
96719
4694
98263
57372
30398
92989
14668
27380
72561
95135
86462
13696
91796
63720
13062
36198
57240
95821
2638
36439
16903
90596
99631
35865
67057
89579
8885
29999
85296
30196
87566
68679
55059
47452
9085
93076
80316
22120
56808
51204
60288
22416
41777
27133
18913
68291
29640
51758
66103
