16427
81285
15686
39264
88301
17990
51578
45881
5668
70874
45181
30127
25293
86376
75476
92313
44960
21189
25493
59613
85468
13305
17264
55251
71123
26715
91880
81680
48060
17217
58056
18867
93038
43576
57599
43444
47906
30108
19039
81188
83614
53999
30192
29270
22616
4375
37809
45595
97473
73196
66164
85460
84639
83415
1510
79494
20225
15270
49370
40568
12586
32969
91315
80115
40899
78274
12778
64848
65776
57780
74523
70492
17583
12091
17670
74470
82231
17934
6004
8162
77370
12313
46877
43986
51216
65921
98880
18254
84162
58417
89537
98707
14873
71589
54061
69631
52297
27789
37427
26698
96844
96451
89746
16273
5292
39253
14502
37252
77552
77593
63290
75599
53615
88680
97589
22049
74943
24585
96100
99077
35041
25238
73785
64305
35958
29786
10577
77157
40956
36702
27622
26010
48906
32823
44919
24759
9107
68897
11746
14130
90280
80669
58519
181
57595
72614
78309
99703
51886
24580
15391
81405
32959
25078
78033
57175
11875
76828
6040
24012
67534
15072
12972
18406
52525
64431
52470
41063
26917
91744
96381
13921
63138
19533
85545
10627
15640
60274
92942
22290
23481
38396
120
27338
56566
73740
9118
52244
34356
4453
41053
65462
93483
9701
53431
81584
35311
64521
67294
66649
32768
21781
66419
74586
22669
97285
18289
79003
61698
20927
10251
82202
20752
70708
46663
39763
74408
36127
64175
51780
42795
30623
73530
80001
38357
44356
68147
15541
238
15233
15291
98897
5032
70717
1994
22858
75480
