36443
76273
83642
19360
72307
26211
26381
70528
26195
56111
36627
80925
53511
25787
97656
47665
86863
51082
17481
94570
89682
41895
5502
83001
46208
2477
39225
38516
19437
70825
10407
12336
28220
75330
22781
77059
95630
92194
51903
13291
78630
83938
6999
42083
72937
9543
91851
81591
59627
23900
77792
11207
60845
91395
27806
29633
34710
52712
3637
40597
98353
67789
207
93043
24684
49466
59201
68549
63375
2566
28066
98108
42300
20019
53051
94191
13740
25876
95252
45425
29836
46316
13554
4165
99311
70517
38931
98841
65842
75758
18713
1751
42304
80040
90042
80285
9871
11266
49458
21176
7576
34593
86437
4896
99586
77563
65533
85427
30684
86155
54565
39695
42055
96482
12615
24362
41263
95919
60868
81533
81317
50461
76868
73284
43910
77081
61396
50183
93319
64803
15298
7196
51253
88287
94253
62445
76492
61564
74368
61858
23342
8653
28653
68436
73271
21656
66973
81457
3734
69310
61830
42288
6967
91922
79428
2253
76311
22591
82770
70856
35767
23133
95564
91006
82576
6565
50172
8267
45878
56380
45884
42861
51597
57233
81420
88484
2322
36196
25331
29410
75302
65717
78155
15887
3431
72302
43539
40110
9265
21392
22674
83160
29824
33960
46135
62718
61820
83958
31745
18448
57933
54659
22490
86485
10113
64917
31136
84357
42647
46569
71493
50959
50410
20653
7721
66058
93999
92857
96241
65260
85914
9203
69690
40473
17764
54422
38980
20154
30712
60600
72589
67736
1026
45562
46931
39564
38697
62984
46259
52722
80916
16189
90067
97794
64181
59467
36990
82056
70020
90805
7280
54753
7217
94440
7140
12068
24863
66576
99990
76085
11805
2808
98674
56402
24408
20599
5245
54323
81965
37113
34004
99775
67719
25199
6678
46318
49505
9841
96798
34031
51960
65966
60582
72948
98826
20100
20746
67203
46261
83818
80549
36135
7037
82027
89029
67728
66512
26674
4893
44557
48528
80074
62214
97517
6008
88574
9756
76956
64198
47860
59793
7010
22865
77459
12441
97113
25283
19767
12194
41772
46817
25516
44232
78528
81262
19347
68367
1373
87337
19523
24246
95740
43314
56245
79839
4835
62169
43900
8774
67570
8848
13959
11914
41789
22134
1288
54938
10461
26967
31292
17987
8043
80090
26625
75381
80701
91551
44320
69274
57148
56547
53004
19561
63854
55705
10466
8949
15930
34859
59907
23453
67895
77144
24381
57260
39344
30235
47528
84741
2775
40882
79320
79734
50508
64576
1736
83940
41423
71584
76265
44555
8711
7882
71259
6697
59244
77505
79683
88483
79594
84692
69674
80103
52860
98762
37066
53318
87024
56785
61756
95259
70420
6696
43356
68948
76439
74579
15376
19437
73808
52614
49086
65651
66200
90026
10465
78859
39982
56835
4282
80151
47927
85891
21658
94651
51690
26397
39636
39887
69555
75550
29104
43236
50212
93059
86652
8617
31666
97496
54898
48244
14869
93684
87457
47571
11287
2877
52000
30475
73792
76237
76252
21544
78902
60909
73345
64099
82918
55278
33233
41185
85932
8041
55977
71855
30942
25507
88969
52963
29515
42841
12248
57662
88014
93954
34570
97254
99002
62606
90724
42564
58176
33644
44604
46332
79122
57548
74664
32657
50108
43845
88465
81217
72287
94569
73149
68318
89262
84597
75420
51198
57474
36801
5779
32080
62270
45251
13925
41745
85080
85401
92556
29773
86342
9064
39507
76583
93845
94990
45380
72503
16016
77783
60986
58770
25036
67851
28895
22607
54826
34831
85737
35560
37162
62656
28705
30308
80114
28839
91697
537
30858
24738
63570
83474
7847
89754
43809
79321
5780
47728
45770
26971
93137
3281
50179
41701
46782
47078
17847
44769
8658
25598
13862
80837
74977
1464
6999
40692
98673
38478
89722
8850
50579
64073
43531
235
65918
43074
27517
67093
91248
52579
75916
77353
30383
34827
22343
5782
85175
88319
20635
4690
28129
60407
26667
75021
40731
56009
10457
56292
79298
24125
68029
25550
15692
38972
92875
5355
122
53763
67600
23987
49560
34267
6256
41192
91999
73918
97107
27766
58928
69882
61129
67039
94057
68314
24154
48044
45865
32480
73380
59123
51027
92276
31328
21987
36844
20828
50557
86928
55905
59806
28844
69395
81393
29376
11517
70150
66484
57390
22887
62668
23451
37706
9585
3531
51971
49556
60863
87036
67755
20679
43444
35105
86904
50975
13030
89521
24352
84020
78141
65416
20675
81813
88179
