19324
72235
16227
23951
43097
10524
76523
80066
18599
92258
23907
4515
84229
97784
193
48192
38675
85842
98096
38972
81439
2338
9625
74191
88114
80827
7965
77144
18348
67933
18760
2712
90543
10998
40786
71959
77650
18448
47107
98438
93651
35756
33194
78675
54319
10791
71930
85888
73070
42292
76048
97055
54243
31779
93056
43954
17368
2390
77565
96513
38299
67671
15104
53844
23946
54055
78803
3648
25783
19186
49801
87902
24859
93161
9765
20358
44243
79740
52025
54380
33932
80667
18535
13084
96687
66684
30322
2904
15054
8401
93846
15805
35896
82660
25367
38633
92423
97451
5182
96291
11997
38134
2374
2650
47550
43509
39676
20016
5879
15939
80466
41532
7109
78410
91937
28667
94119
10081
32288
48042
10789
32728
52567
72692
1374
4783
96179
21872
2070
1145
47646
70515
1607
21434
35181
65008
58313
29185
95940
9976
61340
