84946
32898
6977
66478
58793
96682
71258
3223
82774
39861
30753
46381
5504
6288
89514
8356
36153
536
20079
70898
43919
30511
80811
39161
53964
46832
78773
88674
86710
86746
87662
90574
22815
38594
39850
45136
77815
89641
46976
2217
75232
83696
33934
15152
52954
63498
84358
58793
95875
9710
315
95946
11558
56061
96083
14552
70831
22674
69294
84326
28010
55696
59003
31829
35009
87128
9006
62530
4026
72506
65181
58706
46938
61304
8990
3769
49061
47100
91060
95198
30735
53385
12176
34282
58659
48013
39198
86538
93790
83423
52505
24885
38146
6400
74406
98256
39663
2064
88943
16684
8129
26397
44106
61119
95756
10638
92476
90829
17391
92699
32827
11730
49703
36183
19206
92378
46810
5461
80870
44005
79968
76481
78241
46371
38351
48518
22161
50570
48
14027
50576
14046
67144
46578
20138
48170
62295
62610
55863
57883
12392
70424
