12487
63311
35281
54129
22514
94487
85472
79332
96356
92871
35365
57685
75367
59470
86586
97559
14263
19093
93436
33428
14837
56490
4675
80544
62479
52300
78098
49176
82150
54025
70975
37498
14362
79808
88622
26968
50256
34049
39740
89360
21641
13487
69805
80759
79513
30160
82683
2414
82039
87788
1393
19272
5424
61657
32052
93603
28422
73737
58300
24769
86759
5686
70275
75882
13969
69551
10147
46732
2920
86251
76915
76107
84989
66547
25007
87184
51484
63899
14862
89073
763
24592
10164
22875
55932
13316
96441
28756
97128
79377
51905
45707
68686
74501
98254
4149
36197
54232
45847
23513
77195
74456
44579
20382
48155
13446
87099
29037
18287
45312
44134
42258
4892
32350
89041
62452
5601
40454
95369
13083
84460
78352
23687
99672
26076
50361
743
93348
39051
5415
18421
6376
58358
88900
87419
98649
42431
12027
30445
81710
50960
67179
40365
92127
23964
47804
12911
89331
32914
78463
88735
22889
90052
61020
25167
80535
2818
68269
53964
40620
77230
64728
56099
29387
99757
51260
7888
81039
74100
59538
17038
52444
7090
69720
52188
92430
23883
98153
268
4878
92857
88032
8425
7049
76947
3409
96081
77373
61107
92912
14245
13732
96710
56134
8504
30464
96002
45456
65708
12361
58846
86971
65502
62213
74396
30229
54890
11402
29259
36865
73360
25531
97501
46582
73972
4536
42382
95814
88753
24853
99379
5603
77344
85579
83211
85992
23447
65917
39763
87035
46041
82242
92040
56179
77480
70609
92450
47249
84406
72049
89977
96635
90422
64949
64218
70335
90202
66466
59442
5600
19171
4658
95533
77156
24401
7971
71246
89254
39645
90354
36146
90112
61352
6481
28152
44621
32377
53740
76469
78336
42417
89411
77525
14999
85554
62941
11996
22129
20752
65329
53895
87787
90038
18480
95423
22719
26961
18133
52571
37372
95428
4968
10191
76708
90269
1375
25098
15659
71049
74355
51788
78112
79521
62869
3184
24061
83001
55448
82839
31308
74998
51162
52143
46578
12134
37627
80293
46985
48086
50219
4567
63364
24369
70477
71647
29176
49345
15127
44731
78777
61873
59641
63323
42344
62544
48085
46890
61548
4418
60470
84572
48304
21100
28180
10366
19842
75343
54089
50079
59805
5110
81053
8251
72853
94873
76417
3683
134
56538
6459
53402
7557
7173
63608
29562
33719
353
42285
59794
21594
17225
96857
15232
2303
11934
78002
40822
74767
60090
4936
72759
16255
99476
34413
58736
54023
31365
37906
71389
97356
6907
96425
62159
67604
88561
2079
55978
99173
37284
14763
15522
70453
62764
42665
53771
5905
46627
31253
53534
15599
66038
59751
3305
55260
27154
69291
44066
97631
21918
62724
77161
8954
89622
28903
61818
43771
37818
87364
72966
8000
54653
31197
11337
49591
56993
54589
47343
71904
57534
46848
51798
37026
80617
80058
85846
69372
93072
5787
66687
80689
1186
37545
5460
64124
5752
86821
48658
69459
61297
81692
49570
99574
81651
59005
70760
17121
43559
80630
43
28916
77131
6167
46958
2870
38987
37968
8497
14195
70620
72791
59347
22283
1171
92152
51268
34806
76734
23366
5265
90223
25984
10814
47287
30282
33244
23673
65691
32901
46967
58806
24185
69530
45457
75189
57240
99134
95741
59733
9369
64244
6947
54556
98379
3674
57859
4778
6185
60924
25395
4333
30120
12100
68499
31260
81319
85684
36374
23914
7097
89480
43421
65069
88204
2416
13737
81598
80754
81634
79122
55841
86273
35136
18513
47311
33464
20784
11890
40021
16626
26514
4548
51054
35242
91217
29861
59122
26805
9126
83979
91562
28797
85941
56879
36401
69388
72232
66616
79607
9837
35609
58451
53991
93371
33042
28132
99312
87860
13515
44672
88670
34677
10373
47918
38630
32944
76029
82539
84613
47378
57798
86816
70237
34513
44847
15637
15296
84734
85187
98771
84914
7364
76044
24696
61084
9453
80856
4289
95902
65507
37483
65380
15536
14262
6861
13024
97873
90548
94576
93366
54513
64813
79948
46570
73780
86303
38285
38222
82310
45931
40434
57126
86650
82525
45219
82669
77764
42444
39254
32817
48830
69566
64766
91903
61991
42721
1
19105
96898
8152
10837
38104
1269
40614
76663
30457
78831
66923
47307
69509
93982
5197
51143
42763
92045
55947
68588
25013
80871
50884
88530
77999
85842
95498
81582
96033
76363
84182
1634
74005
65626
49490
52571
34009
73640
21362
28230
46625
3503
86307
16929
21993
33510
83513
58573
12300
23883
90405
91015
31171
75090
1741
60729
37585
68763
67899
43581
48665
90841
20313
91316
92063
46487
85359
88073
87313
28868
76092
29398
84385
19758
66365
58705
26166
60014
32466
46320
84814
29419
34646
88239
78076
78440
97665
3229
76631
93634
52019
62224
63324
52436
67368
25587
30370
11622
30394
19796
12735
33089
14120
15758
45837
66561
52622
87523
45508
39820
31152
57192
94635
79268
19605
2898
8499
47724
78505
85992
16511
97131
22326
31286
7713
40609
1097
46267
85006
45764
32906
40459
82917
34243
12273
76323
17835
42816
81268
34743
14128
48488
8339
52780
46074
40377
96247
74172
65773
12866
44925
29349
53802
27300
20379
8938
17051
75511
70823
81493
6516
17675
54821
54394
66657
75181
22835
87544
9979
15151
44325
56240
5048
42886
73271
29104
38331
15479
55202
50613
23390
9943
14631
10379
33186
42832
52930
69216
81590
44947
98474
88890
21155
49337
89649
86222
83086
78443
49247
68793
71309
56652
20880
22219
34388
49785
9977
86466
92565
84933
22990
84579
78374
87065
59712
54505
38391
23747
2677
6467
90563
46757
17127
44764
35228
59148
71368
50108
33094
95006
6183
24599
32213
88915
43128
32799
35122
87790
34393
35203
39706
14071
91835
13113
87344
38928
43665
63897
84918
72880
52560
45728
29607
97447
44412
5363
36671
19859
64778
84571
46105
58983
3083
29679
12248
47811
34551
89095
77515
56408
16966
52252
71590
80109
53697
57930
7157
93349
66663
70734
94001
24042
61171
76909
60824
33368
149
8563
25774
82670
96703
37584
53014
74408
38991
7003
3326
8742
23432
12590
98332
2842
66841
65747
77304
6631
48551
68686
65854
75305
11389
19531
52988
39737
48622
67455
87788
95870
27287
96949
62934
91832
64624
5513
59473
39178
44647
57590
93848
42547
61057
59364
