31860
52527
97062
59817
10771
31048
4907
81020
52336
85916
42109
7164
7489
66380
20993
30983
14539
49528
94410
95402
63870
35222
56264
1910
13662
10189
43454
12512
85486
12417
94223
57257
91191
91381
83543
56344
39241
6903
18498
93018
7651
92658
51805
66944
94747
52845
32169
52235
93669
41713
53100
33095
9789
33681
65297
5771
99334
44615
18896
82120
50418
43151
24028
24998
39997
12377
23526
2886
8573
88620
89429
76641
70880
40922
58198
96323
45168
23643
63830
51159
9043
94288
44747
43081
37669
82539
82794
77997
55121
96526
55130
48399
11676
47478
46813
62105
59304
86405
68567
72808
51559
22371
85968
20395
75059
70156
