27242
43162
11327
74192
11006
81472
55777
12237
75626
11135
43082
53557
4246
61598
37763
72614
83674
55701
43774
83383
74058
56031
77340
18955
67789
95687
64201
84810
49690
19737
10137
71587
18760
94746
45612
78101
97359
55081
11508
12915
59166
70907
95875
15590
11502
6661
49539
70811
78223
54469
34005
10133
10595
71087
13588
76865
29571
92211
45795
54544
91886
84367
15915
87970
68842
97962
90834
1870
37889
87798
72987
45817
25432
28203
93905
8072
67520
78995
28208
86107
54756
53821
36198
59033
44280
87381
59050
27154
76041
82256
31658
61793
21188
7561
80234
42552
54124
40971
75964
82499
11875
87955
13314
68101
30426
50255
7247
1737
94495
20129
5359
65968
81176
75176
47548
20327
37901
92615
30054
12658
45250
81
77706
70385
25046
33864
34765
73825
33154
23
91790
55369
51310
33875
21352
53077
44080
31954
42218
39433
37300
79705
59035
72941
78761
85741
3937
69664
10794
9042
64386
4626
52948
64841
45307
49222
44040
52470
44605
60922
78713
81430
44373
64065
11926
39714
60183
57646
33313
80791
17206
70820
35132
42429
89551
40764
7661
61917
6394
67687
75284
56611
40596
81447
33012
17152
62892
94177
75729
38125
52873
15206
72444
25228
6799
74057
40804
70573
88803
63957
97027
79104
59508
18382
48580
65110
68295
94211
51664
85572
68489
65631
33953
34687
77769
17591
51943
79562
61533
47302
88978
9600
53115
78882
27719
67705
80960
54310
68787
71379
29557
49885
93878
49195
91312
25500
70215
64335
52159
15063
68574
80449
56528
40171
30555
34595
30226
98286
38042
62646
58057
27760
59426
37903
21743
26856
51229
86908
13016
65693
75151
27408
43016
55193
6905
52833
36139
72641
44920
48399
18997
74773
64471
37572
56501
78932
69397
14976
97489
40637
75461
30528
76947
5448
74828
88120
85332
32051
75011
73562
8852
80778
89476
71107
55907
95028
75200
44465
98717
88500
71650
80332
93484
27074
27858
98718
1008
47957
91000
91584
8779
56014
4238
34146
71192
91064
58004
47793
37216
71217
97918
49921
90469
64325
76054
91219
64295
72775
87983
86249
46715
24395
6290
19146
89347
11265
25127
96504
81753
83065
19647
4578
47281
22929
68867
12150
99428
24535
49496
61919
40524
64519
43411
92243
78690
96771
80472
42523
70729
9485
13236
57100
43458
73811
2593
88864
87921
43537
1430
49518
19889
73724
47472
33525
39467
96706
79881
9527
16688
76036
87711
2561
47258
44136
66228
65679
24770
96800
68671
11901
24000
54336
94188
68392
30163
40210
97237
10078
87313
13525
22563
16285
92532
36143
40671
37143
47662
35269
53983
67199
72900
88053
62939
87395
6784
24300
6907
93532
45791
95878
71472
91312
28662
11479
28884
46812
53029
28083
86474
17872
75920
46486
69436
74442
8282
5174
61146
56935
72113
69493
37826
26007
91192
7403
33470
9360
17115
54377
81226
26276
18932
87908
22447
64148
3648
20583
25479
25624
60754
54307
16675
53324
82642
19710
69780
53245
54142
40556
10954
98628
80278
85036
52009
88965
92925
37373
16611
77764
33799
42614
91181
23894
74876
2447
26417
88025
91913
38229
2710
49571
23831
22484
84384
94439
89006
73246
9528
44894
11914
38169
85910
33828
29251
5614
58345
73159
43057
33456
84626
56915
45307
59227
1946
18313
82935
50558
96137
23265
5026
76591
23325
8769
82073
63745
30299
26144
85935
68193
76494
996
40666
54835
77899
9655
76412
7437
1030
24527
10596
95025
35068
71303
56866
14081
54363
45207
67509
80354
67609
67424
55758
88569
33089
19628
78902
65303
18657
60927
69101
50805
56922
52033
581
65046
92570
69921
31293
29453
97752
66326
3202
26105
34011
7206
13243
70579
88772
48740
46048
696
8536
71655
68282
75685
93006
444
77101
98660
21240
69028
20802
7136
37310
49604
73417
82199
76879
69867
23226
47123
81275
50929
32055
36177
7142
42249
60883
31818
46627
33104
62221
16257
36793
59203
87156
81313
78662
22890
98938
95872
63891
86030
53465
52632
63717
55733
82440
21571
46007
22794
94714
975
2882
49667
29994
99290
8826
38436
78920
62780
17369
16980
77156
20391
8008
99080
76926
49713
95668
30484
39829
89874
69843
21687
95674
45735
38990
82728
59956
45473
44858
15343
65038
65740
60603
20365
66471
44838
67024
31084
19708
31965
28420
47028
72445
46047
97319
84215
50155
31423
20236
2634
77173
7541
42610
33909
96132
32929
30107
2157
54178
42932
45664
51262
34305
47380
93184
95464
13017
83491
92082
73913
13415
67892
20095
32289
74507
92669
36565
32123
71829
89970
81451
9329
94742
72631
75072
2165
96737
3742
96610
63415
89536
88961
10865
16279
97053
14588
82423
43129
47196
98886
23778
21311
60537
15128
52644
63480
78854
54925
91001
10080
24650
80315
15555
36065
25019
90423
90537
706
70815
55076
42394
2707
8564
31590
28399
87018
60498
52348
82980
97848
71377
88489
79035
3825
90899
88680
93381
94183
85962
8409
27154
64721
39151
99683
16105
79935
26891
39604
510
87734
94637
16907
50599
86698
86312
91754
62711
47072
16367
73194
27810
84530
40756
68442
75666
70002
78085
38726
57334
78033
60657
33037
45635
59486
52157
82477
45223
39885
37378
97396
84506
40814
37545
8049
76825
59995
8281
88062
1155
23654
50139
60822
95984
44137
81942
54095
53576
28668
5451
16260
75478
11026
17579
51319
87286
72462
26360
20505
22235
92607
89184
71935
76134
35303
27261
70719
36068
72621
3247
82106
10809
61153
64848
67751
57917
89307
33784
88036
77392
91734
19923
36642
34421
1928
8854
13021
38315
40594
40315
49321
8941
72989
89237
57621
99852
47240
40876
87399
68412
65999
18775
50534
8294
2404
5482
39977
76493
76813
62594
83269
57261
52340
48733
30165
73285
62775
22610
96905
34595
22189
22128
6936
74826
59381
78574
49309
11724
52265
90723
32945
98236
94706
63593
75398
78282
39714
49926
77376
12538
19791
25741
24805
83164
90220
71611
25724
28189
66762
26309
60936
13809
84509
99331
92974
66803
20399
47522
78537
21837
1097
51163
75046
52454
64430
39643
63783
65356
10040
44153
61712
61716
28149
86666
42441
94088
88783
23833
62060
5207
12748
53397
