36159
15319
66436
54113
52619
48092
58132
205
51788
75851
78254
68491
99165
7605
25690
64258
58821
82578
42219
57412
92755
80691
24252
92563
49906
51928
24079
81439
93848
51665
15733
15123
68543
71563
19620
46472
27542
96563
87911
67954
64310
19674
50046
94031
20021
92267
77432
49769
38228
78771
62324
51591
65867
96128
76392
74820
58190
73896
25855
40710
91547
79819
74286
84765
99756
45264
23636
36239
56368
53280
50511
6858
60946
92815
90492
53137
47060
12501
11117
42575
36566
53373
10075
33978
62424
25656
90828
3466
60665
59839
81418
50234
64000
17425
56272
42644
99864
53973
98398
26422
65782
59299
3786
29366
51905
49036
24860
9003
8017
43333
81437
67012
34897
96207
95554
16238
4302
13040
55131
56027
21559
35985
93098
50330
78823
40791
58006
83016
96726
21846
61105
62320
72495
79212
70939
28832
62735
47173
17480
79596
31584
17791
16070
92722
33493
96721
35249
8631
64990
54649
63006
9436
84860
92530
370
34056
67459
41369
69335
79127
45075
53824
95901
55589
52799
62316
14089
91622
41781
98090
40501
86143
51737
19531
50086
65527
70169
99988
37694
5800
83145
73911
79827
7703
62054
5922
37522
19838
21072
44758
31654
88061
90535
74263
91476
89134
17733
28936
23578
63129
76636
76532
39732
60478
23115
82846
48757
36276
69112
22942
77957
88854
26773
67326
12286
97438
89197
82182
94121
41118
58541
76508
33753
74487
57117
32821
7296
22611
14324
37711
99639
77324
46808
77975
80697
31432
63109
38112
27888
11564
61807
55752
302
76224
53926
14442
22952
40746
1152
68598
81801
77381
92306
26621
4063
95222
40293
78454
40929
79147
81300
69819
2781
48716
46425
36543
69622
91405
87096
78776
43151
21251
55392
51229
83313
97714
16167
17143
27416
75063
47601
4340
51994
31692
30136
76981
86017
40027
19842
73173
78661
20722
76124
68757
63670
62781
23665
25977
86078
58559
65976
29847
19613
28490
21694
97453
28900
8401
98369
31494
210
36570
11553
75148
79506
13368
70577
55314
37849
8854
17248
81876
43028
57252
96907
68800
81787
44069
45609
27482
76713
77660
91783
40808
40628
9849
38316
66087
85200
6974
24151
2432
83099
91346
98007
51493
22576
30364
11417
86326
27054
85774
47765
70180
80017
1433
95030
12127
18671
97991
75012
87137
61148
78209
18127
55880
40615
93914
66051
84082
23543
72853
99348
89725
58808
56281
92846
7321
53514
82405
28859
21004
16049
36001
46340
10616
29155
4163
80445
98680
52303
22695
30415
74639
17665
98355
98320
2811
58283
27118
67907
75196
80188
78863
1986
78117
63010
81686
49642
11938
37335
68256
45395
24334
73196
68038
75606
76553
84256
45988
98324
82708
35484
72931
6046
22984
81250
24416
56677
39615
88501
85944
7792
55482
59811
20663
83880
18591
58590
90026
21218
98627
66135
96253
73193
8174
82527
78125
6989
69220
45194
52551
2923
38510
20494
30644
21243
19773
24974
27606
70631
65649
26675
24193
3587
95693
65434
12943
28971
