23865
88210
1320
96231
92737
80066
21041
32045
72770
3356
7605
13047
78116
53984
79155
10023
50742
96882
42626
88840
89659
40650
86722
82661
33649
31920
73974
41018
79475
98902
94613
12776
33832
94676
69449
89916
67207
4223
78984
44684
90744
87754
37551
10863
75594
71553
49201
97983
46092
44074
28037
9773
63087
72579
2877
62751
23934
48822
23921
38604
5777
4088
17369
22815
51730
99722
77549
30329
32893
26178
57199
13884
46853
29021
46690
89452
72639
6728
83456
91709
99725
20181
82432
92888
22771
6723
94055
22398
44567
13859
29000
203
27416
67178
23278
31979
61986
68701
28755
79531
29813
48899
16749
94831
66666
23136
44721
6157
90726
79777
67744
34709
42522
41439
42468
35879
4844
15347
40951
42823
5544
89052
48843
83259
85688
15178
91059
72650
83523
30011
87013
85149
59139
17177
97838
1519
37024
52287
65879
96822
39353
88779
61118
83995
61959
19916
23138
81343
84625
43587
49608
38923
66639
68986
17335
38280
57409
49416
16494
10901
9184
57883
9224
23925
3839
25857
76694
49680
50847
64132
35414
86511
37591
72060
69396
424
42431
19222
53135
9680
88028
40099
29544
40241
4297
24989
76092
42789
32385
84906
70876
70172
43438
48648
2109
54541
50889
63125
4116
86849
27498
45950
61725
72713
47457
79470
12402
38977
62757
32574
51167
32520
52816
54355
20346
53097
79725
997
58748
46586
52874
29056
28558
68848
88211
5681
89086
16020
39918
78948
36104
86031
66779
11562
23929
65473
72787
93046
73605
39565
45828
7061
78269
28857
85147
9904
52415
11434
71137
58165
45734
22310
62547
89455
16176
64600
91424
8255
37141
12030
96337
85195
16606
96776
54460
87620
87885
41968
41423
75352
98557
92959
2884
82033
78211
53977
64719
90795
40842
6380
26633
11407
12686
16532
50533
90075
42973
29611
64876
34533
74140
28613
82549
51439
6868
40846
73028
36668
68530
47886
95945
97486
98505
15469
78157
42230
46474
64256
14017
81356
3990
68867
13425
26931
12641
63603
49701
8974
28086
30473
49626
40161
69259
93399
6777
2523
18385
1397
87335
97494
32219
91197
97330
63195
87834
69538
90106
56589
54804
70872
99823
63415
87969
41940
63121
48659
83775
57065
59386
66527
84127
79898
8311
82214
18177
90337
44278
64532
47631
12976
92847
21581
2208
19739
43535
69636
37792
46587
69968
20738
46143
6599
5131
34441
39230
24448
91200
41701
42992
43327
78191
20509
89489
83666
30155
6651
91729
29695
76946
87345
62154
95207
98253
75049
12931
35840
55331
28541
77461
39049
86131
56698
92623
60973
37318
84400
61896
48223
53966
73274
79190
1251
36179
40856
41271
30807
67262
41502
99802
6903
26026
6060
48851
22352
67335
61889
42256
84930
79454
39862
45965
16379
75571
84553
29191
99330
76775
9887
68505
33478
56908
20113
28152
36972
67345
25097
91831
51637
31708
8000
55150
70694
16715
28009
34435
36601
29971
11925
24925
6376
65830
68025
63819
71929
75313
52363
43941
93855
75240
18485
69799
78937
46580
53798
52735
94106
79233
27920
35655
37174
63911
22927
21168
68256
38350
27171
52845
37053
31814
91390
39395
99858
63628
65632
45265
46253
54140
4626
60432
41273
55116
10476
76073
21243
28667
91365
21934
34775
49060
29999
80993
97569
80199
56971
86356
41796
39252
85368
35220
34497
69017
24140
12442
11212
43224
44998
53868
35057
89376
95213
90567
2719
4388
51742
4725
17831
82823
52045
91027
39813
14674
32905
22864
72815
57919
20912
62296
75690
81815
25496
8492
31029
97469
8393
59586
24511
53276
77242
63241
59480
56144
76892
79132
20066
48910
6095
41152
28467
29238
95605
73338
59943
25416
57408
33818
61684
89497
