62457
81698
56061
94796
76588
73756
74729
29082
65540
89173
82451
14742
74849
48918
43133
15207
75418
9587
36823
61107
92356
75064
65756
32548
29659
62404
90299
96607
15410
2509
83717
80284
88431
10880
66437
65682
78625
8317
88894
83462
95363
12495
8189
36508
68733
62028
75032
14135
59858
4218
92077
83318
71443
7361
23763
78581
68653
18302
2261
716
47272
84972
73353
3772
98362
16780
24543
78243
84842
99197
50919
71021
14647
72035
57135
42205
27600
56604
12689
59374
75233
98049
47930
44193
25564
52058
11711
29209
97992
3459
40149
62054
17301
80314
94419
52500
35044
76416
86228
91947
3304
41476
62803
97199
69455
87972
91001
7744
60621
32125
8491
5043
65704
47604
49417
30730
64986
79707
96609
59554
88792
73294
12890
48925
62589
2774
30570
78284
69722
78960
43740
23009
2655
37158
98571
18372
80569
77643
11038
22501
70995
79240
38190
37321
38361
14943
46919
46625
3373
2777
73883
8400
89576
48789
77633
43147
47563
74503
24878
8858
81066
27845
73266
44562
27682
40108
78883
39084
60573
19886
14300
46815
115
38340
61454
32257
23279
36326
18072
31896
63040
78454
39745
77480
58214
76054
95102
20190
28573
24311
92076
72369
63231
91079
18093
90493
66647
7588
38410
32975
5379
3912
61790
66352
35434
29300
26942
7367
15847
39041
45313
49891
88303
52609
69523
39342
6932
6916
45454
17872
79710
50237
9091
98702
27456
47109
44853
31116
55362
41262
67883
79358
27706
50678
24939
43165
54763
82609
69426
97975
7389
91933
63837
74543
2273
12189
64078
18578
29241
40912
85056
85835
88627
6774
54236
17079
41000
70156
70362
32143
21208
34138
36440
39194
23368
39146
17305
41425
7235
96660
4598
89390
29033
39831
18447
27460
12279
73170
32195
80877
47325
62924
24580
2089
19778
6152
3313
86837
14140
54847
78355
73872
19966
67404
15006
4269
59649
89132
85983
66978
57226
73679
86677
37216
75021
38434
49668
40296
42478
12112
59606
60434
78758
42198
6606
35013
56651
11793
6847
76611
56982
67217
74851
73765
22994
59864
6124
32460
44656
8944
16283
69434
41823
98246
68875
44991
42919
15910
1644
33345
22376
71609
85798
61857
95090
30931
42320
49729
76990
35202
26498
44055
7850
41016
42629
45301
55876
79688
72233
78618
92806
30600
75587
57009
27902
36288
72087
29170
50866
88296
38522
30030
4999
18094
5620
55499
43798
843
78601
97281
50566
43060
82164
83743
15515
62674
29575
50652
91076
61727
15879
70436
71746
88938
23227
75942
16563
65286
27706
38422
36763
65231
8655
69115
79340
26103
5242
13758
34761
10287
96238
20457
24151
97660
18738
20975
29694
56925
13680
23739
68169
79659
77451
72805
99897
15124
84115
79147
71971
76775
21238
37758
87879
37193
92440
84662
65780
24842
8673
76937
44699
41273
57043
95083
6101
40906
95963
99117
4318
71270
91837
51391
99205
77879
63866
68625
48609
53984
76231
80661
32153
91058
54063
7581
18492
84680
69513
74864
95626
29905
8415
28335
11552
55878
20315
37505
28086
29098
38436
80308
84431
86195
35649
36786
41856
49020
61793
16176
70764
90586
23007
69986
19507
48591
37532
90460
10622
18584
33855
80220
10274
70418
81736
90429
90213
65978
60198
23155
65931
66907
68798
52625
47424
35739
42956
39262
57627
8244
58760
50149
37589
47926
72626
91417
94751
31446
92485
47607
8671
29631
3999
11583
83917
43345
72989
93839
1838
95781
33517
8010
35399
30645
38452
45063
49957
7516
19231
13106
68379
11932
40526
98433
9800
5661
55576
30485
52521
91552
59434
68743
31024
9950
26539
29751
7005
43473
31827
931
58443
27873
53990
82201
2310
28216
13841
22456
14964
2595
12944
42847
16673
13752
27583
79204
34712
82093
96498
82978
70947
75999
72996
98533
82833
28173
96334
35346
52435
46477
11768
93086
36826
14807
52042
36542
39501
68226
40012
63743
88440
56824
4185
40366
11092
32101
8422
43237
57283
24294
497
53148
33588
5221
55005
34629
91245
95246
43232
88324
5381
35322
49241
61630
90146
30777
53950
6820
35730
91379
54843
20427
10084
82737
14315
91578
99751
63627
39814
41563
30976
4948
65343
79764
55198
84076
15423
4615
62942
29880
85978
78915
80881
27032
9525
86986
24359
87710
95989
29208
84545
8385
34644
55263
69913
86536
67063
95031
35890
80552
91309
82678
21744
43133
10366
19294
67698
61717
44570
66098
77969
87930
87724
22102
66369
31270
44538
32561
36490
64146
74390
27100
68303
24511
50606
9700
26264
13919
29238
89914
32211
59313
40906
82351
28593
55543
86961
3054
37573
79207
96364
31556
50740
61797
85031
61301
52846
51679
36479
91056
18896
81994
32658
77907
39761
47447
14753
54961
93807
66216
60019
14234
26823
98100
14267
80191
30023
90818
21227
50652
87671
29634
52004
11761
64720
19793
54116
1901
54698
80408
65953
40358
83743
22904
47499
96562
62242
76624
81096
30701
86615
95483
32498
87541
56938
30946
4813
834
28374
68898
33088
91374
74872
27847
8220
58093
38854
921
83749
20289
85352
69146
91700
52635
12144
11565
68173
48589
9671
42240
6795
15844
89045
29306
40850
47798
22388
70657
99518
47576
89760
53358
53202
40158
11218
48622
64391
90744
76385
65761
18572
40411
73864
89089
60972
27203
98117
93139
34657
58865
12315
83433
4378
81435
37226
41537
89032
10743
63964
11327
75346
99680
57696
60806
42129
50209
45513
7740
81848
77981
89805
99739
56905
79603
35946
21581
10800
8768
71498
29884
56389
98088
10841
10538
9806
18991
75364
97795
89893
74256
76036
93605
63672
93628
53550
93236
63842
54071
49817
46793
29122
39415
26805
94190
4646
92123
57427
39836
7582
37637
52416
31251
24815
50840
47868
88958
67207
6420
1638
43098
33834
35516
99397
16287
32919
50053
17496
47014
46268
96048
32429
16455
49931
