84849
5920
5427
9676
34767
12296
59767
80229
69972
85832
32773
502
52415
6277
885
89819
41161
81980
90340
91757
12214
76198
22272
18736
93696
88967
16771
59322
97152
76446
82127
55047
45534
60460
26882
98643
33948
53593
9513
86366
11004
52001
50235
80399
28553
76105
52266
7053
39156
70982
51664
95542
21322
55691
62492
73596
87981
43024
89821
67324
73344
52249
21550
93261
91071
78313
59827
77791
86910
49166
12427
65013
40638
88334
83884
96582
93189
70380
32188
64316
28738
81740
56436
93072
16824
61276
35313
89605
45904
81707
6440
40778
30610
52580
84089
42264
9020
3158
91171
