4305
56563
23616
1661
29078
1315
3234
60737
77627
40174
91733
99719
19227
37040
13153
57126
82300
73822
79783
64925
65733
44928
91859
19807
95890
67255
14310
280
11449
27542
86027
11737
72069
29501
8418
87191
62567
32340
23443
93856
79273
99910
33220
21347
81539
83468
94828
13091
20669
75171
54276
92432
60354
37936
69951
22764
81629
94049
26929
80860
62338
85368
39059
53782
93428
92032
34773
10693
18607
28141
48755
1921
97145
68942
79068
60341
27321
69688
3498
93794
48198
38162
67897
1827
7718
12005
67726
31379
66699
68165
9978
9674
94183
83637
41687
12373
45632
7281
68804
43855
57113
75860
35813
393
21069
97930
48991
72494
65740
54943
5390
88263
94929
23033
1695
1746
44889
29189
70596
62092
56069
26274
85122
92048
5213
12116
36077
29314
73921
58503
28561
7118
34300
66830
79961
54366
94133
36529
20342
81314
1976
13421
73874
52208
37321
31131
13488
94285
91500
86279
50178
18769
41063
23483
72962
36763
58244
84875
40243
42366
24790
40378
17030
12227
2385
95890
68155
41156
94896
56216
95777
66333
21869
41511
48588
98105
89930
95451
93357
99238
41942
94796
82089
18511
14147
68396
94355
73689
45406
20866
84364
51085
68394
61035
77863
6867
9659
34402
76142
85350
30274
9272
38802
26265
23081
7372
1501
28055
16639
54530
52778
7630
39915
38463
30587
66380
7239
66475
13745
17785
9264
96528
87663
98371
60761
72618
47112
87859
4953
55486
32006
17298
16293
28464
76526
22830
93692
21978
71690
57809
64806
68384
88555
95474
74537
94595
96919
66010
97281
38098
3361
2883
54081
17306
60690
87503
19157
71901
95945
97072
40154
43948
15563
58844
63534
75596
2073
46575
58738
81608
36299
68865
83779
35482
28560
5171
20852
47786
13670
55154
38981
36533
86689
40296
43854
36456
95023
91128
39237
35223
77053
79432
76960
30805
26513
90010
40689
44993
73406
95059
11056
13203
10596
83327
38690
43588
58379
40169
97964
32323
36301
3943
75607
85219
36047
27761
61614
15868
88994
65434
12947
7893
66693
76269
6424
67544
70198
84012
44817
19194
84014
76816
98290
810
22013
63862
93551
59223
34369
28974
57659
44263
10869
76381
88882
83421
2648
16021
56684
59197
93828
6340
60754
65933
2905
29468
61547
92168
11753
33317
39792
67439
3781
52612
21355
958
5420
875
9589
62669
51498
3369
21258
76282
23365
89802
45244
98749
26424
92674
23137
63675
51221
40133
92802
70163
88173
70470
48124
94576
81667
31826
85978
89731
66104
73589
64009
71307
25954
3367
87027
16840
30126
8256
68072
49371
48569
70515
12728
23477
74784
60980
67281
48293
41633
8852
73604
21937
83269
57196
60576
77210
23369
51316
45413
32140
62327
96437
64239
39062
95783
77814
72433
34841
52797
41186
88371
8370
78156
33100
94492
75087
52775
55096
66206
86619
49847
59745
99912
70080
98564
4801
96264
62131
1379
77291
88555
697
28623
63388
29340
1245
40119
59198
17106
4952
35466
58345
78886
89258
9870
78927
82704
57744
81774
27261
59495
97728
59028
53095
40609
1439
94470
4955
88776
14834
8975
38765
630
97529
22400
76878
41311
94455
45545
50403
96388
37568
89192
1336
61383
40382
86140
4050
72944
22417
56137
72669
3558
99554
50968
98075
83566
40017
55691
73297
61512
1125
9530
74991
40479
18435
24989
90241
36802
15686
32613
7485
4586
90697
281
34153
92360
45944
64042
23270
86311
75444
37959
65581
89495
86271
16865
43548
86688
14731
75670
51671
14364
6944
9053
63985
65454
57722
2613
21268
52934
41705
10889
12561
7722
85596
64932
85983
70429
65391
95627
51384
87570
36021
85112
29007
10010
42045
36529
22224
16150
25057
18778
4391
11891
51551
98098
84276
87926
23747
5914
97346
33362
98588
16379
84390
88179
69709
60432
45620
11202
73675
10354
20167
38599
19942
63399
15998
77496
27053
64845
15719
81549
49563
81843
98166
14823
34419
59400
6206
2578
41768
76874
72305
99469
22297
40459
81102
30630
87402
15355
69114
66181
71622
6014
85294
93207
74210
121
45210
23104
98494
36696
26229
27658
30835
28634
38804
64709
36696
40716
90952
80728
44164
37684
36266
11576
51421
666
3806
68160
25446
70027
1095
3559
22755
34202
16731
89477
88325
25886
51174
59625
79112
87031
81951
6138
64494
24383
93297
91937
39381
56196
58208
78455
53113
44020
32103
50478
61542
2480
80780
25248
30335
27833
84780
54241
6904
39656
79121
35520
61558
81479
79313
70457
27833
74145
7539
14832
79993
1719
91883
32628
72215
83427
16278
86862
39235
8730
34792
30975
92129
66984
71565
48687
51509
94591
31421
78877
38579
78606
87462
21037
56506
70039
786
16532
43673
84050
79349
76907
41115
94912
34828
35802
11317
99648
28948
20453
48804
30756
4058
12695
66394
49254
96345
21563
9949
17270
49549
43624
64123
75589
87570
43504
48390
63257
25402
20800
83409
1581
78708
349
78659
70730
25885
37518
52492
98946
34279
9672
66152
81049
41225
56927
39770
4955
78511
89874
57036
73253
23122
10657
18682
77915
76146
51251
44220
83891
2236
92790
68911
46564
81852
43441
98173
33772
98340
51329
54373
12160
71067
79769
29817
17961
58808
58435
78891
74348
28164
46670
64532
62980
71735
10441
80357
12038
20599
2730
91233
5972
72827
55892
48187
52284
5964
48745
29490
30287
21361
7629
26012
74738
73294
20283
99522
7374
43690
82504
7128
8064
34570
7124
33919
58720
77865
28434
75190
80429
32444
78749
94211
45418
18415
95443
62826
85700
5256
36163
83550
73412
94632
26873
53038
78632
21056
90732
78128
50512
24551
15268
14203
14978
26753
26196
61563
52697
60031
3326
98171
2726
14239
16135
81030
31083
3764
63185
9257
84980
19027
82394
58025
1010
87519
