80871
57666
66023
10008
6178
38307
9714
60192
12637
94518
13029
78556
39912
80964
9303
58517
58857
72305
98711
76287
22303
37902
5484
70256
56733
87124
42358
99881
44664
53847
72664
24170
19690
17260
88731
52538
83721
49217
73268
82561
56798
79509
71138
77299
29317
26202
70390
98797
27595
79278
79883
52109
74334
97913
65482
29270
38503
99781
65493
13632
8408
16550
57326
45061
20481
23052
34028
90847
13684
89743
65798
26020
11606
58748
48401
56487
53931
89526
17568
64845
15328
17811
44857
95202
13077
88763
86894
84052
9315
61405
5013
57996
7132
74320
54563
8418
90748
46491
54960
79930
36563
96224
81688
77236
61565
99461
85162
69568
86844
33694
73484
3012
29825
59180
348
49747
70141
19824
83933
10315
63711
51467
83411
45228
25489
84553
32847
53782
95582
91232
77359
31210
36152
85711
95435
25492
39514
96428
18838
3725
8983
83933
16140
67286
48508
56703
83884
96814
99861
11855
54097
87504
31826
78965
18717
68175
77206
51287
61980
69275
72696
69517
38537
