69895
83773
27727
3139
55537
79973
55185
61699
40173
61674
15687
41427
45344
67303
22473
2744
25988
74006
83390
87655
74411
86350
42160
71133
690
97988
34627
65303
13244
89394
92462
48374
95102
19859
64526
62208
91176
36313
1255
1089
2115
56254
29136
85453
67098
83143
42980
42487
55471
76733
9800
10817
99518
47712
65363
25328
87851
57031
99216
62494
8749
42570
46571
345
4475
16111
71961
13972
24784
38088
31293
26227
91029
81373
93486
72728
929
20120
53094
32529
1827
7532
94563
59879
61372
40114
78833
95024
20581
94858
31413
52688
2204
51753
87925
1760
89963
50873
93414
48863
16233
26651
21413
90246
21147
11582
66732
25823
90384
35742
4815
27093
37653
