16534
88924
96080
62640
54374
41451
51238
32685
27935
99350
13561
22909
30092
41146
16327
3194
80306
50787
57858
90613
83330
88611
31061
35804
48305
47233
19700
976
6767
31871
36916
27348
21206
7879
27161
83340
52177
5064
9235
6736
16110
57217
9933
39918
87107
51095
29016
63676
68133
66986
4779
21366
91620
97481
2129
85456
5338
16235
57266
44626
16022
77005
83911
47484
45544
37609
71565
49548
33819
86736
28800
36548
45986
58217
30465
11570
66194
93618
88532
5816
50062
70175
99341
70454
88687
8972
94160
1007
24993
45974
70008
