96288
51688
94787
32202
98872
89943
22123
9158
20621
79849
79016
75106
67028
5055
62268
11228
6006
49849
87091
92944
55075
22122
93532
39659
36019
54701
38932
5531
56958
69429
56307
24294
96202
12593
55146
14569
59238
82245
54340
62742
73648
54984
86043
71852
83074
74628
29014
19430
58708
78979
63855
81622
71547
44854
44113
87014
99462
2290
92633
31331
72969
47689
82778
5785
26157
12251
99029
17836
70323
83979
85211
85884
12219
62297
95790
84009
95527
67898
30572
6552
23672
52065
25611
38101
48926
76427
61586
40780
71717
2195
98803
18621
55830
98705
74199
30241
46519
27299
1132
31210
32443
63106
89633
17059
14396
53564
29099
57624
58348
26437
12856
67809
37127
76438
53760
24860
9280
64457
91764
17649
26971
86054
61585
27362
63332
92434
89016
42470
72201
45413
28527
44483
9017
51338
13704
24220
62018
8477
71621
98559
16626
25772
34767
19668
55210
84882
72532
99294
70432
11827
75092
35563
88128
10423
79444
68239
53809
47270
36827
31801
73196
57939
52398
19004
87991
16420
75285
81040
96343
76778
71805
90256
78305
29830
48282
58068
16339
1890
74824
34267
13271
38511
41047
62031
16379
80887
25016
36326
14496
32281
26967
21207
18393
35026
63529
2762
24571
59007
6473
2970
24007
76372
36609
71060
69942
73191
84037
67372
89070
46524
1950
87481
48137
12591
16675
53727
56837
33385
90262
90759
30539
63355
72489
82392
16959
35391
1950
83681
73388
90650
96174
41956
30255
88522
33554
24421
43670
34745
43898
65619
28743
74423
79539
73539
35147
4006
37581
10765
33426
81464
13591
25779
67056
76596
848
56331
30590
22625
56170
26364
86381
62645
47041
1476
20494
33707
5132
63698
40636
52704
71257
78912
34326
805
42388
98407
65002
52781
60497
38213
25732
74635
49238
10855
38743
41249
61219
79371
38008
89431
19991
84997
89925
13007
601
3892
13181
31268
9809
59935
88995
95917
26325
39503
17225
98106
8663
96916
12495
7651
86710
83088
6897
20643
49744
23187
98329
56483
76446
86501
71517
53348
17
90494
74931
27184
71084
68276
86226
50317
53811
76768
2749
8260
25541
57657
9569
30162
29107
84577
32809
367
76648
85168
74090
87158
18331
91861
62747
51655
44733
6528
21175
87236
28420
41522
35610
77704
36949
82463
12366
35536
38908
17613
20719
13830
33192
49789
74651
22669
86023
48567
38503
10021
22149
49879
89704
2310
31108
17054
18623
86191
60091
18363
25832
57187
13774
96611
83222
59062
23786
70892
37051
95170
65696
17473
70615
81040
89243
58850
62217
48719
5141
11952
74112
59883
26569
41966
87
71677
44606
78151
45998
70986
16773
97863
28679
3731
12968
60754
66256
22263
60409
57933
42176
32872
71556
9017
54450
13129
52897
21309
36731
29792
3494
33238
14022
68664
93
75160
76704
18401
55638
79229
60824
35890
81627
64600
2846
40273
45351
95361
83227
43709
97044
71375
59283
45778
62567
37930
67733
47175
47196
2267
13870
20612
26718
36959
52492
10275
87844
50620
45677
74732
72233
72827
67995
58223
20353
62531
20000
27976
80083
17759
71594
35107
22348
98773
25095
61832
80450
72070
47911
11604
22027
99409
7435
59242
52200
4857
40914
17850
94937
52728
80155
15343
65551
81466
52751
61950
62725
86666
48445
96726
