54385
21421
15290
79313
71181
95081
67637
32677
95805
33716
53348
86870
67547
31307
57368
62294
51155
37155
53933
32060
12293
4208
32931
54471
66140
77986
74929
96799
49313
79492
85359
74965
976
16635
74716
4105
93436
34140
71624
41014
95976
9083
65869
28655
86901
97221
45733
14362
85924
72249
56968
39469
38368
34448
50021
86533
15698
38833
49282
51465
46482
97330
77339
89771
23914
16756
20262
35949
85198
76252
19949
71500
68545
445
86137
59035
67586
80606
576
95520
50320
98922
21116
85148
30026
36068
72720
60626
2730
89803
74021
23732
60513
11611
48440
10913
20160
22037
61896
55533
10258
8643
58412
5851
44059
80529
915
93653
70427
32442
34690
28537
16377
39228
88834
75879
57440
72108
72907
16828
25165
44047
73652
36255
27048
79760
89504
42727
88790
49544
61474
64576
88765
20593
98922
21393
54738
54016
18147
85957
33676
72817
89501
89044
5329
74837
50894
47710
38224
18048
26394
87700
28817
21514
81545
79165
86286
52730
11022
39842
99625
35179
46565
2666
20803
32767
97261
5912
60869
88349
24421
31575
69402
6992
13568
43532
16790
81494
23890
18411
23075
11820
56647
42677
57180
99330
80073
39912
80589
8643
65022
89516
52754
10562
22848
4682
99607
33695
504
76690
83884
86356
39066
72026
5789
3918
58562
17946
19682
92318
40557
15810
17822
33378
77443
34079
53139
84109
72931
20031
54705
96840
40473
5175
75890
47820
81420
74612
64749
1321
13837
52759
92041
83840
58331
30937
53744
53219
29961
37130
33657
65991
82054
37990
85561
68062
74954
10574
25864
81756
26101
72254
29367
56086
16521
69225
19903
12275
11329
12668
16542
15036
9149
62362
88466
5990
81464
14335
21869
49561
48357
13736
57454
99832
14773
89330
22189
19076
7198
88751
85830
99352
55227
64326
95027
65124
2715
32423
22318
87109
92276
28242
56639
1664
75083
80436
51320
6210
83449
82273
19984
66523
23500
61883
38365
86562
96605
88688
27272
42661
81814
94869
9051
18479
78447
17256
19016
5996
80434
14896
55654
47399
16287
27815
74262
87268
61264
28751
12760
54635
28773
80746
50973
82056
76108
14047
92663
38690
46852
22789
3147
931
49538
64179
26253
30079
19748
96456
86479
10181
11514
9018
64282
50900
44303
77607
98938
86324
941
23095
46168
29878
55405
66006
35370
47887
14142
88612
58680
6350
28366
31818
48729
64155
17809
9683
38073
71640
23337
24373
37675
81404
7593
11106
61183
72098
13258
30103
34440
23465
67883
75399
82741
89947
93840
16219
83312
82738
31764
41921
46255
78231
91095
89175
12243
65950
88751
84107
34729
70935
69567
79681
50310
43492
46413
41250
67733
45117
52758
78071
88889
2828
40452
64226
11070
55322
63612
89575
39171
30844
79768
12415
56844
45934
95733
24213
40492
29165
58859
16902
66795
93217
40080
12004
44409
54001
67323
57691
89828
86469
38860
9870
81836
75299
16241
62027
56844
46624
84211
93045
47569
65960
49163
61534
74777
39228
86526
98540
4989
62048
13124
67662
56414
14727
17070
88792
70637
55813
20917
50869
28298
93929
6634
95152
57830
15501
24054
60799
24422
61338
68149
47352
22425
97507
52889
78056
42750
78855
79752
55172
41285
54599
24544
97889
70998
19674
54480
23339
45998
63431
43347
12042
93710
23518
51667
48586
58144
97445
1354
63377
49552
2022
99099
2501
34853
52630
21837
10181
13919
30581
61797
94087
63676
63764
55746
1448
48728
54223
96359
46530
11054
90017
64132
24756
58350
54264
82310
46971
21805
77074
41251
87291
44895
34897
98886
20936
59941
242
79267
4858
59400
96954
59146
38474
23090
75047
80231
92041
82933
13099
56282
96196
5495
52592
84661
53237
35537
51146
90101
85203
59178
68046
14371
33612
95543
33882
34378
82353
69463
19564
6829
82316
41534
40285
53939
27334
710
41160
56178
49712
87691
80326
2444
79525
26750
80383
52504
14700
68024
37196
32988
8247
8073
82908
82287
48272
92267
75145
27580
25913
7065
41013
93614
24133
99745
53911
51024
37233
52373
877
42196
