4473
82567
61540
62881
12723
37878
6531
78891
73193
13186
19324
67773
26534
53358
66658
79925
47890
59929
97827
25374
55489
69983
64955
64439
90636
69715
56595
63577
9356
53710
74679
93588
80505
98608
46267
81082
5869
47959
19147
6698
70005
28808
61440
86549
81268
31675
51316
51201
17487
8021
14071
98890
81278
89981
66158
80055
33706
90935
1533
70341
77906
18379
99365
76576
68666
26989
91616
38831
23714
56973
10574
24942
86605
15794
43267
69388
62695
74668
98962
98790
5452
34785
25420
28824
42442
11368
63679
27067
99147
15097
40320
42022
47735
66909
8317
78995
27619
81312
57675
17464
18824
71407
1818
68867
8029
44780
98336
70203
59968
58513
95530
21137
42684
62879
82927
7749
39269
68513
61936
26085
96950
90365
5468
10155
82498
2085
47334
26617
42650
91891
54209
59138
9863
62619
12785
82613
28026
26622
28921
72390
18355
97139
62953
15416
99707
12044
16096
26822
87375
54883
98658
95885
86595
59559
80711
71462
21839
48860
60516
56524
64884
76497
38078
53553
37290
16357
7549
83141
124
94176
62969
92071
89518
77899
2014
56068
9961
20907
83875
40744
65365
59446
74222
16190
1002
48158
73740
14755
85760
21308
24278
40018
59868
75015
28071
82703
47406
33508
48191
28534
65483
35838
11860
28204
18817
58622
37062
91691
92711
42675
21290
19645
76307
53867
23143
49400
37229
87471
71156
82822
35722
68969
24913
99828
46832
83484
61267
85553
48259
60261
82108
38970
47268
8356
36790
7712
26353
5016
11171
53789
10240
98751
48691
30833
95842
69165
27287
912
39437
8166
54376
65228
49885
86096
61172
92940
89676
39750
53216
75698
19876
44156
15300
40412
84474
1711
59547
73324
17381
14209
8337
27874
66525
53121
79797
2266
93851
