77222
21219
26599
47958
7474
18087
84667
52137
39104
8920
14221
4949
80728
56747
24139
98506
29258
34584
43248
42141
46851
98211
69265
95738
21203
48839
19241
72350
41446
62304
3029
6856
28573
13059
80198
38596
61936
31620
20471
54447
62844
83148
30433
72040
40462
25035
57466
4556
85468
17830
59261
70688
16762
19455
72185
78172
99755
18469
4017
21418
67642
24642
43736
49616
67588
21567
69362
33774
25109
2639
53498
16666
7953
73457
55336
10497
28022
62424
24445
41931
11323
7487
40747
8429
72433
43628
30271
59282
14872
46149
3632
50091
55908
21160
32488
12876
14965
11410
63956
81123
94319
69494
41315
65555
40042
73635
41104
21366
89608
92269
11561
12369
84161
43725
66800
76395
36846
60930
23875
57477
87452
52577
31923
16597
48428
8299
90980
58094
52090
57630
63469
89394
1301
72922
53554
48644
38227
64192
46886
85559
38265
10592
21113
44812
36881
48480
73400
91392
74670
40667
76816
1774
27203
95308
84226
47907
49332
2153
98981
20066
36887
37746
80258
50135
92211
30500
3396
87966
90280
82183
97929
34252
60531
9795
25014
98132
44322
504
