93839
1976
23997
7730
26119
65380
6222
71143
60969
73505
51582
7217
6775
76466
23859
86799
74126
89147
41921
42032
13592
42022
47427
84321
37468
8177
36590
54319
4115
70196
54547
44506
91840
3859
67997
82640
91947
12
16681
55204
88953
87555
93738
4032
77247
48553
292
7517
38518
61679
6572
63454
38829
79555
41849
31984
45708
94191
16689
89317
7334
64795
76533
50138
39967
390
58196
62800
42514
14927
73585
2526
63059
92788
31391
80717
61058
66440
18587
87227
75858
9647
43262
81358
38806
1561
48141
86180
74423
81649
22971
70783
10217
18351
20266
11949
35503
83975
25515
20864
59307
46010
73516
38501
76829
30928
1024
16896
76629
59512
86726
49700
86345
47111
71004
25174
83866
83084
49776
65791
13177
73471
90093
39069
11903
56591
90841
10307
33405
26216
8157
95724
70648
45474
68216
63566
18000
15327
97871
60266
61719
80814
91289
35094
4958
26244
78304
20576
18000
30334
8422
57911
77483
8712
23630
38441
60168
9172
58462
47461
46953
23288
96991
65250
24631
70543
84134
99612
23473
96783
76462
51276
65889
63686
30226
98733
48851
7708
46979
48770
61995
24150
84921
14680
22193
84876
71693
13813
49218
80070
88899
77824
46473
45866
52831
11088
59642
78967
46922
90903
52104
88769
95275
32494
7377
94298
18994
26703
85685
60805
19119
29111
65866
76354
46169
37972
78633
37469
25471
82489
39838
37448
72684
66766
94292
11315
77200
65419
68830
94363
1041
7216
84034
14498
59233
3647
99258
71855
25561
93280
10307
30997
52040
8399
69077
38168
71734
92588
76893
98499
10323
94281
35847
73683
42974
41141
46345
92295
57514
1306
53221
57568
10369
80312
62602
11928
72730
26033
27576
57166
52828
52743
19123
90169
18457
4591
67579
61745
23035
41929
84903
9607
66059
13854
43685
93625
98241
76225
74349
35993
23919
96537
50706
98804
35316
39085
80417
20794
76037
8358
78172
87463
38373
25859
11385
56695
49240
60167
92580
32582
86376
79350
90364
94036
7139
92002
22513
67848
83456
1055
34764
66301
85880
36628
91418
6221
65844
9884
28700
45442
23798
71409
27259
32446
3128
87036
58239
97039
78494
8273
48495
40396
16185
25795
35783
84397
16312
58991
33008
49040
89523
61056
43630
64859
51075
85914
12811
8608
74528
55476
60118
79166
7722
87348
16241
66014
62193
51975
20586
84675
85380
30486
62850
95125
7336
95188
77226
92287
16023
95406
42403
51157
77870
26660
66507
56146
12654
80516
85270
88284
45818
40842
12953
5220
44318
32933
87737
54354
2845
21448
70664
13437
37928
31949
56408
19662
53866
2061
39213
38733
67475
9323
94358
16343
78968
72116
11040
45636
83544
73011
62116
43998
59821
74126
3134
78872
62107
96571
16735
58869
81277
76037
18433
93613
2630
12822
3847
55652
12524
83905
50500
29273
76457
79130
97944
91585
9849
37229
95489
31619
471
22782
89004
48600
97037
43734
22649
54139
83432
90333
84259
1232
10414
25115
899
23581
17047
6224
19398
9815
60360
42430
96730
87225
48864
35817
60506
97054
24604
11328
91262
81771
81119
25848
24306
3713
10738
79144
31088
75985
41278
32929
24935
81989
50181
66926
93075
63032
47223
53575
14116
50397
94848
53151
90181
28660
85970
42003
24582
45328
13442
23316
61834
12714
76063
57533
34368
14793
24339
62981
82698
55422
56731
43279
67670
98866
86627
91784
63302
80232
19546
98798
39126
73901
13202
81350
302
90482
76316
657
45898
82824
79105
69775
69655
51642
22351
52356
24869
64792
20305
69515
95774
11977
5083
38108
69288
82917
40274
75295
45783
53628
93251
11215
87326
47280
14297
82687
79482
8329
82274
37513
71708
52742
581
77148
89452
62431
41992
47432
74341
11414
31715
22137
49636
16469
86782
92295
47625
16465
21456
98993
12242
47275
26432
34245
49649
35029
11050
26520
11208
74339
75695
66944
88328
78706
60245
13261
71257
73286
71811
96143
18807
92039
55242
32405
24650
92029
75011
74991
40807
29868
84855
7679
59750
90079
3781
51918
67108
54328
69021
97701
9805
94518
4082
17708
7467
97998
3074
66271
82157
62047
94989
28836
41079
93049
28998
50876
44738
86833
51498
81
62235
46485
44445
74285
60491
35304
35356
20251
58653
54452
44402
51591
69057
10928
61120
20612
14115
21658
1240
45969
72761
60643
89733
98879
1227
36855
14598
42038
16856
91062
30729
51755
28228
21370
57371
99054
44684
88674
96010
79945
97906
58659
56847
5898
38263
72194
17802
91740
24144
72753
28254
62277
57050
4921
12650
10481
58833
80740
52708
33048
22363
40587
27058
52835
68765
1062
61267
77340
12502
28035
74659
53031
71499
39737
36156
54066
59629
57938
35631
38755
30268
96111
81310
26669
17363
12779
83045
91134
40153
36078
54318
97694
90827
78139
38612
43213
60265
49070
2591
57526
10615
99829
