89206
43622
42459
92146
47597
45804
1952
6123
10608
91153
58886
65117
83308
7773
49676
78586
49426
80355
78112
91136
78101
97047
6721
62857
12775
1751
34434
18792
28888
7575
12414
47806
46097
22704
75043
885
75098
31735
63929
15304
9857
71882
89980
45627
30127
29825
59908
46517
96604
70468
20454
69032
90172
66016
93964
3317
49272
83155
47425
51512
31060
10667
75239
94061
27207
59165
53654
33972
59219
63153
74565
75909
65659
88842
13470
96988
18154
9144
91078
2827
26035
58466
10506
75914
53083
44856
78285
94151
47857
14631
7665
29035
74468
38929
58815
68440
34578
36074
76825
63130
89169
7990
90537
96936
43293
2188
81302
2345
26445
46677
79834
30289
51583
27645
20403
6354
702
9285
57601
75595
78833
5650
62052
82446
24157
3871
70678
43046
54095
54211
96385
85046
12785
82901
68618
32898
7245
78224
76056
28378
45174
13524
96405
24920
30619
6346
59627
22270
91625
94182
69888
69256
40504
34944
95078
23199
576
95467
55863
60804
2294
62330
41104
16163
56439
41409
46820
81989
41988
73170
25421
48073
46479
47099
67814
14810
7367
16627
40205
3601
31443
51918
60944
55166
54269
64856
2329
42260
51744
43858
93621
33871
56840
73937
13847
33052
88605
36964
43824
29955
50832
5928
32784
84645
73495
88301
21190
37379
12896
47709
19396
77593
66672
13075
50675
71401
6309
34314
2919
62031
20074
79877
46289
65054
33909
2911
36730
13239
14226
3541
14858
19232
23311
80502
45713
74434
73633
10683
47138
27279
65070
98590
39909
26440
64458
9598
18576
2620
41433
44672
79141
87422
60896
41382
94520
50135
99210
64745
41237
58778
44018
97384
69928
42969
55306
5652
90924
12190
76632
18344
95741
61589
96982
18264
52895
73669
13599
57955
16682
65958
21872
89268
79019
26217
27167
87857
60415
60781
6556
93535
84670
9838
40909
35840
49915
91240
23015
7292
57925
15043
33042
18701
96278
83447
40107
60152
42849
45915
78392
95751
33690
12940
79301
69296
25218
26107
69066
51807
93923
18653
99953
45039
54180
67879
9208
67667
35735
89674
3691
45472
26416
72855
32216
48434
1159
86837
15240
35905
40902
14213
73765
31168
24775
84765
792
13481
68024
44977
7856
31059
98037
60094
71509
20029
19565
31630
99260
3677
10822
86762
65206
75693
27674
10627
4559
29072
6923
65435
