60154
70847
82893
29749
79002
48652
73744
67302
4159
4320
9534
32696
8051
23157
90010
42911
88573
89758
5828
63676
75719
66564
13018
90942
2899
34618
2475
9023
47346
14059
85831
14915
70734
87752
4271
85883
90644
99463
16353
39729
2973
75526
23860
8641
35552
10280
72035
55222
94372
57660
62512
4376
45749
77529
83511
27888
5247
97659
6695
23781
79787
31966
44733
11238
80618
10516
44070
60846
5247
89155
77737
83040
10551
27086
23681
92561
26215
87044
6768
47488
7417
62209
11679
91628
38322
56166
58833
73114
95442
46783
59540
65469
95125
17264
50871
62576
89979
31264
45132
18498
91052
65361
84601
38892
35813
92199
35236
1351
12977
98814
5990
75709
94602
25276
4117
4606
13046
65548
30603
28126
9641
33112
92221
98383
67877
75489
10797
59085
3847
69498
16025
25279
48448
47793
37152
5758
77514
34854
75054
90757
94993
92415
61994
1760
81616
78977
15895
44362
73253
28575
53036
48911
19460
55080
114
20203
48937
68045
93331
54808
23950
15406
29830
44892
75899
88116
14653
80057
81149
33544
54316
69845
53068
83282
69714
50829
59689
54917
66158
85056
86355
22734
78970
8603
92826
79892
93919
46978
37425
84819
98678
25687
15292
18956
89001
89401
5742
18395
55457
42924
10456
30741
47880
99433
12941
349
79639
52414
3231
6379
8225
34530
28969
71424
81992
98069
94038
39798
59729
36841
77254
61307
52054
37834
65105
85993
29675
30534
74920
34943
68932
8063
25438
28833
93631
5744
45051
46856
83532
81078
29398
79078
23984
90397
48050
56703
83791
31512
8154
53920
14166
81890
71996
472
35090
45328
13528
70233
73493
57867
36502
66085
51860
82307
96603
44602
1217
69003
97351
23571
55748
25565
69270
76464
80875
15494
11891
53296
17868
8700
21038
77566
11917
83590
52308
13754
59427
67002
66087
91885
66555
62219
81378
72872
26280
83518
37734
77568
45036
98895
71790
37653
17268
14693
40084
75821
77227
8675
8766
35191
39239
78861
65990
56905
80771
74539
33456
87267
50918
62104
53647
10889
17038
60493
67400
58673
82119
36978
79617
74131
76859
25373
37559
43217
24281
88718
27446
78011
86789
20282
77152
59224
48119
14560
5087
813
76354
43878
36861
12952
90577
84503
93135
69880
33745
42625
82156
43232
78146
53643
46162
20608
51114
55619
53959
58272
49776
61089
85277
5791
33091
52513
61226
92187
28916
89030
69915
18168
42802
51742
99725
25723
24338
37015
92932
59206
39052
34692
48673
23644
85042
58027
26149
73740
3789
88165
42692
9578
79843
76153
60802
70718
20507
49190
8746
93914
62989
26497
30741
48920
80804
32889
54954
84405
52090
55462
27500
86720
55217
96398
1857
17284
92703
99089
36953
55482
59931
33192
44640
35939
9927
40100
41001
85257
59370
97055
40773
55246
96297
7076
24953
73633
13778
70334
69185
61197
8029
38267
32586
55453
71329
89619
77695
70609
91468
52410
31497
57322
80965
39151
91027
35312
80449
59846
99041
31652
56387
70260
15082
80257
33398
11801
44080
25955
18503
67955
81975
13615
26818
13240
28953
5043
61834
15320
78147
74106
64863
26283
37749
28837
44647
61126
9463
49471
33321
10323
99140
94509
53466
72977
83044
76209
97593
96731
8515
10569
35657
64055
43598
24966
911
10607
75573
6609
81603
48489
28035
67624
26866
33434
4997
84965
53549
75929
94332
84024
36780
38601
44674
9654
53257
66047
18246
53977
72004
26166
58276
17923
26378
18618
1815
3810
39628
2219
6705
2369
27419
14252
36228
73554
88396
16909
90159
57601
68973
84711
87990
98177
8084
62791
99425
83241
90359
10434
73104
18189
5263
61324
49010
89286
73406
93813
70242
20836
93498
66783
80389
54085
83117
96183
94855
78794
45215
14260
71727
74127
7775
80781
36062
76099
47708
1664
78734
42813
41202
66499
19363
26731
66299
56913
15273
96120
42084
94300
41937
16575
67126
47801
73001
86072
72454
382
35653
96729
76623
54623
17286
27171
57276
593
79989
33227
38928
52652
95587
70949
94962
75903
54666
46236
69914
12544
19746
73758
13737
79189
80269
30753
60745
16807
68738
50099
96070
91949
41522
40495
83592
85793
71875
65678
9859
4157
64971
37536
49137
15188
69489
63220
2579
56775
87429
69950
15229
50199
72804
84449
85840
70330
95517
95999
95134
64576
94582
92634
40355
36037
60626
6377
86412
86101
54695
30044
46593
71232
61873
72287
88929
73865
3560
40110
19246
71535
46143
99674
67883
72611
42134
18889
68527
97809
11943
30148
88040
44471
2113
13139
26923
82415
1114
28260
62511
87811
93407
36621
67046
12923
90549
8908
17976
21219
28393
96421
92217
40698
94918
37582
21730
4713
8957
36562
79404
6978
81399
22430
82667
41869
70687
6564
25717
18448
57050
4041
14649
4882
60694
44424
19798
40529
50083
19741
74109
8849
34422
17461
71905
62906
21231
23729
8610
18769
51746
72566
74227
94195
85525
64163
56145
92706
64386
96183
97368
15575
70085
86820
43286
81922
13802
64241
58139
5985
90227
86265
1704
43918
7732
53231
25430
98622
81065
19954
70022
18835
62485
57457
46126
13405
97053
21179
50393
38371
76473
42175
9308
37582
32514
50633
57532
10578
79381
10841
4172
30124
85185
55211
98201
10383
12867
55361
21835
77940
91388
12213
69119
46344
73724
44649
997
68188
7465
64014
52846
52401
77419
33425
52305
56409
42592
20123
98977
46505
86910
52202
35936
64318
51025
48744
18150
45186
24810
69455
99565
24771
10348
13195
66958
30838
87532
120
21439
16533
74009
24514
5575
4816
46927
80718
79762
15444
64188
69312
83003
78313
70487
32256
21356
30645
41406
87426
15405
2075
85589
48304
23016
15476
6988
51530
43485
33401
61897
78002
28941
401
51211
74039
32091
36211
85748
17772
86794
90208
75213
63854
65993
16889
52147
11528
57393
81758
63603
35564
12267
78194
70741
12164
34183
92569
60060
93682
66748
98586
79607
14628
49889
64469
93738
193
57961
24141
32403
85190
39038
86296
23429
68567
71965
71786
68119
43482
88090
71258
98747
90545
31375
99420
90416
73268
77953
7347
79096
17938
83950
6148
26332
54844
29071
80420
73254
47522
79715
18274
19699
78009
56514
5809
44644
8782
97893
36636
27103
16316
21995
64819
