20375
29880
74933
52787
70650
79967
68402
91782
34997
73821
72900
90595
86414
8001
76350
67101
24852
73623
41051
31348
59724
52785
35100
9023
57907
11150
99653
17403
86845
51277
86279
45931
33212
74056
14056
40181
7611
27130
64992
86085
84533
98216
53113
52138
49944
88759
27592
35383
63351
15219
80935
26136
54781
84247
93627
33816
33855
80583
13627
30504
63101
10826
49918
48848
59521
42509
35680
61403
69718
9416
51570
16358
21044
80595
14821
98734
60240
21498
3842
76444
44879
53559
44245
98619
34323
49977
43916
68519
69990
89405
86270
97546
3055
48267
99288
79915
85233
70617
25732
62089
94165
75526
22581
15367
69644
66850
17866
77292
7278
31164
65479
75559
81511
4891
3771
78807
69619
44646
40887
65899
29667
9944
27524
92580
41834
77195
80401
60684
78187
38795
3439
8494
64129
83928
38862
36858
50436
53571
33627
50015
71911
65870
45527
42909
55613
57823
695
96242
86329
85640
98733
55844
49877
55895
98530
42798
86082
23987
48192
41462
26446
69150
64285
99853
73708
62215
17914
85564
24965
73058
41313
25108
79062
56450
28952
86839
52323
75101
74480
44404
78213
81690
26871
13677
75095
81894
39216
91691
4762
37176
4607
32579
44405
94808
81263
36836
89555
1466
41055
87918
88550
16932
66525
44063
51114
40228
98054
35966
60157
27592
23931
97261
13511
84062
81116
73701
