63984
49719
997
58115
5178
24402
24260
27689
55049
82301
85529
34004
99368
14599
58163
11007
89147
41731
58818
27944
42689
54460
85509
98991
79654
97619
34750
23366
318
45185
7860
98069
85118
26180
96345
13285
82433
13520
35304
35716
70992
16496
52358
51696
23713
33108
38706
8753
16485
55212
14811
25647
36285
31995
26850
62604
52994
38349
11597
18953
33583
9781
91141
54407
90481
58614
1641
93342
53820
19442
49782
68846
63312
57672
57434
58222
781
25982
77773
81593
89053
66524
27120
98112
5825
12245
1449
57310
85409
17591
56400
90333
78764
48553
99921
6857
45024
92339
87025
75309
85394
61935
3549
60196
75960
14144
13449
33311
46523
92157
28476
81396
74358
98650
60617
66387
30532
47020
42190
62640
57940
70069
5021
93688
56690
57153
47090
13674
17534
87231
39874
49294
68117
1839
14977
22019
58989
95905
15231
89130
54916
40880
57460
7843
20403
620
36120
52828
50514
70316
69333
40765
25759
29897
68143
50251
46243
77835
26566
88218
38021
1003
73096
92595
99996
82675
77559
93937
38278
26514
17150
40046
35371
63793
38390
5305
73344
49208
19120
40592
5491
98242
94184
954
47966
42512
84240
74456
47378
58296
52618
26734
4660
28842
41443
7334
60530
88439
45237
75646
42247
25438
23482
61244
98389
65956
93897
81137
16671
89593
44124
74453
90026
23076
25695
46838
79794
52134
89088
50917
40607
71958
65313
88589
61998
74099
45929
12285
81472
52108
47324
47850
95956
81802
5488
49731
9816
83610
88585
97900
53306
87221
75977
11241
32579
42508
10045
22530
60045
