92501
17374
97847
65044
61263
18767
10003
28925
28800
29579
24738
67239
48388
35623
4932
5088
27386
60298
99510
99927
11000
78911
5676
6732
49107
9595
70530
52679
53679
53917
61240
31288
39882
87228
90096
90041
64904
11810
95690
10217
27002
8983
82515
81496
51602
41104
19278
8477
72329
89574
23347
87746
96928
13578
8041
54252
80927
95531
39019
67069
94360
60883
21057
95324
51347
64155
14583
89809
77560
16054
16682
69399
45884
53366
1614
30695
81628
68669
89345
79481
97557
81047
20105
2203
38809
37575
6118
28507
7137
56814
41772
41879
38326
32833
16158
58411
77999
87919
5624
19232
21775
72787
95951
87279
44700
50892
16983
34022
87116
11840
96803
16947
29056
26551
29404
75445
61925
34287
52990
72975
50147
96578
37301
98497
81265
81320
97728
59877
24944
23786
64981
99716
62029
93117
71658
12635
52944
10606
54204
82143
27950
41898
66925
65254
85657
96986
89953
86420
16176
65349
92744
95248
75825
51133
72626
92069
51847
73370
98041
27117
47972
48449
53432
96977
43833
89069
40372
13249
81698
49133
57544
14754
76659
69170
6409
21644
58125
69272
24591
98811
61546
72610
11974
51178
18977
35388
46672
92822
6313
7169
1342
67536
40018
63366
59251
8089
53446
41084
86370
72431
13176
43046
50094
98942
55382
77233
8897
29067
14704
29368
82996
69746
91444
50788
72593
36805
61470
89214
71941
70266
19203
45835
31044
47293
26129
37075
95375
16260
73429
74436
105
76715
8821
48946
10079
93725
82438
90006
88340
88730
29404
84327
31005
95209
29159
57235
25031
82808
12981
64057
70763
79477
31424
39351
57376
92052
68760
20033
97932
93198
24227
75721
2616
81303
13537
12327
86729
3655
34162
41323
96744
29062
32286
18075
78908
71072
72943
13491
50444
80360
58949
31794
49912
48392
6239
70397
31912
27526
19080
68247
83498
7340
70380
39678
45979
43031
9913
14681
37012
38523
34809
21973
90707
57392
63174
40278
26287
93397
75666
74049
9427
37799
71182
25246
6346
64514
54467
91588
75324
29749
87372
15162
18073
47752
45444
59276
19047
10623
47629
83742
7128
6778
22911
61171
77704
25062
2867
99006
37716
72030
62403
69357
54099
17811
38218
11693
33083
15853
40445
40972
1367
80467
57874
58012
82323
53411
46659
80900
39241
1815
18936
49557
85068
93954
28333
87944
32678
10179
81789
75886
73026
14237
81230
83034
4664
86584
61475
85601
51877
78733
16633
47301
66697
34672
20322
47820
92674
12795
49641
94350
79850
94174
37493
23414
18631
25852
91383
22019
75034
48369
6141
21898
27751
7211
98925
80515
78037
21058
15378
56391
29473
43142
65685
26161
81999
11178
70228
76839
92492
61894
28684
83032
80148
4998
1120
26466
98678
23392
35260
99918
66916
28768
85016
20209
44435
5287
65031
49582
3057
77296
72943
20053
18570
4298
45354
50570
3396
85896
98535
24573
84968
17317
45825
66496
65298
24230
18050
64207
99370
60372
43762
93176
58577
77644
19722
63679
15098
51560
43440
72540
34362
15346
26281
88395
98932
95245
29933
66159
5257
51154
17873
84286
47228
35964
25566
83185
50650
47136
95432
72041
62730
63198
30167
10047
61535
78613
5897
8692
82969
14213
73946
