1249
94618
83126
48087
77554
292
14950
59957
60053
86606
32498
84370
57826
59671
59782
23550
6111
6417
57105
40469
37309
32805
40707
50934
30234
38268
49229
70560
66047
9121
7222
87320
31842
58231
55305
81766
98134
78068
38833
52906
66615
67307
98207
1843
89770
10275
99010
2427
92232
85010
17971
40001
81845
26627
4605
95417
24063
27372
35244
38333
39961
5401
84062
81005
5862
18966
65940
22020
81991
72309
63714
16000
4548
40033
16881
23360
4609
69575
10374
65604
74571
74292
87733
76665
66686
54097
88400
92905
95775
34157
70024
48031
37895
91991
48713
95034
80506
11711
19446
17752
61382
19973
88204
87615
96860
78571
98165
99128
95926
66245
45773
78057
53433
14780
5454
66737
15286
