59870
99497
91429
91712
50884
82705
74423
88801
22202
42925
24708
61054
5170
1319
82083
25029
47884
65064
1986
82145
65510
91746
16864
27235
35628
82121
57065
58195
59629
56557
19211
74417
78521
62692
35011
23294
97743
16964
9746
3014
63164
70696
52341
61714
98743
20270
79884
70352
62611
62796
87211
3146
88576
51371
63375
17695
90613
83195
13004
59090
1156
31432
59239
5828
56618
54941
61685
2328
41445
45507
9782
2274
19524
41292
71888
76146
50367
93606
76049
20637
43367
48418
35227
38024
50877
71344
36388
56230
35340
51181
76344
67915
7000
60693
30334
12318
24267
42250
78885
81886
14427
74274
80144
44283
44115
15936
36817
68442
71790
32487
2327
15180
30997
49443
64163
59231
58055
