58453
89537
98544
65735
79438
68273
34794
76051
44557
49155
29403
61761
81257
33942
49099
82737
21905
43769
10229
16658
64205
66287
50141
64
79068
51464
37162
62131
2518
29191
4687
80160
99536
43845
79038
43950
45676
50484
55010
31977
24020
92046
62899
13603
29221
99784
8020
89975
67731
21367
14492
69281
60927
73926
30697
12040
63975
98309
31487
90871
22131
49598
74155
88432
34576
10242
36354
87765
14405
9723
15739
26177
50295
84404
27397
53741
92711
45552
74583
80164
76096
99106
12539
43000
87901
96830
64264
58184
73182
31829
33621
52323
64624
97998
91122
29144
19464
28104
39755
46784
75724
59307
35808
14007
6963
26381
68836
87728
94242
76470
96648
14533
54742
27101
83784
6255
37933
19661
39860
15189
83491
84324
80504
81862
8014
87935
78050
39177
34073
50038
71056
6217
92521
45502
37997
98223
80830
64688
70956
16799
43033
42761
65626
36988
47262
5627
71784
32254
84724
2258
52893
46157
31967
54126
69740
82566
36540
18030
33764
63493
94702
1351
7982
51395
78676
65194
82551
85526
80246
53145
86083
44541
79579
36598
87560
69192
73004
43718
40339
62507
14928
366
64301
71153
31132
20707
24738
61848
45160
74679
86725
35017
8297
55966
97492
558
94537
22677
31680
37803
35836
85224
13034
64984
51168
57217
20305
66950
90840
113
5435
50285
16360
66396
76308
69863
46921
79998
80505
3871
58045
27902
31544
47033
56785
63022
78073
27359
16288
45095
