14657
35608
49522
95684
98820
4971
47268
10669
19359
64648
3331
91015
35508
60178
82653
98768
43911
94049
35320
2519
46803
4172
18814
99928
29959
2892
8448
94950
71187
94436
26702
66683
13361
60519
18321
13565
87242
31249
90214
82819
90058
59129
43419
22170
3277
78527
60636
77817
21659
20681
85836
96383
47570
83551
93498
60056
36812
86873
19191
36017
21328
48650
28877
26930
96653
92442
21346
49161
24790
31168
23361
15884
62912
35403
96985
79053
6893
60206
49175
61088
72684
61492
64129
84452
38740
86856
34129
95700
81998
97301
87961
10798
76482
99200
4566
49404
13570
72825
23270
85533
13739
6350
21621
85708
43623
45335
32281
32553
99729
93915
73626
99508
73936
313
64756
20319
93293
29440
83837
96579
45174
25509
20217
83353
61567
32818
51829
61693
37164
765
65119
25985
22794
92181
35349
89003
30484
26516
44095
85191
57814
58602
96161
16097
33842
76770
32857
7823
88097
92986
58580
22360
335
41368
50223
77002
32438
76068
31582
79153
74551
42563
40197
65039
68059
35248
6221
64505
3769
44630
70405
67326
7489
77927
78695
75516
61080
41033
24895
320
92988
1208
8692
82528
8635
33365
47689
84465
52180
59105
51356
10365
3540
8436
79325
73586
12201
56918
96527
68821
34297
16506
18288
63265
65513
49746
56567
93841
37621
73394
85492
10549
93934
90151
21732
46662
25194
29967
52380
32818
58845
72166
61776
34745
37670
999
93591
26511
56648
47714
1745
31352
21430
75631
80825
81856
14465
16751
27632
94152
67285
30883
46758
36257
62581
61318
37665
14325
52047
24249
44031
10388
94448
26341
98354
71725
37409
11396
33970
24832
51880
22580
96555
52800
91657
22949
4851
29395
35907
74700
46998
79789
65899
26813
38114
58265
22874
41622
22778
23228
78722
38786
56296
40233
77346
11065
75479
41404
55198
82257
46042
1938
72652
14774
99863
45745
12718
58548
86899
61102
11993
71363
61429
4723
82220
33269
45586
49465
35775
62795
61085
16856
2447
31365
33059
10034
50978
64883
53673
60734
32872
67641
13816
666
96336
62726
97927
5013
61662
19433
99854
86286
56594
51229
82191
35192
62366
46716
28594
76316
1401
55142
40889
96733
35938
92674
25584
82388
53444
14163
35838
16802
94320
83581
96182
79574
64416
1383
45744
96973
78211
57868
65307
77761
81689
98254
93143
1989
44225
62707
79842
67307
96795
85583
54129
15657
41075
24086
10084
85702
40830
14871
36419
75857
81556
62064
84933
22427
27010
50350
10118
53748
11338
55884
13373
61268
2047
16761
718
70720
59030
91338
73705
15726
96610
65510
89049
88945
45642
84794
90531
3727
46620
22846
71016
24039
19599
87640
12032
21462
414
63055
38887
56953
77984
29328
5027
90465
361
70326
31160
224
79251
22135
9416
56931
6588
35130
10068
7102
63879
81098
75944
53952
47607
5450
1830
72411
77057
50197
41639
14128
41006
71370
69653
22412
68176
93161
4220
38989
73434
71987
39713
43692
7525
72901
4961
76639
23813
12124
74472
12021
42833
68786
51621
62412
24248
31617
78305
28843
61368
76237
80560
19942
64071
1940
8430
79236
76274
2416
17975
96158
65474
94816
19302
342
56227
72495
89590
90047
61490
32808
96532
57362
60757
6197
64827
18851
16474
79604
56768
77869
98763
47446
98734
70801
18589
17664
78932
60989
17084
26249
58666
76895
24570
41619
68972
74629
41009
27398
74986
52036
36199
80367
76830
40806
1713
90816
93096
11764
13216
20005
13615
19174
53438
4795
87327
61350
79781
34373
94825
63993
5200
9619
66809
23889
98004
98834
44262
88835
92277
55414
16376
36662
70746
88455
11925
31006
98087
95606
93314
70686
81321
24274
62362
89320
56765
18002
53066
46776
38008
80926
77879
68692
74826
54851
57655
80510
90896
39864
79042
8225
39222
85875
56814
42745
92028
60069
43045
39126
75038
25643
70803
42168
1558
91086
36241
84943
84592
89983
92628
40853
90908
45680
20331
90310
82798
38853
79809
7947
72692
93162
16414
61710
30964
3024
37792
60209
98336
76243
80834
34700
81701
10890
35383
71915
30713
88718
35245
55416
47491
65140
79705
52053
28078
3250
23956
22285
36173
42293
93831
64063
65096
30743
93496
41121
7440
50915
6926
12239
93371
33609
51468
5134
94130
85866
97320
94701
84485
91436
19683
4179
38690
37919
85560
55234
97674
49013
44163
29528
73892
70832
37983
57207
48335
47669
48412
43171
51099
94398
90898
68313
92594
82453
40722
88230
29663
40516
29498
66645
64784
92479
49666
18483
33509
64520
55823
84867
17607
24148
42755
68002
74082
53155
41477
93095
1051
64294
47441
13314
67381
42103
10124
57302
40429
72145
96732
17692
38627
82899
31334
13182
54613
60725
79490
50607
34031
37787
64186
34903
3421
10633
6909
27650
11085
8398
48451
96637
25026
11892
75392
75354
33646
82093
86031
77494
99951
23175
3366
84412
70067
82389
73250
70538
95108
30962
61813
59801
42581
46739
23969
41757
97753
80102
36018
42594
49974
84100
25203
78513
26445
46273
92485
41055
85237
36856
22109
78855
71286
57592
27447
86888
76948
27839
78132
23823
91630
72566
73451
58799
5034
11933
58911
93851
2262
20687
79094
87512
65029
12655
94622
55825
15754
70952
47234
43096
93736
62198
28845
84744
40148
46974
70293
79979
67344
16585
44485
30848
49690
23630
37034
9672
51337
93170
55912
78093
64668
37112
27755
66850
16868
93071
92043
7406
84381
36365
78618
81756
25550
11991
34752
67118
9707
54497
7962
20200
88865
10288
17996
48125
9188
28484
24765
15097
32545
72385
29408
43867
57345
64939
93500
97102
44625
93544
47861
83184
20844
24931
99244
40608
78537
22823
74862
57434
64962
81127
53287
67266
735
56703
81348
65416
8173
63350
84237
22829
84667
58909
58753
34206
84182
8440
46111
64454
45779
93685
19021
78934
94236
76456
62099
58562
18840
41298
82446
18401
57830
22961
5873
3790
9728
95070
80046
90282
16273
2838
2155
32234
50436
55022
33886
14801
51509
94194
62456
69687
85019
67307
86231
35875
38064
29709
11857
72978
9261
54106
26541
66402
85317
67637
44530
96631
22416
33107
9571
59339
75675
30095
88773
50077
12701
58087
45980
68299
66511
10903
43098
24271
22646
811
37557
97910
25718
38384
10102
81920
