830
59532
23050
1991
67218
94422
97159
89666
60384
43879
61803
84425
78057
64878
62489
27117
50824
80820
96013
29083
84216
77797
83432
91555
17306
51225
5699
90083
80431
67247
87832
44395
24959
74492
41255
56121
93436
32585
35064
2235
62193
48235
58679
80891
96482
21023
22254
12499
77890
59435
87491
16641
86941
77067
20391
1840
34146
84372
87545
21805
68751
63968
76591
16344
90219
57686
93694
55201
36446
26840
88752
12028
48404
95165
87374
39906
74792
93980
67837
2895
58516
42179
78433
79329
38720
48598
57773
58113
77431
44022
50030
37781
75533
40608
84137
51265
86031
67469
13195
68320
18413
62857
5243
22938
15432
59771
46976
3150
41381
76290
59166
67732
30992
66512
37144
62995
17795
84810
62807
63918
29097
23341
83376
48445
87686
87480
30203
6903
22640
2812
73990
10305
92229
40145
90757
8051
15826
91717
42966
16856
99963
28655
1686
51024
37550
79654
2892
17526
52475
22237
36856
30144
15546
75709
7816
66294
70388
72951
50358
43821
79552
94863
5411
42475
50527
88752
2151
60869
96809
16769
40929
70195
28376
8449
98764
69551
906
26911
84159
12173
85362
29098
34704
63089
11811
1809
12229
37046
10981
66324
73267
54605
16971
32857
18730
86004
29000
87540
33506
19962
98043
48206
76544
26988
86213
38296
29360
50786
41352
77417
11703
95483
24957
50881
31209
21544
83583
33659
885
82744
31001
14766
70620
70174
73112
47864
28568
34786
31315
3085
64372
66650
43962
47127
33150
36003
86375
52712
1498
91322
91418
