79090
16505
1598
58932
37163
78341
30432
63375
14976
94386
85906
77951
75753
34736
88134
21635
18257
44306
26318
16435
24968
31093
72936
91938
44979
45175
42695
50893
41517
65527
83119
42410
62261
88311
99817
63780
19847
57265
25885
48789
80061
46169
36334
47772
89277
29999
74305
11679
91012
86300
90029
63068
44332
63353
44372
32886
4839
34792
35651
72803
65604
69153
23833
57728
99045
85205
90550
24114
82747
86802
39735
9883
8017
43683
61175
42569
36558
10899
83029
19132
49557
77591
35903
98572
39472
80138
38469
40065
56421
41169
2113
21693
84574
83472
59845
89577
63006
2869
24653
39663
92913
42344
60701
70937
1835
49441
37735
95583
5561
75664
46798
8002
95630
97289
83005
12356
59865
15407
49431
68129
13865
31504
76925
41442
99687
82342
84236
14732
95672
9641
39326
33222
49007
36081
92677
64393
12508
22433
30843
62186
25928
65048
34277
87410
54298
59467
27465
87414
22781
67728
76278
59528
49216
48192
35486
97348
64486
84910
32065
98370
43650
4703
42756
86941
69221
66914
83068
83256
38491
2853
64283
74759
37250
40430
93864
27245
98024
38608
65258
64973
66699
72090
76182
45745
7221
66406
49719
5247
96289
74431
17289
70148
44423
4978
73728
11404
65717
79345
9630
55442
87123
24158
21906
60049
8828
75730
56479
22139
85250
52867
17677
87990
98388
46452
88575
37111
14677
80361
75937
34563
91266
48504
77531
21309
42252
3393
31929
19175
74757
576
80664
78445
84459
57302
39653
23594
40682
19599
88119
62147
64509
69805
68411
39189
36083
24502
2267
8232
60791
88646
25403
46974
72079
96903
96480
80548
21967
97337
85273
40559
52474
6590
66512
23983
82205
67448
64613
14695
84047
23575
12319
46468
62341
28940
88851
61975
73902
26901
11938
36299
65807
78812
44922
88091
99739
51603
62750
13339
86119
60998
63922
98772
99041
33073
43649
88187
5946
30785
96389
55105
25912
86185
58734
11930
7986
16922
5112
21874
22508
85774
59825
43603
16695
89560
82789
84444
5015
92746
34913
61950
61149
94956
69534
24586
14301
55971
73022
45446
90380
63372
61736
69119
54019
72833
66790
99185
53018
40740
667
15472
38386
30740
33912
43940
84125
47461
49949
75955
42706
36520
67931
88121
92814
69025
58138
97224
81057
83864
59423
97891
95343
67966
64835
54575
18489
35979
75627
20744
45178
85773
34879
93213
75854
33992
93773
95830
59712
47232
13477
15281
24976
59152
33685
32899
16032
42544
18588
9016
29674
17107
8688
18451
8764
92594
79060
19090
33321
4830
85920
10690
72804
76930
17485
60296
70334
66513
41042
68813
9246
92576
80892
5590
57317
97973
72985
25506
71720
56832
50946
23815
46535
93512
6381
44003
33221
27578
98773
20862
26195
49090
34078
27388
98479
80301
69369
43940
77325
54277
4483
54855
21252
82884
90865
22566
52165
14365
33182
76337
55267
44156
6607
41391
33640
79012
14975
75356
64927
99171
13820
64476
10766
37356
26585
3023
14010
69486
16001
21950
14304
5315
31929
12562
25324
14079
21300
90130
63946
4599
98969
18131
25184
60345
81284
96430
51075
94724
71747
17959
31115
38278
20577
32585
37849
3380
6565
35951
17260
86570
34954
61090
15915
76234
27928
67780
44960
17398
8588
44394
15341
40856
53436
66839
29053
75538
26639
13271
42769
97606
11324
22051
6261
38814
28597
16902
69527
99905
46338
80902
80176
70758
85895
81479
64273
94290
81087
86187
88742
40965
74354
27393
87980
33290
96274
20983
50174
49636
2010
83872
87022
37371
82273
16255
88768
77566
15093
74778
52508
79845
9647
42535
61497
43072
92968
