93687
43849
43104
25437
6402
6327
40892
53773
35953
46503
51207
3118
15577
94147
73442
726
10020
119
10465
87403
39785
51165
12632
2141
85672
44497
38270
82537
55925
95617
86491
4754
11926
39616
2804
37019
54322
67924
58321
78058
81438
83296
12418
8637
63017
91755
70788
94071
1059
127
43599
50408
90802
56830
9554
73070
52228
76424
13569
56450
33063
83639
71800
4012
37108
63665
90750
89327
61274
7855
28735
31312
45313
52419
88162
88690
59380
76438
52647
7032
86645
98544
78985
59759
32522
83605
97708
20563
90988
79484
42645
22858
64610
69076
23970
49032
48971
39687
5450
96466
50642
7364
62072
16590
30022
73105
38059
40247
16554
24099
25469
45091
25978
4096
50623
98353
63507
22731
25808
51332
19233
44734
25733
88602
91576
64115
45769
17660
15781
35191
39982
61796
72935
82804
40380
53765
97993
11526
16146
64460
47993
3503
75652
41385
40908
27220
74196
67537
65761
17457
96279
103
31442
41640
25519
94259
54915
34919
65127
63271
66599
91819
54908
18942
59260
50243
13752
27232
86311
83595
34566
28523
73606
63348
62859
40515
24288
1937
58321
69086
86518
57354
15907
44277
48205
59805
20275
48670
69125
53347
84672
31735
57333
68412
61254
67416
27027
28720
85631
50529
16825
80815
19400
58291
65959
35114
38050
87664
16375
16056
44902
55201
31994
8145
442
31833
10397
51178
28394
1653
90997
40659
31854
58864
5425
77564
69455
85859
88952
69870
70951
38248
11406
7701
40116
5502
75806
23519
74507
2157
65596
30257
22707
30074
35151
65042
21868
23310
70616
13485
