28587
48679
17384
65745
45212
62240
40048
65550
60350
76953
14349
70534
33934
18455
75055
4503
80579
39843
18544
67245
49114
26956
45431
32287
41732
65026
63719
88832
55745
76481
77416
95444
73112
52659
21771
94169
46252
29573
20664
90887
84375
52035
19487
7725
32784
85181
83834
47264
38725
31935
11600
70266
21629
9394
93136
82970
30696
92529
74501
96439
87385
35763
47401
43848
24982
62843
77842
47813
71632
75674
8848
3136
8307
15188
54868
37477
56279
52463
24950
32293
31182
63022
79189
84650
65609
48604
69153
11836
23451
31644
20415
11649
81580
68054
55077
46275
19143
37684
30326
74397
46981
85219
33474
78138
18582
11704
15123
71654
44679
97178
14033
49243
10941
83441
48792
16700
66632
53771
10094
45651
31221
23083
52626
52994
38029
31703
14695
74794
19601
35708
30281
24911
75392
72705
8104
9688
32959
35783
