46756
4578
50229
73216
5389
85657
92846
6460
71204
90259
31479
63333
8642
56389
3333
20082
19467
80588
92703
9392
45913
36570
10423
81092
70097
84291
38987
37607
44607
80792
26847
12219
65329
53527
5508
76587
61926
55361
31637
15863
11491
25639
6805
70829
92402
54821
51818
77572
5467
81079
53845
50512
32769
29947
99795
97619
32352
33342
58410
60650
21255
30867
75351
89920
27853
16851
15745
16286
10617
46279
95694
69329
79303
93743
83501
59332
62753
50273
12939
62514
33893
27362
67440
36617
6246
87926
21722
77091
22246
80575
71703
71640
13945
65876
35727
55379
33632
38188
2937
66551
89645
5158
93599
71879
26370
85409
23431
96746
47462
77628
46188
65368
6845
45989
15384
61393
6207
21946
45179
97805
47921
85274
58701
57067
99731
17515
78442
29596
16867
73027
23764
2176
81393
19470
24139
491
53011
33897
86248
18295
84381
52246
68789
4952
26668
96719
2940
20642
26219
46904
99851
45916
84684
38977
64810
21781
70883
90587
44385
65454
55446
51426
91243
77477
12991
37559
31987
93866
46200
56238
63578
24146
20667
42055
4739
50752
65781
46478
31736
72290
37124
23023
47817
45218
59726
87893
61003
52258
78939
91873
62978
40734
2415
3233
44732
82851
27290
52211
90718
47692
30799
34808
95977
35326
12071
73302
40792
65767
15884
54962
19317
53097
82250
21934
41464
61254
70309
43394
446
2716
61300
44142
68505
27800
26241
28452
77483
14340
12453
94230
75478
22093
12011
77245
18570
5333
34650
41593
36945
17722
44938
43872
30882
20302
12225
65471
32141
77850
88486
31834
25733
86322
61463
80725
95122
69289
11074
26389
18803
14821
3423
30297
82451
