8167
63820
91878
38826
39208
51397
10987
58413
25803
60189
69616
91835
23892
41184
58578
96629
90938
35508
62725
85049
72739
88666
56507
84641
10838
49382
47224
67884
91504
48047
99019
58215
91366
35628
86445
31692
30135
63827
10454
94164
66567
51276
73957
52837
8191
75288
25318
10837
40569
22520
80731
5587
98863
29077
81274
21806
79947
28773
70004
15358
13749
78803
91017
71179
69956
5027
88474
37149
44331
50568
64242
76034
53985
6232
43925
20716
72203
70545
9518
68734
80458
20213
13547
89190
64511
97169
63979
62078
14538
38595
49272
90327
75501
12667
92178
85289
7538
1039
70949
98463
12753
36926
438
76700
52989
62805
29944
63021
67321
20746
65698
51544
80914
82128
84997
1186
35346
43343
39028
25066
79227
21125
49921
309
99402
864
35488
25648
57743
55996
94404
97807
87653
36854
89120
94463
92611
63827
433
86334
65073
41512
72063
19390
76972
24789
22129
23523
42859
13738
95799
42915
51930
53920
8714
65819
92890
50657
62710
40255
46954
40957
43545
44264
27304
92583
84498
2829
60572
8416
45673
7214
48348
67955
76767
88374
47037
27443
25633
9601
58346
98740
74318
29452
82582
6629
13407
24554
71276
98619
26664
27097
8546
33499
3969
15943
48407
60533
43594
57799
4151
79053
2542
38349
8175
97481
7374
42080
12025
3553
17867
91075
45325
52137
48361
78664
68637
50462
84540
19776
63808
91806
33118
95875
11153
55885
29565
86645
98342
72156
89582
53484
84933
26662
2106
8388
85707
34099
90157
11724
47073
28552
64376
29736
56919
6067
66000
19426
94480
74660
62097
31717
57382
90606
58357
80056
49717
64634
67783
85051
6564
21291
33830
62240
37392
34777
83465
56963
46427
77683
71697
79659
89785
63205
58323
1866
72004
36927
9579
99684
24444
20292
48802
85456
10726
66850
15968
79379
72990
8506
69424
77957
73191
80200
74395
15777
70365
86177
31790
82163
65222
57649
73801
25767
63539
67952
40051
18299
51350
7943
7968
28266
62643
8577
59019
98141
97636
20545
88778
39870
72054
