79467
64247
73814
47649
12446
81079
54752
82589
31865
41632
94241
53091
80121
45876
20932
98089
30796
79285
1136
93370
18710
56135
34844
7735
10150
86612
40567
97610
82798
38287
69627
77685
12285
74090
85667
60384
49046
89898
59497
33008
44530
97450
81271
69425
84378
86793
78806
50962
98022
4479
81580
72405
76934
87275
82754
2989
49738
26497
27876
6088
29254
66942
62145
45342
33760
90977
5015
89120
93458
90005
68543
63894
25741
28816
96281
37945
29802
68934
44773
77128
44477
341
43919
29322
217
62713
85010
19487
18870
42595
67159
1618
7808
36606
23468
14957
88349
24313
16353
42048
77623
61382
21894
67576
13158
49601
19649
30746
43875
89327
65583
19408
89467
18209
33677
89453
86223
3713
12050
24875
70541
45746
33066
30489
9613
59715
257
21454
68022
17214
17014
47861
74289
28148
79484
43367
50643
31420
56618
45110
37068
86487
31014
36579
75150
9531
97557
77078
4138
59186
11461
18031
50020
67479
86956
17675
65536
29625
90344
67211
81186
42669
14059
80951
1103
50815
19392
23899
64830
58324
27309
75046
58709
89431
19416
16966
52932
2221
42210
10392
55403
34711
81526
60007
1589
18811
50373
98456
87798
65140
79186
31097
31446
94750
1487
5290
17114
33562
56478
93925
38907
93440
490
48991
62936
31792
9722
1848
72913
1967
72149
72106
44976
97927
96455
59322
87213
36607
38926
15243
84420
4187
84926
8335
95445
87086
224
79515
68114
48877
59305
14121
35950
175
52731
24096
73718
38313
10224
34235
73990
8834
76278
61905
10394
1087
73397
52032
84288
77064
71167
68617
3350
12634
41450
34211
72229
8556
5984
78439
77202
84531
70955
6996
78801
71536
60470
92749
78986
77543
25838
45577
88402
27556
31945
78965
26941
88083
67278
844
93795
51588
7177
20560
43200
49210
43230
42748
47688
69972
83659
4728
68907
85274
56817
95923
25527
20429
41366
26120
93230
70289
17119
21597
72442
95952
10780
78987
84797
35060
40589
65344
96235
63320
79916
98763
59991
40653
30571
88888
90272
48610
68805
69341
70460
77910
92375
97076
95974
84609
68283
97452
12746
14406
28981
77623
68635
4808
11465
98374
11722
7230
22288
79923
25374
52020
72435
80677
90701
68196
27002
6419
90736
45191
97820
6556
88252
96664
76248
52070
17954
52464
36122
89334
82221
40219
51143
26990
17092
60102
96843
92479
34317
46574
40351
59881
92718
62110
53707
34665
6643
48294
49807
73766
52241
90272
52094
16272
89270
15631
12605
51107
36632
58658
39437
88
94226
4972
77084
17027
73397
38189
33400
37929
56678
63204
30238
4821
33425
62659
80904
8432
14247
50030
29508
26935
90224
45081
63019
24272
36604
85306
84090
54554
62811
30197
9470
69256
45476
900
31137
3627
67605
234
43307
43558
59303
72727
79975
1384
68724
5070
10995
519
23191
63827
9384
12946
75319
53803
44674
21115
77195
74481
65501
38319
15834
18301
87769
79582
90657
19060
35151
69465
67027
91441
99672
33529
641
88134
20000
40014
98356
14305
21360
84396
3472
58096
86918
87635
31591
36614
62233
19403
97393
28747
39303
54110
92782
36471
50960
53028
20043
57703
84527
4637
34703
32662
45507
10559
63978
51134
85252
75674
18791
21896
4869
30181
35642
25123
26463
50086
71036
59618
70573
81524
20659
8513
88617
32699
64445
92384
53036
54707
36346
56382
76404
87622
10109
9285
60539
41725
57510
37046
9595
57828
80004
81803
10617
33289
82426
91177
57678
59958
76939
79383
50982
22027
3139
64116
58541
74179
88109
6340
62838
81293
45043
22133
84187
79103
35031
47105
68496
82688
92037
21249
24330
4054
36909
7066
69557
11925
16743
96776
56026
95178
8947
71996
94872
67189
7477
65901
62168
20609
78627
37251
57788
5214
33168
46420
56511
51045
95820
84982
47728
44616
38302
16910
98255
20287
67118
12404
82420
89559
71037
80455
63626
29571
84908
94733
23656
79583
5978
83205
85934
52288
78555
35422
17732
18530
30935
10291
55420
9211
11597
9954
4586
90345
81084
31913
53103
71420
10877
6261
37397
7103
76780
7986
15755
92831
61122
37774
50178
13008
29250
97969
6463
20076
4281
60036
95813
80213
90821
82851
26580
21733
57314
48125
8810
75211
29028
62297
99890
96657
57154
54702
47328
19270
70348
9288
8998
23709
65665
98665
4328
53109
80268
12127
13962
51702
27288
17350
95102
30465
11381
82981
7966
89199
12849
51250
31694
70814
31480
69118
28222
24281
91649
88350
52203
51262
41613
77368
77434
82957
11064
47578
22342
97786
40400
84119
34336
63299
29945
76105
59041
66164
91125
78536
14984
26611
43143
80990
61461
43766
47377
49836
73424
92944
49734
60737
68459
56810
75658
36952
35685
48249
5089
34995
54489
74563
45448
20585
72927
47158
66899
29001
11498
49599
81219
1283
68381
41987
58787
98431
72174
85133
80748
86518
60920
57679
73624
55070
41835
99979
86903
27775
8718
24222
93634
55374
39319
15763
29882
11404
71496
93695
73042
76835
29172
81728
54947
65869
33365
59495
96065
7246
86965
77458
88405
65642
7974
30022
64349
86737
44573
24652
17390
75829
16278
80021
75210
9679
74578
92412
21798
49989
43801
43628
29918
13772
61513
15162
22554
53136
29491
36476
28290
64760
80673
33791
4320
18461
77853
27043
5362
17595
9654
52365
70739
79241
67863
36537
64820
95191
27346
86590
63629
82581
90347
9577
61001
12079
16548
16388
36660
26844
53539
94995
24820
46820
87842
5945
14827
3989
51414
84160
27062
22848
92665
70717
99483
59769
