86540
32518
11319
41002
927
90099
47831
79394
28192
5856
23329
87324
542
23241
9942
4351
35495
45596
5882
63164
66325
88487
56142
42642
69770
91179
95934
16664
75754
61227
17237
94533
57225
54851
59373
53054
46263
13567
21448
69769
65516
96681
62375
7834
70733
71963
39938
27704
9865
94838
88093
31920
61296
62956
74414
31551
64964
20791
26258
1718
77201
80893
32190
1642
98221
41322
88242
26409
42664
40572
80582
93813
63672
94866
62829
29995
22291
37848
89162
89253
25520
4105
95223
64218
76319
50839
26733
97469
6153
13469
70270
87609
99259
97123
95313
65062
62260
70024
61773
91946
83816
46614
27747
29043
12648
70117
26382
95170
72923
79469
96570
98572
46508
45762
3213
12398
67445
7372
99931
88962
39970
65854
66563
96837
83949
86657
92012
93109
23322
63784
89714
68793
63477
26786
86636
51033
94216
37327
32430
46543
20649
37750
52462
4613
31350
90755
60654
83523
19202
20172
18636
17440
12346
93305
28201
56965
76022
61520
42101
73403
42538
13575
48130
93024
95505
91176
45986
68810
53708
47815
3280
40795
27892
76002
25569
29929
12703
2163
66804
37472
84054
55986
21234
79552
88734
98172
27946
81610
78728
35214
20229
77849
59756
82924
49717
73417
79489
25341
3742
92688
49829
55708
59378
41204
95834
22993
35479
86995
68520
74306
19339
27043
97229
70912
82364
39687
5917
49270
60280
88780
68277
88456
38586
1326
92056
41413
11628
33257
34100
9045
17637
27199
18240
57933
53421
13212
49722
51663
81141
91795
41897
46249
81879
3075
80932
78741
61937
38414
8425
95429
17022
78387
8902
11469
62923
22245
64369
22711
90821
78849
71311
80734
49501
44236
54980
21297
25498
38044
91412
12041
79564
82121
70609
84339
34638
50610
72917
83289
89230
38084
57443
9350
48087
66998
95281
30052
78524
16879
76351
83426
99527
90765
39361
30529
86692
83151
79015
53398
33818
58135
50262
28019
807
66902
87913
96433
90860
40760
40280
74177
46814
73511
62476
5599
5267
27778
62677
85197
63406
26977
96486
86084
69581
8422
44706
46925
51414
89130
53559
32228
35497
77913
38564
33099
78585
37685
60518
94569
70073
73968
36369
35093
97897
236
68940
42968
42293
97775
45953
14616
44545
54906
74657
13223
30845
4385
3988
40066
67520
74907
26021
33445
1790
89494
73816
87631
73239
90868
68951
24019
84870
69055
74646
38780
58779
66240
59470
84559
42423
88048
74576
59997
44895
34986
98417
34837
88554
73792
75402
41168
98459
40931
14643
10397
44438
48051
74352
1500
21513
64204
44040
67133
67499
11930
13867
67572
42513
97451
97090
33601
13852
10437
7944
11268
84600
25845
75475
73687
11330
31644
29910
80142
6393
56529
55012
65665
88970
68473
84798
50348
73352
89220
77537
17563
72894
91012
86444
10321
66206
83496
66270
73222
98510
95953
33846
34000
29240
22863
58915
59961
41421
45526
34352
32194
78964
12642
68544
76354
47055
28049
13153
56665
34723
68668
65289
84936
69037
74002
6724
9249
42476
78983
20686
56423
75154
78654
86686
81041
18644
46320
71413
97267
11652
41616
20733
54624
43167
83177
17393
18985
81413
65570
1359
54611
25009
19946
21279
30018
7774
