26294
18403
2445
6737
36255
22328
62473
59493
76699
30144
17153
93572
9149
73031
776
47167
13321
82635
7031
80783
76740
30597
30809
89863
83174
61289
50891
97980
94505
99592
79997
71566
74565
81207
3585
58083
73747
27128
31628
53647
14602
18565
19656
51022
3448
56356
54945
33037
32344
95169
58760
48687
53177
25291
50916
17217
71278
38807
12667
87110
14569
53094
25080
4160
22387
51365
72023
56018
63049
35393
40703
79885
77580
50911
39871
96473
66969
19278
1776
62828
15855
72971
85714
45967
38683
31958
8597
90339
79402
66663
77637
97177
92378
44722
24333
60930
22014
90946
80066
31440
93153
70001
65924
42158
22222
81593
93648
92360
43005
71603
93474
63185
21344
18784
325
75793
10468
39683
38517
45839
87246
93844
76828
11941
90353
18385
91409
66194
91740
19460
60541
74031
6036
49134
79747
61154
77837
67864
60510
65065
14290
72701
52637
35616
80240
52973
94471
25340
78945
88898
63245
31034
79834
25230
25556
4364
48959
25613
65487
99649
39448
78398
93346
9907
11308
46445
76747
46272
72473
12083
77989
14333
89562
22109
82907
68398
34467
70622
483
32117
82839
26394
95575
82142
11589
75307
49558
3016
89024
84703
47885
87616
14969
83320
19998
7260
25864
81595
16422
6782
81176
81082
5962
103
35291
18770
56657
12526
16565
97153
96967
61052
76642
80316
22879
15972
