7359
78523
84936
65407
53621
81418
41454
91757
3813
96691
31080
49551
74619
80072
23784
33821
8316
70560
69346
65455
70429
54214
46510
71424
89316
91131
89498
44591
23308
38848
1603
42908
37630
23446
46348
55832
47046
83117
4315
28383
30524
12026
25804
79801
77005
87651
9392
49328
26506
81028
90145
16441
16182
64554
26283
21627
87303
48804
33583
15508
37338
30820
84782
84403
14078
15885
79134
60623
64575
77317
20270
75016
53847
76101
82415
5986
10533
26823
97519
41010
38714
52319
6209
52560
55237
48021
57912
4320
17557
72084
79070
85409
29702
97975
14006
93979
52576
17362
3696
20286
35595
30810
6421
30286
97713
433
86731
34037
50702
25623
30689
78203
9951
40571
63852
31789
57295
30207
72859
4734
64425
64516
93094
83188
89832
51611
6793
66332
2071
16674
44926
42594
55201
38187
94000
10934
61684
89115
13581
54799
87307
18240
63148
97051
73040
48305
34473
73647
37620
69459
61445
67755
30510
68060
50950
97335
59902
47665
82263
46324
48234
45886
82377
59582
57383
14204
23710
83465
55055
77516
61105
52795
91007
7532
93729
51105
89406
93877
39120
75870
10329
95766
86348
7893
59235
33909
90115
19831
96299
37802
16001
29005
82469
7952
59159
48951
95137
20096
49957
7907
96124
93375
883
50295
88487
50662
53037
70484
90222
5588
23338
39817
88040
41824
16033
67421
11448
532
49119
17771
70464
49765
80269
36218
427
80445
98262
28184
73373
38498
24867
25245
86172
46942
28384
45682
48108
31071
1644
34036
24009
15996
38738
51927
7287
80268
18187
63673
16901
60086
39023
35198
57112
56333
62187
40677
34855
96949
67718
878
66158
78341
40085
88930
3019
47592
47739
20313
95879
78593
64391
78386
91372
40517
55880
54221
59204
10341
1468
86111
11500
81708
28146
47679
26411
72857
60745
3670
82562
66567
51822
42139
18527
76108
9162
86776
89850
57440
69481
28824
35683
2180
47362
90950
48083
48
7884
6565
39429
72655
77575
59074
22849
21377
82862
15407
47102
22482
45723
37225
25393
79190
99209
52202
25624
50127
65453
31330
44039
44562
38824
97306
58619
73413
8010
30184
87019
78627
46480
67148
15010
73405
85548
53183
26056
13090
11301
37591
70267
34087
91249
65687
62249
89587
31759
60120
13292
91404
79916
6006
50829
55621
94730
78073
24580
7219
29645
29881
2609
62483
19991
87889
6288
84736
17690
14663
40497
18958
18209
27885
51488
38283
2615
64296
95080
57525
85857
53727
57747
18076
91601
85904
38093
6410
39072
66471
51203
46706
64894
39861
31559
7926
8413
93120
17813
83051
86454
91492
55540
37734
82985
82341
53337
3544
65859
58922
74274
82356
16861
78180
30464
96841
46307
66598
79658
71494
59394
8683
36509
94971
29308
66313
92840
8743
42995
4445
9391
44713
71828
76130
70026
96881
17846
27047
67647
8466
92372
35979
85692
78342
53623
9839
73548
74726
75230
54019
68950
10891
43383
16686
34913
75017
76640
53600
31793
32766
88561
1660
5551
98727
53637
58440
79312
48861
75616
32377
54232
50195
5907
91513
467
50056
74108
86145
90686
4179
44411
92044
33048
28480
50523
8177
33777
79638
39564
31338
78003
50575
84005
19881
28867
54013
61299
21769
67738
29987
74841
13303
82649
37306
77662
25452
55834
81407
60314
62803
94195
85252
86649
61080
31679
24084
76403
60214
91086
30569
59507
97415
6229
96211
61131
