12230
57970
77261
77153
74394
7812
4355
6638
63552
84945
30457
80344
93179
5814
26577
77889
30009
44868
67313
37
32083
99541
28198
6469
33673
22662
69046
19015
83557
95827
16635
76401
37346
50821
27378
29685
4821
29383
36544
86316
61506
93249
79507
35668
61197
1557
69671
22544
97661
26099
32266
76501
17373
81270
54855
13628
51924
55720
51473
83600
26222
7020
94217
52638
59807
37234
77904
90299
2316
37997
94398
98314
364
28635
53452
37679
52057
4436
64836
62844
88165
33001
39490
89333
75560
88410
55453
69865
78899
3936
57169
10715
85148
29449
41733
84608
58111
37786
52510
6830
91405
96369
24745
84338
29927
78016
74074
21772
16627
46550
41288
677
79581
75344
65379
93340
20480
7925
97793
56879
34710
57226
61482
98189
1881
14653
73973
23671
25966
99706
96596
34196
10794
20281
65804
29430
20401
71871
92596
9993
61660
90040
57074
8253
12562
30761
93383
40318
14374
77346
15546
80863
25450
32397
91501
174
34982
22700
11966
11543
682
78594
86210
79432
67888
65356
4383
68641
10183
49400
43990
22963
38593
10668
93341
27808
66758
71055
90999
64676
68712
9354
19220
27106
67614
46967
53221
58821
69572
52723
92489
7962
28094
57877
13816
12518
97162
51425
77686
27718
53453
63801
72580
12760
55516
26774
86345
49113
18368
9014
6566
64943
59537
99805
66774
37490
84535
38900
78614
17525
34384
85796
30714
6228
77356
73446
68892
38386
44675
23790
23655
64819
86252
84886
34189
93450
55841
95164
75219
61721
19725
10322
80318
59281
98228
65274
31113
1259
59994
94974
68591
67626
51511
19620
55037
82500
31026
34613
28417
93244
5301
99594
16014
47928
96941
26707
58244
73947
87185
66216
57477
90763
6213
28535
71470
62247
49933
95558
85757
62400
26193
23196
54460
82742
379
73172
64797
1530
21293
70048
66509
76583
84129
17131
12492
50093
92047
83746
64504
83998
14407
33558
87768
71067
77543
20469
23807
18709
39431
6895
94860
59040
54773
37872
94990
49718
83899
48047
7549
73866
27846
1866
62563
62894
22880
30027
47326
89829
98883
70947
75474
46809
97416
7406
79494
4169
78654
610
65689
93878
60095
83989
57033
32252
49266
96620
34101
23463
36551
3322
43514
21737
20032
78806
54303
51502
72394
79321
10737
50610
70621
90102
94629
70136
43535
66727
45196
88091
89715
91159
59014
20115
71118
39967
13880
76728
24132
71883
92540
71638
88630
54284
28070
68068
84898
27115
18308
7076
33699
67111
2725
11854
36572
48087
80390
69589
46320
74765
34899
37413
81469
4940
34843
92378
40934
60045
47954
35351
31601
3817
61847
22627
90541
74562
27151
24698
94366
60745
16926
68113
35300
67551
90011
69703
55574
2333
11095
79207
94910
4988
34831
90468
50153
578
16659
86502
91139
18582
2560
26372
22393
57865
11934
82122
82315
25406
93521
53612
32873
80544
53861
16040
81078
29515
52144
58065
70148
39558
41090
89461
14482
97604
74315
66699
73135
36475
19054
37015
90833
80772
85707
24726
60500
98794
67676
86511
38853
89106
48534
80694
77788
37339
41431
10559
58537
6062
88432
22101
39009
1469
99455
83432
88783
26621
15818
51824
83928
25086
4042
33947
37608
56736
38054
63977
28194
47993
96476
15255
81126
35495
42411
83159
7356
41585
5495
61649
186
39716
85471
69394
69671
25231
41427
49846
40991
22215
64167
26980
41225
48156
38525
73633
15171
70907
91373
55055
87323
91108
1822
25485
18158
71485
2711
74782
20200
2787
42322
90988
78441
8657
667
26546
51203
36711
77985
56305
89478
10887
75638
12438
39684
53610
90157
20986
8890
11890
30941
6484
73221
78668
34504
98796
10050
11016
39431
96110
70018
57103
5564
18234
59751
98716
68886
37951
33393
16250
12377
16137
4906
66030
31163
50602
35376
51353
56857
66531
59289
42507
90707
66350
8171
30568
51364
45499
74455
16610
70098
92538
27200
43375
78387
4350
22246
78429
17193
60221
97947
34375
19014
60450
56814
43043
3614
48631
17614
37558
17381
18042
35547
23361
13358
2512
26004
44721
1786
26869
74204
11643
84209
53816
67022
96525
48837
78864
29438
46907
48677
97024
30727
11284
46326
86251
77539
59668
6730
20961
86558
38229
938
69417
54787
84097
65881
22077
38103
78275
16822
30422
87047
42302
55354
6701
25536
81493
10122
30288
37753
372
65800
71574
994
8403
29763
21638
62083
3303
13880
73716
8390
14952
3966
62805
33133
51516
926
74811
15069
55517
46890
51613
30351
95075
74094
53573
74311
9743
59496
20984
76181
36551
2935
32393
19273
16851
6825
15822
22793
68590
54148
43439
67257
59510
57316
83309
23784
23374
44832
64137
9013
81024
25601
63765
65773
14509
54707
30906
24464
55144
79915
83605
10755
59826
62861
78579
32013
37302
11506
75992
50727
49436
38685
66489
40166
45458
97920
82439
3668
53317
75622
32535
95924
33745
35107
26954
8758
98830
77435
13966
29550
33667
23490
87964
66177
98411
35776
75307
50546
3084
46414
66348
83112
20263
52001
56047
47206
65506
23826
31939
84252
69784
28032
29245
5014
71617
22345
54261
43387
83245
45418
18236
83228
59464
82611
4886
21998
6225
27408
38742
22406
70841
83997
91953
99031
53855
20376
55231
38981
33986
84293
66326
99103
73998
45701
82810
36658
92175
27982
87857
58872
