9582
42173
82559
28268
97965
38616
5836
86186
76178
83355
1127
56338
36732
38109
75551
39453
75655
87131
66127
64769
38350
38762
60309
88537
92662
19666
17949
72934
62274
3607
25443
12829
9785
64306
61727
17953
41102
82717
77087
59823
22020
88093
32321
9182
25508
3163
62511
97572
34180
52019
49625
26945
54549
78252
30165
71769
83906
61860
56373
37581
9794
9586
10840
95113
9365
94222
38357
53738
55647
35202
30018
96600
3563
95983
28055
11246
11838
65151
51826
10011
53688
12141
60703
4085
69601
42465
87966
91047
72885
47248
81967
71720
67797
35387
26871
15369
408
68203
53510
22689
21843
3516
7272
28532
31539
69606
27139
8446
60587
54527
9265
23297
52127
73056
11130
62783
62697
18080
65379
92633
29465
1204
35819
94722
40800
4390
92113
89793
5643
46067
18731
4403
646
66773
11695
62292
14878
59508
23264
88700
36148
28381
81137
16507
27297
76414
42799
1911
24933
37758
90680
14567
23582
35542
43173
90337
45943
42618
64884
67862
12435
94203
8598
14264
29880
78815
8682
26449
16295
74228
17432
73832
58607
71847
91741
41793
90466
18256
18323
47170
57888
98263
50419
72229
13218
49892
16966
49219
695
83047
26770
10624
60474
63559
6583
43376
500
16986
87328
77837
64131
16984
41325
38178
42728
9103
95336
61770
28587
45958
94852
17333
18425
72349
29834
12839
86976
53522
15099
65212
84805
74903
57788
21239
56790
48317
42656
91966
14750
8831
23235
4005
22005
37414
3273
21834
53514
75105
43564
67922
33072
23998
23106
32104
52035
24406
92382
6288
92654
81319
85010
10970
66297
17321
18218
91037
14526
37950
14996
36680
62069
59003
35516
2460
52794
79086
49175
55701
35223
78349
75244
80762
29132
6043
71546
35982
32876
32819
73672
57352
80499
1553
11923
97285
14909
67832
15757
29935
8081
13727
2181
69036
58546
45901
39859
194
70242
20084
52715
53111
4108
55154
41137
75195
55954
98410
21227
59712
55813
18355
85398
43116
31873
78643
7911
55422
55194
22410
42345
65844
4415
10093
28442
19086
73663
18579
57669
12465
94707
94845
5784
10331
29690
89506
81407
61692
26606
56291
53539
6956
19791
16236
72163
497
59633
25799
99795
92505
85564
20824
76414
50537
53324
91917
5143
37646
99518
36595
29088
63530
21201
14446
89587
40321
49306
69956
8780
73997
25461
12933
65735
77068
38630
37503
96792
22637
48314
84295
1522
90305
8932
24669
3457
5597
75335
22046
23439
40171
35275
51882
60237
64314
96689
95037
25959
83187
75159
57720
73498
34928
23332
33889
50384
74910
78230
69416
42654
61063
50949
76779
89057
25846
83556
86453
73828
87907
12082
55501
79962
84350
28550
36078
54864
65877
56517
46052
72490
4667
39274
65942
49553
5619
40711
3146
84590
59176
33584
27183
52258
67281
53183
13288
35498
92342
41631
67072
45967
47365
33673
26021
25063
24820
36192
59524
93920
67950
6081
4837
97572
28777
38329
79712
74896
32047
8827
50563
83569
97668
