31105
70164
9965
76902
57825
43461
31868
89370
95826
92195
70735
6363
40594
42019
98253
79783
66988
25939
46931
46167
3974
91635
63511
95166
94886
3027
80341
52240
71108
81821
16641
84422
35051
91040
62365
36373
1406
43881
95255
3236
86326
27270
16214
2471
28922
84393
44708
93461
48795
67254
95515
59669
23026
95793
32398
93671
75606
64339
6381
48322
28926
46156
27778
55102
69772
13012
99517
31074
55487
35095
35263
53715
57672
59753
46022
62200
69883
89982
81096
33075
82026
70576
41084
75844
67260
99581
4482
31435
20729
85079
72075
23161
60592
42761
66291
17700
73715
90891
56998
43786
83516
5759
93089
95055
29643
4516
1792
21193
80781
42548
81464
17837
85032
82944
94293
27075
41689
52296
6734
74471
97263
36256
46027
45742
56848
23431
96065
3673
39963
43627
14616
57398
53108
54155
62606
87928
57267
55955
3816
40147
34110
74785
67071
29986
60355
63167
8316
67643
32057
75791
85660
38587
18524
33190
8547
49429
35984
75018
84887
54968
13120
12409
65399
18955
76466
18476
28259
44344
75451
57892
63800
61011
86758
95291
96017
3088
5538
81723
79079
38550
95374
5114
50464
16894
36454
62892
89046
52708
38836
7710
86285
44696
87485
10977
95264
49611
84962
11368
66173
35006
35001
41030
79963
2417
36150
53208
32152
72151
11380
67367
3232
32139
51702
33887
30013
21507
64257
40717
9364
75989
7925
95582
84301
645
42698
1458
20320
7072
67486
4806
79460
48280
12636
65788
64118
2536
27007
98989
53924
67140
82255
11057
28026
16859
48685
30309
98184
23284
33263
31963
83858
57709
80180
46331
67391
8709
73407
7838
38572
67818
77994
98780
42833
76856
80235
67060
38400
67917
47121
36548
38776
98762
42403
48935
34291
10308
55735
3525
50143
24547
55576
36033
86506
64603
50647
94162
29295
55175
5849
15042
17330
69747
94154
89172
63155
21480
5485
92885
58786
93232
91622
36515
99466
69242
6331
5938
3790
98470
25343
39546
38605
17495
42466
9657
13793
10836
25413
12746
26583
75474
48382
36509
84079
68170
90387
89451
56580
17495
32454
33366
67906
59724
56288
98263
42406
3839
24489
83889
69871
78805
36418
61349
63111
72040
31046
85078
64264
48449
66481
9928
64588
96435
23186
83903
19184
20274
48441
28220
89673
92088
74933
63725
94710
38404
31960
33994
30459
18670
86342
7319
19733
52156
60729
41171
39377
86258
97074
62614
17938
76158
47127
45674
22771
6008
84654
35633
69811
72213
38027
5030
47068
47415
85819
18239
39270
1563
72323
98484
68186
72961
13904
88982
63970
6666
42372
32591
41872
24738
59146
38315
39720
60698
23766
23587
16163
53390
7439
38547
37761
29149
88567
1542
30265
60529
84217
93756
2132
46366
50791
16897
85379
18758
53475
20547
20114
43481
66885
95930
37246
69741
5097
73295
32435
25089
60200
43885
56916
63163
49537
39930
82726
38109
84047
23722
85232
51848
84964
44965
5280
46413
36557
97676
84167
46139
30833
957
94880
93170
58101
69212
7474
21553
42752
9732
75249
71531
91247
41011
49910
17124
99626
51574
78771
69137
55236
20298
51067
50271
78792
10527
25630
53378
90878
30103
31769
29618
79787
38107
49282
59176
37510
19691
39447
72052
42505
65114
37782
78770
44638
2496
48959
38558
28987
70851
46766
75409
51838
21703
53551
2698
58796
58709
87153
28766
60259
39878
13679
3190
15704
37883
91530
92424
22550
99487
24799
86433
35771
92071
93556
38242
18800
73672
64581
81954
54191
67052
14379
67511
22942
83099
96028
83912
54597
87088
31725
92805
28413
23927
40882
81057
81123
94891
84906
76066
92880
85329
79552
80067
46378
46174
18317
45565
81708
27725
70947
74846
97480
97869
23666
51560
43644
5673
55662
86118
31506
3226
26794
13611
59570
61644
14661
7919
6068
86618
42576
61140
42566
84108
57799
91720
91816
96810
35019
47590
15123
62890
61818
45897
63482
9766
42341
7581
23967
8514
90998
46495
19582
13751
20829
62092
47319
67029
18369
21198
71444
15746
40196
58562
20538
71846
73240
99618
15042
15209
9850
49549
49120
29956
61646
51691
52658
1529
97988
24206
22736
24758
96743
12882
4215
55194
11488
81363
18615
58158
33414
70899
68326
17949
60447
93734
35316
49158
82704
60406
4619
33070
537
38586
5149
48264
54614
62219
90055
95665
90343
43052
63494
15720
98700
88320
39784
38197
67673
39684
48267
2460
44794
34311
44975
69401
93832
80165
90942
13133
20275
56436
94074
40508
3195
96667
