73562
13008
27341
15899
14325
55310
62354
55890
21629
5105
10425
11251
90426
36080
84867
15986
69520
81334
35693
84711
84812
93835
32324
50837
95927
85812
90245
91363
78763
32874
3420
78278
77081
53007
67982
35533
83593
95376
26741
28833
81083
24363
58599
38964
51096
45709
7468
23162
75988
90746
17518
28375
80148
5503
98465
38570
27474
40156
80025
38998
21575
11315
66177
94446
98735
85652
98391
3202
21690
33545
70246
88706
36579
73895
10870
98463
9594
48275
38132
65506
28131
90878
42738
73222
3289
78695
84260
15095
3298
28822
7878
14188
59455
36354
92473
47540
81888
39659
38948
76143
86445
32411
18457
3954
60403
55472
88917
74677
61624
80178
6468
19127
59684
76555
17745
35644
60178
84218
6322
64976
24073
88769
94360
55727
77118
78097
38505
30374
86169
1517
9369
63513
34472
56580
6318
96495
28966
15516
68110
82571
18547
23590
68574
83036
42920
43290
60290
67445
18133
51234
70719
38037
67528
13547
78479
55047
51284
1271
70114
68894
58038
22906
73195
48272
90077
70872
9210
95609
38793
76234
30528
77788
32608
26837
47143
4530
48269
27601
83633
65288
66794
77599
56425
1583
8069
16977
34265
80161
15282
50490
59187
31475
86466
83952
27595
79335
40107
68029
22478
87113
63884
72698
94217
58643
88752
13197
147
82600
9700
35331
87295
22443
90227
89781
1632
37389
79239
25550
3792
35765
94983
27830
27538
26319
36260
10185
79376
33718
91350
68599
9187
7021
8688
18622
76290
64789
77633
33416
6630
30404
85171
19352
49108
37274
40762
75342
24004
31975
88508
99871
77069
51036
38051
6784
28961
37661
56500
71946
58767
61667
6378
92603
32490
38504
22299
65479
67948
74165
54277
12383
15943
53705
98463
12835
18072
34296
92527
47045
61876
23913
91102
99934
35022
92471
5414
6048
45134
46343
63040
82416
24173
64893
26910
62829
32239
34175
69895
84154
33618
1118
91800
25735
18496
52771
883
43408
35231
17977
40921
35314
6134
6326
22387
58981
58291
59996
29626
17915
87993
54295
12947
6312
96061
43992
59099
48561
40441
81000
14143
1319
76049
9393
76182
45812
38447
64612
94112
87049
79337
79015
55527
12095
82784
3096
40708
57708
63038
39114
65054
27326
53326
21533
96752
50428
15074
40928
58233
99177
16835
43765
41381
65584
28624
75212
43477
94209
22872
10662
98752
75257
96396
71426
19441
45845
92186
18273
10788
22235
99857
32635
89146
23749
37595
49156
48146
68456
4879
9277
20078
46195
84354
88995
89265
19205
74981
64615
45952
93358
8989
77488
5706
97749
6319
2981
98
63451
80800
53163
79507
32986
83198
55615
90272
43213
60346
3908
85329
81623
98120
55107
50864
41805
4060
34416
23216
80706
88056
10477
87382
80196
2796
94941
17315
8902
23825
21628
96370
35332
2348
61687
48183
95040
85970
49176
78967
57607
66290
4488
37927
29105
55576
32688
80409
94450
69446
42720
68036
53011
26957
