63939
87419
9971
90766
48490
43052
49178
6797
45442
25496
1952
18053
13659
60345
79283
62217
42794
17882
43164
30095
1806
52570
24486
31611
76369
88617
28726
95865
47121
42229
22056
92665
76535
84674
76766
59997
43632
4786
43716
8705
99922
33777
82401
72404
60017
81500
17408
76597
26630
68113
45643
7889
98005
21715
60755
78796
85263
66817
53039
95123
71178
51144
53955
91082
71558
38276
82164
92508
24685
65074
71859
96683
3465
46992
76477
14478
34318
72913
17622
74033
33870
36970
38953
58618
57963
52418
65279
11656
96101
21045
1073
36060
42299
1768
