26043
92004
60864
16162
25093
32567
47505
88211
9201
41627
11733
94884
64374
2049
41993
52241
91159
55325
26356
54329
78162
20681
81264
52005
22940
40142
50876
44099
53348
94105
74233
88429
79416
5603
78924
29903
64365
41587
35876
51881
33367
81935
28055
3265
82758
74404
66287
47260
81007
40747
22350
25541
63255
85398
39089
55682
19702
32419
46678
691
17955
66449
67843
4920
98277
88721
87418
86313
12568
26918
6106
33988
27490
15453
13797
85132
61022
71830
8825
21750
40354
12232
75290
57231
56170
21269
68434
39140
11669
23282
99962
12366
32089
9665
49030
31201
83141
3565
31339
2627
60533
47271
54252
87535
52884
96594
5373
9736
28122
40827
60803
81304
25365
5386
33050
61602
5286
54342
95273
97311
52945
19448
65598
65035
10868
62324
47012
16259
67014
66064
5983
67067
52794
89998
52313
96203
31102
15706
70037
75071
70208
49023
13849
52929
55124
47802
77565
98911
41477
85143
45506
93727
13040
68526
82953
40069
15685
24222
98980
95685
17753
73806
9904
60530
2966
58295
32486
72083
61092
43108
4276
78621
47663
44726
91094
65109
59854
