8385
33216
49616
71942
82887
37041
34977
50248
87741
19712
1221
32615
49645
59192
9883
10947
91433
59808
61179
4610
89222
96534
86085
78132
26610
19080
68060
52898
23934
54506
59818
34750
23369
52935
47427
91323
11172
72701
44998
67890
85006
56310
66923
43071
68104
84821
37882
64238
20154
26792
86477
65444
75750
91197
90804
86988
64115
47057
68782
88420
29002
33469
2476
16477
23934
52569
4214
22432
7461
93045
55029
47779
92158
46839
8505
51125
29452
92388
10324
11315
67306
75348
32581
68865
76703
99016
10227
93726
92718
64890
75931
25675
19170
87218
24108
84014
84990
76355
55011
36211
85966
74524
92622
40680
86143
50919
73834
89331
36587
95994
18750
21531
64439
96671
98504
3857
28693
26174
93140
50782
66170
85963
40298
64719
3044
63250
6512
43415
58519
93296
64881
13246
28596
4700
2112
11204
10781
96780
22802
28199
35799
58381
78048
14548
10960
11209
90822
94278
71752
5503
86508
88293
89225
60350
71516
35049
51516
9687
5055
64108
22608
73259
32629
87392
48351
10558
55331
28185
92492
59008
17547
15787
29977
20441
48974
76413
33368
98880
20519
64351
6156
68749
34820
3557
91006
85397
25939
45890
51641
8466
91168
5466
73593
37950
14020
33918
38084
65332
99444
98253
86331
24653
40913
99498
12513
7125
53864
69620
62467
52431
79218
76020
20944
97594
13168
16793
35110
76125
94915
89266
46888
24136
40638
91470
91076
67633
74296
50211
69135
15092
49830
75809
87881
62354
46966
29089
88360
11679
96773
11263
91106
75430
14294
39209
73915
45205
34925
62234
31530
15193
39194
17682
76945
70040
32104
51838
22808
26686
94173
20193
85444
4187
71468
15955
56531
92319
53685
57298
70192
73111
41205
16218
65779
11782
24721
73897
41089
65862
1743
96436
52436
66925
67396
87550
6159
22491
4810
45306
41460
98017
18671
1268
15651
36886
27282
14233
5817
76984
20703
54966
89314
48152
62887
13524
91977
839
9127
2101
19923
35163
73781
92526
23980
20013
55029
49162
34883
62300
51985
91097
19540
5168
65721
42991
27539
40164
13453
439
85595
45685
8251
85821
52986
14434
86954
95450
71910
59390
32237
1701
93305
26549
2489
43298
86344
28213
73015
16123
73122
16587
72822
76565
94322
12297
74095
73304
81075
90764
16477
27190
72290
36029
20887
38633
80066
25588
55501
79462
79085
45371
28335
11035
74385
50365
66597
65450
77794
33491
75236
50867
96465
24511
55306
98145
67262
33324
55965
74905
82505
17574
58398
65434
21590
65075
81651
63609
41285
64173
21566
54318
91840
558
85358
68315
33319
78795
59698
11783
43814
60330
40273
42858
87422
47370
17776
57401
10976
70869
59479
38732
44773
83971
61119
1635
87596
80996
58132
98527
84319
96268
14338
76812
44834
97721
37663
83462
93319
67981
19640
82960
63207
91786
91683
62559
95568
55905
59683
63702
6389
80586
64932
73860
31548
8305
92438
48210
41684
68616
91552
66805
64186
35677
12509
40000
67410
18330
66151
61113
88173
79051
66155
40249
45670
57826
52829
69448
73380
54167
61300
42984
14064
73775
91889
32177
93420
56443
8361
26289
34397
2135
90333
77471
5355
98361
91993
78601
98386
10547
58971
97698
57199
10656
667
17386
99377
76243
73871
5528
19644
49869
32372
63926
75120
2776
65234
59147
45693
40393
69836
93248
63263
28989
2348
73211
11267
72755
56558
42379
52576
21394
58813
32588
86280
59215
92302
62969
80928
6012
47040
75959
2073
55874
38783
16288
58522
49619
29187
29190
87733
77234
29482
86606
32263
25080
14105
54302
23487
