24105
24753
20317
59536
93808
82521
92695
66804
32643
12083
71942
88241
8887
69019
66939
528
87798
79742
76083
88388
89134
25305
91749
71729
7129
28936
19543
55399
62092
42388
98224
87019
71617
28082
71461
2086
73791
63804
15319
66931
67302
6874
34780
29021
38427
25007
80101
9784
41081
36494
34721
42701
49215
37596
59629
58861
43937
24621
5117
9365
96598
73231
55514
1825
83337
6026
79345
6892
30369
817
42478
6649
46229
47918
40964
70668
73097
97874
9077
62904
91209
92161
4352
53405
43516
57543
92262
97596
32791
8335
88776
3733
48931
63737
97152
73756
72588
53498
7482
48360
70611
29406
8144
79419
55566
76702
87600
49211
67802
5633
70598
2059
6398
27094
65480
81053
7881
64269
30299
28129
57071
65263
36031
64046
90613
90055
5875
47155
7997
1914
76967
40436
81544
58241
20006
41901
9894
86634
12237
61399
1743
3725
19346
39963
37588
20059
32330
58666
70956
13696
88302
45251
10846
94781
29944
52438
1921
91232
78990
43686
4300
68398
24125
56588
43612
71835
84211
93728
30817
30303
89321
72115
89915
46223
51415
1112
3679
41779
58175
10934
74560
81930
59898
80132
42687
27998
56246
97396
83558
11586
33741
65520
58712
44037
11178
77544
38362
32345
8036
59499
66079
57454
7735
7400
77387
96420
73818
21665
17924
42852
92511
75460
16473
61386
89414
30919
44713
78425
49330
69753
93077
87353
87747
21552
23537
71311
88623
39591
94403
74314
50673
36358
59018
87047
42820
50002
52214
42311
97408
83328
39937
10710
1865
49000
21059
34417
35213
14979
55453
75267
66279
22730
17489
26663
10775
99646
94162
34985
83149
30920
53690
39113
53074
95590
23819
11641
43216
11496
8584
70594
27153
58229
28556
25065
65823
49511
244
16094
82231
11362
66879
1933
94720
940
8743
45326
76401
28657
30722
29910
82176
79914
62792
12315
78593
74566
90665
53850
31553
6564
23058
21908
2359
54728
80344
2551
74933
66194
94882
31882
36076
22057
12082
61248
68160
25336
15342
47061
36593
10736
46878
53403
17482
10242
46717
43795
35853
