96151
57692
95859
49487
8321
45663
32267
5246
68824
95179
22653
20968
10909
55299
89466
7226
46699
48503
62492
71451
46625
7165
19682
89101
78527
62024
12618
66045
85217
98744
39740
93287
14149
676
74577
70082
31335
32444
69111
5421
17463
90780
92590
14586
50253
83360
82641
9245
90604
33367
93052
77485
40627
95271
70264
97812
74139
8335
81293
53610
90245
94212
71672
48773
97936
58828
117
81953
42624
67355
5273
28480
46243
83317
68788
89747
22438
4453
54006
47347
44728
29806
29931
37140
89449
17739
34914
89923
90358
3934
30969
87972
96332
98135
3404
18729
76259
38146
7790
22361
18198
50062
68251
54197
67106
6616
1508
52095
32737
92162
6987
29023
80269
39176
21711
99258
68010
14199
39944
21363
35730
99289
83
10726
67775
50583
16365
39570
28318
28503
33924
47113
5102
61625
7373
13436
23182
14756
95982
22814
20390
82957
7155
57607
73046
47909
76443
35899
40254
38258
89322
90474
38102
69628
7027
13222
16243
94337
71141
36514
83686
62753
54882
75545
38487
32956
73990
12503
41192
89681
25577
62370
21462
6547
36065
31217
55196
54390
5745
69191
48856
97028
95680
43389
14894
23694
12840
1953
30001
19246
67430
54573
84682
5886
36194
98042
43989
3981
6840
65521
83311
54152
3145
69043
72514
99174
64562
63418
26752
3755
16415
81119
18371
53104
98392
16402
73325
37481
29557
53928
33143
19342
84105
99781
62634
62880
85787
71659
37453
59271
35083
33772
87053
47530
20376
46941
14155
96831
82073
59267
77532
44339
92195
72056
9941
86774
62162
29360
40092
8117
18303
12163
22327
39126
69118
30460
30935
19208
16420
70357
51694
91671
64790
88276
11653
54309
48719
95337
81952
25081
25402
15944
64210
48480
86301
18279
14481
79546
90331
34098
75550
35905
36420
95678
14155
8101
62256
8732
63047
95547
2900
39825
14566
13244
87280
64104
59377
13698
19428
23649
55457
29813
58355
40705
17178
7753
12512
91212
45464
95077
5692
63701
81921
1381
13769
12491
28226
88621
98036
41899
85614
64338
95607
7633
84839
39059
54016
26405
84631
48412
40435
65489
34775
46810
12884
44461
35653
9615
6203
61028
68191
41535
61160
78375
2288
66479
84661
42223
22407
87778
31769
21867
17913
62157
48056
59781
2227
31408
59719
64821
16129
83007
59749
73788
7875
59441
86860
99325
5472
74332
52899
39047
40821
58135
42290
43628
41227
85878
11201
64604
71214
49160
8960
95994
11596
95995
41174
90450
49247
75163
29913
43823
16222
41475
45270
39398
37971
65810
39111
17271
75977
7272
16612
99491
82701
2987
3944
85747
5575
98305
54873
14845
99393
39996
2559
9371
96013
31983
32119
5126
59170
35091
63582
85961
92967
37329
77619
93118
83539
150
37383
87374
48147
84084
46382
26424
6796
22537
80161
22978
78444
70341
76286
3210
64623
81864
39123
24333
58084
81723
77290
69013
63997
57696
59873
62826
82056
74418
1885
81913
70263
69130
27605
41512
66154
21513
70514
89807
36142
31233
28878
38764
94942
43248
46211
46501
12975
67333
34699
79982
12038
28894
6478
81753
83385
99546
8836
6069
13109
24296
36275
64993
7757
78437
47153
84655
51002
57411
78824
43426
46779
95328
24223
4574
84664
2240
46244
98312
82037
53982
50227
33205
57911
80129
81641
93792
8049
88772
39274
64247
71622
17067
42957
59041
79926
74017
59373
59512
91247
39080
99540
9291
50636
17895
61540
63230
79311
37876
62330
40308
38771
11376
96693
64393
13837
57551
32627
40977
89808
44317
22453
58638
98829
70321
46118
84314
20696
38072
54063
2618
10380
55344
39464
47157
53604
98917
40299
86486
22787
77212
58395
22378
5910
29075
55544
4480
3008
62330
50987
8928
59279
78932
72012
61753
45225
75648
72995
84795
94554
14151
27755
69016
