47930
40889
3463
11050
15491
48158
75319
45928
91354
31040
83433
4084
48767
2025
42157
10258
99777
99792
53902
1728
48694
76368
82693
80930
53755
40701
43984
13744
89300
11715
93155
1179
25624
49322
30213
79544
48941
22813
7922
56413
3437
73813
28112
67821
39072
72293
89011
65945
8860
12131
93405
99715
47991
53785
42390
31894
28350
63515
70277
2497
73988
83253
79249
88108
83116
84991
95818
63183
75528
57112
60090
323
31231
86921
25220
68127
82297
21220
40615
92677
69927
22878
10956
42351
81900
51970
30295
59520
17896
75646
33785
6780
63010
68722
70451
27283
29256
92605
61399
99635
1676
81472
50293
43711
22975
34988
33078
28854
40084
81091
54772
33300
