83635
2606
4735
81578
29578
2154
14949
49231
666
5069
98360
80148
96159
89730
43573
15756
2966
55172
48909
85560
59689
68982
39562
7817
80642
5459
48627
47780
12719
75533
37051
209
28645
29543
24758
96248
86543
74401
22639
87325
21244
40692
86023
33951
4837
92645
38893
60340
5316
51196
19135
98949
73111
34409
1956
73678
65875
22928
51634
92251
7626
68676
2591
57582
57688
40185
68586
85425
83816
45801
60972
21650
58901
15599
76525
7231
38878
570
81978
52705
79149
8461
11171
57736
31593
74953
86
52075
95064
89062
10876
2160
11595
69916
44110
37954
81144
41450
36009
86459
71101
57921
55072
72126
90680
6178
41381
77760
61962
70411
65488
20198
57680
97975
8589
56674
98134
85609
75494
78635
76018
88541
65381
29332
75924
12362
75614
6679
49904
20119
28200
50287
47980
79060
21808
16394
26559
75110
40753
17327
15523
87203
79939
89178
56784
34347
63078
16140
59801
45768
95775
30896
58227
87295
18385
87883
8418
91542
97579
48900
32916
12437
20578
56715
82005
10149
70789
10620
90330
29824
42763
99841
67584
51488
40545
17037
34233
44966
27255
65061
49621
49649
34737
17845
18002
49425
55397
30412
16882
34558
8876
89671
46985
48967
61374
85729
7367
13960
25280
68870
69345
38120
61549
27065
65060
28569
52461
83104
86588
33964
14900
19491
87985
13339
91078
3338
15452
99495
60362
65615
51118
16869
8148
52205
83305
57319
25555
91074
32025
29973
48237
94496
37270
73117
41622
24962
35425
68167
48038
51632
51742
7496
82211
67106
14190
90629
51365
68471
51016
93795
54099
17653
94311
24027
14215
7231
39365
95378
56188
26607
70547
49620
42052
51007
51760
6318
92269
11713
64204
42902
41538
2482
24202
49512
30905
2224
90521
27390
29253
52651
87299
85585
84486
11275
7437
90356
54370
62697
12782
27449
23388
69192
71063
22345
50220
17272
88656
98492
97237
12701
65625
16869
16222
46587
65754
793
28237
69370
63252
46816
10408
23684
58013
3044
65474
89554
86449
6884
5741
93082
83329
61950
60741
41835
2494
28915
57130
48197
21996
76596
99037
65872
81279
7524
60725
71626
81439
1802
86136
39665
24712
32992
87368
49882
48229
68200
98831
94473
58579
6775
69140
4488
40215
77602
19010
96124
8270
96220
20585
74878
26374
63745
24614
77096
14227
4734
74373
49045
67458
27503
36988
48737
500
3384
87806
11345
76067
20802
12154
79341
43737
59881
92552
73510
34874
11282
11977
6357
52461
81835
51157
74782
21849
4645
72804
82705
79221
21462
8264
95458
11024
83036
43521
45393
90780
91776
34657
67300
83746
74848
37491
97964
31437
46224
69423
56411
75968
49868
2309
14126
19515
81757
52998
15014
42618
53130
24410
44363
93434
98765
81360
78277
59783
41341
4657
72878
14719
73677
53436
69924
68096
59595
80658
76842
34584
37887
51910
32765
68734
76984
30589
344
94397
69134
1182
80875
14028
74866
28418
12698
21397
9982
66109
60557
51372
84330
83817
72742
27191
90732
78521
53709
55939
39506
59120
6728
88395
5204
62242
74282
11833
78030
12628
38247
98016
7084
72729
17532
51231
18663
67055
60970
85657
90307
35602
52837
4153
1787
32972
47370
32674
39580
5706
11393
81917
27542
94202
2957
1826
89566
83801
90061
666
6536
48540
80585
47192
30308
76526
31917
22215
55319
10356
53848
98319
91889
18375
26528
46457
78856
91269
99875
38956
12402
38257
74435
92447
1218
71213
30466
30954
32679
25757
81448
57158
24382
80872
75698
15931
49111
90220
80747
69785
46283
49060
25505
51993
28990
23291
42023
59990
28776
35131
33370
34560
27603
20134
83841
61138
13541
89375
71022
33569
77792
8560
74766
45673
12331
47754
82715
42222
11591
2551
85215
67387
33592
60562
32396
68742
14594
85828
59848
31394
22021
4348
75770
28119
79429
20546
6427
23350
39857
54442
87179
75812
38178
42564
46811
27622
30116
40475
47815
6911
61176
53202
43797
76292
5095
36702
27507
92408
41507
90668
13239
6058
17552
89586
26089
74147
52798
45247
43328
91975
71710
86021
12411
86539
15675
42000
78350
85847
75004
47662
39378
11320
59993
64219
90853
16510
85819
10761
54915
20678
32121
39387
52683
21828
58669
21263
64908
70434
40029
45203
8219
42146
30610
55079
84105
7042
56009
15738
4836
86210
75371
26082
57315
56696
68998
14157
42653
48975
3987
19918
49791
20124
22987
30746
35158
82538
72375
74893
93318
41468
35383
69931
85886
42767
67438
98923
41337
39329
87499
50414
83431
85476
51907
72572
72144
89770
14829
27692
13604
34876
48987
8426
10558
45336
41276
8932
16923
20509
83013
49299
42312
19533
80116
62866
52229
94679
12306
30303
88633
9941
72206
30876
21173
54602
68460
69571
48020
51430
64727
25229
18043
41242
43410
67353
62215
20723
81322
36155
36724
98200
87666
58670
33110
60504
54649
52869
41694
24844
48877
60247
38118
35270
75789
44629
64888
33184
5737
29582
77792
9287
94627
41408
20929
41830
24021
12666
78125
9188
18183
94731
87375
57242
44146
35327
23743
35604
75010
50708
31665
88798
76955
44049
16977
29450
58112
66890
88930
781
27783
44616
46376
24446
56265
9628
23075
12597
18348
74287
1136
3113
22718
11441
91855
62778
80027
71272
30799
25422
55860
13423
98836
78831
64936
