79977
31538
44359
25695
52360
92858
7248
12618
71481
38209
66639
72258
129
81306
73165
46121
41435
75553
74638
3778
10854
27794
19883
69374
27834
96645
65529
4572
53256
54251
77648
81197
40389
92665
64887
16982
9362
51006
26152
27830
27213
54348
3078
30340
16257
25016
34292
27825
50458
23797
55003
10901
8129
26588
53628
97890
86819
10158
35078
38716
81693
67530
39334
69183
23462
11737
62767
96842
71495
81509
68706
99350
10916
63138
35493
17400
41002
94992
79225
94515
55673
64413
59627
25875
64776
50432
78274
8566
71211
98993
12277
39195
26656
98174
47102
20344
22752
81413
68044
80457
1452
4315
27670
34278
820
96915
91430
7925
97183
96933
97497
82516
5635
19369
32402
63207
88854
17625
12803
85228
81298
37571
40788
3666
16150
28972
13980
58176
28688
41723
21480
15991
56056
7808
39302
25082
45432
47452
9349
25897
44214
78631
11063
30128
45691
156
34066
26284
42934
72623
33172
16836
67760
9930
378
58200
33007
28550
23591
86324
97586
80232
15923
23107
44983
10617
48526
47037
28055
11888
97940
24785
61137
96928
8340
69802
27609
6391
14416
89637
80108
30203
7796
31102
17380
5967
99050
75471
7934
49220
15771
64288
49303
8373
30003
44639
28628
40480
29168
15912
27378
29593
