44619
93952
90048
78777
60322
2003
77910
83755
21353
72271
27351
78448
35801
97809
12807
51921
6865
79447
19616
86236
20648
29078
95441
18356
1138
31376
31979
53382
69211
91827
85441
58790
47065
602
18845
16125
15235
60888
11740
10518
74656
97370
35287
48004
78824
53643
56208
62514
46106
78929
13983
14282
36245
51839
30142
77595
96360
75369
88345
68947
52272
12195
57264
99563
95133
50438
84721
67179
34757
45300
32751
24983
85188
5071
25447
71893
72860
15429
10811
99191
38497
9615
97560
38079
75431
24869
59916
72266
27397
56740
97992
93514
29312
36568
81256
26600
53500
49383
62217
54824
4616
84106
21213
18327
14734
36766
14567
22872
5064
9769
90770
23954
83022
97938
94833
250
17554
24961
3198
61324
43124
59714
82643
43047
76003
41633
11239
92630
81562
71559
51203
43128
25816
77109
36719
26745
272
84321
40866
8731
44861
54341
78376
20377
76616
39679
74409
54047
46248
61287
14001
7766
24377
98060
34899
29336
34470
20248
7906
76588
75055
9999
59566
1459
28532
29674
24149
66392
12120
2152
76554
98537
49836
75794
35737
22585
85863
43654
79548
25470
65076
94569
66728
67871
66216
53893
46455
38977
66776
64075
78940
3497
75517
68002
73054
82244
30498
72332
48714
14950
70483
78379
75764
16925
56303
57932
34679
32825
77218
68058
16712
72126
88861
36797
38704
87469
46856
84297
32318
52039
89196
75345
82709
44309
81787
51049
51009
76310
898
99483
59584
95199
52183
6384
97443
73240
717
61872
55561
79521
69730
22364
63248
81572
32484
44356
75324
35694
90322
97407
62850
84470
44946
89663
16799
36245
46884
53569
3863
24959
80431
65283
85001
63020
49642
3189
4394
52626
66278
97119
20616
81566
40625
59030
84537
67367
94704
29643
90781
13513
7170
12202
76217
42403
40423
73794
13960
27850
65880
10130
58824
22309
33262
14510
67744
33400
36249
28668
10299
3919
72975
44784
66885
96536
31424
29152
50484
62756
1771
71048
72216
89358
95617
84575
4304
39744
62064
81388
35810
37800
81842
66562
65237
126
30166
92104
45386
75609
21145
73419
9552
40909
37149
43033
28448
9317
85977
67901
80906
39223
97063
76929
4991
86526
97559
23305
84702
44263
11925
20826
20037
55322
72951
53616
3001
38046
30910
96415
95186
35200
130
93248
73522
48722
49806
71803
62564
84457
22640
98253
74306
16842
53336
83570
15653
76338
69812
93983
23538
96798
28274
92765
42690
77546
69368
32446
14080
47861
76767
86168
79690
97866
78028
75796
55648
41565
70241
3723
86124
35744
41874
58521
28854
33127
57150
97203
39198
86971
67829
68397
15856
86916
46590
7968
15622
63346
28180
9729
12665
69070
19967
82828
36526
75681
21462
13523
88852
77803
95925
63106
85967
4759
88866
21841
80927
97143
22648
46204
30420
57657
4753
81810
29591
31283
67852
52886
25389
11819
35080
77150
11153
43024
86674
75979
44443
29030
95847
49771
74430
6807
14740
37776
80724
91845
81264
63567
43715
95887
14714
1137
21753
93117
61078
13007
1228
53224
12728
15008
37742
20460
61973
40865
5896
1872
74094
55297
52085
69598
118
89609
12888
479
56834
81393
32118
2358
34253
77490
39029
46187
47101
97651
63168
25977
82662
55468
19812
74931
19990
74703
91426
40888
83950
8421
38060
58190
66935
49301
80898
13982
89915
53881
47986
85363
46970
1242
87844
39388
75799
5531
63428
98566
39666
44494
81600
4256
42225
64146
65647
99394
57157
12313
