70364
75642
68775
61838
76280
99672
32838
99012
43743
67060
49944
86155
64972
45492
70453
63561
33212
74394
96492
82333
21298
42675
24027
18410
11486
43818
31846
19426
88733
86462
21107
44926
46399
8872
13494
89694
42366
19639
62207
77609
28711
34991
76953
3386
12399
82001
41351
74709
86478
80480
86149
60140
49436
39403
28502
29173
3674
52674
60995
17660
5210
67102
43874
63063
64227
34629
97219
11190
72337
21832
19890
88767
63101
6953
65021
75335
19434
29280
94677
83728
67456
93557
65526
59531
13823
18939
8541
45915
64584
36783
94783
62379
71341
81500
29106
72975
54346
66601
19555
64291
10885
52922
37162
70798
67467
86527
13843
66598
74938
41053
53824
96792
24588
40684
56701
43002
9174
95461
52893
44432
54193
94275
29114
13941
99834
54103
79869
14493
81856
15844
80558
89731
62439
87597
89598
31314
84336
86679
60737
72382
83550
85045
12397
58626
90595
83854
81993
17846
42642
56690
52072
52758
74701
61870
14737
91573
7928
49142
2612
12349
52471
53880
33200
71019
81836
73551
30700
59798
94406
26422
68728
83277
89193
11140
38770
87171
37158
1568
63116
55209
69969
27275
93352
12603
23856
48362
92049
11407
11122
22128
5028
5911
42802
59671
60657
29475
82789
83505
20481
20105
96899
29880
86047
49600
5766
9017
51155
35721
43056
29604
41725
47975
97714
31192
30236
62955
45720
865
40292
63544
48289
75448
6931
94956
63638
24017
41252
8960
86186
81596
46964
6692
79825
71492
23553
44537
17496
52556
75023
64615
56723
15659
73036
71800
99981
29378
49121
56606
47814
87815
56358
73975
54015
11124
57099
29020
26051
37457
16963
92199
29525
18228
47774
21809
45738
1188
66145
57693
21531
59202
71582
47421
75191
856
98689
10880
54513
81016
89478
706
71283
21035
27592
29986
68047
25350
41667
83128
82424
46983
16402
58945
63104
55900
76041
79899
25630
49030
21634
91349
51622
77420
47958
4821
39931
10020
15606
84289
3651
70802
37698
67176
89326
55286
68296
15102
18095
25099
26745
94326
89295
29699
42902
35207
1565
15056
47421
75488
86142
36128
93723
46391
79569
72468
29680
16615
45897
62322
15866
61633
35633
67864
58764
18983
38744
47856
92267
85823
84586
98257
43441
95358
19629
7102
74877
17996
52542
49117
92131
86902
8925
13109
24364
80656
38759
98017
13509
52099
93944
57125
67290
10649
79896
65702
24724
25000
69693
93056
41241
13217
34026
63564
86111
25148
57302
52708
41779
65921
93886
97148
7963
39632
84039
2743
407
55899
62954
35562
77972
40144
81538
69693
88320
47725
96440
4830
86109
93908
58452
76263
10451
59109
8811
95040
80016
88382
89999
62452
90254
42237
51088
16714
14798
11802
50378
74415
54107
43715
99772
10072
83622
95681
58772
52418
65956
89677
55960
94284
85442
76031
11657
23567
79222
49074
60429
95474
82827
32571
9634
14093
57614
81566
37725
24278
32763
37492
4439
5263
60750
94138
27853
8484
88698
