9847
8756
61015
39457
31292
15572
15482
284
87197
63411
9893
73582
46669
38402
10918
7804
61112
83658
94902
57445
44988
92253
40271
12788
32391
87284
29835
18950
91681
30157
29122
49870
48137
7337
15358
15872
65004
86741
2957
9705
8654
51677
13146
37446
32750
8353
93696
94885
85649
48066
28379
55030
59062
30185
3031
44402
41651
2910
16608
29587
52945
14052
70293
75166
71605
19312
74655
78999
89792
91193
35233
42383
15204
39390
14841
34403
2817
58207
62137
9977
82486
92446
84066
53534
19160
15729
60173
89118
64353
53585
74592
27512
77494
7185
56169
11608
98190
19930
53948
75407
16740
40493
41483
86185
64120
36237
15569
59944
55527
9585
98616
80472
51611
99256
42826
51906
53139
76970
97316
32417
19918
59842
27798
95784
83382
61568
48028
82368
5074
77832
80617
90403
52493
28485
36814
17522
86941
64262
24569
31534
82532
77171
70316
56814
46073
35047
19011
6945
25032
98381
33718
91968
46930
26448
94520
44024
94505
88111
27214
74119
80687
64946
12355
48335
47093
67232
30619
94451
82729
75501
5826
28149
86238
47325
62476
617
81468
84993
31867
78850
95885
83081
99094
13919
37551
9349
36184
37482
46265
60798
99387
45645
35601
33849
93482
3275
47753
54053
37688
9340
79906
38313
16949
51503
90083
81030
29887
91639
31130
81655
24867
40168
89273
59610
36591
72974
37588
31041
93003
48493
2953
39408
9933
53552
25931
15565
97549
44203
95036
18706
87119
55706
26642
58098
25450
27086
29955
46404
95005
86855
26263
87069
23086
8050
3607
34920
91939
72272
43750
89576
55634
7426
20000
37103
79452
4685
49377
48259
72553
62203
17127
57300
19302
12191
91285
83393
40023
46366
43802
53654
29824
44191
92333
89996
9271
17288
55194
15171
69892
30920
53045
398
91197
2815
23798
69406
66741
73045
34561
51898
26582
58320
57012
76325
60584
2213
97539
81766
88782
3562
66035
11862
63043
32974
84594
26394
98495
45735
52376
51806
71739
74795
36664
1239
25444
28064
61246
25625
70074
2657
67055
59766
55144
78208
95214
13234
28231
66327
23578
71584
76908
56961
19469
8923
64725
5142
26310
80185
17845
20236
3461
80718
75026
21929
47407
40116
5544
86110
3787
51217
79103
47974
84300
88579
98277
82494
35952
26716
10523
57305
2178
5291
22721
67234
72131
70878
13355
55800
3253
87675
10879
45783
50612
11738
76487
69430
72065
49324
56396
12904
75426
45100
74164
40578
81795
79950
78380
95967
68573
75883
17381
20025
54069
18188
89439
52455
88369
61123
58221
92651
31913
52721
52375
37338
24136
38355
21895
81003
79390
66092
79817
46220
90257
99071
25890
20322
48597
54374
44405
93601
98136
22495
65704
48760
77550
33636
7608
69428
36879
8042
57109
5371
67033
92184
80388
36357
36871
74567
6438
7722
80764
53502
75257
99839
34898
10222
6036
56492
38420
5715
54825
22342
4039
91710
15010
79253
57428
65920
83572
43495
95712
84625
50096
36432
308
80089
18219
3793
60584
1306
52308
7106
31229
55841
88666
59393
82623
2520
53686
78505
98137
36851
45468
55602
79487
88582
44445
63367
78431
41440
64289
63234
32483
31916
96011
1033
65937
63882
27222
7050
89480
48024
22441
59693
34560
34150
51495
47691
21972
73338
48733
23842
3903
9233
79170
74253
37468
14843
67325
3369
36434
28051
42086
12404
80919
60610
45935
11357
78870
33199
61749
88480
34606
5483
50282
59144
6778
21356
24612
38925
91283
42019
91815
89953
81611
86208
45878
52236
9777
25403
42216
10255
64427
83064
11341
16678
98915
3409
96276
52663
75680
13297
80152
65818
68120
59865
22985
4316
45201
78925
56744
73209
90041
76505
77122
53897
21443
94604
50291
12042
94779
4732
42915
46059
87427
29163
32354
64184
9369
74544
23830
6719
27815
78638
30043
20198
60041
82925
74717
31418
34007
45594
68854
92121
19741
85388
67958
37252
78169
42769
4987
17227
35673
42662
4701
16589
3497
78388
16061
29085
15110
49522
86562
4678
22529
36404
23731
44324
38851
54392
38981
44407
26856
54812
91754
53574
89860
22714
45029
75338
71575
20870
61772
65041
9512
77760
72055
88390
18549
49544
61033
45844
72624
52727
50848
72097
1420
66046
5829
69277
4157
77733
23053
39175
90096
99747
98070
13531
13581
48147
80187
53718
10534
44897
57731
60381
99466
71702
48659
92694
57528
47210
44216
25669
5784
20356
16442
44362
66360
83247
91430
15738
11353
17723
67923
44048
92595
84012
43049
4807
92772
67750
46169
37931
94637
8320
40491
12096
1249
92818
42587
34423
33887
17105
76235
44399
89056
16359
46602
17240
44002
20736
11652
32721
28037
9174
87294
93213
70280
52780
51661
45204
22884
4498
8302
27830
30076
70872
3504
4557
2512
20286
43213
56540
37083
34459
40063
13410
75255
73068
9892
62220
93263
26156
88525
89608
98063
88989
86992
22851
51311
62286
3522
395
44059
77028
64065
11389
16221
25656
94249
85483
60190
89948
698
35398
22496
81309
8800
3438
90271
38927
30252
34435
28515
38282
96070
93476
4543
59094
66232
28679
90813
44081
56367
34887
23554
58792
87272
36528
14506
