29953
15541
2041
8385
31198
26020
1326
97019
36371
65404
17440
8528
29170
43925
27429
92164
53229
93739
23192
81753
70382
75817
21715
50607
26898
67401
81056
67039
92641
73129
35152
78236
68273
22763
63009
52496
66308
6328
55803
59567
15212
66735
79348
64162
44981
67204
68954
77634
58179
92195
65645
54187
94894
35973
86441
68728
69169
92330
32548
21906
74225
63226
3647
9462
23436
86024
64781
45339
97570
7627
83766
7447
64644
35142
15418
21895
87445
34988
29271
48875
13655
93668
16787
31552
81266
849
76585
24078
78080
50982
21421
8961
4701
13154
84719
18770
60384
50822
35820
6342
721
29416
79288
55693
3826
16729
68610
95428
6535
44057
48892
12022
61379
60729
33991
79765
69496
77307
55227
66678
22130
24522
27080
28978
19553
24014
91123
56813
31853
44040
59702
85523
40239
71434
58356
62662
33289
82927
9592
16417
13564
74043
92772
61837
69371
78112
84462
2672
16825
69891
18956
84383
82105
98606
14817
22786
57005
54134
557
63001
30622
46717
44692
10082
54869
60868
83267
30089
92602
13734
34502
65267
2165
97819
82267
21262
48863
17966
49119
12431
35384
75815
89149
82410
26471
86608
76751
12175
25877
13380
79020
40687
1075
75415
66914
87573
96407
64916
1869
25104
7664
16130
94963
96876
36476
41818
14671
68912
64680
39215
67521
89768
76822
1269
40797
54646
11621
11241
33676
70953
70353
79416
733
22956
16710
46387
534
77576
76017
75855
55780
68667
49924
49949
64669
52062
78086
48575
84487
31769
25982
67330
83876
60431
35516
9071
62764
38900
70942
84187
90050
16934
12268
82436
64222
50250
22554
52410
35938
91864
11422
77237
83157
72756
73564
47686
31819
76403
55466
87110
4819
96473
67531
63693
54241
93909
68545
94241
63516
88455
12164
42909
44047
84434
42712
48940
16180
29648
80903
97454
53578
60203
97510
1223
68589
36780
47934
3484
69003
93541
90979
27076
54682
18176
87132
79555
44151
30401
44794
29057
56812
7107
47862
86796
25534
36787
66279
12687
28199
33914
70928
52725
25732
67335
63943
57773
55766
29247
37985
854
60888
9670
31927
92609
30272
71630
55195
40226
61812
50238
29711
48157
45239
6745
73418
987
99110
78246
42193
21259
2279
5050
86242
26847
4785
30737
79593
79616
54264
94492
72386
45930
20137
40179
75368
65137
19942
55810
76961
42574
19884
93733
12891
67089
22332
36047
19931
71211
8303
55400
85090
66180
44461
30429
8142
39652
12063
46059
86280
58878
36175
71940
58971
97024
31794
53040
10891
46128
46989
25700
23617
18108
42586
30340
10622
17808
98462
99733
58047
73185
82881
28305
14717
47704
32131
18099
91769
18239
42701
54577
54135
24834
80067
42771
33560
35385
99586
82565
31332
92789
53984
77696
91382
5908
4494
34812
74847
20539
265
65871
55904
48863
12708
82034
96779
14224
62785
92368
77837
65156
35281
50062
75482
81961
70863
53475
25160
48487
97260
95274
8936
91792
97839
27962
50596
40428
61215
4207
14859
33717
73451
54831
15376
20035
23293
80861
89958
69068
94683
84234
75731
77104
50519
56394
87696
65903
89238
70359
90755
70463
39831
19352
46383
35816
38989
73366
14452
90388
7569
19174
46059
90971
2626
46005
86830
99655
41158
30337
64551
81159
1048
18133
63874
4244
40632
87492
32636
97566
32102
17800
64969
99142
24747
15478
31940
7151
88815
55888
77128
41782
11881
89009
16081
68460
75066
87549
86368
37118
27830
27392
66564
6440
33428
16627
39182
11613
73829
6344
28265
37200
5535
37237
18289
77900
28022
56138
86450
15295
69404
42120
94626
26899
76179
682
78409
68764
71585
97882
38771
15051
53683
21090
50075
91770
33965
28424
16789
73981
60769
12862
64815
8549
77725
84552
14937
42708
68362
16267
92814
65009
79254
71692
93540
74271
33360
64001
37741
88910
67380
18008
57891
50757
40133
94928
8977
86139
85711
980
85786
63689
79371
50810
45790
63618
99018
37293
64550
51481
22910
38313
8437
4157
69295
99012
45516
73524
70111
16273
90029
61645
30761
94307
61778
75804
98063
82083
18045
76717
38434
48475
93940
88229
13832
65879
91055
9156
83217
81837
87818
10933
52740
67730
7819
9427
40906
91685
558
90452
73108
81265
68300
84617
10422
60451
65488
26373
40994
70573
83546
10023
56931
3808
99756
43498
48712
71680
84900
60992
53318
93596
9064
43544
23772
35068
66727
46721
11649
81632
36203
42071
73367
35408
82816
40821
54903
30337
54191
64589
6283
2953
39881
67972
67675
74266
47984
44577
90404
66350
16138
36037
57582
51333
31501
17062
61517
76819
50942
60743
83502
70220
44969
72838
41138
95019
28017
71130
36147
5846
57536
77666
81840
32982
15509
51054
37640
7546
22892
35386
19963
20117
3151
63596
33146
69313
264
37519
60267
68584
52607
32714
17124
95105
75348
41136
52821
28878
49474
78097
38010
17185
31911
14830
38481
25291
61253
52329
74788
23901
91637
88404
51099
97614
39773
46539
51932
96511
11050
18860
75177
63410
94812
47648
92972
36138
55347
85871
87320
39801
19006
30356
83085
69136
37663
78505
90438
43129
56513
81469
96356
98431
66657
64145
54555
84040
13293
13346
11871
23330
5797
34954
56287
91177
61247
54343
8524
69708
46118
89315
60191
94314
85633
87609
3404
12148
66132
49631
28894
18391
95421
90246
10908
33849
83850
19720
24282
93337
61050
36270
82097
59507
6861
24955
14074
35299
60836
43741
35895
79627
41321
66011
19629
96870
36602
61797
84036
42847
15408
57247
21763
61342
39526
98289
94088
78440
96649
29625
99061
60845
98834
41321
56933
35795
94696
2448
51801
91380
71094
32337
73417
78006
98933
16534
78487
90439
62943
44423
96342
69164
98692
61837
57591
584
22889
88362
48857
14417
12104
25096
73085
92328
5840
49205
71063
19649
35451
11238
83686
60177
65796
5830
96731
99260
14520
