55671
35956
1381
20483
58761
62033
64568
59048
86987
45189
62379
63992
80671
91271
46365
39186
85821
49366
78209
19490
69763
67063
90767
74104
26770
18715
31085
32780
13225
64870
38613
47007
29784
66531
56177
43082
62030
7055
79920
72398
46424
28887
86204
82718
89672
72587
35379
97506
22039
95557
73253
17628
71132
83748
5520
73546
41901
18898
20857
36161
38375
50452
16270
44178
73821
68104
84239
51471
47202
96587
88912
95914
65324
68215
51543
49651
54432
19535
23235
96618
10872
19308
99958
29732
90355
50873
91614
8324
2569
82988
38226
51528
5589
40585
96489
39926
23254
21918
65884
78967
46824
46679
7036
55641
35682
95506
19320
8486
27789
43042
91909
68101
32053
96963
97597
55101
56802
41745
85937
1940
6896
97830
77631
6991
95599
80156
44729
37329
77208
534
89821
66886
20380
13910
83011
11570
51251
48518
11287
5119
37575
11399
77055
14048
8056
99829
73643
79330
62859
37443
95709
26849
38143
57945
45036
92343
61507
20437
81245
35239
49350
94773
99573
69656
77346
5601
35794
77769
25675
4169
68739
55389
89307
30024
97283
84596
56209
78544
48650
34187
75321
74863
86556
3915
12967
44562
40878
25972
5014
69072
59412
6969
36229
80616
61787
24031
84308
20201
13948
28361
59736
59393
88017
58365
16873
80176
81317
43523
68618
29164
50568
78925
54077
45130
79747
68540
10045
32606
88641
37506
46075
68706
97272
87636
49925
63884
67701
7336
4643
40641
41317
94710
44611
54580
4574
85881
56368
42871
18405
27340
2134
65665
96671
88503
24872
16211
63037
23161
64734
52559
32626
35350
14135
64092
53009
98996
67173
45241
42386
70198
76506
76
93693
38536
53034
16427
85026
90752
18607
23061
80732
14068
33207
3003
74556
28384
44120
6318
87812
942
46972
41652
30595
5226
32293
36056
71603
94624
86087
19766
94491
63835
40896
21323
64911
27159
52225
23699
96109
45636
90587
43866
31344
83254
97059
15496
38585
89231
60942
26705
30255
81663
66991
87480
28558
70816
69964
40421
39592
6979
8152
10666
70582
29074
42041
62336
57148
53257
67673
38645
93204
33635
81923
36098
89092
26579
8481
37530
57194
22407
93725
87336
6351
46149
11979
35142
8983
71528
28747
32849
88051
20631
33572
31095
99285
27053
65858
36709
56877
98892
21922
31482
2396
79515
60355
55468
27748
54247
3787
45936
17402
65504
87191
77247
44616
36785
38041
37502
79759
70104
10
69877
93464
91324
30439
79274
18619
26918
98115
68139
76655
4343
92067
18320
4945
11519
7546
32957
92984
28408
44188
41820
45109
32522
89339
75444
52583
43938
38037
74043
92451
68788
89553
73456
41003
25346
87998
36436
67805
61974
58519
2531
45239
5329
65078
36425
83435
47375
10579
6183
27766
52403
6825
12970
90425
26009
22039
3057
78530
16450
79014
47697
21692
75219
69507
60364
10936
99605
2849
96931
60554
97849
97397
99020
64489
32055
28854
40389
97912
47819
74792
88414
18160
16390
66542
38119
54659
21196
30133
32993
4183
11434
68507
61468
62346
15866
52755
19165
9184
66055
47830
51443
80445
88132
91981
68965
53498
17508
48267
1027
60226
82978
66136
19718
2401
66295
90812
33962
78008
37205
88936
90755
73044
7838
42428
63332
89176
29833
83976
36150
54412
75820
59810
97639
60245
1051
72307
28981
77606
79252
42478
2435
26283
30012
3732
28785
85471
69051
8314
29718
52552
14640
50579
61663
29891
73799
1675
50765
88090
77351
912
29285
90505
58712
50141
97503
74135
39600
37514
74308
49595
12670
40721
74727
670
70215
66292
36606
16394
31105
72258
96326
1323
46735
58698
3449
73804
92138
3980
1082
93172
84475
25249
46290
80770
61789
58400
6194
9852
84275
69133
75212
46416
86648
52672
33788
52848
94432
61648
85128
95245
23026
97216
59122
38277
4062
