78112
90101
75651
30460
27309
77753
44475
77751
20631
47878
69019
70252
93631
11089
72207
49730
95708
7821
56627
5844
20699
81912
49829
50272
93232
97749
17449
62871
46429
9801
29086
35021
81656
46500
10613
82383
68575
5234
76165
68909
13118
68268
39657
2695
6259
98154
10864
93893
6899
54445
21989
55893
70652
18349
95485
58084
84571
30735
58229
20913
78417
17224
77658
53039
2448
43162
99970
33938
74323
4938
90856
71085
85662
71114
76420
53349
12630
76792
8466
87739
78764
42900
3326
8693
7897
27837
54699
99689
9292
74071
68342
94997
53455
90974
45472
23318
97045
88072
68847
78613
891
90279
73365
7453
69297
45292
94229
45595
97667
35332
5174
59983
97267
13600
68219
15337
66778
95657
60222
22094
20527
90359
17161
16677
85406
69189
21487
22534
19426
89744
81144
45316
2521
79928
98402
91661
99016
7460
81963
10673
86204
89436
1706
84196
40652
24899
76606
78655
10723
25663
11512
81931
72536
74199
18600
10366
15503
50793
46498
74447
93649
14137
99518
45653
70925
1128
62865
39247
12946
89761
67330
87617
22339
39300
97973
72227
79496
53563
13633
25800
6669
87913
11518
82562
72262
71871
96135
78230
70827
45763
21140
99705
81436
45500
3285
14976
95666
5485
94982
10912
95458
9854
18134
80527
77199
42076
57377
1486
77026
28931
38259
3929
45215
2116
77695
76909
66233
39133
98991
81672
21212
5361
9234
988
14758
40667
77278
75660
83480
1527
70770
88396
29668
23059
45397
60417
1858
35253
90310
93348
51792
35782
68327
42927
50143
32557
71349
22519
69051
98595
33477
39620
79448
47117
70562
91072
88048
79682
75251
1806
58333
75762
83812
80461
65133
48376
34813
95214
8171
36436
65244
22808
24456
32209
23798
61885
72080
11889
17649
15858
28700
53148
35905
40408
14178
95070
90347
7162
68440
32278
77119
4418
65856
8874
55887
64123
78595
98081
95950
70041
45875
5729
85935
67459
51403
777
65150
34544
61423
1574
66787
57366
20307
90384
41284
33570
95663
61948
23956
27384
33042
19159
4388
61918
17004
80313
73859
2728
59864
2517
6693
86164
17098
63865
51144
58960
9495
81162
45035
86813
16904
9716
99062
81911
32788
53046
13761
78816
23343
23033
16185
17653
97024
28178
82583
21233
49767
8524
66557
89007
82612
7646
2221
32663
47445
92472
27415
58772
51695
11862
71745
76689
66591
53612
29107
84560
56580
13596
13481
66356
14273
88365
92718
65338
99893
46301
53959
61503
48575
74966
16049
32108
19443
72531
96582
5740
70146
98688
84994
40664
14168
20704
59964
76191
2148
10994
85408
97417
38828
64251
32857
21337
1238
21132
63898
98275
55268
68603
78044
50175
73194
30753
55891
23917
66757
49423
20550
71565
59747
40711
16029
95790
85537
71702
62057
59079
2717
64507
35173
40004
36759
977
36031
51661
45216
20191
37908
96280
26981
58516
41438
21802
23503
4551
95542
22336
2986
88943
14651
34613
20134
86803
48190
10156
88450
23420
9620
84180
58858
88456
26934
67870
46851
3095
27766
46821
94078
15255
81151
56416
60349
50838
12212
42255
56040
34015
73938
30733
12675
31525
28759
35862
12503
44887
88671
46850
91098
40876
77181
45829
23250
51029
22905
57078
85660
47596
18518
34916
14849
64520
58009
23369
58175
25130
44645
23301
13641
60070
68965
52820
13181
37285
36061
69307
99217
87369
62149
7403
28420
41180
561
33311
39803
53810
65748
84393
40407
289
68110
93142
86641
19698
67307
91744
91095
86455
2861
93102
7827
47490
46412
22929
64078
24178
44529
76521
49224
80794
53924
67199
81942
53659
13766
65892
12774
87851
57554
85939
36929
46579
31421
73046
42927
52640
93114
9444
