11270
13281
11838
68981
26418
3255
17061
48429
19327
27722
5991
90128
26667
76963
75258
21688
1555
35843
3070
95897
94366
58990
13000
85840
60076
67859
77465
17593
86219
36150
59481
59691
89818
19461
80308
99024
38399
61773
89959
86372
98425
76480
59442
18911
25488
62632
21810
54396
8289
16750
16468
68650
71854
12335
7569
12873
58140
28684
89273
68380
24682
28736
55062
96733
36769
61986
70871
91033
33324
67631
31976
12235
35596
47965
24100
41592
12933
72944
23369
51132
54275
75416
84050
76406
18697
33513
42461
14346
7147
22541
46512
13499
75926
52023
30200
61090
13582
64819
81983
44175
27046
45666
84591
74823
17083
8903
31466
28817
18282
69592
89728
9643
73139
2773
15119
96383
53694
11867
54661
53784
27175
22433
31603
47658
70767
45840
19252
70242
27034
45117
55076
39562
99186
54999
46108
19935
45687
35050
71207
45609
32486
81975
11701
52676
92182
43131
90180
4415
8206
27835
18203
38980
21675
88506
74715
88310
84411
44797
86333
50345
26855
49527
77439
68861
9288
98278
3784
10811
2115
59939
57128
24437
99582
9956
28964
91094
64980
89481
63218
