28811
9795
32232
15431
39111
13522
56222
96765
77336
50705
79354
63913
59860
34837
94212
62458
2487
99351
35892
26527
23197
61703
7808
37545
8002
87599
26362
56382
91458
87403
41387
76952
85044
87826
43124
65443
68304
46143
7897
27250
89366
29287
10532
16526
46403
66649
38601
43742
43505
60664
40815
65670
75939
68990
73380
54074
96002
51281
56129
33843
86275
72348
14927
72816
85519
62616
53343
13648
78925
41276
1922
11680
381
15952
2959
42465
86377
88876
85006
41271
30216
23004
17738
25849
29701
72713
49488
26678
67546
4550
69133
74380
63950
65802
98165
629
77488
93589
98330
75919
37388
56757
83255
27505
63263
21091
67569
91881
87422
57335
4841
69658
10189
43391
60211
40641
43217
32083
5582
14831
60462
49170
78801
71226
51574
70777
16439
79961
55055
82611
5356
27419
18105
92284
58054
81855
98223
83767
17664
74073
2328
37301
96250
16764
47031
19272
2401
61763
17276
62921
73716
11697
89671
47216
42485
27290
61772
77280
95155
17800
63266
76519
5028
13209
1788
61634
51905
34925
62229
52608
61831
64005
98025
45568
41813
24784
44260
61994
96587
82523
21614
64700
72112
53647
13265
51912
62268
13578
6804
58128
19723
82945
8517
49621
56605
32370
24295
20374
19667
44426
38962
23956
25274
70456
7964
52315
27869
85610
97085
51930
64420
66659
10357
72041
57906
96460
50608
43972
17084
34065
12300
24367
32592
62983
21614
53381
55316
72791
59311
17209
25388
82361
537
27594
60328
587
80504
90636
61876
21499
24846
71252
87323
87055
78404
97491
83257
51332
3749
10373
36164
95182
64872
75261
72701
51706
95775
38766
19471
48445
91095
85341
71883
94904
96051
81437
66625
23776
93743
92372
44261
65825
84334
51327
30854
54262
52633
81987
17545
67503
94442
37846
61120
15663
42772
52414
96765
77246
24866
14330
43571
79761
94913
48492
87628
22649
56912
87270
1296
84001
60666
87656
93025
22669
98300
78742
81013
48619
20837
9257
83889
69507
75452
76333
79984
42710
12331
48177
85755
44910
78700
71985
9008
7794
92289
42567
5811
77855
63080
57955
26740
18321
25832
46416
91473
32564
88910
64790
92157
28089
83429
47454
41332
41915
49803
6527
11102
84949
88812
12936
10897
55335
85825
15683
89965
92312
33384
76803
85224
16066
22721
72671
38278
14333
91740
15922
92308
64865
50313
85068
88299
92284
63098
57959
85853
83777
86151
93269
22584
65612
2780
26336
14118
83126
59569
43487
73302
54695
29493
73180
1054
27038
12194
52305
57219
43599
49714
23397
34637
27288
16614
30548
3564
98272
2857
25803
67004
99569
97390
70563
21617
6340
58375
78446
98891
99831
305
28573
10190
58444
33684
20796
19150
50035
7889
91040
53085
72019
80179
22419
93142
83331
5521
97378
74468
37105
10508
12398
69098
1306
59334
1732
13687
31928
7089
40949
19277
87266
25998
45786
6299
68871
86157
94445
77343
53414
2360
74799
8999
52401
83197
47774
15712
77803
84645
77692
32014
52326
11444
35967
75522
49424
52740
73334
88878
22838
34400
53026
75339
74396
40244
57490
8411
72104
12544
31637
19118
4903
6331
13530
95448
35630
15971
23766
29015
50774
41241
27172
65904
7851
59296
49133
61532
33258
57570
51412
51318
81351
27355
50845
26110
24839
55854
15249
88821
65669
57681
17636
97285
15045
56589
63292
10447
78233
23617
20758
81283
78304
9556
12795
38040
29037
21639
82949
69895
82111
89103
12568
38248
20209
48253
69423
49307
79118
86918
85587
21305
70263
79359
47495
17667
21875
48294
50170
77120
12326
71637
72494
75981
72140
14954
31959
20857
31128
59578
96231
4234
74845
83064
18414
74225
63882
39669
4748
4182
85196
35456
92385
54318
595
4497
83274
43677
53135
16018
7326
29289
44422
75151
17447
21719
20738
37018
46693
44887
94255
85910
39933
41880
53328
51313
84881
53118
32961
66991
76042
99238
29197
98662
54381
52638
55979
15255
86902
10381
79140
66956
89581
33465
24423
63810
20935
43073
10002
98678
22095
39449
96116
68590
49237
3476
24916
56552
45874
86419
3286
35765
86339
44344
61461
47249
94849
69766
18595
27638
8467
293
31143
11638
7463
33727
27912
10924
93139
30769
24044
3151
71912
78894
24405
70166
49432
82507
48783
78483
17215
34857
27709
3299
58720
82232
26519
2957
7200
16562
57974
45105
51930
65811
54078
56985
20033
83922
27401
15139
46119
95988
22461
98973
76600
78232
9902
27092
34075
85678
41527
30613
1758
54395
90550
20585
59204
8799
88527
31860
57426
26560
93189
79891
90064
51464
26243
53762
57535
66394
41116
10196
67591
59679
92622
53891
21926
12702
75257
424
39693
7303
42393
73866
26046
48176
73339
73364
86417
69415
27064
50942
60708
91582
69996
81045
75385
55823
83318
73127
14294
30029
80089
20161
38320
26263
92407
31858
30881
2997
82178
22102
56700
29487
69724
16187
55845
61967
55470
57630
65523
4907
72140
22714
51677
3533
82736
98295
94264
48973
69212
5448
