53524
48648
1938
87019
78694
64552
89794
13536
1924
46699
53063
96409
87113
56192
97361
85306
97295
85111
20109
64701
94357
97196
19152
81453
40033
17482
12308
59539
48039
73624
59774
82893
43215
89767
67610
81296
93335
23440
44584
96282
62163
47180
38482
45876
18788
69888
70500
55013
76192
20446
33190
15088
75560
95354
68933
18465
39159
28307
39654
53404
41809
69152
94741
66001
36257
53338
28343
43340
94387
7214
55347
89046
39045
13319
47501
20747
92932
50432
85194
1124
1873
91574
31792
21011
18801
82469
13053
82336
76941
97428
24505
45659
66886
12256
90843
40245
78600
92137
90780
83683
11429
95838
93645
40247
11796
49125
17433
85813
3497
76914
47496
48603
51291
29450
56546
46178
92305
24890
21059
30883
32748
83618
29053
77582
84312
77383
42183
56407
3463
10104
25726
71036
70383
87647
41082
48051
76574
45080
37865
74977
96661
29644
23463
41625
66119
26883
18752
59757
8148
48623
91613
92325
47255
96787
36301
2356
99744
48459
21800
82567
56691
75222
15226
4120
57230
33673
29051
56496
95203
25522
46998
74917
83626
62501
28406
10657
20781
56349
29492
61216
32393
8741
19603
64306
56206
31198
37108
50913
63077
6011
36749
16919
56637
76816
3142
6854
99558
10402
22342
1500
20849
96647
93150
27735
35559
22296
19780
31956
70249
42022
37761
35151
64896
75267
69053
39723
4014
72271
23485
98782
66773
24641
25793
86084
66827
20274
47193
47944
70624
37390
98560
39734
91094
59482
84185
50478
61879
71761
47368
93071
92605
64976
12400
13309
84582
24919
8057
22365
76165
71537
83510
532
54372
5934
32755
95736
73638
1623
76776
34441
42007
94058
79968
70769
68809
30046
69621
81713
3850
12703
96695
95584
18230
95883
45133
24971
85957
26521
34123
90676
36956
2798
24243
47410
97474
93382
15272
67146
89195
43395
19148
12262
80219
88634
15817
30776
39352
75694
56244
63017
90670
39649
67172
32152
58590
95858
30024
149
6346
61120
19680
61120
4624
21875
46667
16616
62333
4829
62605
72776
107
4049
57163
2774
29125
96409
84980
12143
94910
3142
18220
18731
450
74066
86086
93382
14836
40490
1975
96585
44014
16235
59833
75868
79009
68383
78288
44201
71475
37349
12854
35348
84152
3361
2336
72744
76057
46910
347
35807
88187
11185
82183
98592
75504
60302
57463
50400
43973
29000
346
21403
19193
70713
28343
47043
24912
84095
42724
41224
28636
70129
18397
95880
96141
85266
21077
30831
57941
84273
32954
41785
60814
76413
36117
94951
89111
42276
14010
67216
56890
20846
59902
49541
11868
64921
86672
50193
66893
36175
81257
41553
69599
8910
59159
59908
48039
67549
60142
82042
38982
55836
11487
65264
58540
53571
35957
21967
91176
51879
3608
48955
65500
23734
95169
47785
93248
67835
60212
51419
70753
610
66816
35318
67262
29606
75516
62376
23690
53137
52784
19240
60851
99284
2522
120
18508
55633
99817
60041
84248
4601
28718
45880
83258
72957
42659
47879
86481
31056
49104
59535
75914
47675
52245
55007
66909
5695
13834
99839
33515
80652
66139
58879
51726
37524
46746
34834
40295
24942
88546
50320
8946
60485
42245
98443
70730
25123
38891
32093
72287
96029
4943
88712
27510
45685
11306
25018
65744
25581
26005
55219
33423
20287
61626
12339
74165
54760
28265
36792
52418
70201
22617
20725
20248
5112
17595
23953
71905
61663
33031
33604
74972
15332
81029
1878
70510
21923
56292
64033
72825
35407
74335
6472
80977
37054
47612
412
28738
85149
54297
34749
4821
34684
13934
82240
59375
83222
58667
94285
88384
21083
43699
30152
46426
55832
44499
80721
30344
83633
68067
62709
17486
77222
33953
38581
17816
31240
30383
31261
93729
51999
24172
59564
62831
71165
37365
72965
80585
51474
94634
68198
59406
99173
47889
48467
60735
41380
62371
32362
99228
67599
93258
40127
98851
24783
24080
4959
43822
99024
34570
331
72274
68861
15413
39749
40511
50406
45757
17396
74246
3963
16946
616
57691
86347
78461
45613
2291
6966
82254
90799
2999
5801
95226
2484
56641
34182
88286
69429
50888
47530
15074
43243
67111
7228
85547
36314
9507
81382
36808
11086
25635
34122
66237
10211
25180
89209
81713
97415
96568
60195
64119
10624
58159
41527
22969
28801
54677
26964
66826
1764
60324
41357
63062
42874
60083
79218
76038
23481
35484
68066
42159
38716
84328
56303
51646
96684
6190
35296
2687
70591
90596
92607
93856
86842
96951
3566
36026
67457
16998
86971
75275
292
23199
783
68063
3841
69168
67352
42851
83083
38193
89865
17301
71276
94582
79475
85874
36809
32158
64823
50331
89988
79447
28997
47427
89190
67127
70251
62838
88818
18626
36651
76288
34800
64290
80505
96923
26180
99257
58498
43172
77237
77994
10429
76293
22058
18549
50922
24836
7939
40911
73038
9559
56654
49498
90144
5248
3990
73383
10728
11201
53769
70300
89154
53719
33028
84501
67428
20859
72505
60403
54887
49889
55398
54594
29187
28322
189
80604
65183
2716
49690
7832
28008
20329
66046
2498
86795
18533
76237
77319
50145
67907
74923
89520
8234
95100
84540
21333
39827
57264
4493
16552
84034
17762
23643
66629
2224
89070
53439
15587
64783
65529
12445
67118
17644
33814
91762
91436
14841
34904
21237
16946
15744
7080
95874
3298
31406
28503
39506
59864
2818
70900
76969
75130
75404
81074
70178
45788
34072
30711
51642
14435
1882
30086
40182
26245
92299
10141
40317
96772
96246
56936
93257
18826
5603
69340
61882
25646
24500
62395
36356
27234
12086
29606
71817
84465
49055
49220
13710
17232
22860
99932
99115
70790
37076
27513
2494
17803
12930
15320
76406
6946
42678
76631
97041
10417
77221
13724
66015
80303
4107
40181
9347
2210
58252
14682
52305
63362
87611
24331
17886
3640
88356
41934
