46654
94126
27168
3366
81466
46089
96986
91476
83674
56973
18663
69247
4702
30706
58207
63707
83306
81353
51796
3894
54851
51607
28105
59102
95044
56520
96569
83144
59221
96553
12074
21620
55096
73027
21798
59886
73335
6556
93012
97947
35403
3079
46989
23440
48658
74854
30293
20438
97108
36028
10215
86860
12207
56135
27372
28610
33749
13328
7685
57274
69302
26141
45347
26375
82854
87280
63050
54390
9221
85123
13178
83551
97610
83165
7408
7514
88377
99072
43274
92060
99141
8046
26992
45744
93638
16804
18879
88622
12362
61283
47836
60999
85865
78114
14119
4582
9874
62161
231
95908
71791
60108
12335
21923
53178
38300
93029
84387
39527
4508
66628
84671
23501
79581
71613
61315
96283
81965
37784
19946
30709
19899
36628
93380
82748
96100
93476
93449
38510
17883
62793
26868
59956
47101
4717
81252
64266
81326
4111
5644
70332
38490
83147
99519
58315
72759
19419
67049
50084
45119
98542
34668
53341
68507
68962
9776
7961
10254
43796
62607
11273
60797
77753
48891
91372
33155
18282
56294
7023
36202
26563
31238
3461
67579
62541
87277
11429
83756
38759
12310
93590
16339
10136
63038
40035
47051
62073
36446
28237
68247
87581
17451
94117
71588
37369
52143
48387
10517
58018
74339
69494
49554
22229
90206
48763
31898
97808
8768
65269
38959
70113
58447
81400
40923
66999
10562
23352
75719
60588
70765
10714
77661
13554
5241
85757
66248
3323
54334
72731
44391
62613
5007
62578
11573
9790
38019
63539
62243
83236
4216
66079
54246
77245
9218
30831
61851
549
33373
83392
31325
68422
39607
55762
65595
14846
11648
67635
7175
93076
69336
87759
18100
10932
41129
44575
42885
47823
33986
87628
14575
62530
4817
57822
81319
82371
56429
76183
60499
69108
57998
51083
24767
56250
58236
45168
11801
34001
44746
25529
64180
37602
59873
47466
39145
98974
1001
26208
62859
44069
55599
22314
31345
98689
15882
20313
88378
12774
92251
8097
87252
90035
68321
30275
21527
669
53079
77459
14312
47796
90518
83016
96844
94916
95186
42071
64003
63599
76608
11802
52180
67567
70013
70842
96067
36374
17995
38223
732
12191
86485
11265
27278
56240
97657
65985
77363
96462
79847
42841
7447
59229
24146
12095
81871
65792
37127
79103
42377
8471
79652
71701
47365
36342
80409
86480
24515
9819
24605
36132
60819
46157
35116
71779
49760
97514
68801
5311
59814
70769
75645
28304
90871
12600
76035
73554
90167
83913
83644
50125
34197
35173
34185
25260
32861
83794
85945
27164
37815
34104
71472
89346
86372
3422
15971
15681
50481
10475
55656
78617
81065
10763
92044
35946
23769
75614
456
64210
38328
55481
47056
53531
73886
56473
7821
52239
52608
52796
16780
27238
79857
15313
58301
35955
80565
16813
73044
6815
50439
5714
43602
97157
66010
87420
26792
91780
95450
73916
72525
93884
53732
41546
45789
60027
36324
90013
90005
64597
42540
49539
77421
75039
38724
9906
85345
43525
4967
82731
10607
71193
98066
44863
87877
91491
38063
698
40738
70731
30818
45786
10524
86124
37469
19648
18372
69479
1748
93861
61131
93097
35967
80675
53904
43284
48580
62826
85569
8575
17554
24090
76199
38011
41229
15996
34380
11685
86247
3871
73391
47197
22459
68212
6783
98196
23154
45297
80683
90928
67418
59880
71741
14529
80324
60583
83896
93884
60827
80553
2012
26370
89827
76514
35948
55462
24731
48649
22052
25978
8809
49525
48316
16749
1883
61136
76897
63681
49100
4325
95204
32171
88351
61637
