557
70589
56508
6075
5993
27920
35800
70624
42609
7953
77364
18999
8674
86171
19827
28871
26603
589
12253
39440
52668
65086
61529
88671
47329
41209
83923
46568
51184
23552
30159
69427
30017
88866
17922
6800
89997
30663
36371
75661
97714
29303
90170
35389
73445
44132
5439
11676
38233
61224
65538
55903
28466
12078
99004
8667
69529
33248
89394
88499
50792
32125
5297
24473
3169
72486
27107
73488
66078
35015
75745
11381
81594
99474
95936
40047
44895
32126
34507
36652
97796
640
67715
51066
41289
26024
77862
78741
49696
13312
41702
66621
69064
26218
31123
67054
43344
62557
67120
55506
61019
8065
57313
29629
71865
4271
92904
80039
77436
25522
31940
9363
74547
65513
37518
55081
11643
88521
31137
5552
12745
3583
25374
51022
1365
40997
12807
40372
9705
8231
35482
34898
24473
10041
62663
48580
68303
35711
81182
80919
54604
3835
59835
10757
87623
32469
86441
73824
13421
66954
59650
6654
38550
93977
12465
99355
1980
84227
56781
86878
7468
16498
71561
92814
76933
77074
36399
47014
45156
17680
36473
88139
96985
72007
83426
88735
26460
10742
43727
7222
82225
13895
34726
19933
3568
77599
56726
65790
98877
75010
45804
10087
26501
86783
12097
17151
51294
81482
19761
10359
98383
61486
61731
83493
25386
46123
67426
99394
64352
35003
77576
69357
50350
11210
3267
18281
37577
34404
6072
64774
18389
62569
60379
57570
49921
93371
38536
54506
58687
14385
62841
32125
9283
29822
8521
8860
18737
11295
30604
48702
9332
43943
37550
90173
89683
51080
78253
61406
18002
58109
9725
50078
35069
93087
65992
90377
15273
96261
96613
19632
51775
53110
86496
89902
24677
45477
3454
65072
33205
71008
95464
11584
98923
40746
95075
63736
76465
6225
32160
95336
50398
17334
26985
22072
59816
92626
21224
7286
63093
71667
63354
55053
55660
54985
491
56378
8298
72096
83720
27568
26591
2676
84669
92055
8130
47185
21624
24414
16368
93700
69970
46033
49967
71881
70629
31599
71530
63240
46190
91827
83494
45341
28021
34315
19633
60977
15239
27232
70726
52396
97690
18515
74207
49920
82916
17204
41356
47975
90635
55263
85224
13908
57755
52283
88438
30406
24689
45722
29303
82847
55482
53544
85205
95138
31566
18585
47508
47890
63760
85574
94182
64729
59545
45476
92780
94915
85306
88769
87845
63673
11245
97728
63057
68749
26229
14528
63043
25145
7342
94393
10764
18667
27501
93078
3360
74600
63362
84114
53248
13428
78764
47952
10969
51930
66559
29089
92855
66987
16467
59900
12605
45586
36722
79104
61770
32804
18517
14996
38025
73415
47558
77475
85151
91879
66055
46019
26752
8931
2354
62918
23703
72079
96102
27008
6560
56195
41970
63852
23189
36726
46640
53958
53372
93969
76597
24427
40225
42745
97881
24025
84707
17694
78378
63324
50766
97206
79413
54432
19094
4503
80478
43005
71238
50658
76417
2382
38555
74934
78809
7486
16540
88361
36291
30499
87762
62310
15283
53353
75711
31902
60683
70206
22865
88256
68822
54653
33140
72173
66393
39820
40693
14908
53082
19642
16144
36043
60593
51701
8750
70101
43895
17627
52181
78148
82795
98117
99315
31125
7023
33135
90060
85075
4339
29374
74332
55195
32233
35422
26082
56198
86255
44118
64786
16767
3498
90724
45923
14193
39449
97243
10029
56404
49097
43399
86676
20298
42937
21969
31542
10635
40301
20469
25632
93324
46593
64108
36178
20321
25576
49124
6909
20100
16581
75946
88671
36081
95102
27952
74600
58111
35410
17636
5054
45223
48234
48737
1590
26599
43626
1308
90544
21817
65472
45195
69727
62602
14389
28208
88349
27177
59185
93598
43570
54191
60958
85906
77647
72086
17248
92509
50268
22641
18974
86369
59736
58885
51213
19578
50481
3580
70865
90329
10296
42828
89001
89641
43954
15478
36016
98881
32504
75012
89029
53831
8013
73866
25720
63051
64597
47652
70023
38816
65305
42283
34047
14885
77959
21380
24128
14164
53966
