14159
71498
31493
87405
74981
63445
94208
5919
86662
82063
93207
69282
83933
16098
56982
68240
79994
6938
14431
45818
45987
85898
40161
60915
74116
31504
81486
88513
90908
37773
27703
2249
8567
84114
65343
78774
15666
96184
9559
64605
78738
9588
47918
42228
14018
3354
69869
50988
24811
88914
28811
10722
6305
79103
43286
93166
80991
66847
54918
79401
46992
70560
58758
21134
87549
92317
18990
63437
47358
22939
37318
92043
21698
72381
71685
73758
14729
45025
15460
41726
62354
58937
29290
62259
62923
17536
31235
50550
66901
66078
45463
78693
44487
79520
43733
6446
44609
29292
92830
49523
11925
18650
39379
21481
22348
91049
10451
54939
38633
84084
57090
83275
50439
1782
59018
81043
40182
25158
21697
56563
33814
95403
82815
22437
98948
64557
76762
899
14947
4559
22434
36573
61001
4584
42809
73173
87431
95663
56326
40364
76083
84654
32453
26006
69770
88480
41703
83952
33187
63084
20109
73548
84672
33450
77263
21536
51498
96719
983
36196
24888
84373
8038
6118
23528
22797
40707
