21798
46574
40710
97467
75002
14149
7722
84894
65993
8183
29511
76170
54987
31481
93405
3132
43158
28871
18362
4452
35410
26716
2042
22957
28251
12008
16142
3058
94586
53070
27770
22577
40404
48093
76833
83445
19583
28609
19012
27674
2863
19074
68594
25993
60335
24113
67722
60556
28637
93363
1474
85839
44921
58086
23317
87480
35739
43582
62286
6051
254
80140
66885
1157
57104
16337
66848
74917
84757
69712
13375
85604
5646
95953
27439
57168
90725
71867
35654
19970
30698
26868
62315
92592
44162
18400
40310
75625
83362
15470
10267
54929
70672
51612
11269
92794
32756
18685
34508
65353
60017
80920
83614
61803
86523
43337
42664
26588
62015
53782
93482
99643
48450
75381
94704
38959
73364
86091
84290
18321
25231
44314
60983
8233
72386
48724
79130
91281
13462
63040
88374
50738
31663
51391
5248
3971
44538
21715
64578
21850
22900
71541
56558
34787
47768
8670
22318
95093
73973
21231
25637
77526
35347
70649
61218
56476
63671
92743
76627
34272
90513
98098
85534
26046
49523
10990
13037
20103
58657
9939
47321
93327
98494
30642
81752
66942
64959
33176
73875
75699
34838
4944
5994
41869
75601
85991
94741
59003
28320
66620
49260
96155
22976
44624
82405
30127
30126
24112
37322
54633
82007
50384
80251
26461
18926
79640
68149
46802
75321
78453
9783
24517
49919
71619
55562
632
32374
94405
9572
81025
40577
61323
16555
41538
4814
9308
44338
62780
13585
18459
41981
63054
15049
32311
30852
18621
55854
6468
16574
52057
98100
6071
46972
35691
38262
60654
78489
27251
90392
60738
94833
99696
38910
50302
1444
75021
31333
5431
79589
9212
32398
97937
76854
44799
16568
59744
83580
90178
76937
39572
70869
59997
33379
90287
742
77034
74840
97246
53953
59625
81727
33804
29687
41148
62028
78649
10900
636
92312
37092
86254
15463
78636
94565
93638
23312
92552
74446
79949
57241
12398
78598
61876
13073
11262
86562
4588
9844
46943
49256
17500
20820
13377
32037
32498
77889
44537
18463
97474
