93879
71645
94303
3805
62253
53879
14688
57842
24126
74259
29630
77531
24477
75596
96871
47638
30077
87540
39533
17213
89701
54673
60593
47459
15269
32015
55524
57786
76303
79966
38117
19462
95765
73001
83352
49918
51974
8866
6834
66409
1912
43912
3740
58025
95275
30856
89675
21662
69388
71799
79423
19070
620
20303
28111
47719
84265
20
46146
53296
12190
78037
29377
26893
89289
28698
21438
97405
29884
47305
35329
55306
1194
80153
94962
75382
7401
98484
69681
83525
58962
45290
69236
5975
23189
27865
19555
57613
69693
94902
71006
60514
29592
43354
38582
22973
1487
98732
35833
34060
24206
21870
63526
51233
40313
26883
16410
3649
31037
20503
87656
79736
71507
80463
90819
42243
55921
39080
96971
38590
60970
88925
7330
823
39266
34476
17247
74101
73391
38924
73866
17824
67730
9946
61400
14432
52789
6694
3555
59834
96695
1061
34144
46288
37820
21868
23072
71868
43085
1945
2390
69305
71530
72443
8320
32562
64319
73060
80234
49375
28767
77692
27147
48975
493
1448
47576
78708
95695
87367
34441
37327
34458
27983
97991
74001
92455
36939
20610
84602
66353
62451
84593
953
21758
75076
64257
38623
23006
51564
19015
80345
12716
16210
46386
89673
89973
20267
23605
21577
31419
47292
17834
33326
4851
38851
46709
21488
42223
15886
90493
61415
74579
16251
25362
50482
29697
12462
45288
25787
87101
55804
77525
15513
27585
6208
45311
24937
6369
56160
55307
17558
99362
14567
21076
17142
98351
30563
53874
31886
1195
95380
1725
5534
11233
97145
54777
8823
90270
16447
14263
9267
47742
70948
79598
67224
1417
16026
47826
95664
71167
62319
54894
77034
65690
16414
75772
51755
23547
48620
29826
80409
96602
29182
58623
50957
10723
18837
84256
42968
37890
94615
42399
78054
9696
68468
7353
83936
58688
46163
45721
16414
66416
24636
48506
24116
13147
58493
64171
82188
95631
12537
10690
60449
31376
18923
35197
43972
17539
76412
12969
71942
86371
84513
54907
95423
22436
78448
40781
95303
4473
91001
6658
3174
54107
47854
56953
74169
17810
22993
44389
29610
49618
1613
21562
90183
52818
90507
93392
94082
84685
52868
31229
45669
29000
99157
75046
64944
72433
34616
77664
55313
25110
17951
94028
82921
11071
79281
27087
48586
58956
37911
57628
25395
97517
8090
77625
772
77892
80284
91005
73661
85028
15708
5767
23994
61867
62066
15948
32990
42024
72554
73236
32794
58563
32529
888
36152
97485
67729
82581
86909
38181
99145
72944
25177
49515
74666
69462
6555
77874
90710
19149
27859
21874
34478
59666
82605
3113
30908
65739
32823
40140
20939
12058
62991
57349
39548
69541
33757
48063
70171
29576
68918
73965
93429
13556
42613
78695
81663
57705
17892
2843
82435
41635
45347
21154
33994
22967
97549
45366
41549
1656
42527
24917
63978
48928
4746
70534
25319
34813
80277
68305
63680
31466
36536
40850
47560
10485
24693
10686
98177
11502
18495
47828
21617
3085
51809
22190
46299
21934
35180
62718
70356
39068
94911
22282
93884
51547
29349
56344
50774
40989
78503
59852
93455
50913
76753
41990
5927
16295
60832
64202
4200
87177
34165
99302
15522
77730
66600
4492
6662
72885
34878
73339
61948
25397
43491
39982
56650
86840
72304
77920
59306
32325
79693
62597
27072
87416
50889
59387
81672
9744
76197
96319
86818
4202
21667
47506
3074
78386
89499
63525
39526
99246
68004
13408
43693
33782
55872
9696
56100
51342
76405
99752
67376
46415
76514
24389
454
46792
14133
31396
67054
33320
2110
63384
62282
46017
87038
7271
7586
96959
43081
41791
63491
60117
49020
63626
22326
33529
6443
97097
50227
37357
38707
28750
95536
26809
65900
45939
77008
30989
26202
64921
93344
86159
20428
35413
65326
4258
75134
41083
59345
85603
83561
70006
58100
54765
15025
25250
66339
27966
20381
36578
42751
95707
93765
48991
60885
55738
65569
89652
34618
12765
41754
41662
1387
14915
80560
20289
91196
75258
26631
80825
76166
86496
91684
88988
72370
83958
29447
12107
87772
40845
55307
21962
2517
18121
57642
51991
84789
97866
83165
4043
59421
53647
25377
6638
61505
74660
64106
97470
21267
26092
19706
86879
26069
29205
43169
20715
51549
55475
42634
36900
60995
8816
67512
33086
69226
36084
40346
74214
80089
6251
69364
64486
79392
97927
96617
95309
3800
76531
20484
69596
62947
24574
14289
49949
72287
90946
84307
98616
80116
66642
19211
74246
10995
90497
36439
8968
24430
91394
10495
94356
86860
10349
29063
46669
45069
54808
32418
39294
94791
4333
30048
1952
16928
11678
79860
71259
3562
78360
57572
90306
15201
86440
43321
84356
21891
8354
6176
10808
51697
40892
45400
16826
99931
87297
48729
73041
65815
23966
89435
75562
29598
38831
20674
54542
57909
39366
6530
50151
66435
30444
56041
46476
8401
5526
75418
3519
55576
40300
905
20623
6697
58859
5843
3898
22894
67445
11897
55079
79959
31476
11868
68765
98034
3525
55837
31442
34007
49869
27946
79308
80311
36128
85362
37726
41962
42396
27717
24412
92839
99033
91448
22680
78715
27294
21580
89057
31025
22108
70494
62620
19986
97378
84925
84746
74782
14839
99406
52677
15644
32881
21615
75108
4214
33164
72078
79062
56090
78216
28992
54418
67807
2355
80353
50435
34054
30998
72584
81942
57487
48900
32454
38554
64306
50492
95462
69663
90453
89718
43911
89476
77792
2329
57532
8275
80964
11755
69306
90005
67392
14683
76201
61383
26218
29049
9538
7932
20271
83803
31321
94197
8915
43765
36012
43814
58935
87087
18428
10100
54971
77355
69346
69399
52319
3734
60312
32834
