71536
66510
456
79613
17848
62316
16380
92733
7458
44981
81473
75496
21695
23234
80145
50137
21226
33157
61252
25057
31364
17155
25250
60964
87816
70648
35667
38212
14535
83522
4701
20111
8656
76343
54487
27618
68642
24302
43570
55992
27802
50689
13040
61827
99760
17472
57039
28744
91812
30195
77444
64011
6254
21101
34495
35054
42217
14267
90698
6349
15399
13163
37391
18480
82329
60001
99259
96465
32982
18653
89785
64299
47305
35492
91293
17786
20074
76520
29731
85932
18867
99047
25135
35804
49151
53314
25075
35191
45630
79465
17734
44738
85221
54714
45386
80308
96436
38853
83094
14357
243
88622
18823
58881
75591
22547
38494
50817
54156
75295
36988
44615
19547
26062
16779
2841
50263
42403
54110
93925
40988
69337
15946
4059
25743
53040
18886
11977
97828
36810
45351
84920
98664
90650
11900
6601
45832
83557
89150
88597
93941
17052
93816
11399
91221
97448
53691
56566
82343
95458
13612
82583
22201
20990
76905
1576
92314
67862
27065
77789
61629
68957
31677
79223
49185
28264
25067
95660
97868
18854
82129
97494
27573
10363
70009
8475
37199
95366
64421
82494
24457
37167
52988
37856
26937
19934
28293
18623
89501
87423
63856
88976
64452
11614
91779
75110
33511
5411
53920
98237
10411
86242
26399
80827
10111
44804
5327
29798
3536
41323
90177
55705
3859
64751
33918
42418
97806
78110
52830
79551
62356
89518
86892
38934
46583
98966
70465
67979
95010
80926
71017
36358
60079
10414
27340
97096
42175
11279
71953
69496
84602
61599
66399
29918
16863
18938
79267
89358
96196
18369
19098
79855
86841
84367
17111
73790
49774
33835
44390
36939
21601
50439
1545
73423
86202
43083
82313
87236
31111
64214
12719
61619
2324
60631
86308
29225
81014
65033
68735
89181
19078
35680
54761
33596
27179
95205
56805
