91733
96954
46927
81681
72063
30460
24017
52958
36877
69505
38732
53645
82054
39751
81563
79260
71233
83206
91683
66794
70664
13943
35269
44053
85208
36426
98631
41144
93876
21280
48635
83560
48654
96708
12324
25736
29673
1885
80846
41661
80125
13591
25336
22016
9332
41252
1703
37501
59901
32426
78189
82763
56427
48075
68840
63714
7778
24102
76643
4917
51378
87987
49205
62991
64730
79684
5357
40832
47568
48683
92651
38345
50475
8827
56017
52252
79016
83163
72027
25174
96715
41823
2592
77578
10428
60663
27941
99163
80745
35386
24549
88110
12310
86710
81472
57499
63707
84358
60031
5149
46474
58768
79722
50903
98521
92481
79246
39246
92705
40963
43043
97321
13325
57573
7660
52863
43482
83451
8809
51471
48610
60234
22307
7069
10148
58972
14868
77414
59856
70789
15258
39622
1537
38831
17703
22796
30127
35776
68089
33243
8296
33397
95126
37053
31014
35072
40971
79949
61540
66107
32600
98395
62118
85546
28168
4977
47361
73752
6945
32914
70086
3837
98516
96817
40245
73152
28680
13912
17323
52157
78348
45886
82519
53569
9398
61638
20073
68522
11265
32852
24298
64206
70744
60912
17295
80318
62407
34418
54040
15975
88497
12292
84593
7156
78611
67854
90353
9934
70059
39127
87192
90677
50307
79960
35802
12804
91828
93962
63980
74580
33001
42537
96995
32710
40904
61739
10674
93368
85973
7258
86662
82506
38243
36542
43529
70726
50072
30964
3734
55117
18049
52036
44954
18534
96944
86845
55146
18559
17201
89839
74178
67480
99042
38329
71275
77160
89512
83987
27480
45565
83571
33719
5012
33576
96083
10152
20285
21361
16188
62585
29156
7211
1257
31389
50664
82260
93125
93813
67588
16372
67732
38522
19016
5023
30285
93157
45442
24431
99663
80171
91379
50723
78938
59444
49306
65643
31460
35463
9238
58187
19222
55484
84173
45184
81005
12992
49893
22387
52291
32942
44127
21358
61759
43575
45261
87277
11674
14040
64768
13924
22479
91661
87340
79390
69943
96410
4036
46120
20549
53811
66275
50038
68207
13309
76622
50990
57447
75183
51884
90045
39133
95119
9926
23259
11141
49283
81882
41788
6291
29345
83085
65002
46249
92214
85573
82199
80376
27796
52124
26137
68400
59997
46886
85048
48848
69567
71262
55112
38847
76467
43533
33334
39223
97984
58926
39739
69646
4259
94804
21851
46641
65114
34181
58233
90631
77573
22753
95439
83761
25193
2488
23205
2531
38231
26394
96074
61098
43649
91321
86833
50718
85766
28383
19065
27551
44053
70143
52492
9504
31370
23495
68640
97160
4750
38931
99822
47526
53104
87577
57488
77891
74730
51789
96126
26892
64078
32329
41135
39463
33336
57870
99918
64167
19542
40865
96420
83306
84928
38257
64408
66232
19679
48663
49082
443
59118
64283
66893
28619
81523
4613
42895
22143
54065
38331
4153
6867
14150
10784
42475
58795
32115
48055
33002
58841
3357
34157
54995
69171
24555
92008
29063
49603
45432
55683
34488
20454
60693
36656
68545
2245
39827
48258
57116
17068
61192
15779
89206
37093
481
90626
95794
58098
24303
56801
33776
54160
44602
9331
34227
33386
6162
75544
20554
40422
55515
7456
11619
88498
32248
79645
49608
44716
17754
92486
64299
39313
9101
67137
44272
58172
75399
87772
29281
21378
90661
92816
7804
