45854
49710
58259
32472
48631
25701
55555
84363
41225
43934
73890
24560
73427
42981
62891
74486
39807
10694
35006
26114
93028
65680
51060
32228
46947
17695
89153
38242
17051
74976
86793
73649
80715
29673
99911
41246
195
79236
83313
94353
33841
60220
83052
4809
26525
3382
47484
41815
73008
1186
48625
23507
74579
16745
25396
29177
70522
30075
61613
94305
23462
19406
56646
14494
2757
40123
26811
98369
30453
5684
41062
11086
17104
57933
56435
81570
8890
23693
3078
34871
63484
44938
46854
46780
5929
57927
49788
55592
1846
35941
43765
43727
610
59101
78521
67095
38171
26849
34305
51813
96188
70318
92455
42853
10562
19981
22391
21374
30152
47867
71940
51439
18208
12792
94019
28979
41703
75956
54184
36686
63136
98539
95968
72671
49067
52329
69236
10993
65220
21998
6019
67966
66323
59909
59062
25368
54678
44887
88361
37954
69127
78332
79599
75046
60284
67987
22767
43239
98979
78709
12290
65861
97771
88394
80494
18521
74916
78179
12199
27102
90169
14783
60756
86441
71374
42094
62488
2156
50510
4323
69011
27809
79579
43105
48075
79457
94725
86400
83008
75401
23054
67401
67975
14778
73905
85299
67992
9849
37900
68277
86997
6787
80936
53805
80325
75742
59437
25830
20266
97415
4060
47088
82897
5720
42618
60636
82304
45428
84776
75821
85116
98769
58933
54525
68616
89721
86964
52540
11545
44977
3549
58969
63988
10790
42974
48686
35618
20263
50375
35647
7979
3871
68072
54117
13082
69583
38169
93533
51634
88837
30843
73635
39405
64514
47691
19322
47796
76332
70774
62196
91552
54567
78547
95637
21298
51872
80931
54665
25391
45322
8889
96853
54774
59738
85263
59867
60637
93157
35725
7112
40093
20165
7573
90999
68342
81013
34888
50943
75282
28095
82667
33454
41257
79724
85098
87117
32132
21670
99309
25387
78892
2989
43316
86590
78151
37791
40460
89035
57333
68956
3128
81987
3210
56044
3291
20129
97926
91916
80559
11684
65397
87207
40812
3244
30539
60940
79928
2586
77531
23421
31146
65711
75736
59778
49945
93217
38363
52614
64602
26161
78191
18044
68238
43549
1228
38249
41479
15345
2444
76907
27360
30401
34035
4059
26174
770
52741
83602
53301
1460
37509
90366
27893
92229
42866
26444
32022
88480
34884
75077
74272
41223
20015
94410
94698
38622
6302
23616
6136
29231
80880
13515
43766
56593
35581
98692
53472
83158
85179
63495
20013
47174
37837
9381
61028
66786
43656
5563
96542
23847
85202
44855
53893
56633
3869
31496
38571
42731
59921
57039
31565
98031
50354
74952
73324
19146
75983
97341
53480
5535
28417
88358
86263
75190
80739
41341
717
56754
43000
89201
58409
45868
85837
19095
22845
52437
79640
63686
43955
29164
56147
25905
73991
25078
82957
20750
38744
59490
23187
93135
68007
56753
26271
27177
52032
81213
95868
93837
64980
79106
83573
57621
8263
76671
67720
28019
99747
90918
1146
65879
87793
84209
46917
16459
30431
48746
44543
16914
77079
29429
97242
98942
54204
80796
90299
2221
33236
76013
2778
604
57334
79508
55530
64642
1183
86111
25963
50386
11221
87260
26989
87538
94492
77783
54389
85570
25310
71655
59391
61911
917
19760
6794
82920
83262
46595
8014
89479
17299
44547
79881
11736
49807
83418
64642
2752
59437
24830
9736
31053
88577
59435
99914
93422
83709
46555
28550
33862
3360
78450
66800
66371
63248
81634
84788
89201
44524
97834
41994
73763
93769
18839
22488
57678
72132
83969
23460
81263
41466
94157
42015
32607
19736
2906
43823
15003
47887
21960
81709
32835
51969
9558
50150
41596
82121
66991
74419
18297
16652
74624
58456
40502
98928
18713
824
55076
40808
39999
47366
63210
36480
3988
24553
46469
89599
35595
35504
2787
42358
96062
54224
18448
51399
33759
67608
59489
2746
55892
53586
202
98080
71472
85609
90232
77444
56399
72604
19364
51377
65640
82513
58675
26872
22666
33089
19043
53028
21584
57493
63214
12848
36572
45727
8590
79024
17439
92167
96811
48757
35869
29145
31465
28149
84958
40896
21004
11321
74024
85166
40073
84469
30920
60792
96504
89345
74719
56811
95209
31500
13340
2142
10925
16938
76646
46511
95801
76911
99468
1196
1427
93593
64011
93653
79495
32123
79018
20580
80500
25341
94726
8537
90258
7294
98415
12636
81617
99296
14300
46900
20724
98880
14874
86145
88040
44408
49812
68299
57723
20275
49442
51904
31592
53439
15861
68605
11713
65202
13969
81218
80377
52025
66809
29093
57478
809
733
25768
78240
35379
93530
841
48052
78986
71874
39865
85083
42245
90972
17909
99846
57341
5764
75744
91943
28572
289
63142
92954
28380
68597
66665
96453
27170
43131
85506
50050
60710
21976
49610
76556
26631
70497
98902
89713
56969
49340
33826
3879
99570
12570
