70932
17121
58115
14606
74824
26431
17637
26462
40535
55472
94445
79817
45662
24764
99972
70002
87297
58704
4796
9236
27694
48000
17147
83259
84028
16013
27167
92957
83592
88770
8847
97943
80372
68816
57045
33308
89276
19541
26665
47409
88571
55993
38658
6754
13182
55425
1192
35761
12625
81995
43855
42712
33174
46460
38287
76077
91131
82194
93529
92425
26544
23218
10194
35594
6891
26942
420
62908
63758
47456
65691
40127
95809
9198
95855
73520
10472
11480
53033
93506
97692
47201
86508
94549
27377
15682
70567
75903
65595
12448
21624
25723
22640
6467
2134
77993
81840
42444
44696
77889
45650
23136
44549
12326
67408
89474
46864
17606
7539
6414
97949
72637
67801
88190
59714
82238
29389
35646
83558
13896
50543
44650
6364
63650
26035
60410
71341
92717
35910
30961
45850
75329
9965
83932
91914
52601
45552
67625
43069
42963
59137
82468
88286
65236
86096
69760
16198
39834
70676
5427
17715
37229
94526
39317
85459
62952
5354
94726
5841
75489
1261
93445
74326
50177
92426
45407
29287
19021
82413
75936
18580
77948
26874
68096
57335
5696
33583
22290
27985
38393
50985
80491
64111
84752
83298
38888
69439
20215
46499
89586
14036
5951
20600
24043
81784
94828
22999
34355
95949
59478
22476
40787
91718
44795
44085
9363
69328
56115
99892
27172
62451
86536
61788
38560
57903
50362
6188
4183
13672
88315
64590
36283
87298
75083
73928
64496
44826
69999
33037
33525
44220
79604
58992
47753
66233
49948
57905
77106
83967
83133
67040
7239
70026
92443
35920
98832
13020
29443
42511
61683
69397
17278
82752
64164
64464
17372
72843
41271
28939
69192
78513
20012
35365
60469
76512
3842
74302
56140
19942
57569
33500
27089
78571
6528
13021
38013
63236
73950
45425
44127
21163
73314
53442
79009
68095
37696
37925
93151
31515
55157
4105
1928
5254
5638
59867
61534
67386
28094
68420
95220
12887
98890
88895
15708
96819
84228
76060
3908
90061
9367
37096
54976
61936
24529
47236
76026
25823
96032
53411
49617
89030
82494
25701
51676
94236
63228
36928
34445
8387
58114
97630
3590
40685
76178
87943
8579
92179
97442
46264
29424
17007
26150
90684
83103
73687
20227
50649
26479
27745
2912
47436
30627
31187
45193
33886
11606
70939
31659
87338
47376
27773
68399
41538
15011
89895
22511
38036
56020
382
36412
55893
70339
43685
95711
66214
20602
50473
71740
98441
38630
36039
99225
24442
80740
56821
56156
92962
61232
96244
15886
90712
44473
31527
58456
42845
81341
46947
20674
65588
97190
25157
99465
44553
83535
24510
37815
37494
40487
42009
27742
44914
47195
90707
66791
13749
71150
73367
40294
1854
65224
90182
36923
50411
34541
21526
87703
68657
88320
39315
45930
31352
20675
82234
64911
22116
2426
87192
87828
83707
15180
33019
38807
12577
74425
25108
78619
98259
86133
81376
44421
60114
7048
52775
62106
84603
82305
62771
59359
21653
7940
57689
50594
688
64942
42625
72951
54793
86287
81089
11889
24605
26645
10710
1383
59427
51333
27434
70030
48991
62210
25085
89551
39118
32111
82558
6406
73460
6268
58424
7458
57482
73628
28315
77688
59067
1754
89799
3951
5376
52745
54577
43194
35007
43825
49887
24962
30442
31210
29689
74959
92121
18078
33606
1825
74100
65130
13941
8006
58477
85189
20421
10510
40611
23362
31812
55465
67795
95869
13656
10734
702
6759
97205
66196
26569
28387
82028
96444
86629
26992
51810
48576
86492
18596
36505
27627
25563
35878
83644
66327
30572
13749
85825
6717
271
70854
3792
38654
45579
21754
15302
70708
54097
74355
48342
62023
86498
19214
25771
16331
69256
51313
88632
86028
19031
52133
78102
24477
72979
10631
73219
57474
30174
19581
85496
77339
97957
99290
4362
22435
57204
94611
80216
44557
47610
63845
5268
43719
65691
26555
96131
14009
50659
1851
13348
31412
33726
25606
46739
16247
66577
17539
75882
7861
17459
35755
16168
31369
10499
63296
90082
62073
32210
39986
34645
66128
83825
93405
11039
35785
16927
92593
59194
49877
55893
59067
16115
48485
64159
82506
27348
22786
65361
83878
84802
17880
12924
7542
69525
66056
71713
39003
10083
59009
31203
22920
10143
73193
21248
16399
16814
82037
56890
16514
40582
46435
3155
24976
70866
6292
47385
77687
35268
34803
20693
86498
20037
63547
6010
19248
98428
23136
35119
35600
14114
7792
68897
15579
28186
10203
81639
54635
24496
95345
12663
29757
18811
52854
82780
39122
11365
13121
19262
39885
26976
70521
9469
48924
36610
89397
49825
80901
55430
87734
88547
67356
14096
11027
40122
19609
57295
22435
55835
88652
24843
26648
66621
67883
77167
10279
56749
48768
21614
68088
14819
55191
62909
86851
49700
79195
87343
25540
48279
991
63867
74520
22870
75913
31509
60944
52213
25060
74968
53636
29181
38443
93926
57962
35337
97212
78603
38051
9826
44546
65891
87943
5292
46306
43204
13207
67186
54150
67413
67502
78613
2668
49356
95774
21034
7458
49027
73356
47886
97951
10618
60147
67499
26398
61471
4007
57282
17686
43144
95576
95284
89846
87765
14859
25762
65289
82022
97520
62140
51281
60008
23970
64272
79354
54371
88990
827
7967
12640
47448
42553
64031
28349
45619
95971
35369
24595
57686
7170
15886
91055
5826
27040
47332
78052
71753
7500
54950
18768
36737
22548
49900
40835
97794
66132
38683
33837
77669
35614
55433
30799
27839
87884
19907
75861
50629
1426
81946
22627
77373
62233
21197
45852
13486
61914
64361
78227
19096
46753
47764
51656
56379
34758
61896
58631
86071
52791
37999
28401
30000
5489
63459
27097
15343
60915
71634
7717
3475
4688
97140
83920
5150
66363
35748
99528
18482
19899
33459
33727
38151
88661
76021
36872
90147
45561
15676
69716
79965
