37817
77467
43432
45071
91563
47026
37447
61675
32558
84285
28175
33526
55532
91170
35363
34788
74722
11659
51488
40280
71062
94776
42592
19722
64241
59513
4020
74520
25225
55633
93153
68769
61876
9879
30692
24028
29470
87537
89701
50348
72811
99960
65208
24839
58677
60931
35659
769
26822
96217
66277
81551
78803
7017
39647
31717
52818
90921
64894
41162
93142
89533
36066
39033
8830
1863
13768
90555
1497
75781
9983
88781
99223
88871
2029
3948
53712
6034
26041
64349
72090
84758
84854
99537
55220
56058
40725
47778
74387
90293
6621
86002
81442
45553
95526
48977
24815
55127
91116
33991
69884
3036
25586
9433
48040
86159
30694
60377
17265
69774
52642
27951
63064
84566
48726
13206
59425
21278
9173
70032
86621
82742
99916
33518
30718
65985
68368
20079
62649
16243
98064
9434
55770
92879
66511
23245
78191
13864
13903
74747
36193
87270
95379
88818
20799
64696
7884
1940
13749
85471
61211
46913
39867
22714
41699
19161
37069
11104
22587
19801
96736
88710
99365
70031
76768
89821
68375
38868
30043
18263
43899
97290
96405
31357
7295
16163
53495
70048
63659
83674
68231
22618
31941
27053
63101
9099
32681
62314
81303
14056
33284
83362
12159
56630
58318
15799
37793
69639
88216
5093
8375
65945
5622
94952
99483
56153
42184
70371
80034
85563
3426
81065
15465
19945
3622
80770
62170
51137
28614
248
76763
10547
61580
39241
450
78748
71990
96486
79347
41852
83363
38672
40887
71347
93124
86812
93884
51852
59324
24951
38129
18910
17909
94593
69178
43473
29774
98573
63168
23943
9142
49205
62509
62002
34394
52511
22370
59682
50735
74584
93689
73394
85102
59969
64787
49373
89926
42494
82374
22504
23418
85114
60441
5228
79702
13053
75282
21930
70350
43142
62548
18969
10944
30071
90396
39892
41712
40802
34614
51588
10863
74860
33307
73423
76600
72526
5701
15252
32264
45084
98387
30383
41495
79387
5956
9219
52727
51967
82001
52983
53015
91547
80441
31539
55387
62440
257
30891
76288
26112
57344
58596
95276
54548
54559
38973
3335
58226
68880
23123
24118
50525
43507
8506
57623
32124
95926
81666
14675
47222
31787
26068
20739
58744
82440
29700
61155
94485
48739
33030
13894
10204
98892
16534
80870
43694
44763
3387
23963
42235
23775
76144
3344
14571
99275
50646
77806
41626
91175
18804
38071
36424
55907
2665
95543
41941
78841
29152
41502
9988
69106
24155
68534
11793
7212
19423
43750
86179
55080
99160
19978
62847
29267
82620
54203
65690
22365
83952
38481
35243
11549
4495
48430
37444
98242
5630
27586
22991
1789
69431
89851
68948
69491
95332
88974
29850
83055
60648
82877
69556
86852
69672
37321
41002
8946
63716
41044
12316
1502
51440
25243
52111
7640
9582
46172
98370
42589
68181
82676
93983
25982
76048
3815
29198
25898
58499
61401
41898
58350
52453
44465
99902
90168
94736
74097
1163
55600
45709
10946
78557
66993
14862
79281
33837
86776
92987
77787
16092
55798
68793
61024
2842
79928
10081
24961
15517
88650
90342
29155
4995
62911
19522
6810
55854
5776
75482
80987
7560
56173
69085
72244
58736
42921
58167
87319
22040
20303
35199
68340
60444
53582
20155
42734
15795
57924
201
84782
88770
12164
43656
5905
44741
43800
28211
26782
22408
12481
70260
16748
84652
1770
58416
70225
42366
34302
98254
4177
9732
74412
96989
41476
65448
43816
88494
65850
13048
94057
56997
20512
42748
37774
51055
58396
32607
12645
29671
65402
77986
60771
44938
59286
81404
9423
77797
97269
50363
27516
44658
38176
9922
55312
64
83877
81436
56633
2635
87989
79613
13604
42527
27175
12628
41063
25310
73882
95047
7183
32746
45317
22579
71817
88161
74354
21612
34168
43200
37284
19101
26918
2480
92533
55545
22847
82739
41339
65252
53806
90803
78533
63842
66628
89046
39972
87396
11169
24923
72572
75201
55275
78710
30569
59212
38439
19909
5097
75807
42912
98840
41026
8890
20918
59780
97226
26146
25675
3924
64760
80504
79422
7685
65755
16801
