16022
74155
77848
56026
5164
3779
26627
15898
91292
86985
13647
65092
74544
20637
39303
40844
49383
61011
84852
65838
6118
21782
76718
65161
23713
34991
86699
7394
67708
39008
96394
44582
71138
70712
13960
33203
24572
68612
29648
81825
79451
88326
43323
4211
72722
5738
39157
1119
16839
7195
28845
95600
96216
47116
63891
81414
85632
72174
97735
82895
62207
79364
19483
41704
6310
49802
3048
29402
42821
72963
44623
61645
39298
62571
501
25501
87288
864
29608
14461
47024
18015
79655
15663
47736
73680
1657
53158
5847
78248
79268
15762
4690
30726
4643
36513
55134
12900
6665
19861
3603
69845
55229
14016
67904
29995
9998
31444
59881
87491
8019
84914
