77513
12769
1720
23656
76050
29822
2960
51264
61157
40377
99484
78201
84135
10561
97456
90871
11454
5746
77375
97923
33511
6120
58089
80518
18249
1674
42206
38363
47370
21128
95037
36736
10718
43687
18950
93984
41728
3768
30604
41534
47027
60590
5758
81937
66859
67621
73945
61757
26248
46906
28212
52014
73932
32920
66555
51770
65276
64206
82491
85979
5323
68301
92754
70262
63304
24029
44470
92862
82861
99193
74499
57135
30919
36956
98170
93337
55741
14188
55006
57123
30845
4938
3710
61363
94085
41550
6435
59501
97529
15747
56603
1225
95978
40116
13197
3756
34672
19315
18906
46267
84526
82499
14299
25206
24283
12044
28439
61915
76967
46141
72591
94522
75955
29217
31141
82159
4615
68479
92868
76743
73883
13699
40656
93594
83773
26566
82934
23706
16291
92528
68156
58752
18148
8100
33001
33635
85914
7215
72246
