10150
99435
52080
81370
35172
24128
12355
55584
64239
33319
86508
90189
60830
43519
2441
24550
5325
8597
93979
57626
98700
95814
87218
30293
25172
64315
1686
47681
57761
60620
13421
72641
35006
29482
93738
2648
8210
81972
65086
60995
4637
39486
15404
95921
91658
38036
57093
34215
29901
36826
12725
62990
45526
38565
52140
96871
49874
10422
63980
75877
28813
46339
95321
12240
22441
57031
98561
52781
64585
53554
53954
73464
66843
95137
14850
80179
25660
62939
79495
32542
16288
45466
18280
28388
9039
25425
9517
49654
4482
29998
70393
55941
63910
7096
59686
5368
26727
98883
64099
79909
92154
78549
36075
90206
40131
72027
16256
9402
29558
70770
89311
6435
53322
61598
40907
98191
34769
49594
3095
17390
67176
88102
82777
91625
82224
93302
79884
68969
19882
47335
43731
63178
98488
38587
7978
86022
30376
18375
32132
27512
92267
84763
61215
13732
96350
5393
50661
32558
88708
73335
1653
84587
11209
91097
24405
69060
49989
39913
95657
45194
56388
82750
36239
50789
93146
55037
81047
4457
18704
57089
58367
44582
63407
50838
2583
24467
10371
2621
63682
67143
38389
92153
58321
76663
28248
58866
35100
16239
22592
3696
29207
75521
45317
21707
31660
89289
26592
24619
64011
7132
79643
13411
95601
18700
81491
69103
74973
32457
85709
66325
97000
16638
38991
97655
28824
35943
82392
9018
63998
89233
91392
74472
12760
60001
97930
48193
55639
93998
72631
63134
54425
96379
78834
13462
63073
27676
48720
12128
35736
2980
96857
27882
6830
96820
94211
52508
78500
98305
53980
19537
60385
53882
67096
48025
32924
41406
92331
50138
39932
21624
33531
44738
98340
51508
66588
15522
74155
80139
43983
95285
4808
14320
83358
56545
22799
75778
56233
87252
1867
79764
56644
92259
51287
63161
18326
93540
79823
33113
14855
58280
80712
75131
86757
76636
75698
17803
12949
31011
89859
7706
21319
2130
9945
39693
7530
56989
86421
26900
98428
23154
37656
73494
69011
33158
72503
23782
89577
72587
31430
36689
19153
6562
92182
52720
37122
96499
483
20978
65104
73341
98843
94533
66981
16703
21406
60443
40624
46194
62564
74638
8484
91376
97716
60344
69037
66098
79868
98998
97575
90627
15699
50769
57563
25141
33797
20641
11991
37513
60495
11705
20397
14967
47106
81501
45875
5837
14308
70373
26639
6242
8680
88466
97644
43796
59018
88046
40195
40801
21835
76688
58495
90925
30961
56863
62150
22214
50531
48692
50072
42031
98170
81043
49337
84911
53244
39622
11651
11960
10900
90499
71953
74838
59142
62232
95115
43558
56510
26888
4433
9152
24095
58538
20772
13702
82306
71933
37493
33243
3785
15016
64218
71118
43979
26997
24453
82326
15090
9120
82005
6794
93694
58181
12881
85788
96858
36516
6164
5047
31169
48048
12375
93221
9648
51404
20117
95025
35295
85900
69421
14935
4611
95025
31801
67430
67205
73518
77319
51643
31084
22219
29288
26607
81991
84175
88156
89232
64015
68443
80906
47704
31407
50855
98277
93105
61732
851
2506
29848
45148
83680
59619
89373
35289
84645
86133
95521
72666
65613
25432
23002
87045
8335
94509
55165
29829
24957
49151
61359
32768
21901
92102
10905
85884
1897
90263
3487
16213
82094
4521
88134
19764
67574
79075
63073
31789
71828
82728
56381
72166
59908
49829
50240
67080
75327
82851
31801
70593
21623
13626
17835
42883
12491
32949
58521
30285
91391
57364
84312
82328
34604
72290
32753
59170
42245
89121
9222
99187
86586
6312
91897
65890
77068
46691
8270
94713
86410
45291
90361
52774
53076
16301
64884
72249
52521
86546
27863
83580
78402
52026
80245
40014
5132
65493
2249
13003
39731
42438
41668
88139
6066
61071
90084
89809
62671
78568
53118
33386
9490
5408
3936
58459
88145
8902
14990
41774
69081
11062
14690
555
44220
92548
96187
67836
81822
40405
72608
79493
90436
3526
62151
42976
80823
42930
11276
13681
31201
76297
73772
54486
13087
55584
67463
13734
20338
8175
7653
32807
80121
48928
7515
8601
58484
5228
73325
36064
8063
13802
71606
35196
30594
80000
20232
42300
12901
19431
71149
71447
74076
51870
58347
2375
26234
10365
9025
90121
7532
95599
75483
3514
65392
17212
85220
49289
76546
70259
6026
77882
22480
7733
79111
68282
83180
53590
68104
80468
76566
96559
18951
1654
1374
99229
91195
66535
14612
83133
64729
64132
39773
53057
9754
40182
20745
60694
46282
46870
21232
33624
98686
55019
77244
96908
82431
67998
6297
30678
94905
16030
10561
2570
3427
1774
17068
53871
75334
95988
15758
50009
76202
90260
48042
10445
45066
5931
92087
59618
70582
26213
51826
13029
74660
73556
16192
39134
260
82870
58199
27738
90467
25649
68919
91959
98804
50194
79268
10571
68831
13276
27876
5280
41401
12910
83588
10485
15275
31266
78292
17799
39679
74240
12829
25172
54444
6228
78250
8213
34579
62097
39970
50826
854
59056
29829
20282
68477
62740
35179
46755
85884
6451
32100
90228
4724
99350
16872
63395
51144
50152
76871
22930
80178
10561
235
65707
4706
1733
29403
59808
62578
10413
15890
57311
