92948
32286
21324
93399
98403
4475
18449
62298
13282
23578
75663
34402
78456
67920
87210
86254
24797
50601
29469
79785
1518
23275
79856
94011
86135
27147
43175
17839
22345
41963
44907
25039
22600
27799
10759
33553
14593
58516
45582
71063
16521
59798
95794
61227
13110
47809
2097
54502
84487
17769
44341
16088
96386
99675
83222
60368
77445
81420
85760
14019
9982
69222
73136
55609
89487
65347
52809
36835
75229
34700
81075
74716
11396
34038
56059
50086
66973
78353
35849
96241
61188
46801
67756
34025
41680
93302
77109
25667
82237
9997
24468
20249
16464
13157
29473
43920
40540
33330
71822
68244
34769
53073
71644
83958
37158
3136
10133
2953
37589
40553
50875
35641
458
11430
11033
26873
50222
64489
29822
14276
41751
90894
2601
27630
71288
5943
81058
92129
63328
17108
29879
70169
85737
33689
99633
72985
11323
98941
48867
85178
43028
48698
39257
67743
23055
82757
45114
12420
45463
74618
65916
11386
70476
47824
54457
37865
75858
7813
10803
67470
31215
20922
24107
58921
48532
54570
30957
77896
59021
40075
16564
80545
73779
66559
21060
48237
91488
87300
93993
82378
82515
89411
88922
60328
98025
49262
27648
70498
27122
28128
45321
87582
45762
92604
47158
66628
77796
67556
80305
47471
25296
40636
53268
55131
58055
2999
13324
29345
90323
11146
30051
51854
88715
75655
87237
41886
65441
30127
31120
16257
23637
57334
90170
36304
50211
74395
21640
92169
34561
60740
24821
65653
94068
43472
18775
48518
11006
82915
11343
45860
50710
53415
19155
28583
86903
23853
95136
90398
64052
85712
18870
41707
50773
15975
96887
20801
93499
80101
5086
92103
22179
52913
75806
29911
1416
5024
45158
41261
46675
51412
63966
46416
85558
29457
77968
62885
79955
60633
31811
29387
97040
94496
37282
83578
50591
58804
87854
18500
23308
37815
38616
3004
95814
98173
43736
45943
36903
15989
24854
6108
67565
24601
62287
22863
56579
95933
93234
38461
3330
72879
36145
71526
98568
70525
71686
82264
69999
36889
76426
53160
27197
87027
19464
21592
87163
7594
32948
43688
39869
68183
23632
83843
10875
75649
87879
30204
29193
29107
91213
63700
78123
66095
18506
29582
76288
27725
67283
88854
23066
57875
82048
34868
17354
61215
9083
62903
75835
12481
68820
26949
28831
56013
82522
3629
90863
91083
75644
14154
83703
53740
82461
83666
33852
31950
64121
50153
2909
1766
81327
23010
29942
30502
40964
56194
20263
56950
27389
16450
69985
92553
79834
30560
15943
47150
35563
93381
98590
41735
14205
47179
12674
13172
85801
16941
23809
58992
51274
31929
21221
58734
15807
71808
43800
20388
54764
94892
91677
69406
67043
63557
76489
1656
44675
32040
77640
48389
49354
74831
39067
83179
47139
41504
34999
11259
36523
30894
22777
13188
55200
23838
45771
59698
18395
66938
95708
7903
24619
64141
90663
22689
27004
39535
53424
62431
38256
51293
48359
51842
88638
91024
90538
26453
90678
69905
63734
47090
18599
94267
89660
68403
19716
59132
7016
24544
3246
61228
33760
83957
15619
11143
84289
97794
62153
64873
84093
99943
76752
36582
13315
93020
33589
22039
3402
79347
38646
5482
42732
77795
49886
7438
17334
30893
12043
9112
42500
85185
55506
57174
96707
3977
40685
76599
51521
84588
21688
7039
4370
55721
72044
4366
83693
77165
66346
43067
7169
97372
72647
43635
60829
20047
20615
64190
13580
39653
35377
70823
83414
85892
43222
7562
95475
99243
19927
16237
86882
83618
26561
9102
75137
89047
62372
61698
29163
27466
5679
58287
1669
57415
44813
43748
59735
41508
11015
24642
55458
53761
37678
41870
94855
68949
83833
38326
35724
6216
79017
3355
92137
89150
97516
94405
4877
71505
52945
17107
9489
87924
82751
58366
34423
40511
50690
20578
45870
23243
43416
65166
8336
478
44804
7810
66740
57107
71011
37219
31454
31117
68526
74669
20473
83015
88925
18132
49280
25732
63389
42589
81570
4367
8005
38763
80962
77298
8422
59770
30859
40538
98904
23936
84871
86976
56719
48287
29985
43383
10317
2614
38965
73028
40899
64704
52563
96342
58177
45943
43085
4534
1936
47984
47128
58568
18123
90219
64881
16379
83175
73513
99764
77932
60145
28737
72350
50551
93367
74263
419
49978
50178
11902
29807
55375
53336
86791
43454
7925
4339
27699
25243
55656
81107
23233
68818
88651
9203
74688
40505
47324
48396
64139
47492
73405
83609
71274
62619
5452
44858
1399
17313
79299
29527
42255
68785
30149
1642
96610
70847
84666
36212
99169
78773
98800
83454
64471
35066
38100
34106
9622
22907
86757
76953
2976
19819
88282
8083
57705
13013
15340
13635
65009
71529
43894
11084
86591
92099
51284
4703
49433
1825
76122
41340
86799
77338
72254
42345
72047
61268
2871
54538
90401
20712
6142
25842
22796
32294
58590
95204
33465
31545
63197
21778
14692
28188
51536
32696
6340
55844
39124
36127
72377
3380
17171
95964
13593
49227
41115
94581
70781
73698
10416
63593
66976
30466
32826
96521
66551
90560
95083
99422
33943
60138
3631
27651
23915
25141
36695
15930
37083
29791
90928
70398
36315
30686
22634
4808
18343
93782
37680
68969
18136
1253
68184
38333
38115
88794
12324
31302
79350
88393
72820
45721
3895
71724
33923
37620
62921
87931
10628
20054
47586
54342
964
4202
31377
33285
7037
79740
40532
4290
3076
98814
3123
93418
16370
21732
51480
99859
80606
97403
4328
50119
32831
70896
9611
34616
84881
46308
68779
39238
58697
85187
90915
60435
6302
28904
86222
91750
90775
4337
94490
44640
44471
99273
25461
15509
54821
46778
80390
71202
56258
5019
62693
40741
8955
835
48862
95367
81141
99825
99670
97311
56914
22261
33055
46516
77137
96529
3336
68559
38220
48831
79890
63109
35321
21513
62708
7168
70956
19456
111
70769
77346
11464
83907
77277
46354
53385
12959
1213
94753
58892
69200
4349
2953
37780
50075
87647
26704
99983
54036
58923
91175
25054
70996
87275
88039
17305
34451
7065
52316
47332
93782
36398
23077
49985
74364
908
72819
32207
