19820
16985
62385
66906
49969
99016
12139
15250
11535
67253
77690
95511
7465
65981
8290
36018
36195
17831
76749
78722
41295
27310
87301
20576
16242
73794
23907
99228
64684
8583
52706
97541
22264
83681
85547
34601
29039
54936
84161
41616
17364
40760
30636
80161
14374
78954
33408
82197
32188
62789
65717
63141
73796
50183
97890
82872
88809
58875
87321
60451
68308
19438
85593
22214
39580
1017
7104
98769
50249
13347
24509
17397
81714
17321
15544
44573
24188
17199
68433
18325
86924
90931
19934
17898
10132
94512
8314
42410
67384
79793
43498
50291
16003
66053
16586
65747
79559
2667
38444
5786
56095
57446
64945
455
58283
24760
35570
11310
88904
56093
29584
3571
21069
9676
26672
62764
37182
98399
28817
16343
74528
50728
56142
53417
44688
57464
73705
24044
94971
22845
42407
13962
55466
83812
87952
59949
38230
8854
6734
74011
62839
6662
77400
19027
82049
57209
78819
61047
80022
93707
72936
96637
20266
10610
16233
24342
4612
11113
73495
91974
51875
42957
57405
75374
76944
55631
57883
6878
2049
48926
68415
6350
27611
51576
8374
50282
59049
2017
2970
29080
39164
19978
68076
9663
2533
78357
7479
8997
14458
88000
73173
79875
22233
70509
5390
95869
23349
20285
17894
44949
29426
47148
91328
2337
90627
13593
53951
24169
2389
66135
98727
52287
55018
61832
85849
19988
40022
34330
78146
59350
63518
8008
98793
49488
18996
63206
77929
4026
63336
55508
91512
92445
71209
76410
86300
91161
83433
4860
84163
82516
94387
7491
98633
61912
29394
20002
76761
81425
56855
29594
79853
38749
37273
24648
52189
8206
17218
74042
84802
16906
36470
34681
67583
36534
11292
81950
91428
86607
61939
76913
42806
18006
17020
60427
69141
23937
98467
81268
18723
69432
99956
97387
31521
58516
44752
28056
22357
42883
22464
51553
26382
88151
96682
77056
33264
59635
62015
51446
29450
51453
41385
44360
35385
96144
32244
16111
78461
42952
79446
1156
41207
49936
56877
10631
81221
41708
61056
43476
86719
41210
96372
70575
17008
52453
49727
45908
59185
91085
6784
29321
88401
14343
69852
66060
33789
70432
20378
80126
34377
63396
58632
92355
64482
13511
78594
88818
7820
35581
87581
22427
25840
85452
47124
85554
62638
21484
80206
70993
47236
80176
67160
17971
29710
22805
81191
25547
59775
14629
68408
96031
31488
12271
38521
3471
44670
46995
22263
63156
27695
59645
19068
72857
63694
67111
94647
85937
98519
45961
44939
72333
68050
79059
93433
73530
77224
55596
80028
93216
36450
91627
19099
86206
16599
82526
65829
61126
13257
5835
75222
18042
31418
24024
55991
18703
38010
21853
81050
57845
77421
67673
48512
9737
49704
56278
42478
9040
31023
85346
58580
31057
65128
70003
2248
87957
39886
52044
86057
13316
5295
90074
15668
33730
84589
41818
9076
45700
57995
96103
45499
77741
49329
48772
79727
36163
84339
32419
59647
58808
55975
49717
63155
20293
51204
67556
81562
72441
75513
99850
15685
19975
13419
28674
8326
41025
80756
29416
83087
4133
74653
45505
73827
78217
41993
64992
