17147
90034
43136
67982
34722
56277
14661
10587
34147
96912
50542
28213
63857
16911
14892
95936
35153
94318
52119
40579
97301
82616
83645
73608
87025
77823
22175
86805
76110
31754
83755
20170
96913
55388
76413
34672
13072
4365
75463
65180
47349
72454
2419
61786
5231
17385
80659
90469
68182
97876
53520
87081
20467
91070
69836
91250
81666
22950
8970
57734
10987
62264
42395
18006
25479
13313
51812
87137
60019
10457
59841
18529
15578
19997
82218
91790
69003
90138
98349
89884
33604
70984
83678
24554
73774
72326
40323
82356
14572
3374
15907
41675
11889
21034
19106
3562
65196
11011
62153
65681
71946
53971
55310
71439
31800
52727
60316
93360
57180
95112
94359
44204
14030
378
67917
37171
12557
37730
16846
35414
86123
26470
69596
66214
28447
3950
90516
49331
84510
20727
56747
18433
7455
92981
78640
55932
20893
51326
5828
62185
4614
48189
94306
45504
69281
67915
10861
35129
94881
18563
85071
32920
81290
97965
43416
64810
23367
20437
76225
66903
4094
16576
82666
29233
2926
81774
35079
65745
47443
50509
87566
80838
99015
80322
22065
46978
33410
5930
73147
38170
5699
92896
55112
31799
26687
20939
18890
82327
25234
95251
22060
63232
13307
51182
87411
62347
32927
91980
63209
20608
45355
56960
4000
37639
86367
29022
65143
29247
38866
12009
42046
53677
21518
47412
27496
11795
43970
86648
44146
36521
96412
40976
65020
50989
44838
67806
71711
4679
51114
51868
21049
72202
64633
59028
60034
62013
21119
33675
56390
17988
24591
90436
2957
99355
10468
36956
10751
92946
93540
77737
91448
21597
73885
51518
44403
54070
27073
11133
15616
47997
58491
20688
97699
79142
90002
15749
88898
65603
50217
68157
70651
95050
54873
18796
99668
69564
29146
50274
26607
80108
23027
13952
92145
26940
64966
57266
44966
24762
70276
89327
69583
48373
79347
34292
31012
99494
30724
71473
443
46415
78453
19453
39455
293
33855
89485
24708
55998
31760
80284
94098
57395
248
74243
55381
56666
53899
49402
73890
23622
2043
45903
70740
95695
86602
70047
39126
78477
23347
83782
73037
99486
1749
7644
78099
67432
94042
3437
72408
17079
36665
11373
40573
85837
21435
52645
78429
16027
61090
12750
95507
36696
35531
47166
92202
88453
79391
75807
44519
3544
66800
69765
98035
12099
55484
97075
85229
96380
97737
16682
76608
5339
41428
64253
62599
64933
1463
91636
79401
43181
24809
54527
4384
83181
81089
12966
24205
97940
20968
10156
88212
24671
39219
41214
62734
32094
96780
30381
96242
88435
69304
56563
32729
64264
55916
53530
57407
16812
56378
10249
64467
56125
69048
45464
89205
12889
33026
56726
66125
28692
14915
76031
12524
97957
289
67509
91040
56151
95371
50782
75678
78068
49643
32898
8684
54869
56313
28273
67793
58224
43203
254
85301
2900
47308
91002
23053
48535
96137
28149
97763
49872
66874
8802
34500
24289
9768
75032
27769
11837
44251
6468
17119
20240
63789
73988
80850
97148
17271
77525
25447
75347
20484
64059
13114
9369
65187
70406
80559
11582
55405
64337
78361
77273
84072
49359
54685
71736
26522
37895
78735
63162
26297
64776
