82018
37532
90764
14288
36071
29480
51588
5890
95750
21685
47128
56296
45858
13552
64612
7327
41217
21164
93223
46114
12265
36434
37718
4406
60540
59696
81426
82428
16163
44681
32190
943
51895
65768
30783
50295
89611
39488
57962
32642
95597
48129
78947
24790
35002
63725
86934
55612
38072
65090
26209
82721
47515
55225
38755
34763
51415
1004
75307
38865
82939
5470
31025
28008
23677
37911
50456
97322
36358
46976
3002
68472
70909
36542
51707
14558
82074
74489
92223
45570
74971
97781
41768
79143
18262
25010
30836
42958
79266
73570
58169
11312
30053
81784
2367
85968
11203
97081
87266
33444
77685
13642
82743
7627
90318
30884
57419
17032
48150
34527
73197
80531
36222
73768
81597
49052
974
75325
39346
65853
62849
69002
73663
11301
40679
75078
95950
74590
95640
63544
53391
11775
10480
43109
21321
41615
4932
92985
51582
14423
13617
62286
3034
5591
69848
3122
72667
70234
85344
32385
74082
54114
68011
30305
31558
81557
91839
80987
96197
23842
3473
74657
20875
48495
35270
72090
79872
65812
75133
19941
49472
44505
77825
59144
5544
77849
65654
9798
73889
12154
72879
32984
56567
85138
67601
40274
66544
73383
11315
76538
24167
69060
46695
75659
61375
99356
14656
22826
35160
16629
77288
42797
65021
82109
65392
5685
56365
93772
76632
10669
22937
90572
90527
39988
63413
46422
86747
7827
50298
42170
34119
27744
81065
7083
56129
25883
12341
21733
67745
48535
4023
18240
47926
69205
96250
19662
55474
19923
40546
45470
97866
83543
57320
55158
6447
58036
82369
33758
63825
74123
43135
44418
13902
55333
56711
8265
13724
59685
92540
70525
83956
7206
8021
8565
48900
37371
83748
11127
20369
33114
41719
48584
20417
45843
57022
32145
51638
53059
29933
70909
22387
52463
26773
67445
11661
82639
60678
80244
22298
56197
77286
1811
41085
3715
52245
63495
32793
35228
65769
39182
16648
5239
62811
23760
19640
83879
5741
99851
37206
9431
1373
78943
58401
13098
39336
3727
44413
29190
90316
84704
79240
41147
45451
81614
38829
79659
91303
81537
45755
79995
28847
15008
36236
99439
7946
50715
48205
52231
18003
73840
87528
41215
75971
1954
52060
45349
65470
14103
35862
20458
26740
10357
72980
42440
69098
88625
76042
92190
79420
76068
39937
95742
83233
51579
69224
3968
88188
23333
55136
49171
92240
21606
25911
73054
77788
32882
30660
93331
57287
95124
91175
30192
25552
42168
91850
78998
81159
91859
27002
5421
19665
5511
19925
78736
70955
98475
20994
41778
44611
55949
10534
41250
74276
23860
14366
55445
35574
74607
74457
63016
70797
52052
9697
73603
9296
36586
79041
94750
4842
82389
69557
11007
514
39830
2228
54857
46932
58366
31925
53650
61471
19456
86570
31471
26773
71548
76926
46508
30941
10104
22599
21688
6054
56919
569
73857
82250
38625
58951
65165
87581
22804
52809
30066
8194
11655
94576
84333
33597
45149
5963
26623
51087
87407
92631
94313
59769
7832
30057
56923
83520
77105
65257
42049
92518
4099
89946
70507
75767
72725
54964
46076
80796
96847
46736
72650
82713
15850
81862
14858
17728
54903
28717
39022
29846
11571
73414
37226
34440
10563
27838
60024
98000
23154
39619
63171
74826
62612
90527
38746
88367
31856
98972
57668
1474
76191
98291
23404
45301
45305
24749
51684
25748
37373
4322
37127
82324
70178
40063
14179
5417
49070
95204
33238
16948
50642
20924
64444
78374
87243
45620
6744
49750
17563
73054
74382
789
66786
34656
50262
25979
22060
56155
63687
57289
30094
80935
28135
49532
65846
32868
2567
56032
95779
95679
22805
83668
57258
8858
77398
89239
96613
21109
72956
35833
33774
23077
42277
22795
5227
48303
9754
37849
9330
14745
22677
28956
49499
9623
29111
56761
45290
74938
44409
57228
350
93767
91277
46400
15732
6365
77759
49207
90125
79934
12212
53636
38291
35274
42958
80851
23124
43806
33830
68696
42914
33607
23957
36656
65861
84787
67202
31263
17952
14067
24887
65183
90539
37429
59271
30808
74680
99866
86965
69636
29537
13681
33034
82447
36538
70347
87177
35824
85313
3850
11555
13252
23841
80124
92205
45716
28231
64388
41669
8143
69270
90518
83281
55973
9933
43424
2879
86720
58411
90123
39951
38269
68288
78228
40566
68060
48724
74834
90189
61703
9981
52436
64041
8872
22547
39452
51042
40247
14068
47698
45219
77811
19103
62661
9251
90919
18966
64268
25548
84694
4638
64633
46319
55820
34529
19169
72959
88569
22236
16177
81002
55165
30329
30222
32331
69103
76596
13393
98253
90364
92924
28774
96046
94197
14898
91252
20720
35974
6209
59488
79335
34291
9142
56604
18333
11272
42229
30656
26385
35662
49438
81406
52351
36256
41338
54607
49260
92005
68488
47122
60239
3660
16069
76354
35363
23747
14362
79233
33747
65539
85338
28933
68137
36283
92973
53132
63347
31705
54350
37304
45088
78333
2042
25421
36347
76566
99207
18184
22935
62716
34383
65087
81729
74548
89107
71336
2883
58333
68635
5499
26253
18321
10528
50579
56385
33961
69130
33892
5815
43909
55166
42435
79721
27082
63262
7680
77569
62160
