16614
34956
98803
30747
60479
33588
6711
99801
1881
18227
34125
33061
45617
61225
73360
14767
80427
87023
46579
36479
85919
90648
78221
20576
22767
36847
72066
75842
32728
54858
73803
67055
51679
37147
11226
72032
4848
77706
55125
52667
54607
58738
84266
6531
72433
41363
63237
87102
81526
63311
36845
35379
92461
32781
32364
27376
95870
30039
58787
9323
99083
38861
13459
5063
95901
53193
89083
71527
21284
11568
18373
97733
40011
53512
42241
29545
56734
7032
87647
35379
96467
66976
26728
10378
19416
15246
40926
20172
30911
8153
28173
94307
67061
50656
56093
25054
82656
52271
88848
14271
51082
12461
39385
19987
9564
41874
64474
76497
46536
6439
19961
79557
69105
12331
41242
43274
78596
14681
40211
11169
26264
18147
85953
67908
95015
60175
22657
95853
51314
11460
8060
70879
26297
66687
72217
11531
94786
16692
43589
82436
61023
77603
31098
56237
40691
81349
79586
57340
86786
70300
97916
10271
33186
43322
347
45669
38952
49453
27212
38585
85975
41222
94894
31800
50491
79970
16917
20836
83512
37718
3555
62382
25396
26155
70628
15299
30931
39595
61426
50777
79093
70224
24361
31620
28208
79552
78705
58803
70849
13194
44065
82810
41963
48486
77272
60915
68506
45218
63590
28096
3349
87830
6122
92024
88906
96247
71054
61118
79709
18711
74883
20461
84727
60678
77252
35402
88284
35339
24897
32988
18559
22263
68480
99701
22383
92891
61131
99734
66859
58426
43351
76626
4072
51956
94963
84000
43661
95504
89342
13527
54922
46117
67175
79250
13536
2002
48923
33555
37043
61507
23887
63101
6064
22327
38569
16779
6921
20911
39458
48423
25483
84414
93697
8123
21276
81152
72674
90643
94215
20266
6359
78063
55092
11725
65228
56760
42041
60448
17078
25692
95397
81913
58351
81771
71867
21875
47695
87530
73313
25592
14942
22115
77068
38988
48780
27952
82950
95778
90730
51463
14420
52780
40135
29503
42927
50451
1991
66638
47470
6801
3688
82333
19003
75797
80549
42192
4132
44985
38365
76293
19024
34503
78300
52046
7358
72332
38543
81597
61367
62532
44737
79465
21823
73233
89002
99409
16266
86483
77247
45668
15463
91398
80081
83676
98220
22807
9293
90901
14046
73120
88835
361
73411
83358
59845
79133
38980
23128
1916
15060
13772
66009
83624
17811
47637
4267
28528
55423
72540
36457
14859
26265
23167
67444
88723
19071
30356
84978
74974
43030
80107
13553
87462
31900
30955
50225
7169
97460
59024
81977
43575
40317
94856
95796
84754
15702
97409
4394
52817
75800
33886
11678
81087
83230
6916
48835
42198
1207
87095
64540
89070
50731
16666
899
18447
28258
29134
44912
14507
23132
81163
61474
68782
90326
58455
23365
83786
45300
40497
7931
7772
31107
5181
75800
32915
87842
10464
64748
90506
76001
3960
54097
86411
69152
96463
91161
93869
10501
83860
92467
39496
89569
32626
28011
71153
32980
76781
23154
49144
31504
70943
93959
14975
90182
36958
42331
34765
85454
85155
53973
17
94208
2763
37470
46436
19605
4253
77693
43005
70842
7998
18346
40552
33809
17493
3053
24818
12072
86370
69438
99975
24009
16417
15470
3491
82667
43144
98194
94674
39824
6231
25500
67611
1711
62269
22165
16912
32726
4782
81881
28641
62270
39085
88459
75873
60505
71371
96509
68026
76718
59357
88445
53646
97627
60489
9469
55426
18204
46297
96356
3919
66723
72400
89354
26808
56956
24554
71246
85621
79805
38362
30755
79560
20496
68372
99153
15229
47936
32074
63389
44221
94046
72519
90695
67457
12053
81396
83832
25140
20858
62371
45274
97117
89699
28378
46239
15817
34287
47204
40241
6691
62399
15758
43864
5882
64520
61823
34888
40209
71206
15395
44009
43188
38732
58032
22136
32095
824
48572
19751
56416
63242
80360
59501
5207
20086
83228
66332
7018
48558
87491
9476
64096
20392
26195
53436
77013
15023
86897
25945
57404
67816
50901
67572
39450
13557
53165
17938
88758
9811
94684
3618
7984
87048
72762
74119
71496
119
5025
55486
18525
43458
86128
3610
84959
65633
59339
77505
83632
49295
82479
73683
50745
45011
86871
86011
42103
5882
63821
2343
83774
36887
41813
40445
38220
52683
9633
96489
37051
96273
12522
57825
40282
1217
62487
92142
82143
29512
96843
85748
11818
25996
1236
80058
87818
3738
30050
39757
70755
36507
51727
43568
20225
13263
9926
27803
68829
78174
28281
13168
12098
38745
64052
96566
35475
15167
6774
57582
49485
62276
43086
28354
37196
32782
48805
35654
20407
70508
