73588
46691
17642
98061
48221
32959
25849
34503
84300
88916
54400
73523
57908
35708
25768
80225
93364
15036
14515
57823
7033
2386
99959
54650
80365
47097
41902
32655
24827
63637
7711
95427
80834
34499
14331
67396
93942
33072
25358
84376
56310
65428
19352
47486
82646
79341
43033
34633
63633
40861
39099
26851
82669
76422
83715
52942
74321
79250
18064
96616
66603
62657
42890
29395
39198
86341
79038
42168
94523
99154
20374
20877
67015
79986
85404
37813
99651
76360
36913
79166
95663
48154
1758
48565
8048
70182
10719
50486
85829
88328
71099
18667
40449
9191
76808
65378
73479
30190
83862
27216
6735
3878
76808
74377
15626
25189
39782
2984
66010
95781
35458
29383
25518
75879
64728
46941
17021
65968
84742
16944
76895
27193
19931
72316
68287
71312
621
39636
39602
68426
95957
88377
97234
58202
75930
8087
14299
15375
99670
96202
18008
52988
42332
53399
50619
30304
8205
12256
92239
6585
78590
15317
36453
46000
4189
5300
80123
89461
28567
13004
61652
53476
41054
75428
80548
21959
52644
54106
36043
66431
65737
14760
77234
34977
39285
42760
43338
69984
85548
53513
63798
24075
20472
67093
88449
14665
71453
64065
12818
35022
99191
43761
68780
42137
80294
61397
74923
97422
8785
54231
37712
3135
1020
53508
86314
34204
49981
1459
26413
9240
6227
63936
38753
8005
36870
61970
96371
60958
83377
64633
60446
81528
2135
82660
17821
9897
37769
66993
11012
75843
51580
76776
24780
71763
74848
22242
22889
85590
58173
79015
58229
18940
17739
29123
51959
42418
2837
83216
58173
83316
38242
24065
45987
84722
70032
93437
39000
56590
71920
17705
57540
39523
43362
61889
40287
90023
69155
43489
1727
26248
39144
82190
18215
30594
87652
24728
97625
35135
5958
47545
66968
107
99968
7589
52358
59623
45185
10178
59560
95415
78351
1997
68998
17046
93253
42899
91754
64307
67628
84295
91956
59050
30306
33153
88959
84203
53882
74159
47725
91169
27285
61485
38907
92996
29145
30608
11606
70614
72843
29715
13394
17932
81593
89189
42126
99095
32756
22699
238
15321
1668
37235
87781
90988
76236
54464
46650
24804
70673
55908
25515
20113
31678
7898
43102
92849
56747
14645
30012
4441
46110
43312
22751
77028
67421
14793
19783
94835
44838
75181
32921
87138
83000
31712
68188
7046
26741
27960
14617
74371
19107
35417
37146
232
14053
81615
57729
30262
2592
75740
25356
44532
36891
5412
69128
89313
27114
89314
46419
40420
22506
46836
46174
31564
86426
19274
38939
