74501
3513
50159
5215
50580
78538
51671
9992
43091
3481
7884
14950
69017
28196
75326
65892
15721
24979
18517
13576
77072
6607
48424
33497
65954
57985
19993
21650
73462
41655
80227
25802
52323
74139
8483
80511
10109
4594
16787
31895
42620
96366
65460
59285
68492
11534
55696
62145
44251
10545
35154
15052
74643
92443
36688
2685
37903
23021
6976
41578
84474
13906
21727
57536
86019
72121
90545
32795
73527
32780
18265
75206
48441
17691
31885
76248
52910
31959
28914
49282
55257
76541
88109
93328
15494
9639
9873
30218
55059
43905
83008
77183
74211
18731
2607
25878
30910
97358
45487
85644
67474
91700
58104
17597
53005
27019
93059
96458
12312
29574
40244
58970
82210
57070
43285
77924
24300
1040
79652
68482
45872
55873
37608
59314
66603
60370
7547
41521
21629
11751
99164
95733
30250
8740
3109
61571
93552
71912
83433
16322
21251
66509
87505
45111
64360
58753
26772
49590
34506
20215
42131
78346
10706
33313
83208
22921
26181
20427
7674
82252
63438
73202
60717
46092
54778
19116
75615
13006
85054
51462
966
39321
54587
9925
16045
59610
32297
98191
36948
69715
63619
5586
89576
46338
79998
87562
98344
11801
46861
74487
60636
72212
27449
31711
46475
81763
50897
94902
58472
15898
3228
61034
65129
81734
64241
64773
10568
16855
83981
28492
55621
87456
26850
64995
37787
75776
29213
79346
25614
81914
84312
79460
39158
18497
83346
53254
15598
51972
73192
4981
15106
91154
77738
185
9844
58348
26120
85578
65794
61798
99366
85915
19553
15259
52952
36699
85818
90610
31955
61415
62167
10472
10881
77239
14135
65090
37230
14232
90931
26340
81580
73091
99645
78301
60505
73402
30562
47606
96428
12454
8351
61724
63020
