29857
91897
56668
86093
16938
80822
35075
86801
12619
84065
37819
4434
35804
36572
45781
16201
92702
82127
68260
7626
73366
20035
16290
80848
74315
68930
74558
59553
80209
28954
16094
93192
30035
92134
41444
35233
53283
94731
95364
31016
66059
25381
72541
49142
98155
35811
57438
23304
55875
64283
66404
20660
31749
84848
98222
59091
18479
77174
16058
82033
83623
99205
90239
1493
96112
94764
53282
78475
78224
63202
3868
14552
72415
32769
28249
69248
6821
51139
76129
66162
56673
75500
91479
40461
8316
66443
80470
17054
20457
18646
73979
25954
6472
81221
41033
22498
10296
51076
16673
22087
15327
98873
97104
79201
88031
85495
61871
26669
20928
28242
61268
6266
15629
71989
83142
20570
10337
30751
23808
37370
64981
96669
54368
35963
19159
6349
12132
96140
72171
32050
52006
44540
58131
70445
26733
84371
77667
7962
19272
1634
71060
67957
15206
62527
53698
79298
18473
71438
27387
78569
74475
60550
29734
24024
65899
32390
58788
27055
11093
38279
31199
42517
69832
37475
24983
85465
61510
73877
8106
32818
66586
76193
30999
85592
97747
73533
25418
91605
48722
52457
23650
86088
29255
70905
59727
8315
48322
31027
64053
7806
2660
17773
3554
30994
6250
46571
137
5570
17009
71868
42364
469
86703
73493
56944
28196
80218
77010
69050
81314
98044
63070
79957
97059
8676
16556
54752
93219
73337
29220
86985
4275
48591
37169
87107
50536
37218
13454
20511
27404
71095
62382
20676
95717
65058
3404
19009
85312
88819
27465
95431
56938
34259
71608
73009
29110
35992
96618
652
70420
6085
70256
56172
55863
65458
14663
45254
54473
99566
49571
14137
99783
91632
10383
3502
70398
40068
3054
35387
27547
80236
84711
95576
84601
40763
86500
57430
98485
86001
66120
47179
22544
95480
79673
20622
96575
88423
79240
48224
81921
99947
50279
7793
74199
19276
75233
99806
78165
77589
92522
58303
68051
90727
3118
5502
78705
58271
26277
32032
55857
54637
52738
49452
14468
68760
9387
67078
43276
22452
52447
52437
86512
53864
65429
23980
25780
72072
79164
68301
5199
81115
53569
7063
10760
47446
7320
33522
95433
86187
90975
68697
48551
80278
86473
2345
18100
1086
53439
17518
15153
73362
61435
793
34876
39721
67687
73859
3578
44867
61257
16097
44685
96069
72911
75854
30549
17144
29486
53654
29647
