35716
66156
52452
39389
97646
80116
60124
74543
6131
47166
1938
87230
30212
65896
73347
98255
13823
16903
82411
37409
23819
10747
21600
21368
30740
28573
22014
85735
2204
49417
23892
53573
82898
19851
34094
6043
75117
56675
15584
14873
75362
68429
46956
67526
74876
97654
6906
77523
85247
5188
2624
15925
47647
81719
11105
46014
38710
74586
20282
78259
58667
90713
67691
38376
61645
28461
35349
89375
78530
17768
29976
91635
58376
93223
42233
82678
31755
93119
5133
78680
30270
32411
19338
1955
66002
53612
25229
7583
54143
52458
27315
72080
3665
10894
1346
25006
74613
75489
10628
31021
58335
8518
61531
17656
36989
52202
32280
9861
32218
67403
9296
47455
45566
3857
32281
36250
38178
41867
39947
78750
10253
24190
60448
19941
42215
95824
56130
44606
77041
80787
50590
34320
98192
58372
28101
82068
68595
33332
3317
55225
43949
36393
46667
7096
72922
62078
6448
67985
80052
83685
54007
74558
62157
42830
18844
8993
44850
77758
43876
99738
37148
25608
85872
5188
93189
68201
12067
3792
40541
59340
98200
95851
20887
45156
16810
22624
40385
40953
81567
57059
62078
4589
40913
99349
141
75066
93648
93766
80347
53879
12899
1455
68311
72704
92319
45356
74784
55007
77641
70312
99855
896
63953
17485
73717
18177
2956
88425
4793
58564
59979
30220
95141
75226
88985
16236
81787
52517
27497
27867
43664
46615
36326
20766
7202
42391
45829
18227
43230
50971
41288
8921
41486
29989
7426
10345
72089
64726
13883
27712
40207
38313
14687
37082
20143
31140
60156
12431
35236
89752
8206
13920
57171
48278
87608
81635
87178
47686
30829
23716
95834
22001
56489
76239
11681
19418
55316
61787
17180
36127
63304
11623
43922
82866
76537
9841
2290
86715
62457
84225
16458
4190
28849
51019
54754
15083
3068
66052
1315
9213
42453
84533
3009
72625
62640
56610
21796
27678
69029
39536
55988
54210
74561
5074
82908
82873
451
87105
28038
31846
25956
30707
87983
72914
32631
24047
58197
90330
26683
56649
75424
11284
51996
72224
38033
5821
43319
34996
65678
7829
83257
60951
63693
49315
17176
66115
65712
93095
97439
6987
33342
62820
82195
4854
80219
89690
73420
37495
57121
99272
15732
14038
37405
44664
50713
4931
79801
76179
97261
17470
15872
66287
58937
22231
28327
82484
60984
28463
71261
37360
97992
88036
79170
63965
17891
96090
25860
27560
92690
83201
6527
9349
33636
8777
21172
24314
30372
52534
17873
95500
14569
67270
79477
32081
75373
52663
72797
67932
90712
44974
49946
17195
96456
78444
60336
31530
12927
72159
45503
43595
87203
65316
37126
59360
38306
94049
34693
66345
22816
66299
44159
61295
61686
25829
96810
26046
52669
89184
66379
97459
31085
31533
59257
96944
75648
77188
49586
72324
13026
31164
65452
15175
36890
99619
39087
12447
4960
68620
63350
94475
87412
91990
19145
71577
54718
23243
31377
33739
36230
4845
42240
4790
2708
27399
77279
92609
28558
64855
77631
95849
85788
98178
26940
76785
79327
9001
86464
48804
17696
6951
34095
16917
20564
19148
18212
88399
75360
27513
93709
14021
43715
97090
32073
37677
16278
79441
15104
43765
42737
61082
75028
59279
72040
39834
75706
57919
20816
57535
57304
86284
25736
37191
57086
15316
20977
56332
45787
16394
39463
41460
7246
93803
88870
85214
42396
33434
12766
62526
42952
77915
72368
44806
37970
47605
82217
79294
55770
90681
17545
73712
43368
59549
8268
59914
43095
72909
40143
63084
16740
46529
96581
84570
20965
59608
98792
45456
63883
50905
27244
75624
77460
22825
8293
86866
10896
34489
34924
60910
75338
66774
35592
73468
29049
10089
68195
14885
72772
38134
8920
20857
35841
58480
46194
57481
53998
18388
43978
18669
68249
18261
11349
44781
9428
51324
81635
86806
99643
39576
37836
89390
21439
21868
30163
45103
21506
38966
89510
46327
93954
23874
50865
64327
17199
64293
34836
71708
65010
86067
88491
23531
75076
60518
89870
94786
8530
62831
61645
34799
54650
78565
93408
52679
43125
88365
3021
87452
56540
42659
55134
8853
1628
71912
81488
29182
53330
91953
94847
33753
73773
60871
21615
78406
34239
45247
47243
87176
25490
2814
2582
9921
47393
10130
62412
19230
2740
59732
88246
4290
1500
20254
