11247
27418
4269
59780
98967
80152
72300
7714
52193
77026
42144
87201
41275
92504
66492
2694
92926
57761
59397
54067
71529
47991
57964
70416
49576
1654
7941
72586
19618
19859
59603
11783
39865
99518
37387
53866
6347
82461
83770
70152
5939
18301
82682
93174
22755
42340
89726
67890
92732
97262
24935
76617
62644
19431
75624
71601
53638
62151
41376
81345
21641
17324
62783
54048
55672
45937
38370
68392
29408
46814
81323
50342
75274
83967
82760
5839
40427
38279
32720
13462
59507
99063
94937
51129
6982
45177
63329
37118
19388
50735
70664
6407
90688
47249
96861
88132
84726
46588
82926
94703
26314
47759
54571
43270
26296
52874
34327
19258
69032
89074
24416
58097
568
55305
85078
51770
74679
93706
66725
8245
71885
25865
12153
58333
70007
64076
83868
19689
4625
34124
3304
38946
49789
85558
33731
97601
23390
2924
51545
83528
15747
57174
90333
79605
75712
51930
65883
64226
8552
39615
85380
41826
47951
91676
45513
21636
27189
55230
23111
27966
18939
7316
60251
12349
58038
16707
95268
8856
39170
19218
93538
36270
77939
73481
53756
44141
54842
2282
66032
62918
25715
77291
86669
90
27741
28705
32436
32083
2365
52801
6672
43966
11464
79000
16235
57378
25616
21178
35700
2479
78602
18281
45374
85504
15655
17898
14388
11604
30929
10486
32929
27901
21655
49037
49460
58580
26666
72429
75417
99528
5533
3781
60015
42949
28033
42581
45406
23084
62172
89635
49841
47269
30895
39312
99923
47004
68109
69838
32874
4851
36538
77294
40116
11107
83170
88053
59731
70055
84166
23611
25617
42160
62204
29228
27874
60693
31161
2708
16188
75705
39104
3973
82341
62387
13842
47853
41934
66307
86760
19255
17336
68829
75705
28109
19689
7982
50682
82430
53988
53658
97154
11166
62677
73620
92711
35585
61210
16784
85153
20026
68017
31681
53682
12854
32860
68289
96433
97463
6037
68931
91429
89257
87481
49314
95878
59717
34706
85031
64848
65772
92012
96721
41166
51201
2611
94151
35036
42582
50588
14253
48455
61887
95030
20145
79137
15640
62072
7169
84835
75418
15029
95049
33486
91793
8122
8076
42671
44297
77195
82269
45599
65616
72717
21703
52158
88975
61049
18984
54583
54032
86318
1957
98922
27855
52336
81771
79698
38586
6379
12849
60210
16153
87787
94153
81052
92701
80960
55975
46874
88632
84442
69477
66496
55585
85837
11845
79394
35226
32021
61394
22060
51737
23758
93647
67961
87106
47571
97553
14597
37977
61899
7457
37176
98838
10306
9918
94470
12146
32540
89446
70853
92028
58437
17415
95419
46485
43675
17810
33365
58267
57784
52773
24757
86278
33706
84342
94104
48416
11032
15259
48145
46190
93029
87699
6317
76683
67364
51765
87031
88863
67161
39554
58316
80044
54793
84483
61628
44864
5749
23797
40619
57602
81110
73512
80723
72801
23516
24696
56214
66644
43223
32178
8123
29100
66324
75754
57314
48344
91871
32158
71233
79781
30745
13903
65366
75002
18728
57330
14005
76320
77019
20634
97272
90847
19878
88749
51849
1734
43599
43047
79512
10022
49106
5481
21112
30961
41304
78182
54396
99936
60702
81107
22038
82998
7715
73330
21129
5436
63612
85755
35577
19886
12636
68728
82866
83459
41862
59639
16888
41801
31727
22717
92149
98593
93418
23990
86926
8820
41626
82788
76066
6967
92809
95814
87900
87237
38396
12739
5713
19025
55347
89738
80141
84393
38037
70650
70819
13879
64720
18857
22195
31505
140
61445
78435
13821
91523
79056
58229
29711
40043
93169
46270
36690
34470
26014
11795
31027
62607
99627
66799
59230
48170
67338
12405
92373
66163
74325
45826
83723
79970
11543
6990
84898
28537
5570
25003
24563
17640
65716
55158
18404
8313
20618
13564
72334
78072
13194
46046
75024
85671
32834
20657
79486
75499
65879
93512
98871
67727
52112
23451
42223
20043
63365
38962
9527
22208
36482
40582
42635
54714
54154
42091
1074
64597
42228
14334
4326
20762
34587
95333
12966
24709
68972
81953
47226
98422
25643
68894
60102
9420
26317
94314
80797
10407
14876
12231
69256
54750
60027
47884
58171
43504
44976
86475
30361
57614
90340
91587
57845
79563
69566
57689
42279
68098
85409
18589
14313
54450
10788
23098
95321
341
32388
34699
66899
33473
59038
26918
8036
71208
59764
18575
94201
80467
62225
79870
