24090
81378
76567
25270
4787
66462
96982
15667
8655
63823
33486
85787
66026
56554
74561
98721
47915
80230
84817
73554
89390
22208
52034
6166
30410
92528
62655
13993
78730
68789
4185
49119
22955
1092
62731
90117
41236
38993
42798
78249
94125
13945
70276
86274
56692
86738
59929
1791
15032
47387
5597
77945
76747
42255
54125
59873
52875
44911
97812
74110
21645
85554
56604
19003
84063
97608
36973
84539
462
81163
60112
68054
39437
7465
68590
62991
54833
50150
42429
77742
63397
74793
4731
13910
80171
89663
17639
50250
23334
66728
69790
19280
28317
7465
73505
55568
99417
36567
66978
62214
2709
33947
34945
7579
81125
31201
80782
58078
91897
65480
84489
52972
75006
77709
12946
80155
17847
57643
75169
20792
47465
29663
40941
85156
71575
15349
75016
61047
77712
63750
18243
3114
47379
73860
28663
23477
76315
89773
63681
60260
50905
37270
75531
7875
53645
83127
73583
75052
60192
13620
2507
41498
39146
2199
60341
13403
56038
10554
76264
28219
63042
8453
76704
14919
47629
85982
53245
61023
88581
39154
43822
89233
93953
13634
46823
30323
19367
91640
48637
18531
38413
94650
36304
49414
70695
25457
55719
45580
48798
30975
89339
73763
98268
39914
19988
35638
60016
63605
69411
60588
68970
49101
17359
45080
41715
78415
78918
39645
91670
47649
7363
60439
64656
35192
52822
49537
43465
98346
45033
56310
74685
89097
1899
28155
83153
6061
74302
56933
44721
386
94761
96413
59136
72150
82019
50739
47626
22709
62305
20916
23317
88979
12070
66442
47921
77703
9043
84480
1589
18490
57324
18634
83142
21682
1856
2266
97995
43595
79082
81708
21043
63984
39021
1994
21198
76315
84868
28948
22403
14866
52043
53808
25014
9125
68069
1543
34299
41951
47638
36167
37091
76036
92883
35886
26815
66009
72096
75805
16556
58490
15663
50438
80525
36615
79185
17098
62959
19067
59864
97813
86716
89563
39045
4370
47194
61623
72370
84374
27258
10310
87959
84063
3934
24735
18121
56691
83305
54301
17737
5219
22399
48204
39470
58795
34921
4350
17510
84914
412
31025
20488
42171
52318
79411
14557
60372
46509
49784
483
17973
67748
96458
23054
65190
8547
56276
5240
78554
12020
19746
58618
67042
36252
67453
45810
6093
13701
72830
19131
26129
45529
82493
21129
7299
69605
19819
94310
18488
24923
65347
52667
56002
98774
33132
37986
11552
59890
46587
60794
32144
25584
76917
95378
70484
93533
59228
19950
94690
1855
83457
20610
95084
21757
69099
8846
82840
51901
77226
99888
52370
63734
37546
21421
9134
11686
12032
20884
92929
99384
90509
38730
18793
57436
4811
58389
20026
67873
98235
74985
27827
76668
17542
26105
38463
39055
77113
96640
80053
14620
9728
6834
60264
18441
42613
71659
29189
68521
91426
45098
38125
48526
45966
33686
45081
54600
42228
7518
61223
39648
42053
61622
43308
58258
13575
50642
16651
44811
17866
64270
54708
55030
63390
57429
77216
32059
8655
65447
27577
73890
35927
5754
8589
60477
12342
34233
33591
50235
68286
47519
25746
99459
43201
56024
60029
72743
48493
97130
9523
61773
88530
80725
450
72831
29420
58861
39846
69821
50217
72943
19160
23262
65294
59240
15103
42050
22807
7954
84785
29976
98083
32358
36446
24076
29603
32229
53177
21774
50988
23746
99775
66488
34305
49963
651
45219
67563
96680
48612
98637
38773
35704
68753
87977
81910
11230
45362
74464
72893
69266
21851
36495
52679
43002
10065
64460
40778
38817
83106
11827
82794
68748
3761
22153
22403
24076
45711
50151
64491
69612
39238
63649
22297
37961
94240
41412
86280
56054
77342
49539
78004
74604
31320
79343
76504
55985
9791
58151
18189
5811
68970
41382
94795
67112
20954
63365
41367
44244
95286
25532
13230
50690
16228
37167
57807
25672
53135
10820
53083
31794
54870
64428
6651
79391
86682
16274
17140
61158
49840
41822
80596
38008
79430
41006
72515
26784
43032
14553
90284
59848
26320
59228
20978
78755
88398
