57435
89106
62049
20144
57057
34387
23896
9281
95182
69658
97466
49794
70397
29662
10411
82552
6331
12915
56576
45052
66073
48262
18823
53068
82476
34475
99043
64590
33168
35257
44163
31174
23134
99072
46241
44880
73557
36447
45776
31275
23545
6531
72218
37227
59651
20086
83704
63829
47823
34485
79739
22195
24407
95370
27417
82765
93940
95541
9587
27930
7870
73588
56784
35620
51122
77568
36312
73722
98538
80353
41629
40889
99453
45320
65523
6504
19001
41761
62169
41327
72306
98
50551
93371
40031
78225
79304
16560
21382
53330
94809
92985
54136
35205
67636
19822
44986
51975
20505
16679
27082
60526
22070
17946
18072
34993
12541
71480
27602
93476
362
91609
21867
17778
86555
76085
25132
85357
43414
45846
20460
64303
12818
25162
87885
32176
61343
61972
35510
94591
41152
19806
82678
18313
76968
52994
47077
2538
70010
20209
51806
74425
18562
60412
9964
71162
74859
6956
11995
4598
89263
84969
23463
42450
43355
43245
6340
66701
8342
11829
11838
58094
57356
56254
34729
69202
47100
88663
5170
88827
68850
25571
67084
48892
11749
70710
90104
27102
86189
27818
35448
62848
59233
1347
40300
99452
28287
12986
58204
4583
33699
63188
62835
26907
15260
71872
16147
86124
31437
43476
73352
87823
98042
42014
3843
92060
2226
12857
88855
29085
23587
18099
82687
68638
62725
91101
77757
22698
84790
20266
10080
24279
45423
99866
96051
71854
11755
60621
22519
72166
50633
64397
82374
20807
92875
94320
79228
48016
87455
9075
29523
82542
35460
61542
1135
82588
12253
34242
98425
67591
71977
77948
36533
98882
49863
25824
21631
39823
85748
25339
70680
84994
44024
96497
77631
4328
46442
23224
11953
89917
87294
95960
40042
70249
37857
46504
77561
17159
89820
60870
7281
80101
18652
73397
37324
85323
67982
29973
39146
