99253
94523
87525
81531
42490
4646
94425
55844
38922
42452
77760
70209
71779
46815
99845
34517
15266
79504
76427
72756
71512
71632
87667
64202
17171
97907
74428
66030
23942
80686
38345
54876
72528
32889
51221
54033
3910
25213
50806
65083
19638
45812
45403
62244
558
89421
49580
68043
64078
19169
73499
64675
59005
63038
41940
63349
76409
71889
3782
62913
38238
53124
34860
75839
81777
78089
5350
25369
70580
3363
27252
23291
45599
59606
64850
92379
54722
77013
22288
93426
54367
22321
35641
10712
39088
29566
4410
28579
22917
62975
94945
87974
32055
28674
15019
18986
98868
21143
52351
36135
2501
42724
40183
34110
74621
17930
37835
74568
28330
32070
84411
43785
78497
50577
23393
62724
66015
85993
32081
65252
47995
23993
41580
16118
86955
11847
9343
30341
33589
15447
22277
8542
63506
8915
35305
56818
10020
4005
18977
45444
59576
70100
25868
59795
42002
15161
13292
91319
46153
69911
51542
48458
8072
65286
24955
2888
41493
49709
40972
4959
43156
5154
32557
69208
33781
35433
11916
68363
32387
8039
9729
15063
59094
61879
67362
23130
42878
31229
49788
57339
74237
62610
60340
10650
94200
64164
69012
53982
55096
62864
19980
6373
16137
8298
74508
10509
29568
36697
48264
45993
86501
66352
38408
504
81406
48553
14120
21635
17561
50597
53006
42440
61962
65623
90670
40862
55529
50977
49360
74779
68699
92068
30378
52063
97082
3939
14162
21504
5343
3169
65863
32984
55824
2199
60656
14375
6931
94157
46783
52275
58940
66704
52348
83046
2761
18459
41148
54279
43084
86074
91144
99471
45602
7376
71509
7262
55127
88231
49163
53762
44599
47583
1077
7393
56623
42039
32574
58401
12897
58816
84673
57105
37073
63064
75657
32415
83231
23843
25608
89830
23848
2797
7570
32459
31454
31003
61227
18390
70048
57889
14014
35986
5740
75936
10340
81811
50032
55372
6709
63571
306
45631
96802
241
61648
86993
40697
83777
93543
17553
16250
14794
48161
11391
43055
2962
87096
67459
52664
91518
93168
23079
90226
75902
45674
22470
54959
69409
23468
11547
64180
31514
36626
62086
55208
59339
72652
30201
73997
19394
57995
96051
77351
90746
22237
32507
34595
25669
3828
49064
90675
27693
27826
65346
34978
67448
55183
37969
