98492
98811
64952
17853
51412
55715
79281
26425
20488
34744
36110
85521
1446
17539
76138
9146
25754
33614
37657
91337
48860
62173
3071
26530
72729
24901
7211
96638
32018
14599
57626
87517
54620
78334
10984
7343
15427
84342
85775
79057
71411
65655
30527
51720
32851
7751
67014
69972
82804
40803
56805
677
78636
85580
88257
88404
62200
57657
14800
50021
75706
46323
34430
52689
21268
38343
15805
35888
51121
69764
79985
59654
78491
58139
17423
32702
3440
18872
83237
16583
8936
86216
90319
34731
8240
97051
74691
89626
91638
2957
98233
47951
83155
40323
94124
94793
31538
42246
