31323
31403
79024
18147
96337
79092
56594
51304
44952
89005
65407
61282
30603
27942
18503
76388
13939
78352
22335
69941
57478
95620
38566
57199
9740
97596
36003
91446
89200
33748
96607
24586
4259
79836
55833
51462
96738
16838
98791
17799
48801
68378
95275
36036
41382
81267
4043
57156
86613
53198
73292
78667
7869
49394
34018
32887
25968
34205
67780
44698
24036
71373
25479
20916
27619
82147
92759
40553
56795
17669
64766
88528
42896
25706
30065
89875
81696
22514
84374
25494
61695
74519
4320
18199
71337
14264
40584
69894
74524
76371
28770
22810
55650
89220
64371
57851
69181
95625
18671
99077
32455
65155
21785
26300
9662
85674
67038
80255
1422
14168
18535
10841
97957
10197
81196
11814
61353
25414
31216
29456
52912
70964
60636
83967
84056
75346
93110
44876
5697
51209
45390
51172
18489
42803
76578
8585
88095
58803
67291
16115
45886
80460
45977
9638
90790
49014
60360
33827
23544
1412
46504
71348
2462
90316
84396
96652
70299
74637
90585
11836
26099
44032
17256
18854
70013
63843
74976
74096
93050
37759
7428
44896
45654
84421
24891
28681
35535
16771
62981
91068
21932
1060
23729
8952
53818
96140
69711
2876
40814
36668
62665
73468
45315
85077
42735
27455
22919
1010
81749
5397
17560
30725
78563
60527
49277
69607
53295
94584
18012
17402
64098
63004
70531
71053
51790
12970
88291
55655
68469
29167
92905
6280
49946
21288
77565
84467
88491
15518
6686
71789
23862
47686
38116
98554
39947
71140
16062
49137
14923
10356
48199
54342
95967
64712
75138
1714
22050
86716
83728
77625
602
23519
83649
38295
12610
33611
94843
74405
83264
79032
40070
44614
1040
91811
12434
78742
68854
91513
12409
50414
76708
94517
86936
92109
25085
3826
3503
82903
97994
33678
20702
29763
11325
47893
17731
96469
99605
7766
28967
31816
21859
81775
49178
17915
94872
62858
14465
13914
45184
87223
6610
2759
74054
82586
74121
16369
11489
