43248
44592
44486
53796
18484
58436
99223
83214
39671
27982
87263
75155
84239
65204
56559
57245
82298
42583
73009
17401
55461
11052
60057
50632
43143
91511
74556
28439
64885
95559
98363
30314
79688
70966
82650
60303
75145
20570
7515
11378
28090
94000
2389
61881
94785
5232
32806
49562
59635
46536
9161
68806
79088
87622
8776
95250
5390
87745
73973
26400
93195
79281
27894
10130
61865
24739
85931
86
47815
99046
13082
67612
16953
32110
63531
38044
96923
27799
1268
17677
92021
53501
58753
39256
65516
554
13040
59152
40142
51575
90425
28902
51560
50346
41483
80501
28223
40091
97981
11098
25469
41082
39170
7490
84162
61696
90717
21774
43415
47784
76065
76621
28726
85055
80283
75720
80361
87834
72003
11352
96706
83732
39273
50069
77766
62467
52378
97916
13462
47989
28051
46143
1593
86718
24837
32471
19800
66799
56669
9004
33275
42083
70932
22716
81327
21290
17936
48453
29664
53955
93037
16542
12924
7099
24484
98796
12113
84379
16993
96285
7459
74745
6525
66976
22282
83763
60034
56108
75860
29459
4863
45109
19885
95273
99532
70216
84681
84641
11098
29590
8880
40932
32650
39387
65604
64410
11933
60903
57063
28257
1280
15077
90729
33178
15839
7624
41697
78685
10474
44818
38241
94376
17925
69250
43161
81091
51639
78725
94958
3000
19630
9340
81531
45559
80616
67271
92562
36956
96351
23952
53064
23898
39899
71008
97679
36779
35227
38733
68202
29184
90092
24941
73044
13422
81487
12167
90180
5979
89460
97781
56501
85876
69722
88021
11883
11729
36049
68513
65723
77222
34363
31161
11535
64508
47387
4721
58866
24509
19304
37471
58340
88584
79951
84544
81975
7762
62861
71583
50385
1703
24153
35357
23110
96255
1513
43431
18185
32951
91625
82516
99662
63962
76619
92102
14512
98497
84833
36242
2630
12605
60252
25383
7915
26251
85332
26137
71905
62619
6947
68576
22016
19488
37839
50732
27777
31944
75764
27986
45505
79374
99048
39485
10338
51509
88332
53806
96862
1932
77923
7693
4161
36278
4630
20347
68272
18340
44158
35488
28982
92842
43863
79360
56649
64266
77862
85490
74731
71784
35711
71810
77571
92793
16167
24343
29028
56398
59858
96926
72550
8033
17788
61745
10009
23588
30963
78195
81546
80
47330
59075
45230
66838
11839
71327
48294
58172
74508
18769
41396
26993
61749
75260
54129
12533
