58640
31876
28091
16271
72091
90189
58925
14066
12545
43244
76506
92038
38613
54068
90025
98094
4459
52407
85113
46005
83781
65685
32885
86113
51712
96557
77173
325
77925
41363
66574
74815
71635
31726
8794
99578
52283
695
84353
80429
21153
9180
82412
50873
95124
3022
91559
87573
84334
54723
5099
11410
60926
49690
23936
80163
53841
84558
24366
17214
17535
8276
97604
74249
61781
26048
83816
43810
97760
95659
78308
79617
73307
39082
35694
87567
96105
89777
39622
10877
16027
57096
75866
34548
41669
11132
90399
80630
95902
66505
8550
5057
93431
42086
24158
11213
53122
837
67920
89881
80101
12893
87893
62929
10553
57848
19803
23717
4693
75394
3953
51648
17301
68803
28638
8190
52431
82364
41055
98726
29080
32322
16490
42341
11852
4137
42339
76374
77578
5610
86001
77307
54140
9231
44112
63885
78990
37443
89763
97594
4779
21438
1764
49048
21711
86914
19763
49047
2820
94155
15196
5221
62541
92367
63608
29455
44805
24122
4641
14157
43749
77421
64295
76803
90483
96309
13937
39693
4583
33011
1014
45126
11560
85022
25358
80928
13912
21282
83972
63519
31122
56187
3124
4565
31411
8195
36187
86619
53653
26570
50779
11637
83271
84656
74060
94044
43222
18444
85616
92883
27071
75806
27733
94453
20064
2824
72140
10332
58896
35914
98228
60524
828
24389
5227
58536
82261
16246
48514
54633
89920
35087
97232
21744
46604
47376
30255
79032
43986
52969
30384
54470
55885
24021
5273
27529
64402
77270
42796
58526
18896
88536
71943
12833
79543
34303
20841
74852
88937
22150
76342
45271
55027
18933
9637
63425
53446
37471
55372
9452
54411
64413
56638
78442
23541
46081
61189
66159
164
72670
21050
86510
28862
81119
18339
13798
406
35938
88980
39749
36674
70583
48028
87104
11743
70173
55676
21132
66593
99889
85743
27707
63080
59720
75360
31762
5571
32151
44872
36421
5014
78200
71935
69459
59878
47043
33885
92170
44226
83602
46274
6834
55051
14274
9467
10668
6208
41702
59710
21195
26718
43057
33582
2381
22160
29574
36779
27190
75734
12655
87231
44691
97651
67632
55132
79938
69504
10244
69250
54241
99138
62094
89718
33533
83523
20693
78122
61452
90293
4504
5027
90202
80694
81988
20516
99249
22220
41436
99565
32571
907
49460
57679
86669
2254
84788
78018
3331
88949
22685
55933
44881
1491
60583
78975
82923
36199
81350
97977
44834
8169
6378
94370
20568
78627
39634
11042
87038
92136
74045
29582
76132
10123
30736
61716
20998
585
45859
25460
99358
60826
77394
26516
39623
24496
4931
85918
72960
2817
52550
73471
82892
24303
55008
98471
44981
67858
52359
70678
55465
78259
48736
82414
80098
57224
33296
91152
40435
77935
19319
85955
4189
4197
46448
24669
4762
46102
10301
24888
89017
62564
82319
86518
66877
71090
64834
33685
30979
49814
92560
11711
21213
18985
77065
83176
87046
28597
19532
66223
83293
52783
90694
50461
77749
84439
25069
21084
50986
4985
90543
4968
4073
53618
33586
74570
60950
55264
96273
5804
45787
28673
95947
35090
37575
99045
92041
88808
45364
13635
58983
583
3355
96351
9092
15418
31633
46759
59131
81767
17870
42675
26576
60269
12139
26165
54136
34434
11162
92701
67949
74403
53026
82787
58909
49829
54821
42993
55561
84908
7188
5506
52134
85261
42092
25165
37908
95412
39441
61885
77139
37916
40930
87306
9442
88368
45545
58561
11375
80558
86089
57906
4437
79692
34719
2623
96819
84985
95765
70945
41527
27960
10448
4189
8152
12491
32039
60676
53387
50379
96536
19356
11036
82639
70118
27969
57878
34120
47850
88489
81599
82454
51641
96598
74650
3313
93074
36605
96729
76645
36082
8541
57258
2298
35576
16416
1934
8887
63262
7739
77256
4758
76162
9703
82368
16245
34869
31652
67600
24447
70829
88301
29019
14628
44901
35435
46464
2464
25400
81454
50870
44704
23437
6510
17555
44512
97751
38979
97020
65550
64586
65204
47951
91987
67564
19167
35600
6087
15791
95640
69870
75386
67560
37383
78869
6031
67779
31283
68269
63850
99156
57872
31574
47673
18631
26513
93172
95111
85105
13922
86300
92466
23933
39829
87005
48089
16776
54534
33265
68553
36170
88152
15410
86444
23482
46996
33843
86468
21329
78381
1472
44868
70908
15344
81609
57545
28190
74426
41265
25226
69885
23462
26059
63766
79021
55371
92277
42120
86292
65463
7629
30023
87854
21020
78478
42729
23958
54057
669
46538
38174
79387
8015
3657
76927
76953
99786
39248
25748
