80560
33601
10663
8788
98778
11339
81951
99980
4792
36313
98048
44289
52814
17968
88018
68394
69397
12834
95596
31460
42919
12135
47817
29338
69554
64693
59886
67534
10748
38345
46467
48327
10530
77521
48913
54162
80480
78555
29023
85593
11179
84454
73076
56285
50239
39692
85146
93147
77396
58199
17742
90404
66533
80971
41641
44130
64810
33250
13202
79065
4422
29286
96343
85903
31711
50499
18492
83155
32797
7384
4712
93573
33270
59340
818
61009
48671
92952
93838
73954
330
60634
45862
79180
35272
9074
14302
81005
9789
24629
28689
72658
24588
46028
70703
70317
75487
68929
58226
66497
83023
17858
37424
69161
57331
37241
85706
18097
61148
76645
36878
85937
2317
47019
18004
84568
86375
49430
47706
66009
79418
29404
85338
25687
19414
86758
90764
14557
60972
22302
29151
33084
27944
40020
72
24092
99296
6023
32534
92538
30498
60245
14907
33652
77085
25932
37091
65926
85522
20491
88442
90569
42514
8272
27002
11321
72852
80805
50396
78679
22388
60706
49219
95411
16115
39815
46596
22927
34732
23241
2372
67851
38467
93325
60135
63943
60067
22644
72729
14203
8208
59721
3152
75064
62314
82231
14437
48075
79267
98357
25189
37808
29155
2345
24215
71562
7875
60867
66197
46174
17392
97800
69159
15279
97861
93871
36804
56058
30831
70860
13697
10658
35557
99695
12340
92667
96939
3685
39839
60891
67821
31386
89032
9021
25649
78159
72317
90887
86676
10989
91894
4998
13074
37284
10244
65605
83940
38177
22862
26736
42345
70140
5507
61856
81502
55024
60360
41370
86513
78264
47636
99135
13431
27210
6321
34596
33841
55589
52141
13140
43243
65010
89335
5515
88755
61505
90841
5327
35911
34550
69080
95930
46917
10984
6594
27261
72912
92958
93233
17015
63485
63175
43054
82742
6602
58867
46588
74253
24524
64497
71683
41918
92702
91455
34994
38050
92594
72030
71850
48621
45283
54386
41550
17328
20639
73455
19136
8766
26726
67969
16142
90008
15860
54514
91083
73380
60274
87084
66257
52898
38772
23844
36387
43670
43498
55760
34610
83053
21299
63493
88239
77448
29107
98118
19489
48697
33105
79042
17272
83753
90067
10500
68396
86951
38940
42771
37842
86557
15694
64187
55012
63463
87390
16694
66515
82925
80133
55569
12889
31484
43781
11874
74618
59771
41070
44736
61606
78900
33007
41129
31124
95198
40076
43735
27128
33214
16355
75803
86949
11575
34049
39393
62235
48326
95289
68217
80867
95437
56454
89852
95523
92898
77642
89632
87730
37075
95939
134
52571
43109
12624
63672
737
95094
87353
85082
32936
39925
939
81379
83990
75710
20876
50247
73429
76561
25769
99121
78199
48528
79396
71042
62094
86910
50930
47892
2890
74514
20790
15386
95734
41407
15858
18497
67334
53247
98233
45532
37977
58279
71233
69716
73151
5458
41296
36333
37215
57953
93982
1140
61954
36963
27815
69411
60146
37084
57401
3626
43731
70522
20392
23060
59399
81521
79782
60340
10895
11329
14609
24760
29596
8516
35359
68448
68353
72027
11914
32238
19725
11674
10045
27879
52969
27451
67262
30569
67818
77392
83524
36784
6658
10432
29097
20668
63220
9226
58665
47467
55642
41168
90342
23091
76366
44347
11535
65480
84381
50904
23211
94203
14035
80414
73338
57196
68808
15499
93489
13658
56717
11515
39149
58458
80270
55581
24916
48011
98688
94332
78400
26878
36177
4552
16394
31081
64490
53948
79511
95159
79925
57613
69324
86318
6432
12226
82981
8480
18075
80561
38698
81227
34535
17606
2641
90069
40136
49383
62063
63530
19192
48697
25698
4830
87958
63132
32428
9422
50074
77269
20750
42884
29825
62843
73189
48598
64267
8168
78728
31901
40284
30114
13153
62551
64294
59430
16052
79175
48241
56257
80880
8075
25003
10893
73741
25459
76839
87150
74201
52492
8449
13229
43459
88468
33410
10948
2020
56743
46300
49970
29845
92104
46858
17865
50507
45507
23070
27131
86243
37486
4101
25051
22715
70121
85488
42237
53194
13533
48192
34553
18040
96333
13811
26210
98435
35931
84031
70626
71547
55773
52482
31997
62260
65865
62593
63277
57135
34104
72837
29534
63939
92008
30577
2163
55062
4481
24948
89059
63826
96981
12398
65323
47479
55327
48910
6771
6016
12766
56611
26691
91413
24596
79330
48618
91286
96265
67070
14877
39808
42652
30102
13765
53245
60864
5207
24805
87361
20779
27183
53925
97985
72678
51633
68197
52543
66839
33142
4030
30420
57967
13649
3777
92139
28866
38635
15851
8432
11956
48919
63831
80044
49252
55728
93061
20570
6545
692
33030
21381
39253
10939
61252
26008
50
47643
5375
38906
69460
81864
49844
4794
86255
40672
61851
99308
5710
66585
60090
5153
3199
70964
58218
38789
2008
52454
68033
86489
68913
82013
42801
31066
16347
43144
8284
25803
68449
81444
82131
37376
70451
26206
42811
96873
97007
44137
94792
12834
6392
40455
2701
3451
13326
71121
86421
30114
20995
50261
5264
80998
95550
54383
82243
10815
67949
76890
55735
14156
17919
63258
40049
93774
98770
65305
52592
82470
22656
66048
29108
15272
76630
86686
85926
11377
19600
14958
97300
64083
2159
202
3509
85005
26822
85153
24458
57866
30975
87253
18941
29447
9653
37520
83017
22625
46157
36918
64931
65667
24637
65096
31612
94191
13311
17605
88080
11396
34192
47353
35510
2378
73867
49345
23017
34821
28940
81206
89018
74184
63318
58179
78864
17328
31641
76124
73539
33257
37632
58897
46760
70140
2817
52318
79952
16972
48260
85099
17276
52460
73463
45185
3766
3802
3531
52162
59078
97634
78099
67275
63285
91334
99406
61736
57482
70483
63279
99910
27577
82605
90102
96723
69648
43519
1500
13708
81569
78854
55356
38732
43935
96275
35788
80209
28223
30465
19652
92115
31672
90658
