36671
15068
50497
78554
6357
52157
78168
33670
79157
50481
9029
47472
42753
22518
55379
28384
42101
69571
41637
69211
93027
50183
93087
58131
73822
85290
28065
85199
97028
160
1386
1183
84357
35191
43672
81864
40843
36339
40133
93023
79529
96243
4401
72161
69224
8322
75813
42135
48069
80863
21128
97233
46240
33573
40913
13437
33930
42447
93211
41175
16360
57710
8822
74637
82871
68194
1493
98464
21867
12679
2836
74778
60437
40777
13399
982
7983
70625
53867
11908
40058
41349
41070
37062
88806
7879
26553
62853
41643
67951
13220
93611
60745
9426
28603
14279
88995
92445
63010
77423
14161
9279
56474
23217
220
3835
63471
23213
41854
21319
10097
2259
70352
67501
60760
64976
13614
14820
78967
61556
40257
82937
72785
63454
42381
71403
35544
67415
15479
57868
65538
58125
72045
28430
9773
61288
32040
89217
19084
40747
10103
8363
67607
35535
18192
50243
8991
12795
51592
86720
52256
35650
56366
9939
46855
66828
39975
40959
82102
38870
65804
40726
55738
61471
16464
99674
63558
84830
94635
68828
61351
958
15088
89508
8843
33176
78868
83655
35473
77866
58217
15933
85362
33791
17915
99603
64297
2321
22054
49703
26153
40378
8594
40800
10969
62776
51626
46945
90208
75825
50109
54329
83332
14544
34138
36282
68978
84582
28548
2129
96555
52231
15703
14882
15121
43941
95681
49851
25646
27008
20254
7861
24601
63988
6024
49615
60605
63554
18292
26126
90183
47254
80293
33567
39701
40454
94784
87213
40741
17185
25974
43418
11843
39167
57304
71787
91447
5012
45311
23840
64774
20293
52558
23592
1280
18912
44243
79788
54405
63573
31698
30545
54187
55
37760
10390
31948
42268
83496
77292
4732
41922
67068
76671
72328
77470
157
44113
94499
89048
87663
99754
16640
63638
36455
81107
16938
72975
55289
16902
69999
31631
9337
37504
6037
73997
22682
17018
25844
56270
6259
6991
95953
25662
98092
68316
58287
97493
16235
51571
24577
62031
17302
89193
10883
11176
27754
47569
73529
59358
7439
35318
78425
41954
95388
35058
9600
54625
52520
83988
41314
51759
91539
43693
24381
65835
52145
71428
44613
84527
94463
82965
43502
16874
43
29451
74316
89574
18626
44150
15794
55820
42845
78071
3611
4330
87428
60314
65906
48926
82762
41425
3287
48997
77277
46262
1237
96819
89145
8096
75174
14071
93749
87259
8403
24750
58532
21312
92032
23188
8459
71611
34216
46690
98537
61703
13386
84529
27916
67547
29572
8593
20153
14284
75937
32577
6972
75874
72127
4984
70411
63472
36064
13747
49699
67751
52788
79440
10055
88740
1742
85883
86884
8706
23556
4204
61595
87533
23626
82034
1557
83815
37636
27596
98620
49218
79543
36404
25584
79320
90633
16877
44987
72047
62318
42090
81213
95384
64801
68571
34526
58556
25942
905
22829
87203
63999
99319
90986
47489
29321
83864
48735
69886
40712
35344
17894
43910
74363
78323
28453
4125
34741
70774
68603
81538
68645
75410
72174
83186
67300
67474
94634
58467
18472
55074
8178
58961
28777
50809
29867
63142
95550
59465
2879
911
15342
55934
47831
64932
72668
98345
29616
40021
7758
94202
3718
452
9961
10456
28311
5395
83980
2075
76125
92812
45061
15737
84848
86083
57136
50186
56683
47351
98232
22125
47914
69443
86284
22737
31911
9125
60588
64573
51172
18289
75437
33080
67144
49252
53447
62948
37179
55898
52321
28323
12579
18074
63969
91743
73504
42121
4339
31063
60186
14822
8931
6591
77477
8424
85261
36282
71513
76518
93554
13043
6583
51215
48751
31278
71300
97503
73652
36872
92228
21458
31132
24784
42772
56660
56014
93134
42563
40557
28929
1462
79021
66793
58523
72528
40293
85970
56668
86938
23020
86197
69290
25660
60213
64883
55209
68449
82638
54797
42749
60460
26487
55983
75881
91763
4767
28925
35252
69333
45767
78408
61699
45577
88517
61163
39343
21120
58621
6780
58833
80158
79451
91575
44659
55982
58392
57420
29115
29340
13583
83136
19866
87312
5948
80833
14772
73339
64182
66284
93252
38729
8418
77791
98839
25908
30500
93680
31184
4027
84584
54295
8838
35821
27704
6807
3021
73093
37313
9134
15600
94083
99109
63858
36277
91998
65744
19038
73570
44729
47778
80156
33641
87747
11146
30894
18473
67407
72274
66268
23790
32145
43857
91345
82684
26811
98479
85138
59721
8028
23104
4428
21261
28427
59649
88063
31073
26850
51483
50950
98749
15625
9985
14474
64088
92265
42143
85345
40512
62921
74681
30307
55806
98780
32685
24958
62374
81299
52400
65436
49071
20555
63058
75953
93611
73668
4622
84113
37378
94258
37851
43080
18842
68389
74191
95105
83533
90203
89307
39322
