33685
37857
45222
18515
73449
17061
40319
19871
69488
52726
36714
41158
29330
35637
34753
72779
50991
83828
49604
70744
62044
37660
40846
83216
72562
15536
18627
52333
38553
41184
61559
86218
25442
89480
40488
64706
87330
347
32577
15693
48430
43137
78829
32942
49693
57881
72704
89686
96046
89154
65103
54741
12440
74045
30806
48641
86798
63618
86512
66216
58366
20299
67420
85327
40551
14113
89498
46701
85899
50043
53680
76957
69027
6674
68277
94145
40251
75277
38970
56642
51166
25284
32976
21673
52435
56510
30060
3545
80432
69130
35822
43035
76183
58288
22835
75056
28285
71301
22174
72837
33771
78498
76729
43759
42347
99568
74439
62307
60132
6558
25003
24422
49961
64820
99458
28594
67050
73817
94002
44998
53599
10156
96553
17645
63373
70526
86056
98798
36930
64397
90351
84123
5816
50533
75597
11218
35326
7995
68421
21539
776
50708
21016
18481
351
4678
33874
13581
49207
3554
38238
57629
34857
26700
34926
85635
16362
99549
57224
38446
43015
28737
69722
80163
61099
59548
97184
23482
52596
49131
22074
85501
73339
66772
5289
98614
51924
54375
53281
70606
30130
77612
77028
70374
30847
34111
97665
4639
