38816
70699
98129
97238
16556
61139
28051
47279
87730
25048
74973
36997
90780
92974
59940
74915
57215
88236
38247
95791
97741
78576
77436
32228
46672
87567
91845
93760
63646
67613
30820
77611
69481
28483
634
57790
50216
62297
1460
48904
9382
89245
86821
51964
31019
28984
15505
90453
87934
53296
11460
5559
31400
34836
82105
99809
32175
59325
51530
40458
54586
93760
72130
54575
6988
54353
89167
80243
97001
47143
7519
69397
17713
96253
75820
65412
39232
46973
56953
73819
38071
47437
42728
14914
62143
98723
76311
25631
72047
47962
75480
49929
39310
63134
53631
45291
84894
60476
87199
3318
73692
7359
87153
31653
71396
7120
63850
87750
67854
87940
56836
16936
37291
35051
85559
46451
85968
8719
46985
58136
57893
77364
15996
50780
35967
81639
59360
33859
54277
99751
61340
4471
53688
13407
30362
85469
33326
90929
93666
98162
45309
89479
21806
84007
57424
2482
17181
60117
52931
93059
98309
20999
30233
10999
58422
66057
83123
94793
31522
79172
99285
21622
91788
22176
99552
11703
86145
87225
38171
15736
76955
43376
4727
47393
14199
48907
58439
54946
45418
25125
62788
43268
86458
46610
49874
14897
64133
55439
39094
29368
74287
7647
29400
10785
62488
917
14923
16441
18828
37479
96445
91240
15903
78907
39368
39669
7452
50489
46833
99079
63464
4715
54512
52258
80182
80074
53103
74377
5853
73955
15415
86568
99562
81444
90848
31011
88099
24858
85685
51718
90596
95774
27196
80315
12656
14467
48809
6411
53551
98227
45488
3583
31005
92462
59396
39767
38835
81508
58308
51396
89248
46438
54219
30122
42229
23213
33948
55001
73164
19761
22164
96828
40993
43724
56316
81528
3516
99080
82163
61647
71188
13287
14387
95466
47395
50071
12896
48751
40230
24220
58869
77673
16037
37743
31090
16595
4013
44507
6334
64460
51295
86145
89977
9
62130
84207
17613
12673
92986
70923
57453
89932
32626
24156
75639
21798
45725
82016
89850
57327
62183
72549
85258
77058
72455
8800
4542
50252
54839
45786
7891
23656
76279
83881
42197
89714
71238
55882
77891
68937
87520
97066
34065
9767
58740
18709
43800
18135
98190
31678
92169
38994
50589
24115
99224
151
40059
60143
89608
96564
99503
88573
91353
26384
31600
94482
97805
58798
83338
23416
43155
86360
5096
56344
47894
35082
15742
76604
35110
73934
64334
19773
24850
49310
32066
18975
8952
64639
60284
69630
32549
44796
69640
6549
71826
40525
91475
72708
72533
15607
410
97806
68887
48700
74239
89042
76605
65386
1557
72402
16078
28355
49131
14754
71361
31240
37168
61371
27980
55799
80093
