17136
4228
70278
19828
51266
95678
14098
47877
46337
60588
73846
97145
59476
84114
55704
89989
87715
72365
93331
61323
29159
56839
56066
73618
59421
52758
69532
94316
12983
99026
68447
48495
34349
90093
45124
82693
68429
48446
12319
42128
24636
45790
67352
42541
61032
40662
81455
66443
78596
26908
28543
17804
29501
7124
43992
61007
17472
57020
99902
2795
83572
45525
16612
88646
23939
36254
98324
83463
15726
13281
19919
81748
88916
59519
99237
23788
92896
55543
79533
60542
92564
74367
46977
17392
693
51294
64811
44273
71025
73601
67270
78665
78461
43539
44779
71558
39967
7478
78817
38979
96076
88940
63024
6131
42945
63612
89280
80198
44524
88658
27091
2080
72353
2529
14738
2568
71138
76863
89511
63427
77712
70384
9672
54187
99233
47370
18469
98497
82050
61405
9378
16619
8220
63498
78852
21957
27528
49344
98567
58157
15671
74734
11058
58101
77120
13256
85173
62846
17749
11609
5409
16154
2098
63613
7623
17925
58960
10429
86774
64311
49637
29313
53445
16186
38356
40779
55378
3909
97132
40606
50945
99507
63858
32258
47342
62411
2195
97594
9186
90369
83124
14936
22942
82832
10586
17767
14626
19722
65218
88584
79128
59921
67855
3633
69025
58972
5994
53023
30101
99136
17041
5591
67058
9900
99370
61462
53823
73436
2673
38842
98844
12287
13067
9618
52691
56028
37122
85725
38719
30252
33196
19236
1519
37617
9696
65202
16634
69834
63989
22394
74054
84698
76170
54247
1159
88702
60697
96656
37228
72648
51738
41900
98240
61098
38110
2025
44945
64020
46391
70968
25591
94994
5985
87981
48072
18538
57196
56813
33840
28330
32332
90927
56564
43275
98281
58527
38717
7981
42421
44293
12569
48443
61333
99748
7082
31910
95354
67235
74767
72805
1227
29163
39260
33127
55508
87421
37641
16305
39985
8862
41192
93212
62275
15929
18536
37849
8553
53044
91071
85000
45712
66978
57582
45494
91159
59933
62653
79183
85495
60755
82537
47170
70600
41936
4582
11771
33766
83404
26832
61293
13918
11246
10843
46697
14388
15579
38972
82432
81333
20381
31026
42998
44850
73225
57189
53133
86993
46825
64711
56948
94745
19721
37942
79392
94581
64212
74033
30870
18535
15432
58022
48280
25361
33076
