81431
64749
96390
79264
43603
13130
74097
4561
69308
29539
56836
6089
39071
41635
42340
84339
30429
9586
8373
21245
67009
81835
56848
15906
22478
89159
47862
87930
85362
23998
24681
10659
55386
50679
38424
82776
62734
36785
27374
64652
65265
75839
91545
50402
76356
66600
17367
86327
43639
14344
75444
49809
13790
75952
82571
26463
47756
12234
15912
30427
76717
36510
3331
90591
6158
6368
23813
22781
76324
44229
40852
84657
86450
18360
66448
61605
56151
5271
98701
18650
53944
13304
3852
38943
90283
37984
88665
51321
27700
46753
47805
35652
85528
19738
32285
97221
30701
82889
70341
88807
24211
6454
84480
6872
93346
15355
61610
47749
97240
52270
68066
55137
67831
4631
35816
39556
96702
20277
96658
79920
71821
52089
40775
83689
17770
52379
5396
3048
33358
35173
31451
92267
75484
23166
43624
66618
9834
74546
61167
94587
67446
23225
42873
43101
81679
39169
90292
90411
92320
69456
5939
14914
53126
67190
18978
60680
24187
6978
80082
97777
89852
96919
59238
77632
12812
33404
99396
88699
9599
39050
92324
29395
27551
44956
62757
24906
83597
65987
13280
2291
6031
63487
95963
94312
40117
29600
80655
32306
58263
92485
40929
80633
47171
83709
54578
67938
4877
65613
18143
21860
91808
67470
28378
38474
17177
98249
20407
81866
77285
89437
14072
13899
97064
92110
48840
34168
41218
31916
99837
96707
5816
52066
43848
34301
84889
77099
62526
37580
90378
24873
27355
46539
54020
90793
6550
86718
17474
81721
46313
68755
29251
12202
73702
66158
88874
63641
82573
54369
45740
23011
32958
12011
75696
74090
95483
21923
53681
83028
2887
29723
43183
61690
86893
67785
34331
86865
92447
7844
44257
1491
70022
26699
18499
14122
51914
84651
85347
86907
5773
27469
62425
46712
66939
8465
67115
63538
47316
14364
13746
28546
60571
78285
85729
42
7744
54260
18210
52486
14216
32492
77578
11552
49489
32866
61321
86120
77927
80158
73083
59275
8607
52369
45690
90331
48912
37121
70099
23524
64228
38208
49448
49505
13040
56291
49927
2267
7934
49201
80
50834
48542
29733
4500
31732
99355
10167
85907
95510
80781
35276
69704
84935
53193
88904
59311
17922
8480
18004
83567
62691
7508
86355
25078
74538
12397
58540
43678
72195
36840
57408
34090
39198
84562
80498
93080
43346
1157
50952
27636
61064
75913
29707
67792
36307
97937
78674
27334
94809
95901
51962
98189
14808
75620
7281
76096
97615
54592
185
15048
4668
52539
96186
49453
25863
74626
95179
15803
99099
5131
44704
11577
74148
73252
6101
42277
28227
5605
13956
58812
31588
88905
68415
22677
28591
19837
98418
56016
29806
41792
82659
9312
2013
43663
22568
86474
23414
4671
15053
93730
73646
31387
12762
97367
98792
34682
88965
