97896
85626
74736
52271
96634
68065
27256
77615
36232
40586
9548
76496
28537
8987
54403
21846
64289
71892
52739
58085
648
1428
482
9339
55259
12664
40229
16371
52775
56656
81688
78759
58819
40254
38476
46071
96302
88578
80558
94096
21062
88685
78777
55603
97875
23459
63590
15985
61778
64153
90911
88000
71461
99408
95792
17858
35920
87599
29987
84687
87843
34143
19171
98848
76110
37961
93221
15191
6464
39807
11045
41053
52794
86418
86930
82328
44532
27972
18103
56862
57486
38847
85321
39078
74077
64253
64282
45557
56609
1411
24355
19405
39402
10439
53113
42152
34034
87489
81756
30941
15220
95701
85329
79783
73586
12294
22217
88230
26756
74229
22121
78121
41755
49140
72592
20240
74895
26108
84802
21683
13981
80611
81759
84381
42084
93280
2562
61203
5011
28229
42618
56158
16380
88064
45169
26406
96670
79839
12540
61121
37340
49830
76915
74170
29384
54230
9099
27290
59086
20355
95848
63212
64273
7827
54613
58953
99336
81564
95643
19283
91827
84004
8450
17927
92441
2779
15219
77846
21324
92923
902
63674
32521
70050
563
63267
686
33180
49127
50993
6691
63560
22812
132
23697
73902
33470
11603
15845
10860
30352
17366
72637
70894
85078
50497
86635
32278
90214
80295
69121
76413
28751
4735
88942
6635
26763
4723
83203
41262
74055
10055
98066
42172
65184
14378
54148
35323
62571
96793
37129
3680
63109
38108
62121
33762
32481
89370
90825
52701
14493
74796
55606
48995
41445
53114
64514
50649
27453
91048
214
3510
6870
69711
97545
84659
16080
46734
39318
2732
19464
28543
19024
36242
5994
47548
19418
53211
91277
34909
5105
2191
33498
93627
36141
13731
70924
78584
15649
15874
87784
40625
67811
56780
80978
54285
41207
41091
92871
25497
14840
8175
93385
73652
33814
410
6458
36526
72627
95420
76329
23568
92028
58049
6294
92955
43303
71697
79333
4656
54463
32611
85476
41405
75168
920
73022
47751
28256
89140
34199
69071
37499
27471
92450
51975
20074
82104
68791
34767
19871
75193
30619
97436
51240
63371
34988
25573
97272
90143
81480
84270
73338
52684
37272
9031
81687
73348
26745
90297
73641
44080
29814
66634
81379
96491
67865
73698
6236
9258
98175
65432
81847
50417
40021
8912
82872
79946
5482
39853
85043
62688
70057
12267
75810
4329
54784
29352
11666
65092
63891
84556
84900
72151
99898
35662
52424
63072
15780
11280
92041
87538
96783
78894
20065
32461
66282
61008
29349
65613
30976
4370
57854
16089
6816
65853
56236
32723
62726
97808
5639
76462
47952
1788
58105
41516
32485
56884
27860
33133
51587
97924
50819
88788
3697
39418
79720
8019
76672
79799
43441
997
71530
74103
7485
96454
44011
72991
21475
27538
15973
56459
75512
89767
68709
49200
80321
17918
45104
38150
67228
59787
11696
76760
62482
95948
38033
8936
82206
90356
62565
95916
7115
80004
83964
41355
31479
61592
41486
34204
53680
79374
1048
13158
45302
65943
76745
7356
40281
91303
77803
89078
80696
6868
31760
70809
54450
21590
58400
6222
83391
4451
20271
93175
34668
56008
96587
79256
17741
75039
31546
76603
19701
15488
4133
75261
65992
84361
