22551
2855
91281
1203
22248
8194
21170
5061
73723
14561
30279
94649
18763
46923
8044
98785
17785
14251
12403
59373
50233
40044
93412
23940
60456
52625
41799
99533
89413
7411
57814
42278
47794
50077
27262
84143
49682
86870
79956
84472
69607
52078
53610
96948
43172
72070
36745
59797
75476
89130
61696
92068
38350
36453
56662
84967
90873
53332
24990
94773
97184
11167
91041
79718
81958
29528
62955
46772
79546
93649
6119
52206
3559
29728
34371
61074
46743
83933
18520
67928
28086
32207
98402
82302
6125
54617
28133
27611
54808
33482
15278
81554
34887
33115
58508
10291
69396
96243
96024
21495
67045
85764
88655
80640
72695
52523
30537
28078
92217
42522
43221
93624
87213
39480
26448
97960
54883
83043
64843
78417
6679
56795
25987
63127
45863
96258
50727
39889
88893
79117
78736
75983
11501
97417
24487
47561
37226
36701
11830
22215
64048
14451
80465
30809
87188
23556
95391
84277
98138
54254
19739
44036
88055
96534
194
67071
34127
56999
53942
80103
54787
83365
67098
72981
54316
64537
44139
31750
13193
28088
61568
49258
60107
86233
77633
31625
10784
47907
46019
22208
51246
73467
16514
52323
66271
86702
46040
74999
66969
19013
42647
47807
67618
12159
62997
51154
25169
3809
22508
89619
71187
96939
5639
84827
35539
92760
63366
63140
56064
38170
98472
65133
51354
84944
3036
24547
54371
79215
23284
32482
4490
74447
84427
10007
94206
72339
58012
79626
25488
65066
30062
47651
48482
7361
12774
99527
98782
73519
97063
82022
96633
58908
41198
94949
61444
56195
49198
38998
24704
122
57184
62767
99077
25532
6825
13316
4392
23764
94378
51370
56526
95825
84835
72599
35119
26009
27709
89034
39024
62608
15598
61732
811
44819
51822
51898
19841
64823
54148
40965
88163
12666
78010
75585
10784
52572
55695
38542
52590
56016
38086
95620
37528
15286
16474
80588
91070
57457
51082
16286
21901
84310
51885
5222
69828
67201
7721
78595
4379
97023
7884
5095
36633
69976
43079
5385
2313
86401
92069
43543
11775
791
99330
81935
32751
39093
21510
10346
79907
44668
12479
27463
68125
34748
2849
87163
1392
2403
2029
5504
3422
20373
5687
78476
1174
37226
43158
43660
72168
96273
698
43688
47322
18463
11020
10496
11838
68586
83762
45188
55231
43683
61890
51969
23323
85659
24675
10105
44730
57939
55665
36031
53212
2850
5604
96501
37468
2795
78055
24537
90423
86168
76315
91925
36572
51723
79693
48260
89308
45146
41442
89639
14127
38122
99696
29090
9838
43448
6697
68282
77342
52708
37653
19197
38758
96798
33077
4348
82118
5264
75345
85805
80659
99253
93043
13726
96565
11749
58364
89243
59707
65605
87504
27331
49966
50142
11267
62257
24922
48961
65155
20698
68856
31644
25033
18944
88720
71632
87748
32194
75469
67868
15205
43204
13205
40877
3027
75683
60949
34819
93263
13581
59913
34096
30758
45144
7160
40971
87258
4678
25916
65960
49716
48102
20511
19926
99894
57057
26340
89898
71452
56980
31659
85526
83226
29580
45027
52647
4063
94363
97446
12988
81146
81304
39580
4317
63438
61971
17144
28015
37703
51408
91079
8686
82071
29049
10130
52191
44034
57752
8523
47509
65491
65938
90823
6595
51692
54963
39409
23752
96673
22688
8238
51381
38542
57009
22250
52852
49483
37910
39644
77867
67606
21818
85067
76356
78772
84938
3720
36324
73954
768
13595
84201
17720
16960
48894
44098
29541
82461
73964
66457
8031
75553
78610
59208
80558
92738
99259
91162
2976
20486
8452
61219
80562
58060
92561
26541
72170
15510
73199
23812
92808
73442
283
64983
32859
50869
32776
46695
88442
88892
53966
82054
38279
39303
49897
99145
69688
5457
17700
76211
38290
19534
7311
82988
31844
95617
85012
57268
78083
604
63075
75630
67595
30377
39230
14568
37894
65543
43065
77968
64114
31386
90670
39882
73845
73631
80500
19042
33112
97378
68630
36223
80062
51131
31291
1545
73460
4426
94430
37967
91242
60220
85325
3382
54312
95384
63090
27563
34763
43502
16300
58325
43582
55261
37733
68920
95782
55012
63394
29855
67369
30392
94574
53291
41575
38881
53677
18483
37057
3751
47276
36835
74275
242
72785
65265
67072
42913
21319
96479
60741
39287
86948
79384
66512
32461
50782
63572
28569
54892
38739
77601
90697
92407
28215
39
68722
80542
18953
31198
30218
58198
3710
56302
41750
67149
43261
72205
18516
96701
2675
68172
23548
67674
58573
1563
80347
51023
14761
81076
6876
65939
94112
78777
57048
79750
8201
30403
64819
81644
48589
9334
86117
15767
93891
80053
14061
17931
56616
12642
78863
8925
12671
58249
66757
54352
63050
51796
17599
77519
16524
24486
34534
92580
31642
88688
31149
6480
8687
10141
41941
90863
84350
26837
42457
52859
67363
33767
15885
74424
1180
41291
61667
946
5375
42396
35312
81838
7801
18983
42050
22570
35514
65503
78744
8509
19791
15697
22361
14851
4502
71415
35400
55834
79671
85233
69543
65595
17476
21499
26582
59486
56143
61518
99455
84534
22455
91414
39623
18727
35275
53673
56082
46811
35837
92180
23821
46994
99407
80739
31231
80205
65800
58761
60483
6930
73634
28394
3997
86565
44453
97571
22651
83704
67426
89438
35131
29472
28741
