31688
67347
62460
40076
35884
81575
85517
44409
56987
48988
21120
64852
37168
71791
57393
68725
26876
1580
68070
14188
59904
73471
88658
28192
9447
86023
34604
75091
10126
90316
93129
66515
74717
36453
52267
26497
18482
21282
76188
49188
81631
28630
66108
49656
45540
77237
75913
34532
60838
66989
55742
29674
15672
97815
15996
38196
36357
43840
95814
97420
89802
56711
14760
63783
60981
80419
60779
76289
44830
29964
88725
57065
67396
95454
46173
8306
95582
86941
68343
8372
4148
22709
62008
35634
85878
6135
20192
67888
64930
48729
63711
59618
66863
32610
63738
8351
56945
46046
65297
10505
66540
10273
56362
53021
98831
438
69297
31395
35730
92787
18490
53826
21243
27561
5072
54903
27511
69050
91068
33586
73983
95617
84866
97513
48262
23848
326
81093
87861
35607
36387
35811
66406
52456
4012
31468
64381
25992
40175
95928
3970
23679
73512
76394
19248
98215
45309
82656
60317
22845
52104
89284
50460
51325
86559
50381
26509
22238
54982
58508
21912
63550
43462
53873
21013
55748
32904
99101
32012
11236
38057
8024
62328
21427
17010
89100
49113
16707
96699
67119
39384
6327
36663
83907
82399
37836
97070
99474
97374
3537
49593
86158
3847
59456
39890
8089
54464
54151
90623
42812
26194
29635
70599
19238
31843
80779
2517
5136
23296
27200
38353
83742
7976
52322
54969
32980
76396
38342
97803
20052
5515
99271
95679
22149
47646
61972
28113
78227
18561
49568
64361
79988
15098
57950
44044
24283
22195
19796
6455
320
91973
40758
6681
95607
8724
34358
46002
35709
47436
29435
11135
42063
27336
24433
45350
71470
64128
58464
67516
99384
86368
42086
28018
85653
17666
7082
28720
80551
82506
28972
16877
53465
53779
34002
51913
74684
71974
23527
14830
48393
17900
35393
32721
24492
35711
73643
70567
79998
86166
45154
87375
69544
82089
20211
84157
85873
13161
90733
3340
38957
33778
94266
83692
57686
95100
92543
18721
46269
27023
58995
2319
87154
56937
4218
90116
33100
92311
15503
65572
29303
83977
62692
38512
60148
80003
71170
16532
43460
6219
26882
1621
49846
39220
55215
70683
34455
76000
97694
92330
46547
90397
49904
4850
11129
39863
67439
3454
54332
37053
29383
35751
48383
43125
86125
56909
