99718
1724
79086
52972
77836
54926
15391
73907
19757
55181
91207
66162
48976
8083
53643
58057
31739
20082
12087
53606
32442
48184
99687
79955
52056
79550
61516
62359
34878
79911
27381
82749
17871
57908
38574
94909
82894
51041
14399
97373
85563
7292
60732
84497
93113
90641
46607
2208
10305
1037
38540
26787
2234
58461
17862
10499
50642
19784
99390
86679
61918
21432
4390
95351
6973
99568
89628
24537
87821
63006
13104
36619
44743
69690
42061
93630
91183
53227
65352
35635
1246
46353
29045
56747
19783
84572
59337
49921
5002
69459
61818
42107
72885
45671
63948
41686
3928
29511
84702
31175
41283
22046
19421
8669
7501
80906
37536
50668
43981
65890
75186
11851
85193
89356
55888
85609
76131
85811
82291
22660
32633
52611
5353
71953
70341
90684
66974
611
68781
64457
99759
96657
53369
43027
36594
16066
24111
20626
58223
24732
57923
81180
42725
63352
25424
93057
59917
88690
59447
94510
75293
5558
15164
59696
78864
30108
6540
28492
57474
35602
54192
73347
97071
25310
69380
34509
83005
17189
97604
77257
11751
5173
43060
86261
43773
74904
66018
33224
75787
18930
47406
27548
82167
35082
3405
33586
74442
3728
63337
74410
68423
54857
57142
62565
94631
8610
9607
73612
60975
78383
36865
71901
93737
77108
8330
12880
68650
68562
87544
99974
4627
76241
34451
2304
37879
12614
96907
54088
30204
32744
20955
84908
99132
47894
29772
67355
98393
40995
91364
523
0
15139
46699
42936
12815
84947
54652
3105
95912
30968
69940
46420
59032
19366
76293
16187
52056
71371
91374
79237
99628
84872
93138
16418
36356
25233
91030
96888
40842
9156
83089
24615
95891
89074
15355
76800
36288
76048
444
62721
11125
72023
45275
14279
91530
97534
3572
34200
77472
30160
94226
7498
24327
50866
79794
62178
91532
19226
26321
72154
55637
60944
49089
15175
37322
60503
48501
29935
13712
55167
60213
67806
84574
87037
88463
43360
24004
31623
82461
73191
83678
29786
6782
94485
47936
37253
88791
52702
36971
51323
54092
92176
48951
3895
76652
50115
66732
29043
18181
67334
39345
60812
39359
83614
57112
55925
9066
73641
39183
39774
59944
49856
97307
86999
42585
8469
41428
54297
46532
34962
98499
11707
63315
2428
8888
89500
75023
68538
83464
25046
48481
94740
42323
8139
96119
19963
15892
99057
87845
53805
81558
6095
42835
9090
84385
5380
18292
36167
40009
13321
82547
20655
42441
93994
10326
56571
58258
12000
85240
88863
64405
25098
9680
89333
67450
88954
97220
16596
25485
18428
9536
71098
98212
669
56881
65362
11817
14164
55564
31490
46412
19506
29448
22410
30961
44130
76477
3475
18495
42950
47268
9848
21045
1647
90936
3728
66690
25197
69743
40573
94628
64680
48543
34256
20188
96050
53265
96357
22419
82593
96701
668
28727
10783
23913
3774
38533
13401
22222
75235
32347
38594
35638
51499
11028
44138
11647
58386
55819
18703
36608
63437
52135
13605
58808
52082
22820
25067
87720
52781
57257
81570
5128
93481
83603
61754
62273
91259
32506
16509
68149
51052
337
72142
56806
17127
44757
16843
79104
58583
70618
36031
52664
95208
13232
90992
43761
75655
84932
4006
39672
57664
31168
32777
68999
31674
37376
69248
8848
6271
2344
10679
90112
64033
71330
98538
78158
58434
69158
93956
57387
69367
15194
65336
67050
74281
7344
27953
97418
56532
2725
12095
87938
20730
6811
78820
90264
23737
43933
59743
70010
16805
32867
86110
5754
6661
62720
6751
68706
13020
20586
81198
43139
15041
84598
86641
23770
93265
57631
80893
31970
5430
65710
53254
17479
73657
20710
64475
92353
28940
87264
99266
12701
58520
20019
53273
29862
72933
51541
25839
63866
65905
26073
5572
49445
90770
21940
38347
80688
84153
19241
79358
20381
31308
78360
46642
84630
36809
35663
80599
85956
19379
5890
816
18710
52695
23986
19197
33418
35409
8004
21499
21752
87518
72099
28520
28790
64820
91225
63996
45811
19741
76145
21829
67368
12361
44662
14188
57537
96445
93609
32392
635
72764
8311
86401
90896
39182
22098
95005
90797
81849
85470
45159
62910
93353
31293
36095
33871
48562
59571
85661
64674
33973
65730
89440
62632
26952
74724
40987
49888
44544
24834
80167
26454
5307
6105
19003
85243
33504
82257
48978
41763
205
54440
40852
77337
59156
701
90981
64408
63625
4442
56530
72724
35678
23812
93722
37054
54987
35317
60074
25301
27587
38094
30260
61021
47009
49885
95034
77327
94218
68126
59935
4605
647
83385
650
34588
99787
57970
64138
40896
26509
35002
66808
99670
88549
358
22103
74234
13593
52327
30078
14286
96234
49524
18254
93262
97405
31843
71214
63342
55434
52836
85638
70229
95222
35293
52114
60250
93443
49588
98691
50682
89936
11879
54722
88495
88226
66432
94112
91861
48768
25165
33627
57394
98892
26127
6734
89139
12228
16190
2237
4820
8258
89749
56429
73070
47920
64871
52841
69553
44700
46605
73739
88989
84439
15224
72856
50612
14850
75911
98107
31355
77578
14566
17843
92038
33350
8057
21004
1741
71771
24249
52312
77371
24876
78182
66089
30542
10612
50268
29567
29917
97080
65103
57890
30093
54065
45755
80902
74078
89668
93788
47159
85319
3185
28625
82685
48911
21729
87886
50099
82879
98161
44312
31562
57689
51979
82879
7082
23697
72752
10568
13181
40142
47355
65249
6512
47409
82253
78691
14041
84370
63470
11568
26778
56162
84569
97890
80979
69817
77949
39853
84057
2078
39346
68218
412
37368
31866
60286
88251
87257
80980
90035
66363
19520
69077
46408
54717
93871
43751
95846
30555
22851
44622
36937
87656
92131
87903
32610
55031
85718
21583
43639
15020
40308
34108
41163
7039
642
91120
1666
3443
73380
65008
54290
31915
90365
9673
72258
93678
88939
49894
51493
15016
78016
72239
76163
27179
93096
7369
54750
47617
81568
70372
7853
89246
4786
36417
49719
97959
42530
76952
92964
90914
40149
73512
75472
10943
12344
70459
69399
45029
76287
13953
235
50167
36429
47367
79568
50458
19112
3327
29995
14295
58844
62763
32276
50511
15400
34441
36022
7108
