73921
52970
44499
69718
14521
53670
97713
98528
4661
41900
85936
83696
26543
4018
34847
60179
92256
95634
71643
57760
40720
65443
70549
71182
15504
68110
87010
26781
2928
14927
68613
36571
26996
12356
64367
75945
73614
83686
61582
76830
36987
24427
30977
17694
74631
83032
66938
95522
90460
16773
94134
64078
33357
12046
50442
54099
10207
49257
41124
54481
32483
21595
37127
84298
44007
3723
85745
69317
70578
59854
42920
35503
80192
40149
61253
47833
6326
28643
97136
13623
59047
70481
31993
90755
70864
74567
6344
29269
13497
49700
82050
72328
70364
63848
54481
40177
36395
72721
83242
7477
62502
35305
61220
86875
56440
63813
73740
2221
27990
19385
96095
13286
96733
33060
26227
89510
36733
54931
2870
37533
98249
17029
97003
82468
90175
18456
89221
87902
26210
96584
27244
83373
99871
72096
71926
26429
80493
8658
10993
64351
21303
33829
57801
29158
55439
37109
71386
52777
93977
19628
82738
31972
40826
45356
78325
62703
13486
63632
23750
58034
46936
35884
87411
73246
99300
72391
33517
98989
46022
66589
23119
57885
46223
55666
52441
48492
80532
57338
49566
29193
41243
53706
5311
61017
74973
36621
76966
23916
44733
2085
47174
30092
52741
89563
32480
70476
45449
45892
87212
21406
66235
78589
94134
63661
22392
38283
4388
57605
39683
41779
57635
47982
13350
80936
52235
93845
1312
54220
52723
97056
60264
23799
80230
83502
75206
47694
68988
47138
21023
26915
43253
40858
85589
50380
6836
2007
41004
41401
11460
9633
96822
27406
9496
5152
431
46048
613
14236
62238
6588
28350
72038
1772
81135
98118
13495
3904
14988
98907
70847
82912
58595
68015
95279
5659
14698
21771
1482
7775
69430
66809
21698
67422
29341
22224
14005
83705
82923
34256
33669
56734
7870
75344
60710
17893
26345
77259
48858
25827
67893
46535
93248
60406
4541
30846
20045
97952
30755
80570
88873
41458
65019
42203
93673
829
36936
73458
69428
44286
95408
61986
71858
77947
15155
3410
13924
22989
67923
52806
83379
6365
72548
71348
8098
10674
95789
70611
15984
47146
67412
62320
87444
16385
77104
50584
48157
59220
72699
11203
87721
81225
5038
77993
77305
29450
46972
36001
60314
58185
86900
78112
83071
28408
45760
67762
46219
75335
22275
64344
3845
27859
8684
53845
38016
19536
30489
18991
81447
42116
21907
83004
96010
90580
31450
75172
70647
30021
60006
96419
59181
19694
84853
75376
11220
77990
33633
48592
69275
68267
19127
65926
77941
12989
9124
42049
4166
24405
59588
62958
6351
37265
90285
71981
49354
74160
66280
27801
40822
83353
70198
79538
57818
15191
19596
47062
41217
10108
82943
78037
23089
49435
35971
49183
96242
85594
34239
47392
88598
23032
95629
81040
97403
146
56326
37347
68265
98803
22827
44236
61003
52780
39355
15185
9075
23032
85100
36406
57122
23989
77839
93451
83848
89985
33302
95355
74009
33875
24770
8781
92487
70333
54948
80807
86390
7811
75706
46797
92469
66812
69602
70762
62838
82089
22436
67196
28903
61530
3179
31542
9036
67132
50303
23410
48976
13230
52893
44116
40066
67819
99652
90147
53881
53500
53733
70920
20261
22360
96137
18728
65726
27744
89711
16878
73329
96687
60310
5946
37931
90389
22763
73484
2669
68471
63667
11472
14540
79729
59272
49657
57134
24160
54076
32972
48946
11230
42932
31979
57440
58400
97626
49668
45325
55508
88534
42315
63384
60034
68365
77190
82956
96839
11878
31867
71846
69563
16315
7222
87244
69081
4418
52264
67200
96125
26437
21731
31660
93564
85688
11806
