53559
33891
87279
44042
1716
46137
7409
34666
19269
45053
92314
68159
12347
15229
44468
60835
30230
62213
78159
73600
49929
30386
83748
12441
92412
23687
3209
46926
61770
39929
70522
18082
93107
4705
88002
6891
23587
23325
10465
86312
3416
19782
76806
34389
62761
86479
4527
88618
59735
35425
79848
68188
92577
87066
62600
78796
81196
19780
40513
80513
45320
79952
9570
52974
9143
71848
14482
3757
55092
1403
93194
64462
74248
47015
53704
83254
8605
25810
85361
19228
65555
44777
53996
82326
4695
13784
62575
73557
25523
58485
32927
85558
23298
70882
77058
68166
26093
32827
9978
98394
56153
27442
5790
21847
72174
83060
49540
2225
10363
80915
93232
97658
78459
22288
80224
76427
67265
84601
38937
98735
74709
95409
91404
82943
71671
43407
15625
15818
49589
16733
24205
13564
75626
2863
20792
54292
56923
79905
19799
51158
91555
7328
66853
60037
2892
8754
38075
15352
27653
57902
27986
52807
4128
78813
60059
82173
40430
80959
34586
80408
70407
85361
23169
94832
92059
84339
30628
50647
747
70961
99298
43397
51781
59071
76609
30356
88816
81105
91882
2129
82609
65047
2579
46213
77183
80568
66878
80813
87383
97740
57904
59830
27451
59944
42738
76842
39517
46155
9943
19943
71924
86960
82813
88779
54920
6064
22543
69013
71488
65667
25287
82733
46855
62151
32992
91221
92783
57169
15793
26862
66184
13937
43990
18829
60334
99940
34339
20153
12514
22087
14652
60314
63924
43558
63494
11210
6623
8530
65579
57716
3387
32576
86419
91874
74749
60415
57262
67169
73381
75571
77690
96861
84583
32337
79576
85091
84761
28323
13024
89423
82352
43069
34682
79004
76476
90581
44221
5378
91852
9441
76308
72122
21880
23252
92799
13772
71562
9682
19787
59906
2622
80072
33578
27055
97259
79471
20989
49084
37355
17633
50103
52644
65465
36835
76435
4672
19852
52700
10827
75650
5632
63139
46548
14526
33519
38301
12945
74365
6191
60826
65801
79592
61460
26056
16823
41673
85771
512
10782
12882
1262
12831
46041
86803
52261
22960
78777
67355
1860
64852
26761
65994
28995
1642
6280
51552
12842
27775
99475
12325
45944
60243
74829
15485
46668
32742
82793
54037
65337
86392
43616
34777
90027
25089
70370
64088
90473
33143
27284
55497
12498
54923
61795
63672
7829
81483
41333
67966
73331
38844
28066
695
94464
940
12108
93423
11126
2348
67359
60465
6653
23853
92318
36792
46135
71664
22665
16399
14710
24678
50179
31359
32748
90207
57564
46141
75992
60843
62027
58565
71784
41820
50207
3083
15083
94276
43885
52056
78197
18630
18197
34270
64455
69339
48734
42163
7558
30172
87400
75803
77133
36882
53854
396
65566
29714
91931
36087
7312
3603
68149
37836
98786
32554
26057
39647
32171
82011
16027
66602
41662
92775
18118
10218
38224
21018
44985
39918
86545
6680
76556
32595
15443
45716
26976
78882
18135
86530
66682
91360
42027
33958
18719
12151
27497
24273
54666
48212
70052
27327
83042
44208
79038
53249
25721
85168
77233
12731
69431
85754
22068
85666
37851
38600
26612
59902
42855
39137
51293
61863
7140
10058
45960
27127
18633
61457
83088
21751
66213
13084
95275
37266
19121
62423
3844
8163
6994
48612
90826
64061
41593
35920
86274
60641
60705
38374
36649
49382
34192
44312
33079
49712
88292
69274
57374
57989
90000
74552
60827
83627
70058
28141
47597
47484
43116
34587
82794
76278
69424
65596
35561
52713
28240
16479
68122
88615
741
69349
4729
92819
59524
82198
63805
35991
84537
72079
93606
79609
44024
92669
42498
37766
20661
46769
19015
80395
54559
52086
81748
99384
91312
21353
68341
69075
13453
1704
42100
51505
26114
81007
36790
16844
91493
69748
18280
33324
69925
85704
80158
65951
2040
1037
30368
88185
74720
81859
55591
95215
31358
17133
46010
73826
47398
98801
93476
98610
87683
39594
42554
86863
63539
73026
15998
77232
94232
943
59211
27291
70639
96440
20422
22535
35268
35379
1874
99050
76689
75216
21407
81734
62870
19351
28516
61354
43160
66844
13402
50356
14120
6797
48224
74028
44085
22310
59137
78440
98940
30736
64737
7737
39802
30674
26891
39498
24751
87062
2857
24549
94651
51594
21635
21250
44356
69795
4245
55161
61087
62797
89805
7923
71740
93891
75715
2664
85903
26846
99766
9783
32096
17958
24250
66485
79151
50555
47705
54279
43733
3707
6382
67430
65283
80991
76212
53035
36728
67741
79836
65321
14721
17067
38394
72512
62023
80990
56074
6305
64235
60951
69734
83335
68926
98153
8741
7688
11175
22663
82239
52266
7446
42353
2366
75902
40455
13073
17329
41500
74276
9561
94831
64522
81785
8861
36022
12500
84960
77519
25776
15305
35585
62899
15792
20340
42590
92465
4968
10613
79749
92957
68485
94532
39456
11455
33049
33793
51527
88633
11351
75316
90957
69929
59258
24904
47010
79443
60643
96388
32304
16873
81199
73305
1137
14188
61843
68535
27655
81697
29170
44107
92262
97769
39777
7213
24941
77892
87931
3421
58
86207
29300
28893
86587
12693
34654
10907
14519
11818
25695
50187
64813
75652
45478
22017
33243
2347
51525
59520
17087
74638
4193
82360
74878
28340
6035
32671
90010
45358
7282
91981
79863
6713
22358
72712
26129
38996
87902
17366
72036
68792
54588
26166
70111
