73515
21448
69143
42492
48253
70365
86458
53997
8391
30761
83994
34434
14669
34781
54693
95528
86026
98399
39601
49109
47540
78881
2840
35383
62761
97273
8291
43916
84133
74724
46461
47417
14905
4736
97574
66511
8312
4088
18910
9452
54857
62067
26140
21497
91276
26754
42731
61448
20060
50164
80671
93244
93890
51728
65654
6709
55923
74736
43670
49757
33375
16625
19696
21982
43257
5111
97677
94516
78557
67752
74029
72997
22899
65197
32026
41113
65971
47549
34002
60726
86234
83567
63577
10739
96439
90140
37064
20473
88696
59051
36476
37545
8192
83967
87574
1579
37700
8109
84573
73364
91947
860
62225
87262
60761
86247
7015
98968
98297
16352
27533
40793
91314
55226
50734
53349
5358
65033
75564
55900
84724
7919
94177
75487
73609
4667
42918
9934
59391
53122
97138
50545
88564
38587
13989
20195
10823
7541
50648
10063
27234
20749
28783
51347
64295
69111
15142
87398
52589
36052
11495
97565
12770
32618
95385
79180
42948
8183
36443
79190
94622
57904
65346
35284
10573
99353
71191
61952
3199
73798
88052
43476
79224
67471
53153
21342
85828
55240
95100
97171
97019
35696
26846
84264
72889
4633
69644
72185
74025
97881
23209
65315
8058
41168
95702
13321
90452
73823
3815
30625
5236
5347
73321
65366
74610
28685
1501
35634
84682
7161
63701
86149
58096
91767
75294
29088
70372
11535
64620
41531
85441
63428
96360
72318
14913
33991
70451
39527
6971
61570
73666
60699
41429
78069
66256
35008
56543
85640
8049
91044
24694
16471
17753
79398
6807
16092
54352
73763
719
90167
77819
68321
35821
29204
22601
52563
96324
68794
83613
34054
32447
20227
44486
53626
64116
61800
46513
22163
88258
7113
55897
34421
1400
43208
85225
25295
32082
82467
78515
53461
88412
90936
9579
91188
40175
10715
84085
66619
30530
99921
8318
3127
63851
17002
42951
65073
45164
47594
84836
83124
13982
88488
74543
1134
73443
23502
84986
11607
82352
40062
11016
50999
8958
54684
41998
35542
39913
91695
60766
68974
14051
49464
13648
79161
13716
21204
62916
89955
28520
23707
44179
1125
16598
66768
27645
25369
67083
32280
22794
98415
5196
28640
45314
75622
45087
56227
73562
18188
79052
75504
48983
40667
69544
90019
94301
63469
90186
12926
40179
68948
64689
96899
25106
47995
30353
29186
21003
86053
38505
35579
58797
79060
11707
53726
42331
41249
51357
28602
99744
44398
79998
74525
9001
75579
19200
97377
62215
14697
10376
95619
21986
20701
10986
39019
75166
70201
34587
94621
43029
64626
31809
132
21939
17359
48954
52920
3047
10731
59428
76467
34733
45400
12158
37638
68721
63926
77384
56660
61854
46629
75256
85288
79844
88810
83714
35644
49501
40366
9542
74467
23008
84647
16092
48480
80961
70048
64972
42560
83244
38246
77009
46509
52483
54714
50689
10311
94602
20182
86174
81104
77678
87354
10068
6785
36598
79083
611
76880
79761
143
7810
60906
21992
18362
5275
60033
40836
6171
16793
40862
56399
64826
97113
30807
59139
18430
57036
73934
66912
48322
21243
28663
25594
44132
5449
82678
20519
57469
58135
40549
89626
94606
82089
23768
68081
8489
69648
33440
20291
20734
77794
34481
1610
59380
69840
66292
31746
44582
75762
96392
1145
49566
36733
51595
28312
22983
75697
98358
54701
27346
90146
34399
29637
963
99013
56055
89156
92678
88678
61113
90190
76339
85648
34388
39787
83609
76227
12883
28062
24525
89787
96585
53835
83008
68952
35917
48614
40265
14574
51535
20532
83466
69613
50954
62564
87906
91346
93518
1416
7363
48649
16130
91337
42263
88972
3345
30333
3222
64205
53306
81567
53078
61958
3723
71457
33929
37500
48173
23051
3611
95541
4720
37734
72483
84937
82117
86800
98781
59486
49807
81679
36944
7250
47377
43951
57006
77741
44835
19772
11149
79259
69390
6054
46628
54687
3977
49056
56262
71414
10901
16248
83892
18588
1533
79550
58420
39163
92975
83784
17938
84391
11725
66913
76847
23866
7819
21864
67606
24100
41484
10866
21149
39863
52221
54534
30904
83603
70045
13404
79537
26456
30121
33510
90120
89622
18753
70461
99231
14461
41532
4795
95840
35001
51689
8121
85748
25899
75632
10771
37509
89355
33211
68021
85270
92919
42496
10313
25562
9979
11947
92757
11420
33685
27979
31379
69040
11115
11530
91932
44862
74329
12730
60811
23186
73928
74275
1291
98850
16376
26188
33723
61851
453
28612
65007
35794
68662
68306
81819
83446
27430
8394
88911
70298
55297
47555
35525
55760
22910
47212
66904
27409
54494
55360
2110
63252
39293
76288
35849
3505
7175
1902
70268
61683
67181
78932
70885
20310
38058
30027
54512
54671
20126
57633
9072
73239
89077
73105
41522
45719
71911
76784
74973
34531
43221
1733
39282
99960
63176
64477
27974
49491
76009
37069
9335
95050
