20800
81069
84939
28275
9825
34530
23828
64251
24854
10794
19237
5507
56121
90611
47444
61543
29538
33219
3967
75573
10726
70479
96890
78006
3189
99401
78903
87841
94874
2011
98022
7340
71795
21709
59422
66976
34231
2501
42678
77265
51600
14448
27880
67873
1707
90917
92153
63191
19472
65881
30977
22875
52646
93755
93327
87433
41440
60310
2573
58299
52
90424
4079
53158
96947
40859
2651
55373
28682
42756
86691
60012
87544
6261
34703
31797
97429
40611
37273
27077
68365
72540
36354
91717
27835
14850
88194
20355
2786
37229
86195
30495
19152
75752
27908
34566
31553
91885
58168
6323
74714
83391
12908
46852
24723
6135
11006
81987
10961
31068
54804
67221
50596
49092
73547
59301
40556
7048
61270
33220
18618
1156
28329
17659
83881
47706
66008
66263
53845
39471
72412
97521
82053
22875
46629
67503
83955
77211
49988
24486
34674
47104
56978
98526
67684
25850
50788
61821
1346
21863
49036
24390
16736
71700
24325
15400
29459
12219
64323
37767
34665
94181
48059
97212
81702
13861
53975
24133
88441
73884
30256
8846
76653
58126
95659
91093
46592
54601
44073
10975
57397
43484
15290
70302
31724
66672
23738
57758
8090
71251
76400
12915
55616
5364
53299
71892
48284
86777
10099
37774
49372
77772
77464
2867
84717
89178
63393
4855
96213
311
28455
34904
20246
64264
56112
41975
47540
83068
75559
84232
40581
27742
51457
12785
76756
98302
7159
21027
2663
71198
93653
68485
97919
69011
37440
36826
15453
17061
49542
24001
74800
26040
49627
62664
66707
9818
17637
14885
69840
64080
59168
10517
61234
36368
23280
54758
89566
82432
84101
45297
88631
67550
84623
19087
96872
67584
54131
47702
9393
74519
7184
47877
47323
34348
80117
87061
88149
72971
83327
26940
79062
43668
14590
7784
30792
12923
92233
15840
24242
22728
79905
16435
16216
32385
79504
83495
51378
83119
32700
76482
84349
98463
12743
79082
93716
26318
13667
51
73492
48383
52164
99117
5493
28244
83756
40640
20841
65548
29966
34104
78931
44856
78244
97001
43149
83788
84002
68552
25129
40946
58544
14566
2016
83169
72709
79898
5819
579
33443
56134
11189
47926
68626
62452
4868
15362
95150
37567
64169
61876
15606
90047
76005
69638
66601
24031
77599
66011
9066
73470
71661
67579
61371
35529
23994
61425
43334
99811
65123
93953
23254
19917
44825
46245
15849
71374
41069
31036
17860
67344
11816
85358
64966
48300
55276
3304
40684
51178
29938
54061
71927
32329
46831
59512
87331
17570
94636
764
53911
50720
20412
59326
59389
17550
57890
24355
23711
11492
44489
2414
70687
5377
71436
93124
79825
83254
98544
68216
76917
95162
26886
63265
54619
62299
29518
98723
78904
4099
4087
98753
81266
91109
25191
71015
4528
9046
39130
43119
86018
57060
85532
97037
38942
82064
97002
51955
76954
15547
95817
41549
91928
88443
5258
78405
6143
50895
75258
24930
97664
83130
21820
21361
9154
49574
66654
18338
3341
52770
71668
86539
9441
85307
14269
16879
79176
68567
73047
63462
68335
74797
69798
53313
5014
77534
78069
67446
28751
8550
457
88673
72840
75477
3907
70809
52718
99127
67382
61085
28722
26888
4593
92526
38444
14999
89227
80472
42015
20771
95142
977
27228
11109
15909
76389
34596
32881
15901
39368
36770
72704
98719
16958
8814
39084
74688
35133
72941
76464
92554
9335
1713
96889
66419
61496
25719
47382
25944
25796
52458
38807
9012
58962
46884
63483
22780
50222
52552
21541
40601
54435
67579
67949
79888
34707
10994
80922
13108
1416
11858
3953
35828
39970
63765
59128
25774
70228
91081
51804
36898
34329
59573
20177
12086
31246
42136
59339
82124
17232
7555
77786
12904
80458
10743
52825
6747
97852
48810
23362
38092
88233
89946
70869
52812
81692
44599
59923
96711
70307
10285
56143
65524
33646
78899
5457
14960
24829
865
46124
85504
25375
61525
25077
63340
21284
14003
52934
42107
71934
50676
82342
69831
19433
4073
64075
81227
38840
63391
85571
47640
62118
76937
36601
39124
32215
29789
51842
83838
18896
77794
36328
44529
82237
11269
99361
6113
47112
87836
10340
88672
56057
18996
59417
87332
39930
84943
89613
71473
13439
64913
61090
7996
99455
82025
51441
44346
96392
13550
36960
71170
12052
64384
73296
41412
98935
39503
15585
40937
9348
9710
97762
35702
30861
60929
94303
2481
6057
5456
11085
13624
76233
14308
65721
40578
74441
87045
11617
48302
80478
41830
14260
58738
87168
80746
50886
8830
13326
77168
25668
86349
19951
19504
95031
32371
54315
46715
19441
42871
20978
63813
69606
23962
17258
60387
88440
59046
47765
56717
21865
84722
70937
99205
86977
76546
59812
29387
95899
16283
70027
12386
73129
34554
28747
40025
81895
59592
24013
72100
41065
57558
49030
15653
83325
93596
22852
60512
98111
93142
89493
65224
85448
69716
84753
97079
50626
39289
11367
43051
32919
50198
50946
25712
31294
52241
83176
86783
8927
31193
55579
82313
95756
9992
40606
53389
78758
39399
68696
30550
43364
94232
7042
53455
94961
50821
28669
33420
79702
6654
43139
14579
23866
5924
63414
59997
39039
5258
78953
26943
18827
26631
71916
46701
80958
10236
40040
31127
33069
77742
69011
26847
428
3649
34109
49086
62744
99913
82648
21941
55829
96646
79761
6040
21534
9515
14866
58477
91025
8149
65401
56015
7890
9677
36634
97216
47197
14148
88236
29492
57619
77627
32536
24003
4481
22563
9492
30883
46284
78223
48458
12983
5246
67296
5846
52935
46599
61470
92572
1649
24947
80112
2978
64536
29432
59094
55233
78627
38652
3049
58569
31542
11754
50205
72033
12601
79039
57757
91490
13831
59708
86663
89923
83453
48146
60395
20958
35796
10442
95943
56391
33038
58605
43908
41297
57475
47089
99051
99719
12002
14507
13880
77190
84863
52596
52896
4903
7219
29916
81091
46555
31776
53739
63876
34033
73455
21346
55039
9668
90767
69612
24080
1259
65911
24385
30652
61260
70266
30870
16061
36338
11178
68974
17637
20077
32007
32650
27665
48304
18757
45767
82135
99995
64832
97711
64922
7706
23766
33998
87732
59590
3845
25525
97273
7896
14411
