56682
33387
21661
46671
70215
59414
41198
90440
69371
76410
74993
58517
60423
93018
95336
52178
29027
51636
19112
11084
83945
19170
81126
35095
20829
71727
70337
17179
16681
57669
10200
27669
22662
72438
27493
62903
74794
17955
73313
26482
70790
34440
25586
14622
44440
76927
69868
31777
65311
55649
72064
33539
70985
8090
69840
60136
77278
60997
47432
74959
89748
48976
9632
84973
92351
98602
54720
44112
63736
79772
80944
75410
75015
44556
27590
3334
42416
62547
371
50853
60705
45951
78384
50894
53385
16274
7467
93607
97224
96126
33566
26349
36987
32102
30086
39834
72815
67861
210
32175
53087
2757
47456
64566
24992
39762
55311
83925
87190
45458
90737
70210
84667
50091
55127
93692
23076
39594
44796
59285
68904
30423
534
87143
67809
27799
9700
23336
5632
57288
8896
23987
46681
41515
19058
3807
86932
18831
89393
73439
45780
96366
70715
73756
81906
49234
55620
71343
30006
316
14760
67864
57938
28593
46822
14401
32045
63732
16672
10139
9739
91788
21810
56736
24935
67183
6992
12776
18753
73973
20233
54570
37846
57457
42825
43921
58288
8418
82451
3280
37757
64924
50015
77590
9687
12747
39445
31519
34608
36270
80480
83801
98806
67840
44364
98334
41418
90292
93260
72074
9791
54589
42189
54270
91431
25735
24571
52402
1734
47640
69162
74100
56952
70108
76007
14952
96703
29968
53592
94870
26547
71207
34143
29626
20176
89260
48673
16971
22768
53368
35182
83117
97294
73220
74749
73535
67210
63931
54461
6565
40869
62454
33392
4831
98747
87974
34365
58630
69712
12505
71756
57897
39921
36999
30801
64068
49996
65824
75591
23617
19709
42064
51629
4573
68710
75615
20354
85883
89301
27576
54481
35366
80118
2127
51005
15456
68290
16979
63078
23372
715
25085
88496
7823
76516
56519
89386
57761
64656
47460
38304
60880
77548
10987
63559
98748
95129
86213
33015
67663
68316
44243
66085
58046
49774
27047
61667
442
34343
81415
98246
71628
6830
89312
23162
75884
41292
67970
28328
94344
93350
72770
9668
92834
8739
79448
30760
69738
51507
55136
49432
72447
83266
98963
14201
69128
99470
36855
13898
82562
65742
87740
1337
76805
22439
30865
28271
37507
59599
52849
7704
89199
18433
3460
56092
17681
60905
96498
94559
94260
69633
91732
80936
54844
35388
44567
22308
24043
76152
40234
89412
89723
16642
96449
69172
29736
70023
39787
75991
37343
6662
78025
28897
54913
3352
46920
55885
38886
34995
48718
78599
62084
11978
10364
86656
76199
34159
98332
7056
86787
83653
14533
48513
36176
97508
66618
8487
50046
97053
6761
31479
62247
51199
78371
42696
71992
27932
50794
66279
23051
10538
6480
15431
43101
71488
63816
16599
82074
76099
62699
49146
65168
41276
3567
60925
28621
24210
90636
67687
75155
86239
73110
13717
42353
4324
86657
92909
67338
15691
25088
44837
61515
54790
24683
34003
66840
43552
62444
61060
8505
47353
41393
66182
86828
70785
50873
4545
87676
15925
48195
89365
3477
51524
32416
1726
13405
98790
9414
19213
12834
97524
29218
48510
77665
68388
58987
56643
69073
70591
82395
67312
70599
13230
63439
78133
42677
53006
50226
15752
41797
55820
37710
76129
50961
83982
38842
1190
99935
45786
96391
89417
87577
59916
80913
63501
25059
60521
48032
57318
16164
58881
81201
95682
80830
65367
88437
3341
53865
86959
71283
20460
72720
68557
3125
20234
70064
30051
53752
86628
9943
9891
37941
63043
38447
55814
45636
86667
56588
48639
45401
33947
38840
73939
45893
1370
39034
34064
5999
36448
70309
49626
43988
91238
84401
86694
25703
89430
6215
52181
73436
97048
23710
91935
5247
93596
12275
13497
48637
19216
61124
85676
14055
19822
51519
46567
24267
51946
27895
25757
90213
66327
26782
23153
21725
28324
34376
50815
24790
32358
30259
43455
23596
69301
674
34538
62219
81190
15963
91755
75914
51321
22546
15964
6138
68676
5022
13218
48701
96918
46089
94148
95874
1181
50435
37264
74647
46326
74361
45330
44062
25451
40975
43761
68049
69663
82318
69340
67740
68528
19523
16152
59358
96292
20277
91962
57246
8625
62011
80434
8174
91003
33548
27554
87314
32111
85351
52245
48999
98504
3049
53994
47705
60445
69204
69582
30957
81460
61330
42738
85836
2742
87793
90678
76054
99822
50631
34144
36206
3994
26652
35838
14387
1755
3775
56750
67605
93612
83417
48092
66101
31982
9125
73415
41853
12733
99993
27661
85293
68565
40636
52327
31134
58735
27389
21425
88557
30854
43722
10692
8297
53413
89866
22103
82863
