28977
99495
53203
47999
98932
89596
85959
70238
51593
99764
73134
27480
42675
19817
64235
71385
35912
56350
41281
83434
25129
27571
73618
60632
14806
37235
93356
85354
93908
50953
36753
89435
80553
11245
88347
1862
207
88183
39718
18560
37469
20092
89721
87862
53078
55038
98014
65231
95485
64710
44460
26201
51430
61658
49263
45197
4524
45376
13454
16020
37868
29199
43070
65560
35038
66153
2943
70804
65058
96977
34409
4415
16003
52627
76667
375
11120
93752
35855
5452
31559
92393
92753
40993
51438
86808
30571
3221
41190
66440
24115
92367
59897
54237
36761
32229
66420
83714
35192
59771
41939
45431
33796
89065
70172
45599
53078
49180
41977
94648
95861
88434
53510
13305
21188
8296
31630
93894
21370
67815
36230
99989
57274
73887
80980
78946
3622
77902
53570
21785
33341
41057
28219
68697
57661
77109
35505
25234
5887
47684
8666
48163
48241
62424
19501
49510
95444
78202
91685
91914
54348
4785
18731
13777
56611
30826
82826
10887
84194
9548
67423
49934
11298
87171
38065
46800
37772
12758
17690
4643
45821
93027
54311
79270
39937
11764
20006
29036
1231
98167
29015
51891
98532
76493
69413
80462
82876
57696
67641
924
44777
38807
20092
77010
57339
74475
61359
30741
53616
90324
20521
99170
91471
5704
77528
78446
96634
77486
59293
99742
13395
32509
70723
4098
77998
78074
44241
43298
85777
4877
67189
9853
771
63944
66791
26758
13259
40532
8542
67558
19182
87743
45856
76898
81075
78682
61595
99257
54080
3243
13591
15858
16600
95729
70078
67305
56031
84168
59369
82312
76197
97063
82908
86710
93432
60394
4197
47623
81647
96685
35351
31941
12558
55117
28043
12636
77391
68889
87429
75830
26416
60918
10781
99198
67980
10243
58691
83458
36435
51336
80161
13799
10924
96420
71411
73797
69289
7935
66584
45509
50255
10484
5766
12853
17824
57890
27485
38827
53622
4540
9309
54361
23224
17321
11683
56983
84085
65091
54354
5758
79815
6963
23017
33893
28558
66414
93112
87990
94760
78688
65508
52776
77065
92778
70757
80769
37379
18345
24316
71823
89816
79223
52462
3135
97018
32467
67510
97069
79710
38149
48979
66281
42328
88113
62391
70708
48807
67964
34704
60399
89122
24700
28314
71671
32814
92386
79577
12499
69556
84845
43382
115
43109
7427
22579
78806
51404
29905
96183
95313
73754
48127
45294
38609
83239
59887
94367
74903
55632
82581
87525
90207
65283
68709
53960
81604
77077
96116
67185
38204
72323
97220
24832
42700
41909
47071
2059
8961
5719
26221
88971
89155
73403
37411
56325
26643
77187
32962
72908
31762
12418
14561
23967
9420
23071
45591
31268
8197
76305
9856
59854
29551
55808
30739
19858
41534
43647
49419
59822
90945
64689
99150
55375
60086
38131
53045
93667
16082
79999
1224
76475
74257
95858
39359
85272
16814
93134
51166
13739
14738
3822
43491
24833
65261
12736
54973
6929
63801
77472
37032
84404
28972
19142
20499
25958
67351
34751
41471
86686
86979
3210
48517
3400
54492
14091
29661
7507
68878
1196
7851
46654
89300
7813
21565
31927
88535
64855
79061
27801
34879
93557
63516
80628
74378
37586
93917
17194
83528
4322
51464
33242
88008
95376
37205
94858
25397
39590
68396
87398
49748
87837
26764
7563
18263
50434
18186
51287
58353
14662
25188
31045
54200
8226
58772
54115
83349
4908
91310
98222
55792
75304
89531
95030
20640
92326
69899
48760
78061
23053
48637
19280
26579
6076
29122
35238
25087
27627
23071
54247
98910
32124
97486
97148
6816
56193
12296
64636
96734
56482
66213
13994
93120
14164
60133
23251
68800
79455
58962
50784
95610
65353
49717
77191
7007
78230
64838
93050
31948
40622
7943
97933
4745
47696
98056
78484
39190
53506
40773
55277
9291
53938
13688
51425
67721
53808
16756
10451
53333
33925
58311
96219
6158
98120
43524
88093
21488
47731
92184
85518
59378
36160
19726
35363
35469
18507
49323
54050
91032
20509
87657
3821
18509
82523
24192
93248
68505
32999
6793
77069
58765
31617
67042
45967
45308
78698
28503
37674
66868
15613
901
56158
16783
62259
58843
46889
34180
56236
35339
22653
21104
86516
27270
24111
24100
34692
62375
6849
23277
16811
41752
5585
64801
76625
86912
76434
76930
18393
31832
96113
15791
95320
89976
71128
8767
47203
23436
81909
2210
48061
39329
78616
55025
71390
17574
61093
53894
76505
78316
13408
51256
38747
97296
3318
69082
31603
35616
86727
71493
40160
54570
36430
62271
53823
74113
80695
98705
72079
96657
53038
78980
74490
15166
88059
58654
68236
8754
23684
43669
20586
92041
75592
30654
98491
82371
69828
68876
56810
78134
55509
9208
65152
72645
13681
39405
67359
74832
57419
12982
90500
84335
67618
26760
46740
32882
36990
81093
90873
51349
93317
24382
75239
7949
6780
58612
57638
95821
11773
67347
59437
27028
45548
5026
77533
60476
83653
3546
8918
92988
90318
21245
55479
13517
74649
78399
3060
40380
46437
52314
13823
27893
87773
58404
60335
22502
84092
81421
92577
96589
17778
99353
66676
90957
70052
24400
87910
47817
43888
98304
34986
90482
81829
55877
94289
55976
60346
4623
7880
43948
18739
50032
63734
41683
52297
22107
54148
32794
62712
60712
47271
66588
17394
37992
