32143
22775
81158
84188
6815
36646
96674
40342
18027
70307
15644
20065
28487
71393
64625
26812
26409
43502
15115
30349
69376
69766
23496
96604
68522
7006
49988
23881
66804
38812
3321
15615
42138
89304
74546
52209
49587
77155
98152
90771
44312
39114
78502
35554
34390
74192
97419
66102
47134
66285
25317
88511
50106
4974
6037
67384
86408
6081
12347
21230
7643
58996
23151
88131
76063
47410
3392
14869
6258
81836
80886
7914
13104
41307
35877
77278
73491
21203
47733
32952
5315
34182
82294
64098
59454
4987
28477
8089
49753
68403
16216
35433
316
16205
49739
42680
95410
95656
34267
16480
82160
14789
54449
4223
76049
18013
38746
93955
49838
1168
33862
97285
13047
88147
32812
62935
16032
45233
14972
35005
21859
75932
43066
82984
66683
98840
39538
90406
4785
24524
64896
80111
77791
83858
62583
1912
37326
14691
16145
41187
7225
35518
33618
4727
43872
35349
2071
11743
62966
35680
59753
41551
27814
68123
9024
64449
63589
10139
3048
26976
79262
10871
8946
57078
83848
83445
20326
11544
25957
53572
62476
98304
33127
50256
25563
26469
62069
53169
87251
74256
74986
54386
36997
88645
9462
30807
55158
18311
56169
4474
1492
85681
94354
58069
35442
59326
56294
7508
91547
74095
67548
35030
43047
79307
76889
27807
34714
15887
16125
13438
59812
24758
4447
51297
24338
33843
80666
12367
48154
4129
4513
56463
41171
39193
95121
40346
84337
97911
30615
41579
92355
59307
40727
72355
29348
42124
59768
81680
57078
75058
66509
75551
47448
28350
62406
31371
33224
83265
90135
52731
21883
87986
28688
49833
20936
74228
9321
61222
24810
72715
85053
34388
38129
10749
63459
24921
34684
27074
21030
45150
10925
21581
4859
71590
67058
14434
86057
8062
3977
52219
23835
87085
97288
60767
87195
34022
98656
51156
61289
50703
41071
59976
91988
93584
16544
45494
88454
471
25452
69697
61136
88462
23915
31524
5760
12070
66266
1472
52143
35281
50492
96907
64692
50754
2394
46020
31236
66932
88646
23577
46054
13795
47960
48605
75473
41755
50310
37490
83238
43089
74812
19198
54854
4256
35422
18345
17939
94834
22596
71095
53717
95194
65064
93499
76798
9294
2214
17688
78416
96926
81789
88395
9871
98227
41734
4906
67134
77993
90954
5044
71534
30101
99824
79215
23299
82405
40142
45881
96685
26030
83591
62181
48675
55541
54143
51957
8896
13337
50059
13791
87961
14151
27269
517
90286
86890
15686
26736
48915
96114
36176
98643
39596
71262
54315
48300
55845
52950
97632
49178
8838
50498
87366
17907
63750
18215
29579
27199
22718
10700
35225
6952
45858
18213
95366
70298
67372
84056
83418
61183
76206
57445
47338
79896
72990
99561
69117
18829
52629
14138
16459
24964
56447
78666
3932
85888
64542
31871
44048
97737
4336
75747
37945
20844
23934
54482
52051
92375
1553
1354
68655
45483
6691
66882
47451
79034
74815
80318
59749
77341
26032
4255
14017
75650
12943
32586
57480
39615
91398
68078
57323
1894
36965
57460
95093
66425
66190
19864
55338
34624
6407
91391
59343
50217
74913
27222
9122
7530
56753
27131
83182
93059
86862
46985
57450
35182
86338
38246
80371
55143
60530
90812
27494
75180
4966
60465
11907
25170
30168
28625
92783
58966
3715
38284
26387
84021
95125
15569
59786
98465
46359
33881
18572
28634
48953
29758
30117
72343
30226
5102
46918
21562
79917
27854
38564
27877
16570
97817
49150
32266
80504
85800
97832
8530
70796
27651
14335
22888
75782
28169
29984
23747
8314
39983
77516
66582
16091
39170
16760
77518
637
15930
31290
78676
67428
23433
35283
78994
4913
77034
71075
27567
7791
48911
20683
14435
1226
7218
20456
91367
46402
61363
97981
7906
71207
29670
55782
91737
70709
72197
81798
36770
82184
17285
6124
25854
26762
78054
15572
13884
40270
92590
7052
18823
62115
40158
14226
98596
43516
49988
18832
11775
97821
28121
27471
91569
40820
38916
38097
79201
79965
22648
35024
41844
51014
68907
77088
68291
32754
77491
45899
10056
17451
733
26247
28351
78426
62917
6196
48354
58116
18392
12803
88288
12571
79254
72991
15656
29192
23416
50086
63071
93612
91037
13282
23441
73752
11308
52078
44492
55423
62972
44665
62915
72345
68498
11732
81384
74844
58431
16379
82034
