17278
82800
66544
73657
15138
22722
76924
15911
10265
22219
21639
74729
28908
45400
14732
415
87313
13953
4526
72337
34827
25234
95845
5778
13674
24853
88217
6410
33032
58760
50576
6398
28415
69058
27229
28024
95380
90612
69262
49435
30495
12191
99198
68096
57004
41649
71480
21390
91934
76421
60998
64513
29872
47241
61159
67576
19603
57816
85074
83267
24418
80320
2118
96619
22125
44340
9286
76893
3086
70392
32361
80017
94945
84434
37513
68388
67566
48366
63627
42864
1838
90373
40906
84736
8156
88486
37654
37233
54438
13699
46441
13170
51665
14878
51198
56442
86969
41438
36128
90273
64535
8740
99491
85884
99409
8628
18753
82013
49004
87919
9125
69240
79599
72856
56011
49617
92463
74967
34196
15623
65945
98728
70698
84512
47792
14417
1637
19611
2084
39505
36214
35085
58297
73865
12367
46430
26355
44662
15837
72550
2483
31189
86451
35336
85065
45108
14151
30687
43070
63129
79403
75141
46214
93301
56334
84919
79030
14952
388
36881
45941
2539
73025
88568
10974
46455
40502
3488
31551
69850
39833
50661
36996
83788
77113
2143
16885
82966
70099
8585
98053
14329
23940
56680
85643
62232
840
29218
59605
58786
90054
87280
60756
87512
65743
8901
5824
84718
4125
40028
37703
55559
45566
6188
4233
55516
24187
99953
45993
88637
76168
18660
11991
26860
24410
57302
51704
65482
21756
49073
43109
15500
3807
85696
49015
79312
52582
21832
22708
42369
81018
21001
61226
639
55498
20578
41381
73170
28202
83451
13048
5489
60013
11009
22319
17260
94220
99991
89733
553
2929
38637
49187
67335
61707
77427
79326
92906
26385
44216
20239
58023
56945
50847
63730
74373
48396
62975
87824
14892
82334
48785
3386
9918
97676
90027
28480
52539
92314
77710
27910
80406
35224
96697
26125
70758
96774
19002
55670
17971
27545
39454
80758
62922
96359
50519
55867
22047
38103
76218
61847
32904
99657
84351
34775
48082
87778
30325
66301
84294
87074
5776
83708
27200
48755
97463
7449
98349
2625
29738
98691
49551
82726
26911
79779
3626
48622
68485
98161
33528
85646
9114
77963
82903
3219
920
65059
8050
99843
12628
43535
78099
69603
82624
8354
1952
6710
75945
61551
57646
22658
5244
36121
64530
25814
51393
43009
34339
13534
71009
6666
34237
99063
90142
57927
47602
30240
36842
80826
95155
10321
65756
20070
18963
836
64392
5797
28780
99282
69698
78024
7544
93521
60914
57630
60309
74435
87875
69998
22142
32924
41611
38619
46997
56566
80128
70263
77309
84595
49074
55542
63278
82864
51429
49772
95980
82956
98438
85051
2033
74068
13908
49678
18438
79306
49336
62178
1736
83966
62344
89522
43944
49410
9380
58426
43625
80448
50261
4709
41814
47570
90225
55768
64715
27779
77496
25689
50962
89274
84696
41510
39152
2990
56591
983
35897
144
20247
87607
54411
59288
25693
8074
99438
90096
86714
61344
79551
69383
84144
69349
15022
65010
80523
7119
52722
67322
48206
79182
68378
764
49256
25196
61928
90
22711
2521
80457
3507
46140
49628
75805
5497
95597
45344
77802
80418
47286
5139
81256
17136
98008
71429
62478
32680
39169
97757
37998
13113
84087
6053
36291
19575
467
63962
77296
70120
74374
71732
69198
76213
71992
34404
19390
76321
80847
55768
63834
16624
96337
81687
61371
34468
87472
1341
50377
56572
74258
14700
69200
7324
466
43363
82992
92474
53091
81641
90516
59487
67944
94196
1156
37201
28896
38073
73496
10946
78397
83623
513
22816
65387
20006
33274
28944
58447
88064
45349
64930
51151
74657
19464
19077
24070
31605
68662
65575
88285
52748
4398
25906
94051
56431
99399
41039
21173
51885
98541
23402
4693
74646
42096
91341
16213
89532
18035
15429
20849
9554
77885
74276
24816
75133
14853
36755
25484
9371
7161
60179
94145
35700
99208
30036
97457
292
22413
81238
29727
9503
26059
61953
14866
57178
68905
53228
75344
69930
82564
4975
12977
1938
81647
91157
17057
72343
22105
8339
55275
80322
27353
13906
20365
69962
10690
66997
89045
33897
87765
10318
20690
38641
19078
39243
43915
60700
50585
64127
48922
9796
40933
45991
45547
94876
33559
13689
76836
44611
53168
62006
99121
70019
78386
96275
35788
67055
52663
84602
66377
70219
26967
22769
73338
53849
10093
43104
28825
49112
7871
90536
88711
