82172
20194
90008
17025
40490
712
66385
89316
90107
71201
35854
86009
99619
39847
84770
74240
3545
95050
55410
55443
9751
78829
30255
92772
58574
18111
90693
27355
38736
10844
52285
32369
17779
15165
78239
18190
10236
40434
60632
15577
93709
20478
62391
71480
18431
70649
57608
91249
78497
63301
64377
50296
93536
5687
94032
45683
78366
56161
71822
75447
2148
12210
13223
42922
67195
3001
37219
27366
28930
15864
21703
56146
20630
17519
47092
52767
35632
60254
51419
68369
47356
84996
76354
39637
56535
50430
48069
77937
39150
76403
56956
31902
72075
23455
6411
53522
11534
49749
6578
59768
82313
85332
27967
25438
23142
39349
29555
14674
18520
56411
70232
58977
94732
15310
7683
28464
78704
42951
54212
10174
94090
16045
62028
64321
4671
13973
41514
109
37669
90887
80999
6631
51352
46059
97000
26185
88787
85026
90257
5418
68806
94044
43179
94989
29784
70306
96854
71530
68989
60696
83936
62016
62878
53544
88588
45768
4185
47173
9507
82052
96445
90905
86088
38997
9141
37232
36000
36979
91425
25190
58608
90830
23490
86943
493
91916
81936
49182
76373
63764
54569
18166
5686
73244
68165
15067
35545
88763
97953
46945
79638
34041
5119
47326
81178
10162
382
29481
79183
81826
8992
30320
77855
62596
15765
54772
27879
47541
92844
79411
10837
40461
7298
53377
76218
46673
7439
32056
53474
5654
30011
77675
47413
46428
1704
53245
61316
8092
98795
97339
14725
83026
73105
36363
36008
76883
34616
74810
96637
31410
94116
47092
50401
58606
65204
55619
59556
34097
58703
87664
20403
5401
79403
76560
94017
84546
9602
75618
76330
44142
78565
93322
5761
31466
43212
42583
78901
39049
75149
82875
27232
83108
58331
40868
48890
65253
65249
12200
49074
56200
25605
29270
23904
55497
10444
39407
90960
13876
9706
26590
96828
33863
25953
75429
97124
5840
49155
29220
83777
89
1528
82347
59092
21060
58335
14693
44845
90258
11942
5550
91080
28064
56480
32266
81994
30593
65084
35516
9675
17479
71632
78732
13815
93699
48780
20624
24117
22512
56610
21498
2933
4904
19100
4277
89970
77457
72444
33783
77604
50674
45398
85164
11191
83724
96163
50075
78844
86156
70676
10231
55611
27776
13973
51848
82608
38937
92521
46858
20341
69064
19030
39972
94688
64929
22402
96901
54435
59549
10176
28825
59673
91812
28795
45333
86220
53748
9041
62697
18772
93321
88143
74138
97831
91813
53465
52441
54194
18962
91377
22051
3401
74908
30412
26144
96379
92218
56236
23733
65269
33972
54234
86736
29534
61640
46204
33734
50756
28047
74275
3239
38603
86543
84208
39488
60793
9859
98042
41881
80857
22327
51040
9091
88444
34031
50774
37990
86377
87454
84589
47785
93489
19197
32855
77844
79984
44555
15788
44351
89592
18147
87381
60400
17423
17957
99404
34006
32251
36385
11725
58863
77078
8231
40295
17484
46186
34008
61237
86586
96039
69627
80542
23578
70032
92966
20424
69150
61181
45118
76197
7436
75707
68246
71776
3195
286
19374
20486
7857
51193
78997
54785
48973
63749
92075
53906
78743
93685
8297
45855
63823
34044
64430
40684
58308
60864
10508
2194
83285
18648
17156
33086
56597
99865
71160
42225
60150
15604
62876
16263
34639
70938
16012
16990
41216
94432
60137
98335
63416
3550
73139
58667
83175
70493
39329
89839
67060
33860
76000
96036
19470
33779
2431
56526
7398
42376
88432
24528
42031
90244
72725
47827
9920
19861
99656
69570
25662
87432
27001
99400
61877
40535
51055
54516
16171
83529
30935
19404
18019
36049
63813
64128
60665
69095
51159
4647
9509
21237
19301
82313
93164
57832
59685
94332
79526
42013
92224
58443
28323
17411
29505
74695
62333
3994
27522
49687
62140
57787
94219
83117
94262
15479
53247
92475
73183
39141
29376
14374
81443
62426
64688
82931
82771
94739
23327
52775
66440
30228
36531
63214
5853
81252
61251
12968
44943
33615
48392
95414
61560
826
93341
29054
94421
87863
62234
27942
5116
94156
26597
3164
77254
62148
