42716
5466
74164
40209
73211
15376
30092
49352
33698
55376
74969
57236
36564
16890
72986
30890
56564
37733
56372
14397
68560
55502
97423
32000
8463
38658
5292
41925
8349
25348
14840
11049
94061
31925
50143
32541
8271
11308
51750
33058
95561
45531
21717
88526
1173
24065
49214
17749
6104
94886
98934
33461
68415
13627
31447
13403
61269
17258
47300
44103
11384
38879
16618
209
21416
41243
47683
86986
22720
43696
72233
87872
23084
58334
83504
989
25244
61843
61728
29240
31746
41150
96443
63457
83065
31132
23129
22529
46134
51511
12860
32695
90623
49042
30273
91474
56103
1958
23355
28291
78834
25076
38842
94856
93787
32156
27377
7782
96324
67891
4149
37200
4220
38888
76597
24676
23126
70995
82954
66025
47607
13713
66276
64950
74001
92571
96855
79131
18487
4583
24942
85557
16038
43275
1997
78439
77929
4389
66690
15593
72878
12842
30914
59280
85623
10511
53182
99360
85083
39306
98533
88114
76721
3242
86592
10488
78241
52773
23107
58112
52105
891
86770
91822
94030
10576
52463
12926
50790
94728
38823
88882
97653
90966
8738
66084
43141
49210
52272
8353
98519
48469
89648
68278
19550
77681
47954
46624
85479
2163
55631
67281
57456
32921
96006
15311
32542
18786
32327
7498
29510
68344
17197
26159
43271
35896
83973
84257
53646
8047
42515
24638
85673
57612
56142
50374
15949
53675
96400
37419
85535
36603
67692
71451
40336
16552
90808
63719
49
28317
12269
98246
70555
73001
95823
42230
33494
21986
18151
55976
62806
46952
94636
97687
67484
68905
49856
8863
55157
96088
88852
85362
35119
26725
50263
51359
59647
57533
28469
61610
49048
32510
82754
3986
94500
15054
14037
27358
2758
55721
81625
19773
20165
10789
26720
71008
94487
95672
99379
1208
5720
37628
5294
83912
55969
45660
89340
94174
22509
7472
87805
86042
61783
46554
12818
29754
61104
45819
51375
36509
98867
95668
31081
63009
66999
18982
18551
80364
30534
68482
45112
83555
68332
24385
34903
99435
39516
23756
61949
53072
61111
60402
43516
51790
11985
27681
24944
24416
53772
25941
83366
80880
97873
99730
1552
93970
96984
54059
40968
34608
49979
68916
26521
24509
9654
51379
96979
72971
77947
7864
75963
67569
90394
95243
92325
61318
43882
7943
4913
75916
74326
51567
66690
16471
31416
91762
91461
35763
52842
88920
21802
16413
57625
68240
77049
22423
55711
1637
18951
13449
41976
72009
22806
36
8001
84074
81744
31744
15436
29037
22169
88057
24373
32723
57444
36106
23168
79353
36619
48131
12396
43605
43270
26117
40659
30965
16170
68663
74909
47096
12093
44682
50838
2877
57135
45572
2001
42452
78113
2561
49578
31936
27644
9575
36979
96303
12693
27404
67456
97312
64203
23403
28292
87386
43264
13216
15987
95271
66964
28324
35373
95577
13347
18519
51529
16958
12375
88780
75109
20943
82034
2891
97855
92785
81581
82157
59864
95946
14951
77693
50989
39385
25427
41482
63135
72181
3001
45066
7151
98829
58488
74137
84628
87564
47286
9667
75866
34815
27107
77276
30366
47991
62409
70726
57839
69067
66458
19506
36256
47132
32030
23879
30695
76074
42608
87369
67212
99202
29503
41951
47689
78010
72967
11394
2590
37225
27900
10741
19591
57839
70972
82756
33842
71700
22677
26696
74541
66368
16817
46859
31773
93158
56165
44355
54513
76717
35769
46704
34764
71993
53312
88381
67658
87836
14858
25434
67010
97720
25942
92470
98789
93544
47426
69682
9188
23983
77385
66478
62855
77947
5979
88510
42246
1573
51614
45056
28269
5370
65441
37396
90266
46921
72016
38267
37564
26639
11872
36966
70934
50547
16546
78258
31941
15471
26635
39905
68083
26632
87395
2137
17161
28468
47082
88608
77913
36378
81443
62458
90841
5350
17369
25805
99167
40953
81900
47415
75304
97224
83522
5111
99541
26815
63744
18212
79186
29074
28927
70773
40430
84962
16164
72530
69949
95804
20793
58152
31359
44449
26044
11958
82225
9733
82932
89025
93432
51981
14229
47462
78620
25179
76123
63684
873
79412
26649
86256
56732
64239
25865
9915
51679
42444
36002
65714
19257
54571
46702
92465
10246
6544
84418
60739
13431
38709
61641
69936
82617
97216
46978
31091
31285
87290
40136
46768
15286
15790
84185
51163
71436
87227
79256
10201
51532
81380
13063
51746
70210
81353
56992
31833
1222
49429
32275
26104
27962
54805
81452
25756
66250
37080
89970
74046
