8960
89077
71655
67571
32052
84042
55015
1833
17163
49590
28110
40689
37022
15320
86599
21762
43050
22561
73090
82864
48128
67134
81655
24328
77216
28064
58616
28928
86687
96217
57263
89480
48153
79663
51620
56423
71535
42425
19222
55354
13797
77697
13276
22333
37066
46152
51023
24551
21693
93577
91390
32646
74823
5157
71624
40076
37746
87569
19582
3139
55589
61275
17739
34654
9712
28699
30886
89823
96631
29744
91940
82837
93459
5637
41581
36645
71112
37926
11044
18974
97849
99366
80773
99229
82565
19814
8623
29630
82297
17836
63676
68935
49609
54326
33005
258
40795
24203
69088
33220
22257
66230
84806
89973
20644
63728
41754
38356
26672
71669
876
26131
80939
98909
6287
78093
68418
56867
38265
6126
65653
96417
31116
51494
35287
47732
14460
34138
41048
75492
48222
46479
57379
42698
2400
44316
6393
43096
96708
20248
7745
80064
85146
7671
37837
12796
64119
12947
98576
5185
50329
54118
41763
89808
53873
16938
77177
64774
25839
73390
21084
46630
91056
20618
20305
65831
80936
48554
18467
64571
5196
39014
98655
30475
85838
39199
3961
75829
14231
82890
84418
72672
55945
34583
19631
26865
7790
21435
44125
86393
64075
74557
42337
36535
23926
23399
65099
85515
8088
42727
86932
9318
5208
35168
56545
17786
25823
91026
21840
64454
36404
24566
79408
61940
92363
85248
7351
46517
89678
72680
85307
9528
44442
9030
64182
75932
39882
73411
86438
19963
9824
17806
67037
62359
27117
47039
69145
85278
25879
37979
89134
32653
92578
9563
33739
44096
322
25588
48174
33783
81383
57118
51648
21446
31214
97219
9300
5958
43147
55885
25477
84458
45680
19190
25251
91103
13527
55622
5594
18289
82572
42928
76956
54712
24060
66143
23051
8972
98926
94369
13073
18039
71979
7676
9128
16816
24118
48730
81894
48207
89148
68598
88585
94336
50997
84557
6705
89044
18565
18389
55054
70949
898
99931
83546
15820
86971
80673
21906
64191
31780
17625
19993
15838
80347
53583
40772
39576
31335
34101
15658
67070
13695
77604
46248
73934
65915
90409
57127
96639
51049
48732
11965
95313
78159
77595
99972
66904
24638
90119
71076
39964
63650
27740
22492
17739
32578
25891
42168
96874
99952
28653
53512
57016
33428
12899
886
92361
64636
2585
59902
34554
30158
56289
17532
54210
81948
50440
23208
56866
26171
40783
28747
44366
45904
93865
37241
98087
97728
53207
15287
21370
57473
22196
43114
96991
75260
48309
14188
51787
55630
50377
62141
76548
3447
44633
24491
11824
20311
63123
79796
80557
81719
7204
74428
69458
37493
35815
27103
6924
76651
38431
93969
85860
99402
99126
55177
27903
62224
62009
54088
25673
72367
25474
26479
26898
70526
90942
4681
85774
53809
43659
58446
71068
97891
92414
46525
17322
27695
56990
1450
71531
89570
52463
23689
28401
27604
28619
97111
88429
82017
15611
66572
39342
2915
1723
68803
38626
63564
80384
65796
5326
12540
62716
31587
66635
3944
98857
31371
37217
93845
99971
56028
39729
959
30851
6610
97966
54543
72083
67455
83332
11404
61178
87428
58545
38365
82125
27830
36029
18511
16913
53850
25273
60645
25347
1041
9928
61877
31742
81505
7495
68615
72814
52186
69484
81398
14466
29812
37893
48312
62625
12849
45848
44313
52020
71160
53170
2591
54089
39219
37969
27165
58129
40433
45085
15760
83736
11990
20272
9053
64303
5886
35297
23809
51619
42677
51716
72799
91998
56255
55779
53237
23174
74057
35932
1451
47
113
2695
98907
78940
92985
54498
12249
76602
9458
58833
67890
93969
80232
10575
43337
39866
14982
8671
32224
82471
43628
34704
49131
14166
79720
9719
46678
97276
62251
18042
29464
92194
56903
39631
59309
69642
38712
13210
25036
68326
26392
63412
40754
27078
98456
95875
12136
63878
58034
47235
60628
51533
93681
51006
36630
30621
31618
95146
71858
72901
99592
89101
76322
94677
83041
18436
51408
96046
82569
89209
88425
4218
3688
98549
65302
90025
3619
35908
87569
21429
46058
78446
2704
50808
9021
12241
40772
44838
77345
3118
12007
99762
41853
10401
14883
32836
53417
57205
12693
37735
97338
96337
82378
76158
54419
86279
44690
84474
10610
18010
96576
2580
70560
64934
17602
35707
13133
25617
44130
70266
15087
70113
58206
43188
43839
86440
54610
1304
31447
19440
16363
15643
4145
67474
94608
24391
24975
41528
50048
36395
73532
10554
88191
78656
29991
45391
60696
86826
38920
7921
33037
39527
7394
77765
51913
73672
64137
23759
11368
61590
6476
52525
55514
91470
79921
86824
10028
36177
15989
32564
97141
89929
86713
44568
41454
4933
13449
36051
97905
29578
1886
3203
31968
68969
31154
88059
66517
11096
89863
83608
61636
86988
53061
63086
51825
90974
48557
75516
56662
87954
85693
92325
45881
98751
52007
63395
45815
99228
60767
73922
72243
43148
72264
94609
39714
62812
41189
41141
41369
73723
19209
37418
73089
65213
4107
26010
33875
27655
80459
33046
82907
79676
67267
22329
69461
96432
81130
12981
71745
80333
10583
63450
76610
40984
3975
17570
92896
46762
7285
46930
32979
62803
96668
38038
82370
48656
32850
93294
37796
13577
80820
54
7811
81047
8182
17537
49661
29964
88512
66084
39370
74305
1626
30721
11260
53933
23550
91259
34543
42643
76655
91818
26373
45322
