24971
71400
79391
83786
47294
43171
60609
25962
26922
74088
58063
39759
4633
76747
42727
85855
22872
9476
70776
1047
10898
57189
47126
18584
44180
4867
4814
21670
8273
41386
51470
24311
88018
70026
81872
80985
78283
60154
74014
16233
23223
94711
59554
86527
6256
40711
15576
79751
35987
15857
14832
81343
78836
58240
3910
21285
31989
26771
23137
49936
49787
50551
78360
50553
27215
88351
69001
57664
21755
32279
2476
13160
78222
27033
28289
35677
12558
55535
52162
61962
69308
18658
79850
88013
77794
35345
23382
78208
4812
83796
4839
38308
22425
90715
91244
88197
80302
90171
45073
25148
54598
93250
4579
56435
69528
24850
49345
23986
19199
72880
62092
45600
81331
87443
1628
75759
32309
9197
79871
47048
13284
56183
35780
35053
23173
69677
27386
64715
39435
63569
73137
72739
86244
58715
351
4487
11198
1250
12278
50759
73740
5033
2670
83940
34950
89834
90664
40895
10206
28635
65361
85579
81117
86480
23463
31141
71252
93557
56902
18041
12318
32359
52323
74788
26120
95754
78073
24275
90402
36598
88393
77967
44970
89958
80052
81661
25180
99462
9366
15944
74105
38552
22547
43777
38823
87750
64133
54874
42065
74665
59747
41854
20546
14164
48455
55718
30097
27591
16966
41781
335
31307
71551
21919
83561
57060
81445
8000
61844
74964
85950
11466
10252
12392
67233
44919
27141
49212
75157
24847
88480
41454
1047
4937
78010
78113
10644
88653
45552
75637
98305
56132
79278
76288
36803
24808
39905
65490
61317
30910
97217
64654
9184
65906
48612
94944
66092
65554
31754
75117
55069
10876
89104
14488
91316
94637
9264
3947
38099
14455
44545
49065
8003
4970
40252
196
94751
30668
30780
15997
64715
25845
61354
40054
72650
89213
57984
12080
23793
80921
505
99274
36169
85513
74023
71890
12522
51160
22701
27726
76036
87563
16497
66318
75649
96929
27348
35627
66256
29967
46207
75812
37366
88943
14977
19738
28876
12511
64585
40755
50209
32079
36281
60872
50894
48117
78191
9524
76202
91597
14694
67836
82510
2575
90316
94840
20673
50040
97374
15184
90977
2434
21109
70382
73056
15183
73050
15131
7118
32253
69699
89169
17355
75499
78703
18175
58190
65968
91232
88081
24826
39883
90527
33271
77684
85936
73203
86987
39524
68482
32419
55569
27619
85604
93000
91426
42557
40959
79039
68134
97443
70930
83919
82743
7905
59909
54874
39498
30269
21200
4609
72894
95554
17819
88092
20875
48322
28285
73213
43703
91658
36133
80258
46561
32054
21110
83749
26443
13512
1608
28296
67514
79755
2746
59500
79354
58697
89925
23890
3895
73095
66191
44112
72560
75474
50383
57568
16797
99145
65692
55418
81185
35317
60616
40870
91038
22548
51030
34892
7199
95212
70274
51544
70911
63681
45833
452
5539
91608
11303
68073
70490
90138
95918
34245
42591
14250
6171
15831
61715
16943
50859
66742
98830
72652
18070
3576
6705
96157
60108
12505
76295
49813
91010
54076
35799
60395
35873
7358
67506
45497
50915
3558
11528
56399
76459
1724
86999
50830
70377
96076
96348
63540
86571
55296
27801
34148
7924
89980
42704
13916
86800
99951
11230
37242
4006
32369
19753
75844
66340
43889
20857
40045
20578
57373
44331
56558
43264
16345
4794
86279
35285
28666
75257
4011
23461
1222
41748
41090
75043
8722
97040
94907
56170
28416
75589
82362
5104
93050
31593
68807
3461
75216
17112
6947
62229
58025
99136
18447
29778
73774
83467
84366
86532
3034
97540
4308
9685
75816
99471
54444
18769
54401
90184
75552
68319
168
35118
13677
63617
81727
44012
81272
1608
33529
13678
77474
56226
67675
75466
12726
78875
1466
39567
82584
47977
27542
87474
19921
7930
88047
63806
50847
56412
86542
57420
25100
50456
88055
95619
10273
61249
72063
23231
35717
75883
27614
5682
8026
3235
82602
41591
99205
76741
38271
3609
60881
89629
39564
40373
25223
21357
49716
46381
95354
62318
42728
1539
77217
44786
89102
79701
92694
53418
63565
300
42620
96435
22991
8610
4611
99889
82538
76138
18260
88357
60452
89873
45506
4935
40923
73150
99267
29136
74722
15635
72686
87786
65328
40530
73860
18387
27515
42086
28012
93577
88745
86030
55784
27278
49573
53767
41371
99181
85329
70412
70238
50482
34549
52738
45027
43004
49510
88605
40481
43752
23427
22335
78250
11145
21788
87413
96176
78711
44863
86675
437
52646
97907
60968
60495
9469
40052
38527
10762
69901
89238
65193
62660
95391
84881
39699
11423
81666
20389
69808
23672
40665
40823
98952
25008
942
47530
20296
5254
6980
18597
47846
25882
97678
19918
63371
38187
98224
88727
86317
76726
94785
5174
72581
33642
11487
57336
10759
25378
23373
28756
85521
95684
13650
21695
21595
36130
26381
79890
71699
11196
73917
77094
72490
556
55629
22025
66504
96269
43346
95317
44839
92705
32875
11891
54779
44280
95912
35238
36956
4682
98545
97174
40424
83732
40645
95491
59817
17968
93200
59564
55680
85089
40782
4337
91161
88467
9965
89507
86281
70273
42041
57728
7696
52843
14473
45296
70035
