61645
41054
79651
58337
46591
40254
35307
86422
51705
81139
63103
37519
72699
16358
31660
98451
17880
11769
5719
17738
15160
88546
42523
71004
26462
34984
55719
43588
59278
53861
17013
31223
51258
62356
81034
86775
87206
23974
26001
96812
66911
37768
55691
70448
81758
60790
60884
47716
39335
94197
18232
26347
8587
20930
65054
36100
20339
30660
89414
35777
90220
82649
33467
58376
1040
87946
59076
60833
87420
11048
90365
19781
53310
57950
35582
18780
37281
73140
31796
83547
32036
20112
19337
99117
4628
93321
89368
59801
50062
70558
31536
19553
16675
61292
1261
1488
21477
63569
76491
36680
63124
90298
91116
28499
69818
94785
90791
66665
4377
74952
71324
98090
43261
66366
78175
39568
3812
70536
58101
67686
57607
78518
5975
20122
78208
97832
12624
78213
84797
34220
13430
13330
37208
44118
63698
46170
49920
84220
44554
761
4950
2930
55760
27559
80659
96467
65589
18232
17115
46613
8891
41358
83869
36083
36831
591
37737
26478
3595
29914
51654
19779
24599
24727
73020
6636
33948
43260
53327
36218
1100
92695
80319
72097
91356
68990
70705
7610
5660
30530
9562
15488
11127
4272
99348
88254
42857
78042
12483
357
11081
42720
70180
81212
87257
75962
48004
72230
33056
58724
49778
89710
5812
78897
70760
29023
73075
29641
69301
8053
48365
46916
96535
8914
26473
29577
84977
63199
44427
71899
74432
39152
7803
52331
98260
5727
51997
80149
20043
56212
26576
61825
61854
40504
33781
48561
40249
45169
26253
18526
69974
22998
18882
45740
27755
71167
59960
9403
37588
28539
40370
81473
72509
13721
8682
13387
92884
44505
76229
38588
37620
59086
34413
64022
81492
91641
64341
49104
60493
76139
33766
91023
65717
67514
63958
6875
45717
39926
21304
42702
69038
83354
81230
82051
83520
82555
55019
70036
50604
69929
51226
27672
69269
66812
81628
78574
50415
98017
19296
97987
12955
37167
42108
87178
59980
50387
28557
43459
92780
97580
73922
72380
58214
70917
66850
16417
16491
69175
89162
96988
24316
68847
79148
98080
73683
45033
48734
46105
63144
28573
9468
30659
66875
33255
98014
61998
70378
99713
21955
93335
21285
32230
78136
95783
76361
59019
94495
27332
59587
49545
76892
80865
55688
15488
97103
49096
27926
49621
64138
37491
94420
71128
8133
92644
19405
31247
48065
12366
28714
90574
32015
61265
53907
88368
45701
76164
47922
7692
88158
15193
40626
89100
52718
3012
28508
21368
31973
58930
5412
68995
