92055
12304
96290
85945
22529
41137
64633
58863
84588
18739
43602
92288
36350
25347
544
57280
80940
7458
50784
3586
81282
64905
16863
16483
29014
31527
63514
42564
53499
26662
94866
57014
97421
7536
60801
43102
2574
71372
7620
77993
87397
34274
24474
19481
10387
84161
46226
6275
67856
21428
33338
3230
92938
52614
55708
59774
83864
53901
84827
40225
44432
44272
56973
23808
29034
64083
1436
46112
85581
5729
99132
53323
77538
30765
63989
21627
83351
35375
28456
43057
43160
78329
31953
25605
37324
89445
48934
7295
10170
21856
27491
29387
90524
89287
95854
57342
21865
75282
23209
63625
9050
5978
73138
88878
17161
16888
36924
70533
5040
7249
31325
59948
10489
86320
39231
34482
22641
27723
32461
50926
83869
31707
94056
41657
6447
56317
83517
27269
98392
25159
37801
8715
67326
13911
4679
52860
97950
96600
97048
25002
8821
55688
16730
72149
63661
15702
99784
12959
3470
30249
75468
43897
54422
50784
5446
34659
96730
92137
1978
53718
9327
61770
43390
36530
46756
8192
94381
11752
10021
17565
8195
31664
70930
89339
72660
64593
75126
96187
68736
8665
35017
17371
47724
70741
13657
31592
62064
70505
45669
44160
74698
6992
24383
89295
36664
98382
48383
54320
24621
99203
40491
7850
42000
76930
24889
8196
48529
95403
92127
26098
18157
66484
63221
18539
88634
17799
49298
34180
51772
6183
25377
7068
96084
32951
89864
99668
64024
13545
57266
48180
34178
21819
11068
23809
53015
95867
76146
50117
84396
96680
43834
94817
41724
29799
14352
13391
61171
64323
34906
44450
44873
65571
17507
30221
14349
61034
73368
64717
65524
31631
7915
37087
12551
37266
18875
32135
77840
6549
78105
73294
13622
47708
11685
86565
44307
50966
68393
52810
57955
16794
60102
2587
93830
50866
79232
4609
63508
42282
20357
28987
73130
50570
7676
10755
63524
14464
2091
44201
69823
69723
4570
14305
16986
81080
71220
64402
76586
33240
43060
87013
71402
13012
96432
78880
95870
35213
18418
40003
12682
51282
67379
6259
93365
36046
14554
4748
7447
62760
73998
41218
24809
50369
31512
5631
46137
7010
13084
7836
8030
67907
79345
8367
25242
32422
98030
33274
20035
15827
6962
18038
62707
88015
19064
99873
8048
69679
52841
65064
94626
31392
92024
93702
89450
30433
76054
6192
75007
99120
60875
89635
47014
48974
81815
20749
17670
80843
80298
31787
38942
87250
53938
16040
78531
27119
78173
13310
7686
90241
32772
86882
71434
48534
82739
48611
77011
86712
22638
72573
98824
75782
22251
74264
10562
22950
14674
22473
96149
26479
23157
95464
11595
69921
23032
91320
56333
61111
67386
14683
78420
65500
15886
2225
2326
4757
62125
9834
79783
73101
70107
50248
97787
48465
20653
10059
56394
93309
91651
33812
68369
38139
86096
75527
33241
69836
4090
48329
46845
99705
82049
44909
67184
27282
11337
49991
78575
66021
84366
96311
46348
50828
41784
49073
43422
77014
28021
31699
59705
37678
34366
76423
94567
30085
21099
97659
99842
83527
93965
8585
87358
81098
64830
57139
12487
76400
19077
28469
68997
94415
72815
56748
29705
48179
15763
26558
47307
65915
4980
6794
84869
49324
67882
57764
1794
60034
63362
85082
24471
81809
13783
51260
96223
71350
42124
58056
14363
6192
68274
50313
89178
58790
60637
280
14034
61321
86905
58013
91812
29824
42552
48319
66240
67935
55830
5138
64030
15618
86254
28352
95066
25406
98676
84401
74540
47519
34363
22560
64661
29818
36756
46806
44615
27181
14866
58651
24315
58150
93300
36723
90683
58773
75319
45523
90850
66247
71220
60020
28576
69821
44851
90636
76154
72734
73
40821
61316
12399
97194
82507
55759
18111
88242
29719
83150
61624
89588
54353
83408
94739
22602
72377
97389
59227
2284
87594
49524
18377
58404
60407
32650
35659
999
94036
11010
50590
44906
16201
90132
98272
3030
32789
65882
35734
71544
9559
61304
9250
70826
35157
74286
78932
64641
92619
91695
64818
66087
90929
92639
27247
34330
68716
69469
34664
