27986
56062
97544
59505
66784
6788
83661
42109
6535
31851
15711
45524
96499
10220
67142
13684
79970
14560
1653
95189
92300
34065
11873
55559
52103
66551
85802
20104
91386
74664
37656
76448
24524
74169
12926
43414
46668
31928
2860
71084
65723
78599
71862
42138
88096
78265
62308
79872
71170
12747
31785
95489
23678
55387
61184
88446
56238
62941
16970
14393
7933
37487
27473
36348
86892
37009
88289
20054
42531
7237
31048
7947
70296
29442
25625
68905
50914
79620
37435
59719
65705
66748
90849
41348
23207
28368
70778
30684
91889
32301
71716
95009
55035
44012
93955
45442
16393
10351
73505
57692
98772
7850
44623
55242
28233
1855
78831
68626
56776
13664
50384
82074
74767
74968
45120
2913
64293
36715
53931
85849
7961
5902
95634
70488
55936
88937
14547
87382
74702
76425
35563
90790
59580
36373
1011
1221
37184
41405
81580
69833
40462
19803
24454
82402
77855
62933
85046
21360
95702
9807
