11755
66555
54471
72121
99165
8514
97230
90037
8100
36852
63381
19290
8945
47002
42098
17151
54147
27003
37901
88335
92040
72110
9492
29680
28926
41683
53933
26659
51220
36537
64341
45077
84302
17199
58274
82279
11213
63058
88062
8874
46222
28107
81582
11030
81688
77342
50479
75693
22801
15200
64688
73502
6041
41445
41649
74808
64413
50876
40320
46904
87855
37948
68406
65921
92466
23036
65599
94636
86786
61653
61812
41952
70657
88804
72345
66073
61327
94856
85033
7139
82826
7609
96169
62041
84749
27014
11191
84886
29522
57465
88389
2087
86116
96360
67022
3291
15869
1904
15936
37291
26477
85912
80822
34746
62213
77198
20757
61596
8149
59931
24253
15331
59101
85614
66639
67715
55599
27975
72628
28016
57524
70857
61556
40146
15098
43189
50622
77087
62182
67511
27535
69472
85230
19806
82413
72338
37506
50620
39544
1718
79902
74584
91589
81805
56193
4136
23336
2622
67855
3089
27147
44401
29811
25699
12437
29532
35944
94494
5899
56508
99933
9368
51061
57852
88513
93962
63819
64902
67533
94346
21987
22150
71787
77126
17168
38692
85831
7281
68775
70320
36933
24717
17851
12141
51709
54015
3522
7597
85133
85046
13915
63803
2464
16112
85561
74035
64593
88559
67646
89712
35752
76705
38919
95105
74142
58010
38479
5027
96767
14588
83732
36247
84407
85188
2459
31287
26396
21309
31002
44132
398
1340
28405
90541
63437
46186
31733
23201
32116
66444
94192
29104
47709
24057
21498
5199
85096
66842
83493
26083
66141
91862
65120
33912
44267
69250
56203
75661
92350
73305
98282
76590
14778
69507
61061
17799
48477
22712
13212
47921
84820
16354
56398
52156
63741
56912
96307
74829
5903
18107
20706
3298
40384
15499
94373
77431
40118
38981
41847
844
96312
67295
85412
68309
34420
88381
77484
33527
77343
60676
56276
975
90460
7119
55425
472
34284
96938
86183
29268
98469
5068
90908
43018
84331
8936
95889
44715
11787
8073
90802
64453
27360
32652
77458
91714
79819
77907
47298
18336
62680
35037
48655
23911
63985
60958
89264
7355
26768
78157
49652
83760
4781
51938
4524
42988
81277
80838
3711
81917
38623
12246
13412
12818
28142
64320
91124
69449
86460
93274
4473
84951
27948
20261
17554
18778
1499
8678
55385
26872
26780
82506
40762
65403
97324
64338
94570
92033
42693
13781
15633
36209
55923
66724
1589
12147
59101
76083
93075
67114
57334
77312
46026
41788
3956
91625
86018
49667
21782
76688
52163
76854
46256
8904
53455
84235
91438
47136
99282
75480
44987
73198
98374
16071
2779
12165
51800
84130
27639
15126
25798
75714
77038
39107
46099
58177
56913
6447
60955
45963
74545
40323
96303
14910
92062
30442
32892
97162
54542
56032
9757
87937
11713
62128
45927
79447
22603
81056
59641
49969
99419
73183
53365
86155
51488
32191
13602
1111
81817
51507
48025
34197
29450
53755
26648
67886
24388
82988
28141
51934
32572
24025
72626
89121
1561
36844
24534
33699
66048
26741
25092
6018
45020
23834
76226
88606
58383
10134
19480
92784
76752
36493
26939
54678
50843
1768
29164
47741
67476
29434
80704
44220
80482
17530
26670
26777
26431
25124
55511
52587
186
39582
36173
48542
26752
14910
97227
45383
32404
6246
80919
69096
59206
38648
47342
59439
57299
94253
59733
98649
44319
52096
58011
53986
7693
2028
92233
2180
38187
89201
51963
24499
44853
20711
89028
39546
38397
18590
43365
9564
42185
86525
74028
54946
57300
12640
47227
20032
80401
48551
68307
99426
4005
12723
33597
55363
62779
91571
89510
48650
34367
87537
78225
89644
4285
27133
21883
86882
81862
9481
51269
54047
36077
27930
4884
91923
93355
60596
419
44637
88793
86833
46958
95013
35586
83545
86173
56060
69909
25881
75513
4902
89099
41014
1404
96312
55962
31846
27361
54895
94699
46477
17627
49118
7408
14430
28318
27492
52396
98468
93374
81376
39743
39977
81749
17590
27127
12695
63738
5327
43897
55710
88752
2521
82607
36939
10920
40819
26963
53588
18750
29481
80525
40555
95308
88820
47435
14094
83919
80072
27212
47372
63449
59318
21394
69579
75971
96962
78337
66913
63225
95502
52318
87177
39505
47533
65035
14713
73686
345
5204
62281
18815
14299
25414
23188
11146
28532
33523
1279
97530
30391
63805
38784
30372
47618
85838
24234
90560
82893
29315
78655
12555
18659
98721
51926
93347
32543
31745
32597
38792
62400
24334
69820
22634
7468
14884
48469
86997
3273
20467
87017
46414
63252
46762
2797
10007
93329
26951
54655
64945
2280
19739
56362
46916
99357
28288
22192
72951
47565
97987
4010
2627
60786
95943
