13770
31576
83125
32197
16380
94810
17587
82635
7215
71921
33464
8874
50840
35402
88723
14608
14355
63262
6801
5873
7680
84011
30912
29160
75598
38990
84015
97923
42548
92807
55555
83825
4577
33848
64625
23451
30929
11015
24883
6820
26404
64103
51102
38795
17921
92867
60657
24265
18081
77042
97091
56956
35766
12279
65805
41982
80708
11684
75677
62091
28402
40194
20305
63831
73031
91396
33358
42541
61126
19114
48717
70245
71803
54419
93081
64182
81060
23440
46017
94005
89059
71886
41440
59200
37363
37903
17599
90753
33771
77528
66043
48700
69731
36428
23498
28773
80908
73806
23084
70166
42330
25116
12513
99354
84227
51292
39425
1455
65162
41897
36735
84544
89248
45830
46886
95151
50979
80478
42716
4337
93262
6360
89997
37065
34282
60814
73521
32904
98785
17885
84783
8591
84231
16376
20824
90879
45523
87521
23224
12274
96120
42671
46478
36775
69472
71392
47844
96644
33038
51754
8881
59959
1012
15925
44073
21563
1715
26363
77190
97822
39711
8627
91930
9934
60642
72861
42867
42836
24766
28265
31720
2776
62391
71469
34279
12799
15496
45374
71954
97440
13964
99283
84966
68787
66848
82333
29963
81316
30240
35837
91374
75431
19644
58442
5710
78436
34608
42733
91232
87116
6216
73748
38964
43071
80016
85334
69183
29738
91892
82676
88383
97544
64879
93784
80965
38705
93373
65810
37390
92115
18365
50109
61098
50364
37588
20636
26665
46778
73470
78644
25592
12438
43177
58925
16810
16540
82911
33375
26953
83810
43205
32106
91484
14320
69886
40550
99361
1303
3986
92805
23970
49926
83742
5374
29161
91761
77678
84566
56309
60171
65422
7390
7349
19585
68148
34764
70203
57466
5880
28506
90692
16997
61628
42762
74702
68209
47193
56322
68672
37327
37659
13784
65006
16038
40976
69352
57155
72385
30652
58376
98593
90311
3487
11610
24718
33032
55990
99355
97678
12133
22731
37573
78937
45154
87614
81447
28049
9040
33556
64127
48023
96107
21881
47091
30591
36464
28132
12133
25677
48397
88780
81065
21200
97685
35643
33720
20723
82534
98207
4426
97240
60034
53552
15616
48761
9731
43329
7814
30499
82314
12008
13978
32860
69713
36308
17629
80364
32567
41999
51375
40858
81261
9981
57095
68487
20721
56972
95791
97448
45907
42236
32848
67901
76597
27670
36330
90032
16627
49493
99498
8278
32029
95826
94034
82116
73616
23374
42320
53660
35266
194
60596
99764
69156
66824
68491
87958
58648
74431
23133
89415
54918
79035
91025
8228
93934
87630
40258
