69921
32541
96579
41238
75157
26301
28199
32923
18242
93093
60627
19001
43709
1922
11491
30322
5863
49493
2773
9458
55099
24364
70229
4116
80606
99807
99587
96516
84288
83715
51979
82020
64235
58234
12966
12725
71465
74644
8007
78504
77235
38881
50334
38694
18023
14280
2387
19366
81520
57123
45289
57928
73335
179
16019
30728
27275
4334
39044
91489
9685
84143
42522
42946
76647
65465
40861
26318
12489
3614
54891
21537
70696
45758
25279
59105
49646
69360
3777
93385
69683
31002
32953
24976
70261
38422
39093
24029
52361
9257
84147
10252
10425
11784
61302
68364
64805
50713
2534
89777
34267
12723
30866
48675
56521
22673
53743
31893
15795
63749
3777
81823
62062
50820
14977
21213
23749
44115
20133
67380
24014
99992
2279
8243
40504
38258
88177
46493
93046
69114
63183
79495
33616
76428
90078
90946
77332
72138
84653
17643
17049
37818
84836
86261
47482
10659
47380
87523
54180
83691
41849
41537
731
86047
45041
85007
68919
87454
98807
99333
26115
3026
57819
39100
41232
70201
25639
7465
59465
89931
19026
64096
35829
71330
9372
18531
45123
61995
16746
50172
12045
39168
87070
36302
9606
43195
65669
69419
84859
78586
52649
47615
36382
63260
71649
64438
79697
19346
47036
8286
60591
14454
20417
44371
27916
78346
25412
92820
65607
26519
95823
44739
4508
69054
61385
61153
61121
29455
38662
80114
30025
19669
74746
16353
38975
35885
10731
55854
3156
49783
79886
97364
38978
83446
26409
42714
82416
16453
29171
73382
96205
63914
74731
69790
19881
43573
13515
43699
25367
37376
54299
71675
105
80596
25257
78066
8814
39719
42401
14724
69466
83887
50143
24654
57644
87828
70013
63514
50388
38671
29742
61536
11142
69023
33335
53971
67791
21594
20046
16226
10950
45677
74526
12786
404
5494
46444
61728
25256
65859
62482
97661
31655
10941
80720
13101
92732
93982
10601
77987
88239
89961
31723
59906
9320
36956
5051
93975
86184
42845
77069
53623
11289
34344
12829
17232
22510
20190
23554
69129
22380
40038
99603
72552
48382
34548
33861
89037
98530
31256
7302
32819
76844
69618
27334
92455
42486
41441
82094
11700
34591
60967
41474
33183
92440
81113
26545
33389
56705
20270
68605
11243
59781
2089
16342
61065
92580
39427
29324
31763
25767
52260
8844
37221
57596
80485
65862
11972
16322
28591
22645
94176
67206
93476
98679
45214
88923
78677
75215
90381
87020
90010
55039
19526
75764
30074
39787
74874
66902
81786
28650
3011
9436
90089
72926
20287
58210
9248
28001
99844
28642
83005
22147
13636
77668
20745
59943
31808
84321
36685
41246
496
43440
74117
52381
45381
90150
94270
41102
79439
89062
12313
39346
65173
32214
6897
16964
13828
13125
86901
2602
43731
70826
37213
16107
886
6164
97296
90377
18733
35961
74165
42991
34893
33069
80216
48105
73691
79738
11373
47108
19888
51880
25504
39071
46949
43344
64791
8003
5263
59766
59837
48264
56164
19854
75468
54255
31530
18866
83034
98823
67316
50981
11545
34581
81908
88421
39017
36069
99489
59322
99617
10846
97804
29837
67214
32603
45937
41026
12315
81856
12667
2520
65091
42215
90652
35959
40609
1031
28195
62360
47238
4384
79308
83037
63894
38255
31432
58069
27776
18061
40880
59706
46036
3569
87347
87042
72219
47615
36602
59471
4156
52506
50455
72101
68990
84387
48819
79326
96828
39971
78044
49822
27684
77394
24903
42839
69802
23005
35865
67368
11626
6416
38410
36154
22875
55236
19607
23125
54761
34118
13903
69640
94635
79236
80303
4916
28034
63379
80772
93109
33166
12012
90088
58928
78109
33651
59354
27073
13232
94053
1342
68456
8861
22550
96508
61518
3044
73532
20858
57688
33061
42890
33458
20463
21061
64321
1639
56235
20011
19048
43642
66097
55914
14440
91926
46031
28293
4282
72811
91791
79220
99567
65535
11763
7955
303
95720
14555
27300
20430
63935
28486
56736
33808
4725
12306
30296
70249
29897
59421
51386
24110
12260
57481
58204
6795
6277
97253
77362
86931
93129
66680
63318
55287
75651
21162
60418
18627
68120
50272
97121
58875
77736
66122
78470
10621
5555
62900
24038
95402
72798
80378
75256
84119
41250
76935
7246
93497
58895
16604
55042
55513
73360
27785
67229
85355
19343
88227
80733
39957
33903
94291
97464
15852
17316
20500
36520
77597
24133
89826
56072
72400
89922
76454
13900
22553
50146
82058
95245
23940
47674
38263
62748
78001
27235
25164
29250
88311
88835
3107
30019
25264
174
27154
71760
31084
15546
80171
97512
36887
46827
3550
78991
63958
324
61742
73833
77010
69802
22093
11712
39346
78889
39034
29664
55457
35136
17203
27885
45134
42753
26655
86255
41358
84562
90333
83464
36994
40914
26262
71751
77330
37315
33570
2882
45018
96551
69727
70650
74698
17161
18277
71729
14915
69576
20157
74686
5661
41091
93503
53751
67752
67108
40976
65554
35019
52682
93611
59713
59594
64262
18327
16994
11725
57825
35166
14965
23287
72550
12197
95894
43775
11879
55759
17249
5928
37574
85771
3949
82181
74742
40401
4201
