59965
95139
55135
31480
77377
26896
39018
59267
64338
97938
92743
79664
70935
65377
54348
99223
82213
2832
10500
80046
80949
57463
43493
61875
7303
41606
54318
87714
53838
30230
67965
58432
43510
57776
14305
18748
90237
57978
6545
2488
20952
32803
99461
81023
12383
22747
99506
46168
17395
52633
75518
88412
84145
74242
52448
69457
28584
93199
46005
79617
74428
75295
38376
66265
88374
44731
76413
24305
91275
5116
93364
14972
35906
61860
46103
33695
4490
68885
13672
76868
77422
87940
65615
49720
24220
57040
37291
31074
51208
23386
45834
9686
93824
54766
26729
26858
98539
93376
20508
68146
93272
70004
13607
88749
49891
90982
91149
88786
81149
26435
78544
53531
61153
70799
89086
20203
46866
49992
84601
50118
461
56911
77122
49401
66140
74906
1653
90544
24620
82308
3020
58204
99828
45570
79592
57689
51151
66181
64041
98516
5976
44687
35862
16254
77796
74741
31993
93159
66119
20959
57802
42088
55865
97103
61404
84254
14550
37335
67250
29634
53491
90790
54171
17453
26613
82253
88472
96818
64341
38539
10785
60075
47818
61804
14605
66691
32362
92589
97248
88824
13084
5676
3601
20836
91909
64612
92509
48108
31365
47466
44796
69256
48045
71605
20803
32602
21810
62642
83352
46958
4381
38934
45356
73840
91551
51638
57106
48124
94422
90373
46402
50569
94217
52607
46809
90375
89169
12504
48377
54523
46824
49056
55064
32977
27727
96916
17225
95939
99006
45361
58140
37680
78807
61137
97147
91401
26750
69814
23874
45274
6883
88320
50503
79200
69162
61040
73000
67068
72397
39541
41402
31321
99927
20884
97984
59640
35985
80852
33153
83176
90932
37109
77577
86015
2223
66019
48345
6791
48413
59461
33850
11312
25280
70041
34243
1114
29743
75768
99460
61741
42736
37915
23173
67526
67649
48812
56514
5853
81257
40173
66333
20132
53276
79768
23638
68879
8404
54155
59156
6068
86442
82978
60020
22937
96846
31216
33214
17357
12638
4428
18792
28255
66170
83947
43010
45227
8905
69133
80732
20017
15079
38610
94522
84764
74999
64933
92883
34142
7041
41581
38980
21986
10553
72246
96721
35268
37477
54003
1273
94925
56835
2468
89692
98615
70790
26212
39910
46748
65557
78730
78076
73774
74835
11336
29420
57806
8551
14222
24178
55919
3461
81650
54330
90086
18501
45971
5479
93829
24462
23347
94497
61423
98732
39646
19269
55120
76216
27723
28147
60451
69775
69621
86031
73250
80162
33970
23266
18014
50396
74798
92801
56026
4617
96138
34255
10388
97585
59841
20524
44561
23794
92137
94159
81700
81810
40963
42536
86825
25661
82911
37621
86205
99698
60903
58333
76842
36025
53995
58851
70256
51182
87371
91505
79342
52863
46095
3915
5426
94752
39590
70707
30505
80001
27219
52930
66213
10538
19184
14415
66100
6515
98320
9254
40189
41420
28694
49185
27388
5988
43422
74918
2200
80596
33199
62613
97098
77875
94596
14507
10341
95803
133
51006
35551
91562
33644
47291
3253
78429
12136
73656
1344
523
98105
90921
61288
28549
10207
43551
36923
42640
30671
81004
93987
84068
83743
28715
1151
57952
64100
3018
36394
56625
75781
5131
48505
99484
71653
39620
71151
90756
77799
30199
48222
39151
98550
69436
68284
14351
94910
95224
75673
95026
54789
7066
55596
74821
67971
56669
5826
15779
90764
13112
65943
62001
16471
30975
86184
50880
13760
58047
61516
73192
96333
13235
45029
85882
79283
72362
55229
9061
91331
56266
38600
36506
36819
3541
18768
22357
48170
76242
62949
44547
72419
3609
55693
6379
24356
47065
7098
95212
68545
94848
57695
47866
57551
32369
13383
30390
54728
94414
54881
51060
35670
97268
32916
3477
49273
15301
65198
51494
28207
58650
93889
39229
99807
5009
91664
45456
65851
19503
86424
80268
15141
69166
35311
53455
86016
16282
47347
42185
80026
58202
75848
40095
56005
45414
58889
19024
28744
92796
77651
32592
62198
28374
66168
52708
36236
97707
98637
35257
48930
50841
62337
62866
54765
12919
28431
32946
5215
52719
14660
83046
13209
95102
23131
60476
80794
52794
86297
48093
70445
35455
70082
24236
27670
35082
9752
97581
94798
23121
84291
28412
16901
46256
98599
5032
76465
3346
39408
8134
13013
12267
71902
14357
5484
79478
47709
16872
69810
59515
44274
86519
78960
39126
68331
97761
17039
79007
20036
43062
19004
97881
27570
58170
31345
1020
53605
17380
3709
37242
7773
41507
92597
24150
87212
28945
63433
77635
65940
25063
23880
51658
86887
55903
35881
30979
59485
33803
13207
75183
59462
44930
16205
60175
35166
19543
59740
26101
76662
11448
13002
28276
23731
37718
7803
47939
92407
35582
3406
44451
62045
59478
15583
8610
5667
57489
89257
93907
41838
47845
11474
36608
50521
88479
13702
94361
79588
96373
92044
25161
77853
27038
26440
64233
34465
32704
39363
51014
60544
28959
4002
65089
15695
88010
42885
50503
72526
6887
56382
82033
76445
65899
24596
73460
95278
87294
8662
91643
95491
56347
94116
57799
94097
26686
98586
81201
95725
91134
45635
65146
80287
36244
40998
37151
88664
20060
39467
7973
7446
56753
18743
14132
10832
51515
80338
98892
17466
47020
36288
69994
55967
2001
45249
76565
80346
25269
89672
61763
18617
95345
8906
78467
52697
54925
1226
16816
25245
90173
89061
93828
7627
98722
63008
50853
69680
80334
31005
85002
77577
96776
53530
47776
46411
8466
95400
41103
4949
75943
34543
47046
79814
95372
62939
80171
84255
25027
26971
96096
24566
68992
11450
32797
13649
711
55632
82703
39513
77650
20223
79878
69724
15498
67367
93140
48393
20835
75219
60278
