89552
47627
39995
76664
50831
98002
58698
5329
69181
88536
71745
71775
87168
84592
88556
13286
94004
78989
22212
4070
14073
25758
3116
85294
95522
83088
8176
13918
15652
66620
52494
34413
63536
12993
68550
82169
64259
63128
54668
76269
6713
21286
52034
8199
3927
98791
19958
26922
64326
90981
73241
30325
56171
34933
7102
74913
23070
28326
58908
42858
94114
25331
35888
49129
80243
2867
87332
35951
11129
39865
93747
54577
46062
43606
73177
45160
84157
78986
73063
33608
37090
57066
71591
99709
50626
44778
58819
49063
84258
79863
7022
18101
19120
42810
83304
36788
75631
87193
998
74958
74500
87058
39344
42784
55218
22313
2396
79872
58478
11069
42195
48433
88329
91172
73635
41419
9184
64941
30002
28805
14528
75354
34086
74516
51049
53631
41468
28682
47275
36607
46524
12127
26065
61738
95361
73916
66357
28951
61178
79379
71931
98293
60463
76729
36506
33124
4551
97498
93633
28757
5608
53185
52514
76586
35094
4360
89913
25616
25571
67862
23748
18919
60533
47166
91647
62423
6971
57512
71323
79340
31335
38255
35917
42374
65187
70453
69785
45215
7304
60940
92117
59540
57259
25137
62843
72748
43020
23686
86168
83932
4497
91674
10030
68768
39340
73128
16287
32703
32763
38350
34135
95170
74670
38702
47676
69280
60156
17451
3572
35003
86403
30827
97595
22694
11435
82349
99202
25917
84492
4889
70384
12293
6191
51453
49299
42217
27926
37290
13197
5744
45271
43068
16039
69146
156
31829
45938
66494
36279
21572
60199
27112
58283
25396
16438
66464
31292
16791
9069
23594
44885
68546
23735
3130
13790
72784
36073
57429
86184
48058
81236
86769
72279
57325
39648
48948
46412
31596
29023
81514
53685
62959
24626
78002
28710
20037
60854
43859
15457
76917
97932
91265
47548
16765
61901
41070
52515
97015
75030
85375
58487
54661
52840
63719
96434
18397
95931
64289
72261
48169
47095
3069
94768
13460
25141
29786
7524
64266
79322
17284
95125
10031
96803
7696
51391
1059
4947
44569
52166
27551
34894
44622
43144
97123
87151
97458
17028
89668
92099
61305
25688
26487
57456
31291
96685
22723
95722
43371
23128
8105
21989
70903
20667
42677
48841
45814
82602
48197
17095
7630
38982
59159
62434
95285
1384
66540
6027
97114
37133
81134
74215
83939
9689
51621
74486
47595
3947
37862
28861
49704
51966
65158
70509
14799
30596
12067
9473
10667
77684
86466
78312
41465
90140
36822
55957
40489
86763
73970
71708
54515
7044
97315
19569
87488
58145
7741
5083
39980
33125
23708
49386
13216
20819
6698
77690
98918
65866
80978
58695
49597
49130
96355
86561
76448
13112
65766
89248
39792
65483
45643
2400
50553
15702
9416
49131
29183
74428
65213
4550
71050
1135
87254
35083
26135
45631
3416
15442
25947
75679
95399
13766
69765
97675
61363
97641
99169
77936
24254
33683
88908
28971
9466
331
71100
38192
74617
42229
25425
6526
89066
87691
79785
29
91637
88163
12888
527
59215
90586
29884
52240
69906
64462
80106
89897
48727
37011
31606
94868
93552
81585
50984
68942
66951
13536
99164
87554
73264
1178
13722
19806
81202
10285
69804
51579
67177
6836
97396
86326
36503
91345
90073
98486
89903
50861
91995
5499
33222
52722
77070
78523
85611
17116
62361
62923
19265
87934
63766
82716
54361
13546
70848
5702
36094
17393
22056
83688
89539
29807
59199
22698
75551
39908
17998
87800
13698
18544
59880
72056
2347
55657
98320
1136
96044
52020
70914
9728
1023
6608
57052
40755
45261
73891
42597
2257
35446
22118
36583
31251
25013
78747
64683
92806
46217
46089
91871
18375
20033
83248
1996
57523
56343
24726
70077
48429
26346
90812
32845
7563
12325
39560
64869
27566
94575
68434
27734
8497
4085
63259
57396
20971
46843
71593
24619
61714
87641
33918
53734
75140
32283
69191
54421
33547
6621
89499
65679
25571
66269
42655
77677
79367
75757
11554
84140
90117
52763
67849
98318
78164
53711
97038
57586
18226
24437
2432
81790
98228
60796
65192
43895
20387
45558
80145
48696
5118
26217
23761
42610
20977
56243
46256
2493
10851
67915
11112
57493
49811
41233
86899
61511
91423
89522
48830
68452
33784
93705
50211
76668
20213
19952
26559
76346
10569
27408
36379
11147
53593
17520
49522
95252
51086
71120
75647
55196
54709
72490
97889
61782
33929
29212
62810
12574
38988
48312
48840
22189
22632
77972
35807
96450
88784
50281
41399
71153
37410
27168
95770
45118
77762
1839
21209
52407
71947
73139
4505
24431
11837
52968
13257
10327
64758
59938
50729
79143
16667
17608
38471
70062
1300
49687
70476
58685
89447
91372
44645
28909
60468
51283
91785
80546
97442
44753
42631
85182
6674
66607
23978
94077
99340
46442
30750
11844
55554
71125
58210
13091
13054
2054
25857
71718
31108
12542
241
55282
94156
31328
17757
40670
16151
50161
26234
8463
32190
2463
9685
79883
46504
66970
33379
80259
61376
19933
6423
62583
1545
81359
52364
51320
7679
59937
33830
62750
13655
243
87454
93388
22565
44990
33675
69785
31759
67541
24269
80810
26104
22625
46033
58622
26366
18993
6914
5538
88309
68127
80430
49459
28745
4617
4938
1112
90818
33116
69707
27713
65051
78716
32662
30195
83187
73287
93883
32703
25816
85411
58852
97313
90471
90530
90876
8955
16665
84040
7128
1030
21559
44622
45046
60804
99245
49438
79469
96750
23938
25430
94717
56862
48460
49470
21261
23746
86899
60519
12428
78767
91995
