23006
57235
18142
16398
4736
6074
82318
73497
27458
70515
8607
68834
48581
81687
65330
66282
72644
86581
24044
6126
69425
84477
57322
74994
75820
64165
85264
79047
93988
3995
57874
53229
99581
2996
65564
6838
33282
52852
64709
31523
94240
35832
12988
85021
5660
39775
82000
36496
68665
8933
33937
57354
17860
62956
71734
93015
45701
78988
6755
30093
69124
37613
41101
62796
87109
93159
65706
88921
37400
71227
79033
57953
82153
8081
15629
79021
56690
56393
61617
68839
36742
2252
57042
76559
82467
74231
62830
45617
71718
26070
54824
92659
68057
5159
9195
39843
23337
20985
81814
4296
12086
22893
51855
1776
64838
94762
12415
67067
60594
67403
13015
41057
33654
8535
49996
63760
89077
70495
73671
51344
12090
98912
52084
45152
41838
56384
19201
2013
37815
37533
98178
20035
20992
8749
41991
25928
61114
10230
44613
90878
37376
56683
38084
57489
85426
6156
73034
38605
21911
56087
22181
84200
98115
62188
55320
42057
34504
2112
8380
38794
98819
95972
52504
13428
79980
75772
56477
80297
5309
33451
98884
94679
11199
17705
70479
10947
85643
48152
64362
95246
48018
10524
82478
54014
83131
33276
53223
88667
75773
78060
8899
62548
7054
57817
96531
41434
55050
98249
20077
30969
90741
34399
31296
73824
11777
44018
82533
90130
57431
12544
33096
37762
49737
98719
21343
9437
4745
56356
44617
55772
35561
60454
19112
10143
73103
95413
51379
96475
1934
16962
70798
65752
66597
60719
76354
45635
67096
46349
57531
90748
49471
31395
38874
44668
20708
39448
87122
5361
7599
22745
68809
28654
82203
35085
55859
86691
65750
31048
16084
16979
56736
38303
33724
80885
87204
85197
56262
72440
55507
76108
12921
64374
7083
47098
57585
94924
31212
60906
13424
23945
44130
75734
20540
11550
17052
87659
30622
56513
77388
25704
1372
72343
32583
11130
59681
21116
96133
56466
3697
34043
52720
33845
21624
28535
84170
95463
95130
1258
53875
45575
60789
49087
80809
15432
70852
78178
89168
98240
68144
61582
73500
67659
14362
75348
25234
7495
65547
9999
54900
78633
36639
82468
88325
22923
64122
63010
80037
34630
5896
99754
14197
10693
12033
36399
40284
35812
72665
43225
61590
13977
18339
27653
61755
84041
37307
97591
60123
53666
42236
45530
98580
83901
78481
79087
69601
43020
13992
63463
91181
20445
6170
7181
99307
97504
96600
5666
27030
83647
4671
13118
77589
88011
53075
12701
70656
69361
19324
66893
28533
47759
68518
43609
14980
67410
25544
4528
2536
25997
30612
80838
1270
55280
65324
59271
43312
19448
54927
26413
18572
38733
72162
87307
26383
1907
53265
6770
86063
17714
14158
60586
41509
22463
24965
79364
21308
16316
13471
7011
44369
90686
13624
84215
56546
32027
71984
90470
81623
87720
54540
26950
41645
9678
59555
5625
37382
71062
97091
51470
27777
32948
52062
72150
90319
33409
91511
75311
8681
5236
9428
57123
37980
14786
13522
66823
64698
44744
92311
12575
44131
81793
57097
1190
3983
56053
48825
78455
54451
36982
40614
79652
64740
44502
25407
11114
90023
60320
63635
74442
1978
