11209
85296
15442
38833
52646
99562
81211
71021
13972
20322
48396
60700
49788
60426
52740
73350
51952
34049
51701
18559
13255
68485
97975
16081
77800
39107
51379
93571
88264
11826
65734
55830
10841
2460
49657
58739
2560
28727
2113
19505
19759
91784
67134
81133
63913
53901
81967
76319
46247
53514
83826
16121
38932
6913
86533
9327
53920
10987
64393
20673
42655
78317
26002
8710
83272
11220
79083
96310
31095
96835
42572
85832
33353
47454
42769
92255
78941
14692
27167
85856
26201
52499
29718
64951
96807
80532
55201
39749
48941
29757
8248
29454
17835
44904
88704
5803
27849
44063
48547
8986
35066
44588
65780
30875
98004
97521
72222
98262
30783
57072
75027
42576
57246
2515
70460
79359
40018
59619
92114
99825
97630
5406
70607
52173
40637
63857
12603
16494
10763
94122
59229
36982
47223
50159
97875
28673
94065
250
14494
93688
61520
29121
31133
46672
88199
6942
71108
76712
61929
825
74112
53863
47704
30352
6406
67118
21199
91433
63259
56190
50999
8062
93609
25188
20101
38064
20865
74158
38963
34613
27126
2660
5983
68186
62699
41558
39281
81918
42266
43087
47691
14454
31291
89822
90393
80975
98938
92817
24691
73272
42318
13578
3944
94221
21539
92187
35370
41934
66503
75204
9388
83592
88011
49683
4224
91310
90395
18003
69981
39397
27790
61455
47708
5179
52354
85165
20976
32264
53935
54470
44443
28928
85856
26901
11976
80836
68273
26195
55482
60990
30255
78041
91304
93337
65279
6136
35651
68174
61002
28604
32281
25905
84685
58313
42068
20290
11897
45322
4950
93884
58616
21125
43510
57709
83082
20542
45844
76180
23496
97908
82718
90856
61100
82905
45404
76447
2182
86399
61975
80749
9311
91037
9299
83863
46203
4255
26830
16161
14416
88719
50724
97701
8136
37505
33468
87637
68217
94004
68460
64427
88234
92054
93996
37324
96173
18815
25631
65825
88576
44808
68940
42633
12474
57865
15726
12178
73093
41396
19245
39337
25989
90499
72970
74750
87835
86750
54854
8251
72310
79304
12966
19229
79367
82667
46268
8076
32317
32957
86915
34007
47821
4506
37393
51570
10941
83743
26149
83068
70528
18585
61920
61574
35399
43925
31771
56174
87503
6964
49180
38412
66031
42075
27431
24755
55502
87664
17531
44188
47809
97827
21714
48419
48933
151
42478
5317
71652
19452
24576
46960
28137
95584
34190
14583
99947
58457
51629
6197
62801
63719
90259
35083
23329
89336
18908
89372
28892
78811
29901
40766
42002
10268
75869
86871
98092
83834
58259
36163
81854
69173
54957
37390
2375
30174
26488
80747
74596
2559
19650
57742
44014
23202
41617
40164
23490
84502
73860
18613
28958
79082
83003
90550
16663
45618
74975
58945
62198
36977
52504
14077
84463
15451
78574
46700
57028
33450
76769
8347
97243
10027
30095
97977
51669
80123
76508
33528
86199
95685
23697
63601
16586
59441
86409
35900
58168
1946
18781
48894
35755
23412
82748
98789
89860
19434
30695
76708
97171
91401
17871
53346
65198
52565
35730
1016
83092
75065
75319
45419
28241
41134
25307
20938
94526
39422
48064
88065
51268
33805
39895
5884
98052
96017
99211
89106
52603
80344
92556
35408
80396
69338
21736
15715
22560
62408
60090
97986
1431
60928
88833
70724
13498
54881
60065
83051
96752
55759
5461
83715
44838
66941
49938
85855
16138
34364
47956
78477
17967
64705
69939
23382
77553
95103
39628
15824
45690
95544
53079
70266
31086
46505
91047
69924
73350
60912
18509
68675
81232
25188
32961
54650
80412
36324
75536
84558
21431
77392
89982
68614
56612
42657
15344
83895
79734
40505
46129
62576
83207
11615
19846
48540
87562
99978
76894
17251
40633
2433
90891
50366
78665
83566
45639
26129
49038
64037
34556
66020
62434
1117
89116
21427
21431
81642
14998
62304
3631
35267
10182
29120
3272
98455
84373
4202
26295
25799
92505
78209
14764
34091
57008
11950
35968
97320
8470
64684
5679
52186
67966
63067
27034
