92007
9903
45097
23602
80161
20290
8365
95474
75831
50943
74039
26740
16978
53948
84544
87110
9705
15511
91935
98972
60827
90128
38497
9481
48262
17227
32512
14549
15712
67802
18810
40771
14740
35626
47293
27060
90073
12405
95628
72730
30577
98418
61616
45094
77402
46827
4270
67314
4084
50274
23050
96183
408
57469
49434
9989
83189
13251
4748
6840
68582
14583
95834
35348
81034
85556
93619
664
68312
91676
53069
8216
88569
36067
56604
11164
35812
83316
53001
64873
90945
61275
9209
84774
51033
91788
21150
68100
27406
2974
94717
54518
52893
45676
55548
59960
8619
70657
92448
29491
51471
54693
4555
54325
15817
30122
55948
82650
58958
76953
7575
11423
81969
10901
11732
73434
58758
14543
19575
97075
89717
20144
61828
6668
65341
56539
16810
25280
71158
17838
1554
24981
54929
66830
79713
84619
41442
97322
31621
40306
10662
93413
40176
22442
80306
65634
71889
98349
96766
94784
74744
74738
86788
4583
38655
66069
87686
90038
16751
38724
9503
11146
29850
84488
45217
34210
48394
36531
61099
51191
41132
88121
5983
60275
17454
51259
81595
14068
40216
95096
19120
49578
37181
84272
16263
24297
56904
59141
56707
42588
61762
95383
46496
41145
357
13491
43205
21057
99588
26287
93496
33040
94677
88421
50667
30067
18008
60044
23647
31596
23712
19968
99916
22978
88781
92298
4233
42441
90314
61260
70949
964
4845
30629
68483
62215
19928
17080
66655
37870
69047
41411
78938
60455
43988
89852
89059
68991
98768
36351
28544
20578
46493
93654
89601
73717
16608
29631
89558
45443
38732
58662
97777
82764
76297
83059
24070
38803
43965
95791
8808
38775
81165
92842
45929
5333
36453
47900
28411
90715
94511
92070
69963
30733
22117
18712
91022
51381
42900
97251
43294
29244
94283
54386
34086
69741
99846
58824
19021
87393
60276
34687
71162
73393
69931
87121
99432
1956
73913
12006
91091
11137
75267
76404
80015
68535
36474
98477
45247
51076
14382
20977
49651
51977
56132
89848
18069
81792
31811
42059
69872
95073
37711
87012
67410
28741
37715
67312
84579
66030
25664
18997
71518
57905
81320
3909
1035
4269
49121
57652
21262
36684
32014
51677
6961
96288
53425
83022
1021
73336
10990
9166
48360
60704
15719
87370
74217
25519
96269
33819
74367
46481
77898
95319
72876
87369
62261
88397
33576
99880
19133
64428
12540
61576
79687
50500
24486
27944
50914
87523
51141
94414
64743
1825
73938
42297
72913
13948
30194
52732
46598
58012
79176
75221
93322
3544
66812
80226
7000
45941
7910
47408
60499
82563
84611
12191
90212
36407
70974
19566
48137
12452
75305
3950
92866
50129
92789
53363
46748
71879
34954
56054
71350
44208
86570
32061
44723
44189
59145
17156
40464
57270
8999
40638
81901
72976
64566
28643
88988
69634
98347
69828
68023
32344
92715
8508
90859
20495
49486
85316
64028
79304
11453
92978
20856
25595
62362
83268
38593
8406
78920
57872
16868
1321
11791
68782
76809
92696
92976
95009
56282
97984
61881
8406
86216
90553
67712
839
10686
4429
36503
98272
1012
9192
95270
49866
70874
39986
28496
30041
80283
77861
69100
21447
58678
76471
3936
55138
76661
5563
9739
88637
64698
50033
72393
75093
54025
72615
7817
89240
12873
56634
20814
10806
24093
20266
987
3676
83161
40141
27072
85072
55321
55593
15955
45958
97921
6453
66835
54930
81147
88635
37872
4262
35150
51765
94320
90005
62397
80423
24442
96735
67445
11191
90372
24357
61236
56265
18645
54608
69930
83303
22142
42120
98514
74874
60903
58070
57171
47686
43350
57871
13225
70483
77516
67145
73660
67194
93707
83482
43804
98441
41664
20085
71847
97235
81321
25400
90651
20924
56519
83210
61293
16495
26640
31677
80187
54641
18839
