88661
81117
81127
64771
72663
424
34041
10712
44229
36739
61549
15851
97718
97266
98554
34205
61865
28437
37534
23601
60003
31563
71300
96194
80535
99665
5922
42776
21156
58926
36592
78302
75362
71585
96148
3150
48473
62679
13146
50616
71387
65431
64272
82315
28269
10041
54039
7090
66799
49131
24961
9788
16140
62806
43124
72657
6681
87570
45725
78815
4045
90312
20142
24023
52845
40513
84673
44501
8617
36252
65485
64057
71357
63195
81870
50897
94411
11051
39446
45866
56528
36386
32035
99425
72889
5323
71277
16572
26965
87951
35410
14648
83929
55112
35613
38205
2972
64966
53077
45942
24794
723
52300
82627
70095
50949
74857
83376
49180
39082
38818
97453
33748
82910
20303
19385
96241
59891
50990
63954
35698
62149
11762
81816
37784
22820
31385
78176
52957
25507
84561
70882
72599
31086
57742
39847
92486
57344
54835
78215
10628
27304
91041
71553
48583
6494
53272
10712
39426
11998
46562
42266
38462
22011
27270
14927
77661
7406
82311
57775
96571
14658
61894
19183
96158
75287
3737
21694
10013
86513
81628
69425
82742
95395
57293
93086
49668
42010
49254
89680
3982
36458
30818
44969
77982
925
54396
98751
59034
58021
28273
75315
79193
55479
8897
27890
44576
61890
47880
94832
81878
79984
39225
38555
77128
48850
3657
76174
23015
10550
17105
73541
69093
9701
48985
68120
51489
51245
55502
97832
11425
26622
26059
69021
93492
68785
29973
42043
95490
51218
97404
9629
40663
4314
14628
52863
35673
48198
41380
56235
6735
4652
85896
3741
76126
15868
94848
55699
5728
78195
76587
57739
95800
58352
83910
34296
4369
42641
46091
36753
87592
16555
41753
22104
88458
57217
13877
34963
12186
10760
43704
19104
78619
14802
70170
6585
76666
83332
8663
9796
50004
85135
16554
24512
57511
65492
96843
80933
89774
77604
39676
21651
84126
61892
92479
36608
47684
6027
6773
33686
51464
23665
38368
36702
32904
863
6936
75799
9526
312
59521
34693
68892
38367
15829
34777
77032
32900
38852
67274
37027
95209
19108
36407
76678
84309
33295
76670
56067
81408
78982
6733
64009
57546
43062
22529
42498
52208
34188
89711
20238
42500
78051
58812
22922
37110
