50790
3729
86204
88366
20491
92949
43179
95621
44884
47655
9916
65846
38994
57196
68318
81236
92596
2160
5486
4670
94158
61527
56314
43805
17685
32546
80257
30115
31700
67648
22225
22647
14574
46757
29867
61977
9570
49832
9875
71872
12319
50990
64875
17695
96897
94886
88520
9279
59973
33762
31361
66312
63703
19866
75503
41735
23521
3453
34129
98563
85367
22165
16311
43778
49856
3413
65396
68101
30763
19532
73839
69560
56761
57271
32983
25035
58850
60440
76489
7173
52508
82673
34251
42738
71790
31875
2918
51285
18691
33768
19657
75638
2945
10654
55475
39275
80883
55190
56181
3811
55804
77677
67348
86330
4021
80997
72747
19036
26134
33656
50602
39300
91247
41804
87843
35504
6745
74173
81233
39460
92120
953
28925
37381
47611
70415
31242
74388
2474
84653
12364
7964
57589
71186
88037
81408
83773
21014
70026
97293
49888
47448
38508
85302
31518
15230
61862
77263
11937
20399
46789
66599
97181
71448
84151
80466
49078
22691
57500
76528
69562
92671
65798
25761
57707
48211
67083
21890
6380
32347
47147
80135
76996
23892
52176
90249
68743
19180
53817
69006
54507
70347
92538
39209
74958
79193
57115
294
49404
2452
10240
10348
27154
64603
52931
90042
90491
35148
20607
29230
49655
30356
80774
26026
7410
39120
64272
84483
64238
12715
123
83618
18491
80491
70489
74895
26073
92882
21459
50057
83158
96444
72680
87195
36444
96447
35443
67640
88888
87045
15579
32729
67891
10525
1035
95880
1149
22063
10725
50376
42079
5733
60327
86751
82234
53743
30847
29193
39317
82257
50843
87220
60956
50766
99287
55310
69888
74166
67313
1722
52169
81366
75573
11256
75587
51369
28618
71533
22935
63823
46981
83241
80723
61112
71831
28147
62243
78775
27678
71046
23669
99920
2482
15399
8960
1598
58423
87208
63994
18173
33504
82631
36483
59699
23682
20712
7100
26068
8887
71072
69300
95808
91728
24586
9075
28189
55348
4751
61694
64323
50046
91149
87810
78387
2450
84873
17455
56943
4333
34654
