6029
32011
3591
51946
32746
52879
14389
37678
35917
34057
79981
88678
62290
73473
19377
66627
62581
71250
59119
77481
79065
5872
3237
10006
73772
53481
23636
35860
76786
6420
5977
67649
41425
11148
65553
7260
14453
12651
19423
40756
59820
60484
19616
83235
89063
29997
48978
55398
52188
94473
55247
11139
7952
57129
41202
66676
92120
3411
31791
97455
63753
59327
84429
46397
65997
83724
5933
27617
54330
94306
43678
68361
9631
61922
87258
89807
38350
38044
85141
23966
88580
11633
17496
54237
42492
44198
20635
7338
27363
81688
88009
10175
14623
71203
70393
62267
85905
62880
86588
41128
11437
25043
90451
55193
4418
63278
80330
59494
84770
85067
72924
99453
52003
85641
17889
60350
71706
31417
12724
54887
51301
84817
65794
69672
39532
426
67452
32377
47789
68289
91610
30722
26478
2852
46978
44708
93885
64990
45501
8483
82377
68720
40904
58980
43605
42490
11799
6807
3546
99280
38430
84561
64284
86244
55801
15679
17065
9889
98734
71879
31343
64519
35053
23036
67766
4292
38337
16007
31782
49855
92607
98558
1588
89068
14700
69306
96242
76702
81006
28624
70318
92900
14198
28945
71311
83573
58257
2285
7381
55975
41996
1125
15642
92851
92677
78325
62927
75469
73944
41144
95178
9168
81362
2939
1120
31514
40549
88827
64596
34784
95593
72547
52757
66392
21352
64129
88592
22229
2068
60050
29566
11405
83903
7393
58598
29023
71798
75830
30072
2216
54029
34672
23555
86082
33230
81167
35786
46388
13978
33187
54839
45051
43340
96758
63166
3758
60034
67519
57954
2018
16756
19740
62380
86323
84288
84376
66922
30668
20169
77067
15017
87998
35532
75191
89560
84430
67918
55453
71678
56203
77692
26403
52885
17989
29687
34687
77585
26454
95220
1281
41502
1760
83430
56281
89651
13596
15420
61420
53274
41865
12437
23423
57547
68978
83609
78403
80391
86344
29262
99079
67238
32238
7396
13350
80544
62193
38016
22941
62582
82869
40118
49141
91052
52115
70048
52445
16329
36924
68711
83046
2329
57575
31734
36791
34332
99527
94281
26135
48440
12328
2191
35479
85841
79850
98082
14309
97155
22642
36534
17702
11396
32185
21063
98308
4484
72348
8208
60779
73910
57342
25946
59084
95827
3801
93891
71300
2198
48939
2306
65766
94910
94230
70374
33148
6220
45628
47779
151
52152
86027
99831
11015
24882
80515
75285
72374
44548
95006
8512
57093
24796
37327
41381
73158
30896
50042
25074
6338
31573
40443
4022
98319
92180
24735
10606
54107
51073
58445
54637
60611
50159
2301
79063
66676
96229
60752
24585
