5578
50864
49504
84631
47812
51487
10558
56311
83564
18715
36139
66731
7581
15258
46418
28953
6492
9477
77867
74286
89323
94210
34242
95610
66603
56302
47360
53435
61157
32618
6071
46644
24257
78401
43213
55541
52862
19219
16305
32311
36061
70175
86757
83999
26447
91293
10993
58429
86661
67283
97248
84192
69023
38448
74455
29186
11860
23606
40368
40495
80112
90939
54188
3962
88272
33008
44230
46397
66026
57259
26113
78760
72293
82558
13037
12272
55099
26815
67864
59705
29825
62504
77603
30887
4714
39348
97796
94871
45442
16579
40952
56911
73566
78632
19079
64285
12221
95490
47547
6178
30734
33751
36481
22770
88939
48122
58184
70413
93762
457
81907
71575
30235
46735
46808
84398
33758
56721
77273
80185
27693
21081
6078
54312
2761
16377
38942
87704
96286
16709
26102
80897
99703
46604
49728
57361
38430
68352
49524
27620
91379
54732
52592
80491
69905
49022
82357
31715
23746
93807
68925
85249
29236
65635
88841
96044
62332
85104
95304
18438
80722
57676
26740
17410
14833
93958
4594
18457
2058
88798
72303
57989
85176
7811
81267
17548
25608
83596
54001
63160
92743
83357
30462
59968
45480
58804
87157
98486
98877
72089
69056
93744
4136
11324
18425
64806
66869
35991
85844
25734
4131
28314
62877
36955
94246
40288
95234
47013
25512
70987
42675
22170
4492
6343
6140
6179
60413
25043
91865
24070
42301
41356
51369
25418
85732
55920
21783
98459
50828
44178
73329
7528
32222
48243
89421
45948
34508
63208
5508
69501
67613
30302
69809
48408
65846
31444
62692
35862
21452
32039
72235
21545
3878
76915
63291
91861
62832
85418
80832
5814
28338
73891
41207
41147
39941
65857
17121
44100
69891
12371
21640
91348
36248
97743
12422
78370
25246
8491
5866
90326
61723
53546
24566
77597
24094
45289
53606
25013
79363
3551
83384
96119
21593
2059
16081
78802
75945
68860
784
82471
38603
87446
50514
60783
43152
37922
44034
66127
53958
45204
21130
26881
77152
44336
36938
2115
60808
70977
72190
55609
396
55331
17748
86851
59311
7596
70678
47903
86448
82875
34654
20391
98860
78790
72062
4247
77659
79614
25854
25472
624
91818
28342
40229
8113
54101
41919
14066
2767
13084
98778
425
52504
8355
17183
92403
59462
40572
75967
39131
58773
74748
43265
31659
84788
79212
76000
94322
12694
56214
58054
80502
55338
39605
17056
58617
44287
3285
20537
66417
38628
11763
95314
87856
39759
19402
88554
69971
58653
54651
85464
43966
18769
43217
22682
15545
57280
75789
42441
86923
65937
67163
67864
56803
55614
84052
10131
80797
14648
95206
74758
11761
61316
14009
41361
34960
54226
55056
6247
2091
57735
24964
62446
2378
75414
41212
30629
64089
3745
47540
85034
17849
92289
53495
58873
54005
30393
7570
37557
2014
56751
80059
9691
78166
98049
58606
61736
71226
50838
6223
89541
66848
74936
445
83165
14135
64245
31149
8857
56715
87480
33986
92273
82255
14287
13670
55177
33594
3347
62639
38598
730
77591
31614
29015
43316
85731
35300
72328
80677
91192
15613
3454
63785
95242
73933
47516
71376
80136
1905
21826
19475
19481
20134
88169
1532
63286
22895
91305
17998
93465
20749
25676
30844
88983
85009
6548
60600
75877
26759
30823
24482
62448
24318
2139
54052
18678
17207
90139
23007
78608
21534
23412
86520
86849
16061
42934
71228
93141
67970
36305
70811
81854
74850
59315
77932
61318
46252
37587
2204
55175
96246
52409
11797
76710
22367
16768
15887
15040
69149
57353
9984
9632
81659
99252
75308
62254
70464
56416
61081
49621
61311
26041
69777
6698
72609
4583
26890
25311
86205
1291
7763
77380
87334
73819
43564
60657
26543
95580
58190
64278
92224
52890
2261
15435
17236
76340
10789
25839
73007
88888
97532
63063
68302
13201
65349
84452
30959
11984
11317
5736
4808
8075
16201
83499
19994
27520
26802
45647
67825
1229
71714
57600
57023
52815
29782
31153
79068
55905
71704
92592
40604
21321
42131
73275
87376
76627
23785
