18426
78076
76036
89256
81277
79310
27536
87759
10116
16081
72581
29709
13748
65662
39069
9841
96385
88838
55999
49239
30471
11901
14867
76045
53897
15416
97353
58632
5575
10727
84266
13855
52341
61263
22164
97407
61636
82959
50561
53026
84603
75676
50264
61652
44992
54092
99260
3802
2273
884
57742
46691
9125
58638
98512
29885
68543
63118
90349
48329
44051
40712
30947
6811
69280
58853
16410
95289
69758
80658
74124
64665
91721
8583
55981
46104
43092
28759
48634
69022
17211
59820
69706
10592
12984
16511
89635
48588
88071
58484
9425
3884
91640
36265
83598
77521
60521
37855
18731
2563
76115
23960
83052
8713
37575
99320
22169
86115
89851
67044
66347
56555
99397
7581
10282
14691
15089
96741
76070
63616
63319
67135
97555
56500
64988
21672
28534
66413
62528
77775
15839
11565
70974
25962
40817
93124
84193
81339
26311
94991
61034
74387
77784
69777
2012
20933
23677
33056
57567
95341
35681
71460
82622
86697
71126
68983
61704
28220
88099
26683
47141
83319
1938
83817
66584
46414
56023
58461
25722
745
29506
96249
4246
65493
4119
37381
53843
13954
19760
97489
45027
41851
73995
87941
81318
67139
70740
92666
81478
50786
41525
97557
86144
77515
52391
11773
75601
92343
63962
83844
14632
13785
78433
82269
57468
29516
72628
18763
40396
18683
99507
49442
39653
22338
28866
44945
74772
53005
21558
19142
10621
12115
17872
72421
35941
38295
11966
8051
8522
27497
36519
58690
68300
74049
94950
66584
50215
30772
80406
46227
12516
56088
41113
60955
31826
90993
65991
82434
30726
7976
58458
67441
51992
12231
74581
39907
98329
67569
99724
1436
49428
18139
55706
29190
86803
50544
63571
98970
39515
12728
25205
5172
23074
91366
30022
65926
91602
99048
42654
69991
96106
95771
71261
53435
50299
50246
54810
61317
16268
16319
78218
66520
64958
19765
83875
45978
37837
8283
19429
30919
40907
11596
98464
28192
8366
7497
9948
89643
81697
30154
91563
47410
95955
61896
52280
43155
79073
43417
87790
44621
28784
64742
78066
12057
48979
65247
79341
48209
20572
45432
46194
58074
24561
93274
9657
2425
65355
84246
69297
35448
59151
20781
53394
73979
20206
91970
89112
62512
4961
84777
96808
90541
78879
83398
16594
85779
35153
94816
17921
97080
67448
66612
9446
65645
62820
81074
68645
77536
10988
81152
82541
20330
85844
40488
66017
19907
64241
56475
54207
24093
23109
88669
15090
10751
94480
74946
76381
86874
43976
89887
72264
1885
96167
26881
77543
21225
17203
34623
99172
18934
24419
98847
65218
89977
92855
57669
7576
36203
43759
32912
43916
67784
5436
62504
73157
17423
20892
26072
86004
26051
24099
21420
592
51346
44385
50131
30763
27325
46013
25778
34697
33609
50645
67361
4446
35870
50204
60193
35389
74868
57702
74489
94273
95319
68005
18247
73509
24552
39248
19679
38565
39028
18457
8716
87994
65750
31655
10262
76393
2119
27763
3059
26841
99220
30666
94963
93852
10274
75923
92263
7649
58850
