73160
57244
72006
70393
52009
92480
66545
79725
96388
43529
68371
70352
69324
95912
45455
33231
96313
74562
18245
47850
91070
62760
81089
14453
3230
87390
18628
82657
68560
58445
55630
39601
60915
59140
33947
30700
61485
40797
59370
7830
94617
74897
49257
34116
75546
63478
46268
97345
28240
20257
48258
43742
45297
82818
74435
96551
79637
10641
46596
14093
54877
95956
78106
80194
77339
89362
57643
74161
78727
25499
55527
20521
83213
12226
77576
81640
72602
82645
62922
89909
50228
61521
48474
84624
31951
92380
80492
91489
3932
90715
97051
89236
39449
8565
58364
92867
61703
10867
42513
98565
28068
31799
25631
76494
87735
10421
54935
57655
75744
84383
76224
61111
52979
93080
35702
28200
51234
64053
7301
18474
81232
20621
67509
83385
12192
13363
90955
29318
35982
40008
3204
56801
25216
91283
39061
83685
46700
57725
53467
1200
74077
66803
19291
21770
84823
76980
61259
46542
13526
25209
76059
87131
59889
15996
45348
48742
91546
56168
93399
96603
50786
29225
72768
76819
62967
55401
95519
40281
88554
81732
20486
2766
99018
33293
48739
37161
52694
94257
20293
64360
69424
78548
17446
3959
48344
92984
23678
42748
53963
36969
28004
50406
41677
46748
77191
9650
85387
57194
33332
94170
61244
90208
82661
35212
15
68357
33450
73092
25049
89423
82063
89326
52846
54813
17363
10984
8273
55272
25812
19273
25080
5656
59260
47542
20061
67837
6148
25619
71752
93428
97394
38158
338
93951
73700
35797
27484
19474
86981
43701
59264
27536
80950
85397
15011
92832
75491
41153
41549
94654
89900
7031
80381
15696
92486
56193
5624
28670
43195
57245
82144
51289
87584
81996
59947
97560
33277
76998
61005
78060
19563
95939
94869
14485
45167
95223
58044
19309
29360
43510
50670
91150
4675
81782
58603
13500
90684
79678
99598
91780
99488
34260
89312
11484
8348
2589
16106
86335
85342
98078
38725
31502
37562
85292
58278
47368
84693
81403
89479
27435
85984
88773
63659
83381
35563
87421
32562
48282
52131
44927
75256
88700
30317
32729
55170
22159
15705
51819
94562
47699
49111
91553
81632
49371
54400
79322
14254
63692
39652
7468
20222
70395
85387
48530
21000
39076
35547
16874
94842
56823
96778
87236
28414
36291
31125
10782
10734
7293
74733
92446
95474
69861
13917
98300
68421
22130
31880
98911
49103
42408
31771
56549
88163
459
18520
57963
54175
95514
45052
63055
27290
57412
97579
47428
3811
58638
94357
96476
17675
65763
44221
2895
68065
31434
92487
78355
68027
699
56909
40953
86976
62825
60916
77699
36350
22040
12676
38470
55393
60026
18631
22532
93053
94245
15645
48506
23655
65573
53339
49677
2195
98935
41610
25558
49890
77966
30651
41573
111
81244
27520
13628
41242
32945
1327
17898
5496
71525
87725
38072
56072
68371
74269
90834
812
53981
29956
63488
15685
22150
67772
11392
67200
97042
29512
3114
39591
80607
25806
20731
19635
3483
49583
21978
83053
24368
52613
36644
60029
80420
73910
70390
99441
53156
65595
26787
98855
94676
69684
36048
35365
63729
62001
13459
2079
53694
16443
51651
80657
54043
78163
35144
49941
35079
62520
40720
65557
77847
27457
65933
93236
61917
8927
46468
64726
21658
97353
58535
61355
65662
51138
54266
15349
73206
36355
6198
77975
89184
57857
65960
52450
7403
29011
72285
48764
61397
63731
85230
17614
38677
27285
69606
22515
9075
24522
29893
3658
84108
62873
67667
50745
39689
28019
98832
14147
70886
49678
7300
87880
47402
57176
20681
83147
13149
97144
37229
87951
47575
76988
96843
80878
69008
88367
29125
92283
51411
32579
40424
81534
4832
21513
70861
16928
9457
49435
30466
38656
79018
16954
39042
53396
2116
77479
46465
11524
80391
94615
38397
22781
68697
60655
3464
30102
4774
42633
21468
7936
81805
47046
75926
47397
78215
22783
5488
46104
55207
36102
50112
13559
87620
86746
90068
25287
95893
27645
12498
53190
39328
72654
62692
26815
63770
52288
72683
42620
87061
93339
95679
25214
57844
57016
35505
9875
62980
72241
7782
92461
40837
37363
47495
30313
60635
55374
37052
22420
6580
86329
82104
83114
48920
77613
4932
94666
92747
42887
85803
47411
13572
6070
22101
48062
51231
8128
4036
40645
96715
32326
94644
26078
84361
895
42865
15223
46296
77129
68191
46687
52485
93359
31671
87153
25491
11693
19050
68601
40102
81287
49712
86646
6875
53575
3864
49048
27434
67344
18374
14022
62226
97112
14220
91106
64073
39811
80328
26706
46667
3248
95793
30939
88181
6332
17817
51846
56226
64515
73661
74859
21814
23333
45744
90673
90293
95586
51950
132
19541
27335
7043
68385
16442
43534
49662
40203
66245
48966
45473
40404
44035
74489
2083
9489
88799
88676
35041
11507
3887
30326
80168
42946
68583
42081
40697
79089
2404
9965
84824
87222
91610
31666
3088
4415
6048
49714
22256
43274
84474
99563
99810
57420
34460
56497
16457
95312
46614
14538
32718
77548
6287
75117
57750
75724
59486
48024
17369
10051
26750
83002
65049
40242
32356
1112
96734
49377
56209
75485
30528
68068
88985
16148
95411
14175
44751
7596
69427
15010
65156
44717
45173
8816
76425
28319
52566
46854
55676
24934
54497
97394
52110
92757
11555
9288
99954
66027
85913
99112
25403
36289
96692
44515
47318
46714
98889
72026
99162
65106
9731
49556
59280
90095
84359
81624
17907
61558
74482
84531
