87421
34550
72035
51444
87928
51410
26227
84356
32253
64388
27624
63585
35518
42854
32471
33712
88372
20688
5478
80318
63934
97443
72639
98619
31382
31230
62997
53664
9337
26437
11605
48070
91399
84147
17554
35182
91553
81876
40196
53726
43339
83318
73323
2738
20161
46341
39343
12299
2377
64024
14268
98206
90553
67587
96238
21001
66029
12227
94925
48300
47358
26525
94781
34839
29324
33051
76889
24895
2655
30708
98279
24027
6992
24161
66775
53034
18580
71071
57775
93261
87331
16401
56043
88893
77447
8569
29806
35564
4884
98600
8239
67496
74849
48367
82874
20592
86449
2774
22095
49165
276
52597
63376
34002
62747
62444
56421
32905
24517
53595
41763
87822
82737
19868
17636
1724
75896
38169
93108
9131
59467
26141
44373
49922
9989
85338
33528
93973
52168
66465
40777
14283
51600
15824
52224
3286
32401
51396
85178
33633
63891
86190
49989
42541
66045
77463
71103
85989
62735
48371
55917
62770
50920
84458
38723
95253
67682
97001
36731
22800
87638
75445
55996
94415
81959
45499
78966
34992
1003
58472
14235
51450
94904
1973
68696
35413
67792
51817
66371
61740
34301
79642
7317
80279
4395
76498
56531
93351
3517
21638
66144
45109
21921
21403
8033
10978
10713
57820
52109
70191
61806
48024
19890
91529
82787
60073
22651
88894
90134
31325
66035
7426
20577
31438
67564
7200
14321
85553
39740
94534
81275
44166
83408
93181
33429
31356
80147
85271
7510
21009
87560
70465
61048
5141
16850
90460
17692
49823
47703
24747
12196
78147
81842
76814
66586
67540
15973
63908
60024
99353
66039
83781
63778
90282
20654
24539
14455
38713
40258
6477
64759
75385
53708
41806
8567
87031
76323
17315
8705
9072
80376
38384
9596
84579
76164
40792
76770
31707
84925
89675
17278
95074
57257
89485
16140
61582
70615
95985
73803
62773
507
21035
29604
48352
34174
44299
16123
77534
77594
83103
63509
68489
61488
97850
17229
68389
70618
34949
74142
70552
27784
62558
83603
74089
65827
25244
65115
57677
47826
93368
91134
43277
32810
16401
44960
18229
64750
14118
78123
67461
85007
58273
56600
48886
97558
2841
52846
63028
79427
94333
7452
47764
45375
97306
61488
95167
12921
71324
99489
49064
93038
38952
45074
31819
77409
71226
57953
87229
10336
25681
13629
56243
51425
70051
12605
60462
50597
58139
18074
63493
94246
32699
56193
12091
18344
99875
39848
7710
77266
60550
27909
62567
34297
21043
70746
87671
44994
94915
87209
65604
75498
61520
26961
26704
99605
759
63186
38371
92399
95268
15018
98873
7288
88786
83918
64506
11705
23946
54202
38558
33469
2539
81935
44338
67636
19629
96004
88525
91849
57330
18790
98525
54112
39326
31158
62493
82959
46635
73672
72973
16768
14216
31722
47412
35549
64181
61847
37632
61634
45524
5318
92772
61021
49979
68476
47252
35051
79384
63137
13366
33766
93637
99339
39690
53102
51134
78086
52828
62121
27701
56465
73047
66297
24474
30603
38739
74884
33928
21797
30754
76534
67989
51354
85012
47416
98316
44626
14287
28229
41770
10614
84326
16252
46477
13126
1734
58789
44741
33880
4063
97039
83369
30008
39490
87700
23621
93579
35170
81343
82116
85728
78103
41556
14738
92568
39536
62139
42911
80344
4078
37954
84794
77522
74772
55014
461
58590
91978
26742
46592
53477
68401
81614
41103
91387
94649
19398
14636
87639
95310
25209
71843
27722
15300
41171
43638
95431
48609
51745
56423
77539
58217
19625
31735
52823
63184
5905
47344
93270
42541
73818
20792
38307
17297
7153
18634
80630
11205
28109
21440
32986
79593
82464
34018
34827
21032
73205
21281
64421
82125
29027
48157
50566
44519
13959
4132
53766
23762
65464
24472
99346
50506
36105
93574
42898
63974
70928
46536
5648
34645
63419
45441
2839
26364
91769
13257
5744
36229
77462
65212
90649
94170
68283
95295
74087
45141
70872
246
45378
44018
84239
52212
3829
52410
23077
48969
757
23338
40031
79021
69850
37183
11965
89036
84853
82127
62564
87581
19371
60335
21571
44247
39946
59075
50563
83534
5744
49661
22612
35065
26003
29301
46038
33263
41713
53633
90820
66514
67756
46745
16892
3068
75303
78984
34705
66910
15405
12767
79361
80736
84963
28800
27133
19179
40575
20221
45862
80190
3646
82164
80172
7976
55526
93387
2237
1892
99975
17795
75415
64846
35288
65480
89552
44767
76089
78479
60074
24850
51011
15227
12011
73629
34959
40115
92426
49853
55906
78407
41552
41002
9294
3991
89922
76385
56369
73229
14024
93706
68403
9947
73666
60455
37450
3180
56372
12669
25015
17846
27471
96996
62277
51207
11962
53279
28158
48090
27705
33901
60538
27596
92342
42758
8511
53134
92985
52156
56145
99491
81341
54875
55301
18217
63908
65093
83224
96047
5604
83842
88251
86750
57331
26808
45833
96206
80523
97919
64283
75464
75652
44909
72376
76298
4347
72625
63083
1647
89060
87277
23653
32625
18711
77954
22735
8692
89125
81840
33091
43885
53968
12876
13010
66426
89308
56184
62339
95386
94277
53034
19729
80819
80637
23098
97561
59612
62193
46232
98160
21487
27911
85889
90601
73785
56408
27483
99580
78462
68291
33033
73390
21008
83869
37242
17577
5739
63822
29306
31452
97224
91520
23577
52618
21384
98586
72606
54078
60929
1923
33442
41203
76553
79654
1767
2391
96431
68350
24927
43813
50531
54962
24993
57455
22787
80877
57542
72353
91770
23972
94133
35475
15355
76838
67671
2951
1964
20002
62131
97838
3824
74904
78056
38342
96774
22833
43417
86778
36785
29016
61279
91263
634
66111
88040
46315
92419
33754
84896
2373
87902
11971
3036
30042
7050
89712
41543
88361
35736
4469
15342
44015
42087
29146
40246
392
98569
477
32568
61634
53378
3489
42711
16427
81903
94021
56524
75795
53326
27457
57702
68097
67361
92452
88443
7244
49541
3213
10432
38305
74878
32881
11106
59320
52950
3631
25507
82563
89285
66560
37708
42266
39567
81995
43181
30461
51117
2547
20304
45586
45292
99829
74038
8832
45366
53411
47176
62393
9191
72727
81576
862
90013
99025
61897
77675
43816
91663
25499
57644
1491
74452
77089
91114
10097
98172
15548
12597
24335
87542
63650
24600
36378
93326
76282
26399
73848
17866
71540
27005
61254
57632
91640
46507
27099
38205
