31823
39450
23886
43584
90285
69337
2734
55121
88401
5751
54514
86977
81811
45282
25087
29840
8804
63872
59301
45423
97248
96661
21872
93289
49979
80674
35740
70386
39748
27599
39362
48097
36409
14855
65100
2737
9606
54481
30005
76733
12481
75666
69901
81248
91420
40746
5333
36083
26162
88281
96564
94621
35298
44752
20432
91400
7738
51372
82988
38239
61989
14558
74427
48915
90263
98528
8101
52758
74475
60428
77746
36582
10955
21220
43025
93162
20804
41255
49990
59886
66937
74417
85661
51462
98189
3944
88017
51535
23845
63411
17344
97557
82937
73329
5328
56951
47586
62868
85080
85083
38966
76638
19279
25438
27868
61867
64050
47625
3377
63968
75772
57493
53901
82883
66239
52070
15578
17590
34346
43152
34086
64211
68398
23662
82706
87339
65611
97668
53238
50481
9397
42902
31763
24939
48716
41362
57903
44098
36497
93247
55973
14692
31552
86478
91866
34167
39202
47782
55904
48432
64978
48179
25154
58751
98135
206
72391
35922
33702
19097
55639
95771
65939
7737
38679
68157
73089
69070
25929
88315
56661
75351
83546
16632
27438
36943
83927
12152
37848
96155
18264
58877
7998
22747
4249
10681
16462
78074
45570
65261
11997
37805
77790
67229
84245
67286
43391
44143
93564
85492
23362
34444
91624
77865
39906
83280
46709
21807
8963
44584
3415
98320
8112
35672
23042
65776
65169
59348
37475
29173
97643
37038
89293
98411
41671
49568
72476
58366
26697
86408
17115
41168
98056
66736
969
89918
6924
71654
51554
39969
37749
27518
93685
17188
72783
31467
60595
88013
78321
990
51182
91228
13324
41643
75649
93792
7002
89016
39282
96861
87367
20328
48388
26941
90067
12105
46795
61602
8081
13331
46371
35406
50849
87881
60525
19737
19685
47687
57255
47905
21641
8305
91790
70036
53125
38249
31699
58880
73596
93567
34697
40898
51787
62598
45316
1997
66895
72845
62101
3607
37196
29972
26738
73345
65011
7067
83299
65975
8567
94677
88742
43716
9884
22664
3498
973
60427
57167
71123
22321
46564
84852
61876
21690
34368
8019
78386
86575
21006
45378
47555
26163
10256
67826
9923
70735
8430
79725
97387
27750
83610
94110
50423
35102
48348
56370
74533
41374
53112
25378
22246
74162
2790
4197
41893
69678
42466
11724
39770
90644
9047
63299
31809
95253
68668
70761
43002
12716
16307
64302
83619
31367
73306
16803
225
81457
2636
14557
50403
93676
59725
71947
79068
57536
71025
85180
77428
96740
51330
72668
94897
74068
20315
26511
56956
30302
72597
2166
12459
2620
34381
29124
78746
43652
37614
59156
7318
93027
53146
6444
5864
64627
44242
47910
992
83096
49711
69588
33421
87337
21767
36130
27783
38306
610
55436
92530
92685
98182
85230
17613
25523
51725
23739
69240
87182
19817
62008
35729
90639
24521
15724
67649
36231
22672
45860
47034
70117
11335
615
46130
78726
98280
27638
98531
60458
87947
71838
46350
77458
85956
20620
54632
64262
14756
96304
29017
75770
33475
3888
56830
6577
49248
95526
51778
2188
86273
41996
11384
35375
40305
91270
29618
74629
41551
29813
62874
90626
3691
32340
32316
18243
9024
71564
31437
55378
16018
12394
13160
74430
96977
37510
19688
86834
69810
59046
52007
50198
59951
73093
30778
75083
85159
21220
38463
32937
54023
39958
53244
50471
49334
32058
91716
12441
93178
88085
1410
2907
66406
54138
71485
11051
28293
17671
94506
5812
92001
4476
39014
90991
41827
72667
74856
71561
92890
52849
6443
85307
14855
69061
74014
21460
77313
63505
91978
21762
49098
61811
29321
81821
17371
56897
33028
83097
69549
65266
90673
81961
73609
10083
67069
88820
45282
28049
16892
5418
62947
11699
21474
3632
46954
35562
74549
5514
79770
56124
55929
74978
19121
69406
61861
59234
14642
83542
46210
37267
24693
4172
19273
21193
83993
25655
81888
47852
32704
43793
1400
33155
24934
50260
95990
42949
