1259
66178
22977
72356
47094
90907
19273
24987
53512
43116
35470
33409
84120
51023
15015
56054
64051
72068
9043
94951
85999
42851
85337
7921
28635
62676
54963
32929
23617
31024
6243
30243
75072
90306
24909
32756
20602
48113
13095
83436
55616
6716
83030
40490
3025
48954
46248
67085
57196
60191
92397
72028
39864
79989
37452
43027
28404
74927
58703
89131
70586
5838
30435
17137
26966
703
28850
75765
37778
12430
17190
16225
84578
50178
9027
15977
21538
91144
1381
19744
28439
57330
22129
12542
95344
99474
9661
70482
52191
50323
61519
12960
18754
97244
21539
95877
42283
34283
74175
21677
26749
60423
4835
70010
18455
74188
43271
35068
67274
41212
28461
41274
76634
47319
61785
88053
65634
75855
61699
37541
38668
81180
43253
28998
53224
6073
68429
46537
30253
49990
59870
3859
63206
68360
85929
60269
9855
30285
92944
54461
96408
78514
35624
13790
66406
45929
14651
32189
96038
51394
50109
65421
98686
58408
33104
74012
77938
56211
15625
996
43325
51375
32586
58972
10716
9769
86794
2757
35516
3668
49074
68986
18889
61686
20625
37332
24068
96198
52246
80417
17490
53936
67354
81951
6409
15700
68329
62590
25681
15368
83941
46927
82111
93489
13191
3909
1877
57737
52254
8404
47017
96695
94017
97522
99258
69242
18247
72223
12893
93295
63464
4906
64034
89030
71245
79594
95709
22263
70154
48786
21922
44017
73320
56998
34405
35475
12780
902
73520
7058
21544
82432
84453
51344
15307
60941
5869
50356
9172
48609
54539
15412
28637
96315
17529
163
47750
17886
14722
32708
3509
74187
28445
63037
24111
20266
7483
66889
60017
73887
70604
99301
97650
45421
64044
47593
66294
70103
84976
46324
48956
86825
24746
92990
31798
24137
65930
42677
54113
49669
58346
94927
89109
98541
28235
42432
36492
4416
28384
45408
44285
84887
48891
87184
60439
69436
78474
76554
93039
57694
38615
79886
6877
88930
99518
44970
87677
36785
22707
28667
97813
82766
2438
85040
23649
59569
52922
28951
61351
86364
70808
34459
34618
15724
76193
36035
17002
54209
69027
7858
69944
17227
34015
82960
67496
74493
63398
2829
52012
45538
40132
81568
60821
92293
24069
14030
556
53824
89414
23915
31546
87223
3325
96353
46499
87126
71712
19199
66866
75302
62911
8702
55820
31495
21969
24774
69912
68380
25701
41803
59314
67114
49787
48576
91376
11329
9786
71177
25596
88308
44188
45796
79461
55587
29469
74478
5744
47307
69201
24544
9908
26192
5009
86949
7091
89206
28664
47439
79254
75466
21059
27156
94456
64363
19859
73824
15944
74737
66806
75459
2706
86418
79652
65338
7141
29215
97852
46715
10696
62548
7590
68156
