6694
3947
36722
76961
33569
72507
94249
90053
65105
87895
6510
18187
72767
50659
97912
44611
57452
65791
17471
35100
15170
54532
88013
77601
99518
35492
95416
98742
97400
47543
38236
11733
97270
57092
10551
38553
39695
29916
94526
44322
3871
72556
12114
99374
30242
60520
35248
3493
10430
99757
59194
47746
38152
7736
25685
75967
41571
72256
72487
50376
48485
56261
47722
46018
98941
49941
32161
12077
75497
34921
8941
77579
22993
44581
52287
61949
38543
74362
54682
5410
22690
36152
94058
80486
78570
89882
92687
38811
76811
18204
53549
66116
72252
6068
81246
55039
13645
25115
92677
64213
292
19071
27755
61816
11762
87728
88278
31520
49831
77270
32830
58307
31080
43456
46142
90208
72928
67974
4798
36916
37390
97345
25069
21145
76982
98710
68013
60555
11955
20565
28731
73082
51554
46580
47719
87336
15449
45674
27606
70056
97623
89687
13408
45197
2190
7652
16386
685
13400
13673
9660
60215
919
47262
4273
28899
88096
84116
86806
94851
12141
56258
3776
61338
75056
29449
44123
56247
19975
9535
59624
76968
58830
21651
81870
39547
51463
7773
50890
80097
43811
16988
10308
51705
74721
88964
65596
33724
93950
63233
17159
80929
20787
64077
7684
41794
13863
89937
27115
19333
25373
42436
4411
41958
73614
94714
11477
286
20887
46742
66368
8262
62903
79597
42697
88299
67
30042
9692
96870
33899
28643
97958
25091
97607
28743
72554
81469
10546
55361
32468
72025
81218
88420
33410
2396
83836
82369
25165
48487
95040
91157
19267
18612
5047
31137
8741
14394
12752
25303
53671
27234
11677
50180
53658
97063
85330
97656
53278
12608
95661
15490
41954
5312
77590
19391
6450
14483
11817
12704
23765
11097
8161
58418
93562
48590
22691
55351
