60812
31028
74792
90809
68725
31619
13480
64895
56170
16848
62738
97696
20210
63072
9915
36863
41411
75128
41013
90880
64832
91245
1553
2149
32893
14982
5545
96034
93706
58766
47469
96833
24546
41151
98738
30335
26543
7350
30483
21363
39615
94647
82569
84654
33430
41922
69314
28015
31054
10055
4354
85402
96304
23220
45730
56614
81739
36136
23509
3299
60429
96932
75163
26282
10288
15352
27813
41272
42335
9268
72582
45579
19768
31011
98078
48693
58030
76502
22098
90633
13786
713
83506
41380
52308
14227
17462
81124
14418
24301
13584
8416
52692
70305
75202
85394
62425
50971
36648
33321
18650
42191
83010
11340
84041
33721
26974
41763
174
28288
18430
42735
28086
24865
2799
48948
46438
65672
22520
95060
11816
85526
79875
18253
70390
4523
26410
57933
57644
91005
74355
39274
62342
42170
27171
61651
30218
63364
18651
55815
50837
93527
56325
21650
69231
32327
99990
79543
38354
4800
76166
86246
82475
9615
95567
35404
22753
6679
64100
3358
45134
49896
81197
27230
51334
41218
34381
21083
36821
34744
20468
94098
48651
59387
87538
97320
2383
54592
95863
14112
81609
56611
35732
30710
24304
66096
48053
11039
37499
23703
70158
3571
25901
7953
61838
87491
14397
61903
69460
79535
4197
36652
91976
89144
99599
98830
75573
7972
95486
74937
24887
75677
69558
28606
63233
18396
77053
81991
76663
38185
59242
51618
18446
23877
94283
57053
62165
80035
7808
25897
40313
20195
17370
38902
14498
70901
87031
80111
81607
21682
95740
39718
14630
79193
