76837
53396
4333
28979
33892
1241
60072
3853
61433
77271
45439
65684
11253
28818
34161
33455
61805
19031
51309
27171
59238
77120
10241
16815
3673
45720
89672
62333
94571
3409
98639
63921
92927
79774
22578
69596
70890
9121
2569
88105
24478
90729
25181
10527
30107
92994
97122
77980
74630
74274
89308
48726
6825
3510
697
25856
51626
47298
22560
53624
35229
82133
58390
36257
50937
72551
23626
80526
54228
78670
55756
63351
5181
83722
62311
35987
10262
78470
99098
89857
82943
69990
89092
11602
97773
11185
84302
19022
93426
62757
30830
44547
83656
65567
53815
36240
71558
28664
53760
9169
2322
26905
89979
25892
57595
71007
73601
73929
91016
47467
63072
23143
62034
65527
85582
24197
75696
79643
8386
48340
20083
28104
32535
3173
29813
54560
58033
24158
8304
73681
17899
33529
