6150
74995
4193
80724
83480
6827
48159
84320
27537
13032
24557
19030
29045
54780
64338
952
557
65515
80561
47146
63115
34920
84561
71600
34613
20094
15957
94605
71042
71336
6727
69695
21967
94447
21519
71075
18844
8926
26778
55112
45350
71215
75996
25729
15519
31169
48297
8431
97031
40588
46679
4914
95749
91081
55454
86125
48652
73996
2816
34651
72857
64641
83184
22889
82603
63353
40022
37337
14962
62915
76899
97184
22909
24028
38821
48885
86940
45525
23105
12392
74116
32403
82024
32002
43941
99454
64219
2971
42238
67341
68087
4810
44667
94825
65061
46956
74187
26685
93343
64036
15716
41409
44863
84388
65098
64771
80337
86382
80622
63034
75783
48118
93501
10592
15771
57118
60689
73901
6481
29849
62015
47612
89090
80407
48686
41690
67281
48984
56420
28802
72411
65285
17363
11234
4329
59082
56753
14548
9877
6379
15042
17096
36765
1551
75532
33414
74602
98855
94830
47823
45912
24907
5965
53600
35534
7828
67905
36424
68293
61217
40964
55775
82994
32064
89609
13403
55668
75665
60571
88205
9873
29789
46788
36733
48980
81539
75247
40687
821
434
9739
81444
81472
48741
72922
62002
30532
38612
31143
15841
30102
18223
77170
53655
52324
89026
6510
17392
8525
81159
99058
15459
11197
86059
44817
18585
50373
90722
15306
51521
86991
3788
77875
9961
15261
92515
47065
95161
21159
17063
78206
67998
3729
86286
56358
78789
62909
83960
72795
34148
7846
74601
86653
27415
59127
10355
40785
48595
11042
85443
84734
81680
56686
98170
86243
43043
9084
80392
10174
88137
