99567
68354
91678
76995
6080
98479
83657
72772
47502
46500
4866
94186
27585
18443
65182
87179
68258
77907
32306
57704
683
90711
33011
7589
50022
95594
96999
3113
28538
36095
35531
60881
99022
11217
17879
97115
48597
44531
9327
68786
53864
61142
80736
80747
69395
82548
44354
38864
66909
2926
75767
66675
63100
87603
98380
14492
69390
2454
52399
51800
70784
29402
56932
35593
1017
7831
18626
45983
21945
18585
58707
52157
83856
22180
77545
51532
70983
65114
30075
53509
75
69713
33060
29447
4152
92765
43595
83314
17341
52402
1973
59543
15123
62928
6351
48363
10866
20326
15240
38101
50405
37067
70992
25654
64724
85484
90235
24052
42850
55660
56091
99938
98972
61429
5381
44547
79679
18061
55190
50244
19245
53607
45685
10120
83891
15975
94223
58493
61006
1458
4395
80291
12896
35249
11237
53919
95663
47634
67651
76373
53681
94438
71831
26722
9209
83046
7488
54131
51202
33093
81220
15523
1384
65872
72702
68418
68413
82812
75100
66328
34644
39708
51712
96519
45790
73423
76404
84082
15568
49000
13082
71105
22268
58767
59085
12062
18405
23811
78594
87666
45459
10476
74281
99093
95051
60484
18236
93124
75844
69980
22113
52894
58222
10620
95292
24782
96539
84024
42012
71613
66832
17267
8154
40262
67574
75041
81651
68368
29414
47769
26711
30074
40919
8389
2989
48459
20068
86408
16792
21811
67115
70351
50961
68799
68688
2425
64542
30621
37463
27564
57912
92820
70164
7819
9238
70847
81596
47092
50760
96192
47488
7658
13571
84326
18049
47553
107
7805
82148
17769
35324
71405
63493
88858
82087
97491
77343
61379
68370
54335
77241
49619
17958
25079
96338
97756
21603
67756
42057
25757
95484
43873
51407
78154
87185
75442
14220
98317
62991
54555
80559
18439
95663
50159
1739
34648
14212
65148
8062
3314
10967
24064
39417
71902
14923
2512
34181
62249
82669
78664
56137
58307
31718
63787
27975
70193
93459
13146
38935
64392
46
74815
80490
53580
655
16334
25135
31119
10629
47968
77109
20722
76662
18555
49315
17908
78053
90371
22745
64451
1567
36718
4555
64338
92112
76013
7059
51776
73446
61130
79210
35316
34589
25109
1096
27399
86860
8012
65034
98482
38004
23787
73103
96478
53672
34357
24218
26583
71143
68525
60085
12958
88058
40268
59664
40732
62795
66876
41667
74828
86599
27538
17937
59290
56887
65084
40007
86061
83816
45077
80573
52598
87900
81356
901
50901
76006
97726
29413
40412
81193
61072
9794
7186
81357
26518
87237
47785
5469
29858
15723
62925
53177
14860
50506
22005
28246
19909
5759
90750
91563
54774
59858
10942
96191
23848
97773
7695
31600
94611
81332
1844
96931
67354
77879
67300
74253
32664
63797
1216
38055
70628
9006
61396
57356
60855
52641
14009
41647
49243
9379
41651
5528
15998
79569
71414
24693
12138
11587
51852
43961
29427
60443
34567
49100
99606
25299
99922
38859
89887
86941
61548
7264
87611
22664
13491
35268
41741
15788
55054
67516
8424
91436
19596
44111
51471
46903
71843
24786
75478
13614
3971
54438
17017
5308
14266
73457
54911
67998
98656
57721
95187
52447
56802
45135
54952
54607
48269
39319
8852
82017
11905
83430
60223
32079
36438
91629
63001
21119
33534
88711
17092
68890
622
61694
52551
90906
9620
86282
89909
44044
20359
69150
59289
39281
70830
5834
52588
23913
96389
53708
46417
10632
89687
12978
23771
19458
27761
67467
79828
30651
44002
16288
45574
46656
31302
84279
30890
53051
3572
40703
72220
62624
86621
83799
57516
40237
48487
89563
27856
71104
9384
21258
81605
82217
76981
73200
33745
40567
87718
19031
53160
35859
59896
47875
9692
662
29726
97227
43270
17201
92812
45382
21940
40225
36602
53869
49409
90218
48690
17311
38004
9848
17454
38958
43651
29184
79805
44827
80969
9553
65507
34109
59440
74084
90193
30906
19719
16935
31967
49894
47257
26766
44414
50786
42533
26468
32547
5784
19533
91824
30242
62231
89411
78819
71351
62674
23671
31698
37979
1930
49553
9519
85992
21279
29949
37089
40947
69517
30545
60680
10651
12373
60677
62373
68914
7003
95575
81104
69680
82042
32550
58082
55035
46585
30423
12910
74693
30943
45388
21256
41602
92582
78179
12373
60396
40165
42682
41464
69231
20467
80779
10796
45810
2605
87312
99539
98770
71773
55420
14705
51126
44892
76982
92946
90433
57235
16133
37495
65292
24720
67691
44777
46401
38054
65293
39697
65248
95563
73429
88165
43695
59571
72884
29233
8283
19388
46923
11759
26616
28072
89606
63736
77403
77609
29238
87486
29189
70542
67636
17951
7453
62304
3122
85312
95839
16861
73404
66107
26470
77998
72030
70762
64869
16142
2016
86906
82003
81440
11257
96938
86456
19937
69093
11958
84485
84695
26186
1315
3330
65498
96013
35706
91493
71020
93174
19189
568
60379
61025
10699
17558
86706
17963
7269
79881
13725
73560
82731
7638
78910
96968
78869
9260
40270
94042
7311
83613
41714
68481
31156
25369
72922
59471
4364
51412
49557
72195
40598
8699
204
37126
66112
2801
79200
66298
31362
97013
46984
32863
22374
27777
34721
45370
16754
74573
5187
85767
30915
71542
65874
17369
20342
85790
28438
44106
75884
41791
60080
35948
56221
83899
42365
11115
4399
47851
12852
98195
8500
67097
60837
60284
67319
2593
90107
76122
33661
35073
52955
90611
44408
51189
5793
68700
96836
63200
66826
6739
65743
4098
81086
69731
30540
80776
62451
84279
26288
21984
83206
289
58361
36517
29088
79231
99161
34283
87617
24675
3328
46159
79292
10514
12879
56452
66919
76649
93743
86891
28347
15416
91647
54431
93738
8915
43672
70714
52111
996
47155
12813
50271
76482
93729
46500
5722
71265
15247
48903
96643
19415
10232
77820
79405
19636
17461
62920
