83596
54596
60032
18745
40765
20771
864
20870
52522
13681
35144
45033
47733
22421
21222
67222
68541
25778
49868
6456
16000
14775
20460
66358
41488
71561
83544
83577
38129
11182
37498
9894
98039
89105
29473
46717
52146
86675
93380
79255
90785
66819
97895
64493
96402
66781
49546
89971
93663
47741
65725
4429
51792
44185
448
36361
2788
64741
67827
34324
66097
59145
13239
5800
76807
54609
90637
92829
27144
92776
40792
75193
26842
30451
71673
64682
74797
77768
98244
37915
20962
94948
33584
34284
96494
27988
86449
93006
97170
75922
75590
92702
92833
98801
146
60881
92341
30561
33177
93362
78484
40969
52045
89865
6450
7284
23360
6929
57375
71794
9501
86781
73795
31755
92168
10138
97073
58415
47916
93903
81333
16050
51169
66574
73733
93114
7070
23346
71145
92125
99133
65249
1662
46596
9192
99070
11460
17256
14624
86993
34726
20442
66681
67505
14848
48937
53119
37613
39897
32283
75010
52767
26104
12995
1937
61833
3242
2183
99535
21843
13159
61829
34289
88504
38841
84858
67416
21917
47699
50915
97860
73098
22360
3970
27516
53335
74123
49544
60713
79103
43926
39801
13943
38561
82002
68366
90539
33806
57275
85546
19666
28632
8859
87979
15172
99448
70224
20982
46758
33390
80290
83089
34121
61687
47297
91809
75887
84118
16437
49531
36134
89119
73646
28400
4788
82815
32034
77429
12241
27687
26810
80807
85966
78465
21895
87961
16481
99225
19782
76295
44972
21732
36623
14827
90584
87723
5558
21791
32740
49890
69176
560
21235
90152
30358
14457
77822
8277
15151
47738
6714
48970
14343
59786
95312
49784
495
28434
76716
30296
75484
15522
83822
42459
92118
74062
25624
50813
88164
22355
21790
14971
19648
18411
27167
79778
87111
24966
87893
71191
74998
50386
16747
66091
59908
40394
81438
84865
72593
31944
76504
58308
50208
21809
45550
31128
56056
4223
81843
82286
37806
86782
4145
74760
56287
92948
28248
47827
1049
34933
96584
35509
87277
19088
6632
74129
47330
59607
89802
47999
47
99500
37518
57206
37307
10924
512
5133
82063
80904
5030
47926
63957
159
86296
30559
99493
28412
2053
19071
15300
45733
17013
37771
95773
1766
87734
99847
68461
81502
64225
96185
30986
75608
99430
56056
4783
86795
8064
31290
79640
59729
38449
95116
62640
58791
68226
39321
48955
68489
58017
60840
6268
57055
88349
26550
9853
94051
59830
26257
429
12925
32695
92515
54880
35640
93076
79222
46291
98747
77782
32703
33818
69645
89735
21205
91694
54401
89292
80245
29311
14054
99655
52331
529
91150
4220
26280
82374
20062
83631
36251
61600
81853
64436
35133
69490
81454
46166
90495
4638
57783
24446
50042
23933
41284
39878
15118
79838
95966
37778
14145
37121
69353
74821
79480
82987
