19215
46139
43425
32106
88283
15364
27308
52646
97561
46997
62740
37134
91742
60532
31390
64080
64335
51766
11866
37185
56211
11611
48420
68917
55587
29546
76702
86240
87945
43596
92243
75652
46954
30044
40407
3762
31425
55222
89704
8521
19496
65439
3367
90271
26100
52972
72874
46814
86059
43857
92055
13159
60215
98046
7123
19318
74977
96137
16612
97910
12065
70714
56619
66765
75822
95292
24199
96974
91428
72578
80454
54373
12443
32733
32680
32952
4134
85132
61450
53793
64878
64048
29445
67405
43925
23243
45753
55503
7645
99276
82380
10919
18965
33997
76847
29987
83526
80789
77875
1356
89466
4460
61245
17581
75536
91511
66449
81600
8891
25749
58057
32389
50873
2889
67433
5399
43692
9091
93613
1585
52529
30537
25858
88100
52853
70045
832
90388
97629
413
49497
75978
21852
58359
16642
2028
95077
3012
25160
62658
59578
94270
40866
20149
45340
6943
3050
74502
16170
73071
70144
79575
69714
52467
90549
3109
61631
93239
14510
69174
65355
85344
24047
46875
7763
68026
73369
74338
64927
97256
26523
67854
79081
69214
47273
91209
95817
45655
96652
78994
13118
68097
72135
30500
7686
83827
37555
68319
7648
45783
45684
95550
47375
3304
41811
92621
37105
99682
90410
62453
21254
16030
6010
13347
18933
96726
12919
29103
18887
36153
4898
26089
69744
49638
41692
6762
57126
85272
18718
83124
14378
57453
83733
54698
84743
24732
70147
30049
22677
28992
54573
85410
38902
7488
52503
91344
67187
81992
99941
57875
80592
68841
74766
52290
14377
36493
25534
43645
19687
74073
97447
44567
22965
73219
46998
66846
41858
82294
68392
21083
30068
43940
84198
70763
77080
41400
97443
72841
5444
1559
