94882
28893
1794
56386
53598
97442
47646
58998
56908
23763
77378
51295
81767
7736
14392
93247
54213
31844
95918
36062
72513
90249
58868
71108
82143
35999
15359
31436
41048
83484
74612
70635
30893
4599
3521
86280
63044
40586
5090
52571
35746
61874
90186
2693
67676
90550
25505
57011
57867
41864
82624
17065
3510
95437
53541
31485
59220
83318
81677
93023
77724
63628
61816
7438
13097
16334
27322
95934
2317
40680
85552
19815
25630
61245
12659
64574
66883
67247
77561
27355
44095
87924
90811
15979
56785
58418
94393
4747
92418
18129
82856
11908
38776
95462
72919
10170
21530
42366
20644
64813
72893
65254
95583
13206
48621
46516
71588
49389
54725
31479
59526
28663
29959
15909
82100
17719
98087
92905
99623
11287
1158
66302
99548
54222
80552
92815
90549
207
87420
14782
47042
19080
75289
41198
1009
63768
23637
65455
73778
52387
45588
73681
13691
5660
24591
98692
62172
87409
40493
53116
90800
20309
27927
67516
98985
77941
6214
36861
14521
50749
7806
6618
36433
13165
70367
26643
74233
90603
7457
37202
46064
79367
69331
5876
56609
92494
97586
80461
69983
62344
83434
20698
64030
25443
18791
15273
84441
61398
80037
44210
21303
36227
47825
71070
39974
23713
38584
62543
30237
88120
79172
98661
38061
70043
67762
38001
60657
36687
81707
98249
20713
11837
45891
76791
91998
53309
31801
67833
41400
87193
97801
89157
7481
45018
90823
10372
18673
34530
38097
83947
44478
21715
60465
11895
27864
96763
40650
93633
30526
33149
19986
7442
81982
19869
36445
13337
46605
66167
39331
11847
17087
73831
29495
3887
42183
46762
9447
77668
31169
41969
46977
14564
76093
51091
54518
55470
61070
76381
93449
48872
73917
84240
79645
43778
49064
91792
98138
52707
14718
60864
12921
68451
11963
66351
22572
60100
65157
61742
66171
1513
32190
3613
32587
78305
22207
30476
98486
91113
86604
8574
12810
99040
3811
50167
31006
