1401
56612
43685
99413
70434
46360
46120
17365
44238
86031
71165
38493
40713
38871
88824
19667
42111
43239
91465
2429
31182
61735
41221
87575
17660
8392
50366
72999
50206
87387
63435
25558
37585
74255
67965
51836
83464
33610
63975
2519
51433
8774
59363
91481
61781
17251
35340
43428
75011
65282
68182
1465
29364
9921
40879
31230
72102
84728
80571
20000
33010
85189
23102
75359
10993
56898
57869
70883
85281
74920
40605
36521
88517
58810
85932
10599
42525
3672
17804
33841
44829
27143
82506
36906
69889
86142
33282
53428
32735
68516
5021
94226
6488
42799
2217
68062
81928
23898
45767
84889
74988
86785
50825
92437
37549
74064
58606
64206
84552
19876
56206
30879
70367
22214
50151
69110
3212
97502
58957
61522
67674
59971
7366
7015
11800
20266
9080
13749
79064
84379
8394
88871
99456
1708
8438
18412
39067
82985
85003
2490
60477
98635
6334
64189
86935
66639
74817
12987
64246
51757
61009
41089
59142
63400
33704
55433
32973
69039
95043
32914
78599
77492
70424
70564
31168
35058
99112
15065
88027
17619
13555
15073
23524
57654
59621
16537
29259
41838
52470
37154
23792
66885
636
96689
93025
20747
92619
2072
36539
984
44462
55101
54713
34309
14874
88223
11320
57622
21421
17998
91388
10620
88026
5098
92558
73241
20908
89905
90612
59266
49372
71379
24243
48881
13421
71621
95634
74110
31623
83080
77830
52058
9011
48672
14153
69166
35452
21134
86911
71986
37157
83452
26827
77768
3181
64568
59042
94911
16264
41323
91056
27397
58339
71161
63680
31534
80916
14615
37815
45561
29638
19974
4297
21381
50325
84297
40540
32484
52586
87309
54691
60935
2153
98436
51883
71197
69833
46380
88681
13198
13629
56439
39869
60184
78861
79644
24576
34254
89695
45902
61567
20250
41602
86228
82649
36413
82354
86447
69720
45940
98968
99718
3614
45460
31657
41842
18213
94038
35181
65588
5261
19539
81914
88031
86217
2806
69042
54336
2657
71202
48486
74845
71047
55295
17811
52469
28853
14814
71880
56308
43755
64911
25227
88701
40306
1253
58683
51458
33254
87534
32899
14849
67185
46625
6981
28544
32374
246
41994
67079
60496
31894
35276
74458
80987
7864
72993
62132
13731
83382
60434
88204
95157
46671
79859
53430
73637
84997
98438
99816
48072
23506
57383
15070
84945
28972
27623
54848
99888
60634
41329
5644
64231
4783
88798
81740
66254
94074
48142
92003
38536
52007
58671
49607
15852
19545
95619
8475
47018
9518
71298
59083
80958
21466
70459
73645
4277
92175
31650
26462
35525
58134
31476
97869
21353
68991
86713
28695
69667
61781
25117
30817
26776
18391
96357
22163
81307
88407
2808
7238
50819
85557
4898
25540
48944
81706
90320
59781
8085
87444
30301
64445
92409
73958
72645
4025
61237
77074
38163
82479
83037
51556
68933
19641
96137
20226
28904
75044
29479
35252
60221
96322
27129
55350
44682
54335
87118
37153
16315
95683
95315
2349
87206
27141
46191
14722
36753
95395
46577
4697
50421
4113
37629
12655
95202
2773
6108
56926
25286
67973
79741
66074
64710
45486
57652
35727
44824
41771
28850
67371
76655
1282
60791
76642
72746
99533
94508
38512
56878
23513
79267
92509
53308
25072
71643
71945
39807
24528
28046
58522
57135
31771
61422
83589
40334
74094
58845
78166
85491
6223
92998
67089
25804
86211
6451
28408
43851
85697
54081
10566
80348
60199
29664
52755
28291
82248
1858
33883
58042
86856
42153
48239
28572
5413
80932
87758
6620
71307
19242
96563
79903
78489
28943
28859
22607
54990
83972
77888
21347
71998
38902
11937
18580
77409
63922
6887
56341
98037
47296
80919
54207
34870
50644
57197
76324
31238
1276
55382
73096
78025
16093
72247
8606
41169
1960
43553
74709
93929
17606
97977
40930
97124
10443
19681
76272
61784
73781
93325
53989
67318
83209
44696
90618
65556
64073
47259
51686
60732
98134
84554
57353
98599
95846
24792
71579
92425
32845
11137
72481
48950
84520
89089
71339
49005
97366
75238
84864
70308
22910
39748
32468
82176
85730
8520
2630
1503
73900
99237
12703
95927
91726
93351
2301
80668
45076
70879
29893
95148
97303
15401
48053
6542
55886
52886
29790
75519
11952
76119
86173
63775
39860
1607
12811
6844
39063
17596
26242
46707
76220
88196
68023
20532
75884
48957
96080
68182
96284
85582
21395
85168
72937
11639
17667
32695
86134
98969
15060
9755
60816
6969
38564
31490
34414
85233
62051
57624
52063
1592
61784
71754
25035
52211
76935
96495
34267
6059
39593
26303
61799
24647
31891
78109
30376
10787
6245
68154
30962
66925
80285
3976
37005
27529
65899
27294
14533
52431
83995
53531
66874
11767
61015
47585
46440
87262
69511
32338
98208
23948
78791
90829
18709
43660
76765
48414
67707
8909
41520
13193
40324
7744
62620
13721
14530
98425
81180
47884
59908
44893
89359
6801
4686
66554
34242
99555
61648
81386
7025
68124
16585
43105
53891
12031
9476
63448
29064
62076
77206
63885
85205
91603
15947
11660
75245
96931
59896
35519
50988
26541
58764
17586
72404
47866
69083
40146
