34868
17948
44933
59529
74448
12866
31484
39506
52782
87431
99206
90330
27332
61132
15103
33381
18399
23939
38032
83709
56991
21037
57999
67448
70284
26977
95663
61462
55461
4293
50869
34314
7023
40446
59507
96007
29428
87253
4105
99573
59767
66196
22716
85489
73088
48848
58594
55282
96452
11360
36799
62754
76784
70891
24420
19484
69827
47892
90848
24703
68641
6968
13675
41324
9489
77813
62236
67412
50184
11793
99215
48344
88431
8146
7131
57182
26267
59446
84554
46071
27
66333
26492
40882
84653
22735
95537
34640
82611
4623
2327
17887
16763
37763
65379
90142
74142
67593
93349
68186
67988
34795
77359
37675
86367
15704
40442
91233
99804
55280
61096
2556
65317
56648
54065
44662
5070
16012
16241
66204
58561
13183
65786
30917
6085
73672
59263
2024
20374
14286
99045
84745
56127
94524
14117
60088
64936
43661
90775
1053
1231
92649
94877
50138
50187
75590
3184
14005
83251
53730
9147
31961
56235
8237
46755
86557
18702
14157
34137
22707
29837
62711
45760
70636
33740
58049
92741
43197
83765
97940
19922
23554
63779
3148
8238
66372
72869
67883
74850
61942
22012
42464
69237
34271
84910
43348
23242
24282
94736
80007
38502
88741
18288
56766
36533
95088
93499
83927
13911
7542
56230
22814
24950
30024
98380
13037
16513
35426
89341
10369
66271
83810
55982
54392
41610
14795
59124
69527
94992
80070
87442
85488
52762
45212
51572
40889
99936
74356
61932
51084
44017
73440
69527
95169
52823
64121
50980
93303
93691
14779
83233
52033
98416
29077
89896
23833
54769
77760
66392
20797
38099
16172
3934
28872
35843
94106
79899
21785
37668
68301
2401
56355
24665
39642
46474
69538
88873
39386
46966
33474
88982
77344
78441
20746
73938
34527
82198
48986
82345
21418
63919
52117
2283
69749
30212
62684
90239
97831
83811
69231
21559
30299
17738
27502
23635
32116
62262
394
33620
45079
13245
9708
64558
99792
50842
83610
82575
90032
23978
89785
64015
72484
7017
42292
78337
71857
68800
86944
27471
89518
77921
70322
71764
94185
12655
96961
72470
66186
61476
91363
89999
55370
74862
70542
64449
68920
526
45834
13581
47026
43974
51036
31836
52629
2774
