76745
10550
7698
78274
7054
58109
16041
1071
8563
23741
9150
90440
80281
40085
88812
16799
37951
22121
75530
89595
68219
13531
21008
77509
49636
12692
6642
37164
3070
2995
51753
95261
92132
18828
43641
56144
79309
11152
26551
25935
77897
77646
60550
30549
30262
99975
23733
73135
42603
13142
75984
13883
37517
30747
60662
11572
87879
32212
68637
41873
34970
18495
41153
33037
47307
69112
25014
96011
97584
31463
90815
70785
50146
84687
91941
7327
54119
48055
33034
84993
25780
68758
86065
45007
12733
7464
46249
88376
79442
33348
58350
58744
74540
55458
53142
33039
73491
15626
27059
64161
17096
37525
