32369
17148
65
886
5124
15920
70429
64132
31195
74489
90764
13771
54578
59529
80680
43254
44442
16740
42056
22732
56127
2414
83133
63616
59459
92699
33008
50255
4184
31001
26130
50334
33540
87239
72617
35411
38864
74999
73540
44987
73316
84594
25712
28397
56952
58084
94504
78498
72504
39661
66595
20223
86685
68138
65448
55386
40804
77199
35539
83863
44362
66570
8457
41651
7561
89518
85832
28717
37622
97738
33780
20904
25166
62642
94284
78942
33896
81440
14632
16029
3468
89876
98327
27160
70122
11158
38797
40893
69428
37837
8267
43200
44148
77744
92788
38647
29398
82753
80978
47094
84289
90923
85129
18959
35140
83584
52482
36113
37982
38703
66697
45566
7769
74869
87792
71515
18931
75750
91650
6838
36535
19956
94282
46518
12301
35270
64732
21195
21247
98145
65463
5939
17860
77104
52593
752
47545
62322
19276
72648
52872
1724
85451
19500
36083
29212
61710
31516
76441
7966
95044
58425
12864
97480
94664
72098
6739
72281
90770
13770
26049
4290
99281
63524
7860
10505
64431
60841
20727
46810
18058
90941
90773
77355
65349
93052
64682
71114
76084
10376
97165
699
52753
94390
60549
19603
61513
10368
55660
44876
6284
16542
15788
49932
76034
64743
4922
23439
35323
60770
29945
72345
68288
73368
55600
37154
26991
26377
16532
46996
34993
9366
19751
54084
64982
9971
81763
40572
70251
63932
64646
76691
10073
3868
23398
36421
17903
94631
2777
74496
20964
29031
6958
46584
9546
35861
97497
81718
88784
47627
50089
20947
55016
19074
68604
96995
42622
20358
60319
45202
89797
75887
84563
936
43473
33326
3572
32422
5238
32192
34779
16059
98698
67034
9615
93965
22772
25904
66865
59924
4309
19805
54175
97153
89066
86810
68629
18870
47630
98573
58085
3303
19046
1807
83466
69907
83623
97765
87286
70116
4484
65592
64792
22263
67115
72664
20376
50171
99803
35145
66982
32305
41987
59653
59663
17681
57701
58080
25298
68760
8001
71736
25573
95517
99371
74766
54909
26922
62035
89871
7561
83433
15199
45580
37144
71210
93015
43716
7848
9685
70557
6074
87669
5880
34817
49609
61570
71229
12984
21491
280
15813
73014
11552
55053
43080
21143
40497
22154
38242
17098
64203
20422
25548
77318
43428
82178
14433
75976
87394
84325
10848
19633
67653
3818
83013
53423
49573
47978
42869
77924
21824
82487
6125
51580
78320
77188
52692
66518
37219
23536
67492
98183
4193
73138
83902
98592
78587
73037
90401
12685
986
77026
31221
26215
94050
46243
89814
45152
42162
2046
1260
90132
94381
2442
45823
25034
43864
5034
18976
29766
63079
41517
57925
20463
22960
75388
11491
24756
69345
38548
56666
58677
53222
70939
29527
56444
20485
91479
42602
97058
57
67146
82172
27691
90055
11363
81453
38450
7387
53353
74618
69228
78181
42647
48560
21551
1391
85140
3361
89045
29502
29294
37931
88644
89839
73497
23691
61377
35767
20523
27709
96631
22755
28693
27282
18888
44495
11027
25802
44919
26235
30289
51620
59028
47309
7875
57987
60291
83416
34144
39454
92179
2860
75644
12790
69820
27292
85609
75613
91164
36778
5885
16718
79410
95707
98996
68849
7480
17485
67191
41971
79241
65944
83473
90396
34177
92821
97798
28288
24950
26866
22879
26290
51186
63847
39308
27867
44357
87711
7396
11302
57104
20278
9276
97758
60963
71293
81223
77273
81920
89623
38782
88815
