58393
80065
7397
22219
26010
38582
34481
1497
65236
89124
61730
59899
91572
98321
20737
19277
89990
14302
72000
62412
25145
5847
70675
90151
16491
68960
71872
17839
11437
17746
57770
4349
4900
64383
44679
99800
79194
77027
58737
60465
117
76648
86313
18066
32215
18846
35706
96477
34282
62642
87595
66748
93590
19035
11751
93512
99143
32087
71618
38612
29245
17927
95814
95569
81115
56052
44005
64331
77134
54366
9271
22687
89961
31722
46752
33760
91093
51776
72078
81479
74960
9137
60154
72941
82405
29733
13775
17164
67222
56441
68360
84041
33353
57853
3872
89486
41505
49245
36342
89333
65865
65705
62701
85812
93399
1088
87709
68879
8616
18828
36059
35488
24432
16769
34928
20171
5775
61395
26120
93543
31799
41333
67604
83132
54318
92568
33574
56652
22775
80674
41998
34846
46203
18379
86771
5964
48580
67198
62576
89711
19518
27869
86801
17133
55060
70970
53832
35946
32230
81117
85373
10865
12987
72258
6989
74178
61230
52962
11917
93280
9242
