58813
36997
94670
67254
95786
24029
42532
10949
19420
91555
8051
20943
77969
82167
36448
69905
62277
54754
24889
93612
88401
98204
60010
54522
22026
84729
95163
45899
8011
46628
61065
80970
16271
64390
70159
18846
48203
22860
9299
89308
57042
78881
9726
62330
44323
17656
36907
84210
73986
39901
91441
90229
20033
87263
80885
83054
43860
34320
96141
82319
83948
69868
30300
44130
72926
24782
360
53386
30772
68068
76905
725
94156
33563
71798
65990
60766
55207
39082
39702
48067
41589
64509
69726
39878
7574
3715
43554
90783
33082
4255
27750
85007
73604
25972
4150
47300
40584
71997
18725
7519
68062
77368
89985
30106
75321
84796
21161
42631
85853
79465
21981
30295
52228
64141
78167
9456
27546
58735
37252
72194
26821
75887
83719
21163
89221
90844
71266
28622
33829
50576
6625
56166
57173
73950
31551
67091
59609
24224
16959
30058
72104
14211
49187
63053
97384
85756
51838
15948
33814
6105
13352
14957
86463
36860
91034
53231
33993
14113
88849
29064
70656
82084
33999
3341
64324
60904
86676
14631
9577
63718
68848
87158
13849
60169
27577
82726
28936
8602
78726
1409
95371
42900
3969
7945
43095
83015
94891
76237
71657
8862
38576
33281
38975
35056
67728
61690
86245
76457
70212
10631
79319
78027
48963
91496
24278
34127
64529
6446
47983
22078
58723
27729
34605
90062
15607
12173
99102
43685
99850
23395
84699
84664
99056
84058
15822
19701
11161
90047
76639
24197
70632
74693
31744
1702
19680
61512
94671
77704
25038
8254
32187
61766
73728
5523
28222
17504
79924
34139
61189
74836
22957
36729
80589
12267
67018
34778
7763
81796
951
86343
13967
47932
63317
38150
73664
23309
45954
24761
56981
46085
22821
39393
67640
88324
16321
11996
9919
8648
45465
13823
17617
91811
24175
98578
52397
12573
16542
11087
48336
59477
99475
24920
16552
80328
34620
44524
95793
36939
11892
77814
73146
17933
88444
24212
