20380
27686
15823
28058
67214
25408
23247
13053
75251
8932
23488
54407
84757
65030
27470
82501
41138
94592
46054
15077
93852
16755
2362
9027
15823
43399
81279
11839
77508
36839
35255
16380
98336
75363
82833
29101
83562
74579
2474
79396
58434
67872
82296
11430
13148
81540
90343
37618
36807
98948
57911
88027
16420
75122
31898
4188
90991
36969
14006
95073
41558
50988
22985
1145
46090
7646
11709
95926
67778
14024
1136
2991
83884
99562
82778
4884
86160
42079
8395
96330
68121
69143
47880
98869
29067
21206
10962
39896
16274
14462
62081
57260
37612
20922
32070
85467
1385
85215
68346
46971
22212
17037
32727
37096
48792
20774
45204
21901
83355
4273
21373
14510
69598
94704
39150
82886
22858
75353
17842
67837
92204
25281
83068
78893
6173
52888
66835
57024
67505
13056
26782
19498
6731
36200
90632
1790
92748
67228
68324
79964
15482
12179
85173
56819
20499
19950
98946
32105
81631
34553
13904
91766
51961
75482
84226
37897
25654
58509
31325
64047
9982
72388
80171
97963
13463
69695
21799
66384
76007
10095
64350
1303
15319
59521
40477
75318
30700
58278
49766
87871
98874
19877
67318
75078
3240
67808
19797
25466
92458
81740
56064
45026
25572
75395
28869
89044
11283
35631
39862
42865
14261
80303
13233
87
69595
42401
11572
99200
1621
51735
79290
82780
42959
91192
10850
49558
2383
60770
31790
88956
40021
23067
82115
67731
20111
2677
94627
47581
64784
87750
61381
6186
71235
13277
38786
55805
79661
25330
7837
17695
90769
794
49551
86229
3224
88722
95429
15236
74617
55329
93377
38716
77657
33491
73671
43309
75399
94488
1856
6304
58338
60381
96685
36324
82090
34300
65329
51012
29264
25035
51773
23970
58156
95727
24371
99777
96511
13259
51979
82560
40341
95003
59827
73667
79649
20721
49674
49955
71044
523
90065
75305
3498
3132
51702
28674
12692
12802
57404
64461
60652
39569
16137
16242
85363
49913
59453
95445
91840
96281
34186
52203
51698
55115
89024
78381
4812
85197
63259
67222
66665
9324
6831
13885
64972
52155
48571
10370
82071
19141
96447
31413
38832
27705
28090
93731
90646
44617
63085
31316
22505
35931
74575
46669
49196
14682
63106
85510
22953
61514
36674
67320
9923
75245
503
59511
71592
8231
47892
1214
12271
45692
18393
30266
62246
43606
73563
29972
35497
90438
38487
28296
56390
25095
60904
80068
57279
52005
25410
53469
19914
94083
94690
97625
21512
38132
65361
94685
12177
57711
17026
52546
8367
25261
48113
11479
34034
98679
41330
19870
47315
93020
31276
39470
46470
2365
52651
81150
36343
5381
49868
12218
54121
91416
78689
89599
39241
5805
63748
81591
59039
45413
31831
66584
50025
47559
94758
46894
19549
57276
2631
32427
92856
71424
85242
12556
21365
71334
64686
48696
10176
25936
95923
22324
95169
47669
46487
84877
72190
66464
30155
4350
19616
81733
33805
53776
88155
64089
12022
61905
13220
86232
46918
24729
13258
21328
54273
38778
29354
36770
85702
43522
50718
89091
5634
206
62129
63576
84006
37045
91239
96486
81039
80323
45232
98833
25163
10321
64169
57362
57765
32456
72473
22770
92839
93403
76317
15772
71675
7819
24237
49863
23634
4203
45893
9573
3789
84005
17203
29790
61432
57089
62099
61800
36024
35220
26003
24207
41245
85322
52208
28714
92182
49877
62599
60644
18756
19917
39127
86737
35175
74078
86522
28749
69381
53829
84035
28928
75454
13180
12503
34809
20613
29437
33186
49781
45332
71182
17040
88979
12332
59803
85140
96618
3468
97717
72882
92574
45824
37378
92112
70191
56101
56977
83613
35581
95472
38826
27126
96516
83054
40204
93021
52893
46841
28369
94033
55761
46421
73575
29730
66542
33998
86861
19433
4972
77768
275
37740
78348
43980
53067
63674
28092
32815
3511
13156
7706
24176
26578
81450
92859
20849
98990
62409
80410
9542
79532
54265
12409
54458
55436
91347
17322
26215
83195
16484
40790
43284
47281
27552
55084
72655
78195
76867
66793
46469
78027
56976
73037
88570
45998
64903
98761
16964
11661
90314
59787
2381
20482
41026
10557
38467
3712
89704
5567
63983
24429
62944
70638
69009
93631
1440
12420
39489
71824
12371
23741
9241
16276
45301
60427
68911
56727
83670
96954
55367
32030
16841
38762
60208
78545
69792
57216
91978
26463
50693
78368
94592
61823
24259
11891
59178
68518
46101
96615
52144
59747
37617
19141
5002
81140
68813
7488
62342
47496
38637
51072
41633
11467
20377
69677
18276
54730
14839
94817
32071
4244
26309
60185
99338
21956
14780
593
68617
8820
44395
34010
84790
23249
39133
85469
36988
37458
41395
554
27099
40480
33982
24806
210
45289
57805
95039
61617
69349
13005
67722
61031
12980
58605
41539
24808
35743
13693
30406
20770
71599
22157
90861
45649
98785
25259
19685
39926
24383
89669
24170
16313
71860
20592
90873
47933
90226
78221
20320
8327
52993
28340
1074
50868
11793
7038
86133
93753
58280
74371
16367
70885
24162
80959
38967
2105
82706
91841
12991
46287
22928
44919
32826
98263
46862
