33040
81789
85146
95384
70896
10198
99953
55279
45067
26321
61178
87044
37
38144
62403
68961
85135
8620
84658
394
31852
30692
22003
643
12437
36910
23463
28068
29515
42905
90861
53625
48943
62644
30035
83020
65691
32836
55204
87283
17389
47561
28095
84719
22661
60973
37787
76667
98216
67231
19999
10823
1864
33135
93965
22429
51397
95792
25181
15827
7496
88918
94991
67953
53791
32887
16491
68252
80857
11117
49466
55589
63859
51518
35531
55987
48441
31209
23952
57759
33417
27532
15220
4741
90397
57293
89679
78116
51453
52987
22822
69155
53233
53121
79316
12693
24121
505
96440
6335
80826
96812
56873
27401
16303
5786
54498
23736
21458
35830
73767
57087
38468
22908
12434
78743
95163
42632
4138
56967
20498
3922
22707
27966
12024
80529
7387
49094
4905
44371
26642
63994
12865
24575
31100
79966
36957
25562
15053
1048
27245
165
79963
1114
35108
44921
66907
66406
54677
34437
72260
29288
25334
80793
47188
65779
7999
39355
14282
29615
26178
56874
55067
89233
95043
36849
2643
20286
33843
92655
1950
84388
64404
97371
58144
4112
24165
41353
2923
32817
39907
3332
99140
84887
54063
7352
64436
45443
31063
64783
80121
51499
17679
24950
25051
19266
1415
90222
15123
62673
18220
15628
58873
52115
77173
4445
19414
92006
1
23487
31749
96015
63183
81205
74625
76191
5129
584
19912
51386
16591
43908
47448
33021
77313
52188
1487
92029
86873
33662
36233
60009
46878
62224
60571
77443
45415
72472
2854
81783
80100
95192
36260
8127
98093
85081
12227
4090
44818
38993
35155
31597
45526
42092
23067
72628
17622
75342
26988
74181
25254
37299
67939
18277
71460
90018
76753
42593
47492
73467
22755
40555
85956
14314
74636
73054
80347
45739
13600
71923
72174
94778
74764
18954
55478
86746
97030
28150
6824
96940
8955
17385
85516
22818
96846
36146
88869
73151
16356
94514
41184
61660
83056
72752
6063
13184
89281
94205
57704
95504
73233
95609
43608
98283
78924
39347
91015
30529
88992
42106
51418
50672
14108
10238
76676
46360
46022
73144
99174
52903
11573
1502
52655
53063
97620
36007
48335
50534
4395
70280
62913
40481
51854
91347
24965
72867
31790
88340
87999
56930
86350
38948
88026
265
67973
86955
4451
6133
83314
9213
50409
5846
51381
36347
73814
50519
47354
61550
41754
48334
24198
92895
33930
51083
32004
76089
90918
13078
8388
83667
42198
3846
41636
54654
45893
99846
49705
64346
31630
87009
7578
61813
61710
24647
38877
88739
83688
1895
54283
11122
22986
21570
20254
10856
50960
58584
85568
86362
34389
62824
51934
24931
3681
75150
8994
60909
66992
94878
58077
68967
86069
12013
99817
73553
71085
81632
42306
15237
94398
90783
34706
85196
40294
9042
69529
38108
61205
43842
26658
27302
57057
34475
10272
47623
77928
89928
71703
81400
41567
5710
72443
16123
75739
2823
47241
49169
51684
32250
5812
85666
37792
52067
59573
20025
47101
96945
98461
70378
12417
99865
69695
31505
86396
2164
82126
49001
32592
55349
19655
35949
87979
11625
86522
29891
60744
96648
1086
59669
21597
76992
58867
44155
92309
82392
16034
87626
89404
71235
298
9671
35498
145
37420
7818
3607
29406
23565
48322
24732
55056
98889
64497
59809
72787
88307
27472
20541
33172
16499
98483
43342
32558
95933
95868
926
64523
8646
12319
51291
29078
8500
54926
6421
18446
20497
96266
86676
17037
31140
61233
12031
6527
6
16978
42705
30509
60064
58792
95378
57062
19377
71662
80841
52153
8747
6642
35508
69677
16910
1384
61712
60367
64189
95869
17023
98293
62114
18046
93670
62438
65164
75990
15339
1325
69222
79918
33101
21496
85687
95622
64971
39388
70978
91411
86111
15946
8323
87532
6818
91481
63570
86792
66718
90850
65601
19351
22580
89943
16522
80720
9452
69814
30779
87913
1898
9464
57760
44993
71922
55493
48288
53140
97931
68665
19030
30837
63780
22395
85970
50979
85274
49073
39280
54062
86126
68186
66007
42581
33651
53327
42977
97137
33449
70572
69883
84509
96721
38274
47988
6445
22924
77544
37162
67603
73742
48433
92863
91012
95799
37440
41246
7995
82950
95138
30937
42947
96842
72420
29273
81255
11792
84006
44114
96169
59211
33836
75692
9168
89530
75777
50836
78793
36438
94634
60358
98005
9318
18051
75526
29317
16787
43583
81154
17351
13565
93878
62141
67966
72265
23396
14621
32549
31564
78702
4631
32046
90959
97179
34374
15954
29174
15131
10840
91628
35589
23169
1452
12486
53121
86237
31559
5907
84820
22505
31945
82380
16878
58684
76331
47192
25685
77155
95856
97585
49711
71167
64594
92931
31499
95284
91853
27205
27624
69522
20084
45052
64463
90941
90811
8734
92256
94572
21963
22116
1896
68929
57786
87228
93565
87588
49182
85552
18127
52931
77178
81829
46681
37385
19721
46440
3119
30837
66525
52698
76756
99583
26742
38059
37826
31917
15373
64984
60185
1901
53198
77767
91974
62994
5537
70326
33750
26079
9049
89466
2095
10524
73655
71466
89251
96985
64716
55975
42376
93865
38062
83247
85165
19739
49294
68294
87750
67220
33377
52805
66277
