27259
30869
11418
8121
86104
97717
80114
33488
25141
30099
69038
88479
25325
27974
53491
91819
51390
79555
39106
41144
81605
83184
35050
66018
22901
90599
51072
33746
60839
96897
87939
48732
9556
7979
2838
5082
14213
71267
44306
35557
83643
41491
21709
51382
51360
76445
77088
84174
62388
27369
84614
54613
51329
68375
46418
24547
50719
3680
57842
26330
15298
8088
33407
51732
34501
44632
15941
19944
97060
33718
84866
89542
90181
15387
11032
10936
99826
25370
80561
40352
75161
93942
30379
76361
56144
80665
93500
97395
64139
53182
1374
8675
9917
84401
88784
46294
36049
65802
1031
35537
57959
80592
64075
68253
88650
96450
81247
79392
93476
91077
82562
69473
91804
98398
15321
92584
8708
54440
52318
80197
20951
23145
94984
39615
83988
41253
25763
97818
66223
68798
57953
85198
76283
46101
93923
3143
31515
61973
47213
83045
97792
39349
29526
27984
22780
59406
98995
48828
20665
3510
94289
70102
59746
21109
79641
82260
96282
56156
78775
35836
86036
66659
96818
59052
58456
48270
50180
56996
11080
26558
57801
31780
20597
64893
19179
29800
45303
79577
2415
96270
62947
18551
82810
36093
95146
73280
73317
93079
25828
80129
79561
31045
68157
79566
29742
64896
67163
74828
85974
17668
45073
13143
88786
70246
81144
44769
8030
63115
38756
51230
93769
19042
29317
27855
51170
82641
94505
99719
24061
87934
50562
65312
72622
24909
39241
99662
67123
4729
81092
63302
83184
22446
37562
96093
80426
82714
21872
187
53155
49006
19291
17811
39854
16245
30156
19596
42074
25337
38398
31077
98754
2295
72607
63374
1511
9925
18068
62128
56273
59248
57280
70665
24650
92119
87696
64452
15283
56693
2882
48693
66695
1984
52751
62193
40396
10428
66600
12507
1357
12732
92615
26988
76155
99087
960
39501
82176
92968
54669
86435
61148
77041
92692
19564
10014
5039
97342
65025
36927
21827
43166
71214
61885
76253
34685
30846
22244
46915
80292
15389
43188
47094
79852
35302
8030
56065
62671
77517
87595
55592
12778
54770
97721
40366
16611
79397
85737
37444
11460
12416
71658
20659
5483
57184
62320
75114
4907
72040
39031
79930
32812
63315
95618
92093
59505
74218
41380
57595
68005
28858
99289
98690
31231
92225
81535
17413
55355
30854
51152
79517
4429
49983
45802
80061
42316
80282
63273
95817
48688
80698
51616
85912
68678
40714
64995
35651
79114
24521
13722
33435
27950
45834
17276
59170
40807
25627
4524
45156
17242
83513
49800
58441
90319
43606
58940
77925
38074
94397
69458
46849
62934
2143
31428
93331
60347
26396
32854
62395
37542
55210
86295
15100
86054
56780
76316
97226
27116
23206
23425
91512
90365
8463
36514
77094
81628
84081
401
41920
25529
53014
72641
37759
91325
40128
9899
82450
89919
10675
17714
13183
70978
93088
74658
42168
97050
59550
29772
73141
44278
60011
71406
75345
76530
95227
31383
46769
31274
8030
59176
35787
55071
55156
77293
27159
50301
78559
92760
63570
83123
1800
63074
50418
58071
74515
35424
64744
26562
25423
84041
28384
31356
94496
46651
34309
10160
63012
10234
12646
35715
38881
56415
30402
47799
39568
9254
28758
30480
67122
90669
20838
16097
34760
92999
89803
61621
28415
55001
72209
85307
13874
87377
96668
52600
21576
27917
97288
60015
33257
44791
76512
98950
97417
25010
34285
11660
74531
681
48690
6626
62616
57464
68295
5124
20569
3873
93694
