27993
68465
56409
38702
45843
63130
97391
1590
29486
54763
68553
40711
6373
17618
95251
35033
87117
29129
63776
49105
87199
9378
10245
97003
74085
46
89598
29062
40913
99028
7092
95249
88993
50308
3018
25048
79449
50305
45902
49118
96247
75778
57327
63080
59932
53187
84228
80857
23419
560
16033
70137
55062
95582
713
88005
49301
74248
46324
52071
38863
55665
35740
73161
69895
89688
30834
14081
57442
92174
22641
13313
58240
5965
63110
53947
68297
27813
48618
3702
20424
61595
906
34861
87090
80501
36299
60782
31550
46306
34704
63171
79806
60107
82193
77827
88160
55588
33458
19286
37778
21278
20660
28042
88552
43539
42388
99919
78103
35728
71703
68844
28647
63654
5899
50922
21410
33851
12460
21873
17339
18216
58070
51056
77214
88913
14522
62184
97672
21555
70142
39377
91635
63533
63470
10578
87251
72089
65326
2831
82642
18671
1559
8856
45404
89069
33175
51101
27041
74473
24791
59888
14428
85177
25435
78059
89615
13975
68861
6295
98228
60311
23001
71926
29945
67267
26569
36633
83395
77772
66272
3830
69106
19487
6241
93222
22409
23766
34595
24063
12275
98854
75668
3855
97404
11789
31938
75825
56201
43343
46513
27807
40155
74114
88509
12875
92873
67082
14569
65935
39129
25813
29659
62572
18358
42119
76391
57007
91340
91744
84022
15753
62334
10974
46076
74075
32192
32885
83917
42208
73703
79946
5839
37976
40644
77135
64243
96809
21043
60562
30699
51349
99364
50478
55911
61043
22748
26478
4307
86701
36177
11076
53142
28117
49375
15439
81993
6843
13664
51167
35851
35298
39980
21842
98835
68755
23186
83572
55137
58171
47541
92169
27697
2097
58955
29486
57199
16265
60648
84162
68061
57245
80024
17701
94103
33673
33301
81516
88893
72546
39608
69755
28851
86044
86357
48901
62410
99441
43675
33871
62062
35947
53720
44420
50904
26533
31991
68496
77395
33029
5369
39246
93575
54812
90796
53349
3765
83940
34318
74734
13312
27829
15890
58630
68860
1193
61896
56762
74847
14239
12346
3584
42547
71238
50564
11115
10679
80620
35003
73195
47656
38051
4731
13445
66826
6704
73823
3874
17158
72278
45225
69075
7558
27443
20170
96228
45831
60947
2784
95942
45438
59058
64517
8912
86827
45989
12852
95766
92328
2763
41701
42610
24282
4649
38383
90447
98458
34378
78056
42062
16681
62044
39824
11043
8085
89324
25678
60843
60170
44647
66641
4142
24540
44069
51397
99679
46848
49432
73154
61127
30121
30308
78010
71484
84986
15382
23025
68510
17975
4635
12973
44302
58451
60200
42296
54745
75283
43560
88183
34010
88054
74509
26552
42573
924
43439
59000
87145
93703
7417
54349
21433
12760
61860
51306
80019
30909
79493
97334
40934
52682
97205
61865
33557
76403
65044
63054
14613
92504
68077
25944
27441
88549
91487
71407
93360
50210
47556
52258
70397
31529
95331
69981
40254
31178
236
69898
43193
28384
36549
56664
15220
2805
47947
20535
19633
71501
80952
14147
71693
11222
10208
74708
75705
31867
70983
74099
48610
63980
76294
39777
20102
41371
8734
92968
64510
82049
59280
83718
94216
38846
63916
9534
44640
47871
52440
35974
98994
42185
84546
21273
37920
10545
29083
94346
27154
63400
22418
77943
50099
95549
44685
93770
40261
54570
25005
43407
21172
36649
47081
62083
96349
89943
16143
14288
38156
71148
44845
90288
24940
52413
79815
5855
10419
15739
29565
79851
10384
31174
35400
58246
6461
87233
79649
11179
78804
15945
84804
50709
35023
18506
31637
4954
74124
62942
40252
99855
7085
84036
50175
74241
30509
55883
91307
51013
46162
15119
3662
49606
2619
28607
93700
68700
97452
15222
32963
2504
94525
36187
83498
96385
91170
41106
44064
62346
23261
42810
90637
87697
77818
42365
3899
39714
55305
83298
40077
50028
96666
15453
16926
73939
52030
40152
9166
61634
48792
22346
57992
47451
80302
83937
88380
61071
85634
97423
25483
90104
21666
33193
59923
2930
56002
92080
28862
68755
28095
84073
70796
23532
99154
23368
34081
86051
13659
68872
89703
94216
42113
67789
99199
85207
24915
46004
72398
57126
80506
25359
95044
42314
55482
59484
9230
24014
1150
35642
15633
50049
54194
3613
32618
4453
44629
65078
29552
66949
74782
24034
29996
37809
37820
27832
54868
43122
34485
70583
49291
17300
66444
96305
44308
61147
59594
68654
24180
87143
60316
93523
93167
11700
34280
25762
68383
78909
88303
66537
54170
14573
20707
19492
5220
38472
87361
26120
88572
78998
80834
33039
69382
71443
9824
18705
67576
5847
80154
8717
5657
86000
59550
21205
91879
58693
21575
4385
2616
81493
9905
73539
31925
49901
54871
84509
93157
35965
45324
37176
723
63530
13043
12609
22157
89290
46015
48795
74179
93303
94820
82530
41519
89384
23449
2991
73729
16125
9309
60475
67392
20638
63303
1470
13102
11639
15583
4181
68436
60437
39145
924
32834
25296
41931
22771
7810
64652
75980
51070
15228
42432
34702
21725
21447
52123
417
8918
89789
30822
5349
5168
71549
86030
51263
51052
11938
37451
15013
28353
12355
58151
8631
71867
23749
37841
79444
74154
70070
33772
84598
97282
62548
14258
38350
31228
28880
67293
50178
24646
