65708
25517
60714
83957
10507
90663
22890
7524
58593
40731
54548
65508
60340
95184
9758
10242
47026
39537
82265
79181
43868
77030
95631
16443
48047
7502
97794
69776
95833
19235
71035
45317
24725
39477
75140
36218
6388
72778
42833
81991
82178
19710
58752
16500
6241
2519
41917
85134
94414
64649
23372
6672
38496
79707
86441
65660
6354
95043
41697
77151
42223
21735
88682
25271
23821
53209
53563
6922
45301
50667
41288
16889
46954
36207
13260
67395
72541
56145
98168
51454
57576
43428
80556
59805
14551
55086
94954
42506
71991
6881
53605
14642
91794
26500
71959
79529
670
67945
20332
11061
7855
28606
74094
53386
30556
50778
97759
87850
43055
12184
78071
97212
80115
51152
92777
55752
96522
90858
94315
2968
83271
95878
59787
5391
9915
46833
7398
40747
15415
83063
96940
21379
7316
57843
38173
58280
90064
62787
35115
63543
32545
74033
31266
74349
49062
65719
6301
4695
13533
53366
94187
48720
9932
26232
80130
99631
33396
66885
96100
4768
41936
3670
87622
5744
50662
59450
52547
33220
23507
72815
54975
36397
3571
31509
54780
53052
10308
42123
46159
76928
86105
20072
44112
71214
50973
86269
69746
80834
38162
74019
90688
42202
68140
98260
1253
64997
76147
55629
26458
69507
71123
22780
54679
63323
38773
41851
65377
64836
59857
93345
94013
18599
85355
20732
36182
675
50355
86
59545
47881
14339
92431
28489
8138
74003
20481
26373
45512
94185
18935
42880
70181
87053
53907
84214
38597
76420
42297
68122
86517
48616
67122
86497
11196
78462
74241
28059
84556
86841
93523
90018
80896
78700
64950
82847
69733
57549
91376
5295
94154
99474
6344
24766
26655
74398
74764
18057
81248
94377
35722
73026
14102
5623
11059
70019
69710
73482
71729
7516
26903
46447
12714
80794
58973
22225
22933
28858
1910
16461
61258
23477
71666
56325
34119
22080
87168
75514
31027
62235
51580
75547
73349
41726
66777
77788
46297
99585
76413
29477
11442
9113
69370
67565
24136
48942
39908
12760
49557
87059
44011
78769
22670
15386
91503
45233
11181
18100
6640
5805
70617
19152
78271
56769
88360
25165
36380
19233
45282
33379
80975
97085
57821
72913
10783
36312
85941
68486
6939
32080
50377
60429
96081
77006
91986
55021
3553
26949
27522
49741
69751
71464
58903
59210
5077
40088
37413
79620
22562
85307
13349
48036
19988
31310
19618
13859
35887
40305
84541
33428
5170
94170
56544
1763
41663
15807
73292
83366
83159
14828
7557
6336
89066
79794
58156
94262
13651
26018
83071
32510
84716
80512
24752
98646
78786
20426
96847
47106
81234
47283
64138
28474
49733
38235
97319
91510
56528
31144
28024
94980
69030
57830
12412
6088
23377
95218
78110
44957
78843
74524
79215
29602
9783
29107
96834
34139
53864
68620
51937
86072
63731
88367
37960
85292
54259
2712
81360
64559
13500
91895
28572
91741
44954
18576
7245
67113
31856
95505
99584
43878
40046
35679
46381
9239
76123
64373
76201
72680
87863
69772
25139
4163
65962
88002
4652
90629
44643
90665
61605
59195
60319
53609
87689
47123
66534
99507
49431
68655
40052
32621
52348
90126
91848
39035
36057
95524
13562
42632
92167
90999
68796
23356
35557
98518
29057
49625
15956
75495
8376
85382
66568
65208
11217
30310
5426
968
72671
50256
19764
70124
34084
39286
60003
47393
19628
83518
46290
74678
72775
95219
92935
3834
46443
49603
46915
82095
21696
34654
20083
29422
83501
47111
66497
72563
30759
46472
29123
67196
20183
15278
83292
49430
53058
24701
37896
228
44850
71877
93230
62337
61575
51030
38042
51160
26351
76952
90358
1981
99140
88884
17256
19430
51193
76395
31624
85765
8443
242
71874
41111
39051
10171
53937
87733
80044
51548
48915
87662
88521
20453
43319
35920
288
44819
49837
80762
22771
5283
91101
91022
52943
84690
40511
43996
16307
76640
39786
67598
89375
71078
67488
42588
64978
57412
282
46349
67695
5716
78543
34456
90411
85069
12847
13168
21432
97559
23398
36846
60407
23997
7479
3755
10447
83555
69315
32378
63372
60025
1803
3133
66049
50594
12808
64360
73028
38544
98139
66482
34379
1789
83021
92066
2027
69580
92363
89705
18121
63749
90928
83622
82564
1437
57898
68335
71787
80365
47506
8174
75255
66366
74087
37381
51154
17570
93774
5300
86205
7473
9462
30022
75073
6658
99427
21198
61784
71810
72109
92570
79216
32416
10772
44782
27419
17237
91589
85864
71690
61059
79297
95715
20087
427
86391
27517
61548
9876
81770
68162
65042
19695
8420
14577
92212
48726
15444
66079
48840
37247
88186
87052
32796
87338
44361
59418
9226
69509
93074
46815
924
39347
91046
56681
11410
76708
82488
26507
2286
25698
93862
85133
80032
50809
23032
91193
25420
20304
37252
83857
31280
3374
18278
97627
60304
92027
47580
48197
19713
7020
88965
77629
73075
37131
37809
46787
30676
51886
18577
