84692
78760
69167
59519
99835
73277
21140
96414
82950
89025
86773
39630
45222
27929
251
34704
50563
85584
55493
42694
43082
66806
71416
50287
40707
40992
37782
92829
25966
96339
22190
48347
45374
77095
91459
95543
40687
6484
81181
65752
60678
91845
87610
14404
88512
69413
82393
33247
65529
16626
34603
62009
44715
96020
59432
46076
84438
1376
29892
82556
79309
97562
71722
90614
94349
67508
72236
23460
78023
97977
49112
6724
20247
92532
31140
61718
54222
78499
90453
95273
96281
42572
81790
7238
52866
95843
71253
8414
20852
61429
97192
50791
12025
3103
54446
43767
72943
18020
58208
73599
33915
90920
39697
68408
97368
11296
45222
21828
53394
64796
86921
40244
54911
66712
147
87329
84835
72068
3702
20408
85367
14135
71697
68279
20684
37505
35165
5026
83452
29350
72397
34777
87506
69923
65456
78746
39421
28285
78920
61059
79058
83812
74127
11599
36988
49262
26686
4502
63229
60029
68228
77498
63979
60129
61631
92872
45389
31283
54663
98561
54862
40482
69010
9022
36271
88091
4297
24978
5090
60503
36140
92309
86229
9012
60915
65563
87012
55989
75648
82871
59175
17346
38888
73457
51717
74273
60562
36737
19598
73308
53190
32557
66160
12965
2720
13554
8798
69681
88868
59810
97046
89681
26169
6625
45225
80500
13267
84534
11767
76563
60556
31972
41613
64905
16657
57041
56595
69030
51735
83939
16224
72521
29368
74591
11313
46887
6410
33856
96537
40256
56393
75531
3562
76325
44593
57360
20302
13678
92039
48050
49179
23359
92558
61920
51498
6804
53194
11455
24908
21339
46431
46630
80150
35865
59851
82737
23065
50824
66500
34473
73587
37933
26857
75704
18723
66421
10519
91580
34680
56236
33049
34697
30987
85487
39577
56654
58846
98879
244
15708
10569
35581
1290
89788
21925
86348
8599
23942
89511
60356
75438
46415
81228
49600
1540
91768
99843
10514
2023
13539
42336
28914
45583
90500
77466
30054
7529
35384
76356
78410
94739
19195
821
6828
62960
35430
52763
66298
40680
92750
95122
55846
81772
98691
41337
33815
19125
26464
64413
50956
95162
29638
11949
25450
23684
50480
84772
19789
92937
44705
36773
20594
17903
92609
26567
1639
51636
15253
49802
94961
58791
73601
66321
23129
23533
9277
20112
11807
33455
61189
80163
60731
77273
83734
66927
12534
58050
10976
78859
46407
36205
80694
86044
96554
29485
40584
74697
86111
15795
56492
28787
9005
55795
15760
74126
96743
12497
32557
79413
45903
69214
45824
43562
33270
49515
81436
49648
5159
10236
34369
18845
21452
39855
25869
69022
11900
98279
15932
70614
77139
30807
65158
70992
17527
75885
64917
27935
98556
75632
4529
22968
18547
13865
32871
43422
70133
79999
3499
14508
28722
25449
14794
36705
92687
39105
22630
28965
98795
98165
5115
74948
6556
96586
58099
44793
22730
8508
204
29229
44483
97034
1214
4153
1542
28993
72485
22790
17241
74182
43602
1334
33495
31781
37693
96038
63446
5148
22055
74023
66677
8355
18014
61715
4745
49216
55847
92599
54912
70180
84545
96047
12705
41229
24518
65879
90323
10373
34117
98050
74081
38250
54068
93880
93608
15641
83464
26252
5299
57958
74445
54295
15831
64836
61060
10700
30548
13124
71679
74761
66941
42183
58213
62387
3812
82179
33713
6161
45543
23058
29661
3692
57360
19163
61778
75903
68591
78270
42903
42859
19215
45941
15518
15290
84434
36354
87643
62418
22280
60799
15008
34531
50506
37108
56717
11499
62920
71688
17102
36769
65103
49217
73071
67808
15543
21524
45403
59527
43794
18811
52119
44534
63344
89986
39555
80893
27099
49466
52517
35276
76430
15354
44846
6959
66199
69553
33919
66457
2965
44295
50845
20841
73602
82352
51982
29915
62344
87247
5908
94945
79790
82991
92191
4575
4286
33244
26588
63517
95886
94143
14600
86484
93650
22563
13098
30342
53657
78339
94326
87483
78703
20269
57702
65952
26005
56592
18304
29022
54724
12989
1500
11089
69024
53312
91023
74815
80193
55145
87656
87632
79982
10669
22934
51109
63845
2392
3580
80735
72633
4167
46509
61763
19068
71921
31773
96715
40090
66975
10997
19424
52719
28482
78780
12207
71234
90075
42398
61585
27883
23747
15746
35113
24767
54882
78585
40918
85625
59566
92578
6834
66514
64521
69024
49653
97107
29325
61255
86462
24234
94274
10724
39601
54007
63888
36690
26093
41120
87421
37791
41832
47607
14944
70324
97229
65531
50133
61029
83954
71795
25838
45604
48783
72177
37220
43649
93301
52738
43303
78384
65219
93847
25135
28939
64204
36325
97183
91773
74633
11925
17604
65931
72612
46691
13343
57506
69779
42307
30082
82120
47396
56412
84815
40183
38567
72238
59602
93222
32232
3690
19274
29978
35158
92632
16659
79078
14390
51375
27045
43371
17709
31341
40865
1548
32632
35336
75150
99887
37769
66836
80259
63736
78578
21429
45597
30869
97554
36315
29031
15545
69846
59707
66787
49708
23735
6134
97997
74106
65994
33494
22717
3780
29512
726
7410
45422
91654
73449
15187
50173
27957
68647
8247
17884
78679
9116
12076
69275
62381
2710
50723
73042
72029
51817
64499
97903
93510
70531
69396
5239
51325
92058
68832
14808
69823
77244
99234
75461
33898
17116
69103
69574
97693
69157
89465
94159
78594
87616
16770
50164
84785
42657
15605
64103
41389
13553
87279
53917
49791
17811
40417
73814
58180
96543
48039
68505
20905
41451
40163
6714
