19130
7725
34420
76578
5343
5140
87079
94407
43927
52991
94580
60212
45068
40990
2452
18097
47982
3775
57605
44684
81273
13874
79553
98342
73960
9039
20510
3786
29511
72202
52174
64024
11920
36867
8953
72547
66066
33246
52643
52813
6000
40430
96737
1612
5174
63207
90836
22993
32072
15439
77963
78039
52485
92216
14000
93215
16706
74402
29113
95384
57968
36081
91082
56991
20144
49538
52881
38303
38236
12417
93672
96998
96576
2408
76729
41616
27300
14827
96034
90638
9105
25743
51845
33066
31045
61951
83254
10281
1204
36019
62088
84298
45835
30952
95149
9985
25002
8718
32542
18300
63832
84411
47338
83499
19832
4687
85774
51590
39542
68777
97891
5099
95589
4670
91291
79236
78085
40262
65048
27795
47813
61970
5425
89641
45415
60431
31969
82995
46871
32795
67553
29986
64724
87561
87210
86147
22729
98810
45963
80874
1777
78766
79409
87650
80842
73170
27170
33615
48708
9537
88016
30293
17134
75007
95024
13995
5806
89537
98604
78577
97600
99881
37102
62036
6799
76415
59986
58896
34221
33448
47532
48941
33560
22460
78082
75936
16504
80973
64784
88217
14186
15824
52647
19481
10648
64369
7882
79327
9003
12768
99927
9425
13505
77888
26326
56339
55009
5150
65099
79243
93708
620
24713
49655
31317
33613
14359
29647
62937
52460
61561
28824
30314
80414
77673
2821
23033
15942
39983
73258
10023
66798
33498
91385
63720
8366
13524
94048
5738
42297
60928
90136
71765
21784
20127
65810
39754
29678
86735
8312
10079
97936
49767
5667
42110
17501
29446
94331
60224
56674
93939
81354
71041
42163
12776
26415
49466
57845
73050
16970
18498
99507
52479
89470
72766
30983
11909
52831
11018
88957
54078
64936
49273
3365
70071
53377
86758
88614
81129
96191
31111
77993
84997
4787
55883
97353
63955
51273
22346
66355
95579
44587
51602
50172
18960
52805
64371
53694
9460
93639
29586
46395
43232
79760
76736
51980
94268
7717
5001
54559
40176
20694
94765
63405
9447
78147
81283
85016
16364
19919
76395
30220
1037
28409
64276
46707
81731
3950
89731
56091
97297
18119
20192
56829
88883
2846
45209
6233
55636
53864
60006
94603
42413
19259
78022
73377
12689
63638
37018
51826
20521
95786
14529
81966
57211
9890
18679
35392
18187
71975
52188
6210
75084
94686
29016
61262
1876
38304
57080
15950
64605
88921
40252
90444
46050
44195
69258
74915
53984
89437
24369
65015
71424
92224
57418
96876
33115
46338
82187
78681
41150
96247
61858
17369
19013
50672
26654
65315
12005
62522
71905
64720
11690
73045
23712
14215
6484
77508
35067
55101
47336
59945
56860
10470
78201
88590
81873
88005
54524
62567
37316
55170
7716
89027
33317
47472
32315
3723
80122
72570
43713
65600
2935
35223
83340
43736
54715
64457
98437
79924
31629
77021
52208
33860
78277
60377
25059
55103
84423
51753
92680
24121
95757
26692
2783
88466
541
4853
61911
9647
37010
8970
61276
31837
73673
81581
95184
4510
1001
38096
68760
8553
45149
95751
30349
59460
11386
71555
86886
52431
85720
44459
2284
98259
82915
6189
15072
9043
86439
38653
22063
3315
23551
10519
1653
89585
98090
45094
72516
40940
55430
77902
50777
75950
57802
48825
83594
22162
67438
90292
94621
33340
33997
67982
37135
9375
67784
12423
86288
2026
54397
22205
90940
82733
48584
32001
21768
52898
34341
47149
12653
55966
90690
81070
97951
9847
3673
40374
49361
83899
36529
23386
49512
32447
28323
20327
27331
37676
9505
59792
89821
73807
39246
95700
67322
37639
76860
50072
31357
6931
86505
42287
96953
36705
80176
75952
87525
76731
70365
91906
4296
9695
51253
89991
30027
57723
24624
44991
41782
3469
12191
91483
11296
56838
50214
22812
93323
20053
19467
78532
37724
11873
58524
78618
89848
22469
32334
33124
95165
91613
93927
86196
44754
67850
13086
42584
83197
53295
2468
81797
16445
91702
85826
37597
82618
11650
7888
71791
49049
36288
76044
34676
84919
81802
5636
35795
90760
52096
57885
36226
