39504
21130
22305
80161
17464
10070
46390
57268
68694
7874
38930
78932
60017
66939
4507
48455
53926
7943
93975
86088
38084
58683
58091
11529
63043
38886
35084
35094
16936
44830
32248
84606
18257
47369
10208
60360
40630
56191
73561
5197
52630
21788
81496
53607
41085
5361
14641
67295
86918
76180
12883
32665
81901
61276
28725
74248
52904
35889
76259
42831
33157
52148
20302
11252
15322
10398
67639
65517
15207
78089
3434
24919
98398
25812
5832
22082
29076
73524
73090
79557
73414
23883
1971
30171
66959
51714
38272
26197
78938
66588
3844
6619
41436
92123
53289
95810
19049
49313
78379
67531
52327
35064
3856
16821
9656
90987
70263
64824
68669
83025
62717
46257
21064
10561
92664
50281
54317
74273
63995
29210
28092
37255
24899
68057
99930
63032
42125
69861
12809
85702
50268
23136
45317
16183
92291
83052
11328
97506
22616
3042
36924
66010
89355
42934
77415
73762
73977
99237
23310
69090
63618
1872
61740
36052
4643
36229
80313
84429
57667
80413
55387
62126
12439
55558
38551
8868
55185
67403
4911
46832
79905
22189
22798
53419
79081
73967
30171
70320
34040
95200
70565
49189
87663
4802
11128
31312
49250
29080
33197
35569
94579
34803
20792
43872
40665
42538
18878
78136
91190
76833
94256
12730
46241
52440
39059
51189
1801
84428
38119
51632
55534
37555
72989
83095
39918
76354
44481
78426
70125
52501
60856
74888
97021
74216
16377
46976
11241
25146
21070
11670
42501
91001
1234
47489
19617
3311
49257
35451
15891
69746
91982
87436
82679
46069
62579
31708
3903
8269
86869
59238
77639
31197
13448
12178
68188
6663
81392
3298
40762
68777
90110
30231
72776
14709
14101
90013
6325
12959
8559
56119
70048
58213
59680
18046
93859
32498
75253
29456
55031
78244
2995
40556
4144
47596
28085
13553
91237
72577
59403
57184
60810
1472
48642
98431
68232
42701
57907
10309
59340
89834
81955
78800
48165
88636
55255
49691
34571
13707
70354
98358
48489
38958
41760
49655
25557
34954
64404
9014
99529
20393
41427
52280
36089
39911
58493
64315
15635
74328
97568
66886
11192
1700
77923
2179
35790
12327
85615
85831
11523
75411
83966
71171
37837
15625
15027
64273
595
541
4073
60747
51358
55457
45355
52941
46194
58747
23657
99772
7703
67133
73949
25376
83777
87011
49270
63611
71262
53901
89953
84324
90359
14242
66238
20179
38554
52585
72655
76491
41089
71514
98337
94600
89563
31422
99722
63171
82261
10355
40021
10505
63965
21187
86652
11261
65132
40971
86914
17016
79284
85355
7956
13896
50549
49880
10848
30568
52250
35576
8974
35806
79349
78717
52652
90862
74740
11586
34681
76362
82473
73784
49802
96439
93127
31884
59466
9583
63029
91304
89773
62970
3472
66382
45973
46988
4485
77290
74324
25538
11465
99855
98675
67760
98895
79485
52453
52861
13637
3554
34595
26787
578
25063
31777
60133
17094
88022
44747
38903
22797
40416
55353
86846
74708
84109
77145
39977
72611
34069
82355
92804
4709
48583
14602
13265
42267
55098
5579
66384
75785
74424
5157
75643
84732
41079
4408
95561
38682
12998
58307
36444
99458
38030
49007
31591
42599
49179
30793
27146
35854
77395
29127
20628
94435
10616
17066
17743
96905
21818
86752
96443
60598
32309
8507
78238
2657
60344
66113
23579
85720
47306
55734
87475
39831
26910
72426
23875
57422
66686
63340
21372
87229
15713
78990
38925
3017
9238
73116
27553
72636
59298
98691
45652
50599
84341
80283
78991
63156
30856
87758
8057
21643
48380
4724
95968
79396
66336
