61510
67103
62152
56413
4894
66148
21823
68476
40332
42492
48717
70556
93854
51950
1488
15040
73739
91114
96949
62071
96368
96919
62271
48523
9874
60331
46698
35381
39389
99130
19678
22892
34607
18800
61829
21598
99981
24811
83669
85341
79598
64854
71777
18735
68567
73744
70325
17207
94659
86083
40680
91988
96495
35448
55113
60437
36608
56375
65590
30923
18792
36203
55947
76711
48084
23632
83858
47644
35737
13446
89187
23319
13787
13166
86435
60569
56398
53457
25320
38516
23956
20741
96923
36923
48023
2361
86345
53546
21371
83872
86004
24304
78020
45874
75750
90977
94592
54477
76047
76299
16027
66466
52905
45241
37607
40069
28334
2441
32738
20160
22886
33745
38710
73800
13888
15482
10192
879
84189
15095
3625
27102
92184
85766
29125
88850
58937
24084
76477
9821
69336
87747
20794
77527
53155
45424
14445
77257
15688
68683
12536
87278
25693
11372
29459
2175
61879
69458
48951
93985
57735
24853
94611
72785
62582
75919
21408
96056
63868
1529
12392
72122
16574
53787
67950
94851
8650
77252
28242
57514
7589
51757
57520
14695
85851
43036
79348
65324
65189
99035
32632
40291
51722
73615
9166
61774
3317
47682
67830
83986
99672
26034
40057
20475
16634
62108
23036
64382
40507
90158
41556
16505
93801
55218
25338
41753
21326
26753
25607
69921
31176
69541
39231
32438
64973
63614
33046
92125
91729
43654
74591
9434
64665
85575
11958
79122
68156
60981
80112
4495
56559
65745
45489
5522
12915
55899
67034
6210
75027
34458
13097
13114
12676
39902
13653
60239
5739
65662
40686
98705
80005
91821
78988
8101
54594
33238
25435
77067
23775
78783
57889
4686
56097
99760
10841
5069
4354
77555
16514
53325
3106
4180
53257
69205
93746
40724
37331
97749
8306
425
48292
14717
50400
46900
24133
96740
56554
74142
61448
23029
42447
81770
59237
72502
2945
9674
95
13048
3748
6007
64387
18530
29827
97697
37266
10217
25033
27230
47775
30985
60642
72870
87560
74003
29281
14308
72577
54527
9140
18693
62442
34652
86857
59436
9981
56246
96638
37544
93434
90545
40374
41566
85415
29188
53721
66621
70995
76592
38956
16040
77023
79789
73027
31431
43441
96806
67276
69650
71016
33212
81889
57076
49988
24664
20581
99347
68336
92342
38056
93765
61017
81851
18875
27361
39787
87306
1522
85280
48520
50493
4207
15754
81642
14698
24405
63950
68968
5197
42983
1463
97937
67320
5464
38166
32152
66531
54096
67185
46574
51987
17109
51149
37260
18758
61289
47875
16467
59773
81695
4778
6589
48274
14629
70682
20909
10394
96003
60681
33012
15834
25081
25798
84912
73400
2040
97601
19510
99646
97988
30656
23028
19104
70316
66364
48483
24661
63903
89531
99034
2218
84448
69441
59202
75684
86377
87941
79393
21995
67391
10595
74014
8721
73255
64722
47156
36530
49230
87290
41221
91061
17745
30564
79001
20801
96525
45762
97668
52107
43270
24429
67959
46898
85339
50769
45411
99574
80976
20446
37579
81482
19022
6345
44799
10776
21779
35640
89081
29180
9773
57853
104
54040
17541
9205
8916
60483
13881
92344
81482
31180
37146
2105
77894
22406
66841
68187
