10461
13666
82823
66744
32145
42168
5487
23053
50113
27307
33743
7491
9022
30940
97704
61514
38374
37326
27400
94054
17547
17445
89683
57650
91073
16512
8922
62928
4066
39328
74114
94490
47208
2017
13376
8569
16439
95331
82118
15901
48352
28996
32052
83205
80472
52066
41599
43495
99480
6913
98500
30605
74459
87042
65499
9268
73874
62468
70208
54149
57948
98857
25095
57066
73936
8427
29980
56358
75884
49236
78825
67731
24226
52094
16342
59955
40520
94594
92737
85371
77356
81335
45828
12990
18141
99891
12619
81089
13997
47732
11157
25191
75603
25134
20447
45703
4549
61788
39318
3913
68518
49387
29330
30818
46937
46581
60105
59039
36432
5372
85039
94865
50431
60986
67902
90176
32579
36004
2142
14507
21784
17200
70678
43364
94531
31786
17577
15393
2528
92913
30524
12331
55779
48408
64360
65573
48802
84069
2229
73587
43166
73024
73422
72203
74597
6631
45609
23629
33812
68720
44186
12773
68917
54491
1101
16394
29354
47254
67415
1289
66705
77529
79571
11765
33529
13180
11668
99730
97528
91470
86924
86837
25671
36315
36114
57245
92663
38076
21135
7770
99116
78706
61243
71177
35373
5310
46356
91543
12291
79404
97606
12280
82817
65674
39995
79479
51820
13672
89287
88431
6902
5777
91497
46762
2730
91939
70683
28425
26133
3790
2400
49391
82344
2025
39587
13248
58988
79088
93143
95535
99244
37194
1750
27781
11672
64365
54964
60264
32497
58173
87697
73098
11923
98333
27819
43384
29010
67470
26716
13001
2167
26824
13923
96831
89714
66457
99449
78600
79572
20012
34897
94511
91315
76567
14819
62381
6673
61459
11574
32454
45146
45430
21293
70602
66230
97880
10691
83777
92909
76149
87782
9999
47291
97596
37145
82809
32014
50803
27345
70733
68071
26196
65179
23154
49689
99690
36632
61872
48853
51636
15967
59202
81727
33547
15247
57294
18302
3881
29040
57575
25547
56170
28324
36595
41778
38899
59672
69772
18383
60746
27446
81208
19973
85059
35730
