5340
60818
35968
99225
24769
79020
41123
27731
62631
13724
62708
92434
85301
14635
61915
70061
77198
26453
81645
62144
19630
18972
51932
93470
95469
90635
43735
30060
7269
66111
86143
61556
33687
56963
42116
26667
84286
55166
41589
60485
46148
83183
15542
8078
76638
5142
28731
77976
2131
26587
41646
26688
30629
62674
21714
34097
61089
93536
4465
47828
20131
37214
37918
70397
27076
63482
6111
14193
39897
34356
6214
37056
76660
89762
82333
19246
66622
79874
6210
73195
54616
1451
88986
45143
3451
5212
5893
50382
47523
1199
55272
34112
1943
68965
58258
5636
31863
6172
35982
32057
73968
37353
82549
53045
98426
91060
88035
60506
98956
1439
98985
89109
97487
10095
62396
56320
40671
34582
8496
1206
83661
45758
29452
95055
38403
21609
75271
42421
53872
1668
33796
3228
53568
91233
9815
57880
58105
45401
40997
14925
