95750
23154
36770
83416
34487
13962
63252
37602
64126
25099
35077
29453
6718
8629
26902
39156
85267
34434
26373
49544
62453
6797
39428
51861
94826
91295
35314
12104
30198
22567
71437
99864
60168
10554
88037
87362
44567
9982
65182
73330
12140
34287
50898
26076
52405
45261
81897
92602
10941
88668
89728
9933
53190
35732
31039
62046
77081
57224
40541
55681
4281
50362
1950
76474
53392
29266
71132
69885
12636
69838
34923
28291
78452
6031
65303
12727
94746
46948
31599
79187
46658
54877
89251
89683
53113
51770
67669
75309
71038
95325
72270
4121
74293
99208
24214
59648
81057
78447
8964
67886
17718
86485
1284
90293
8331
27006
81205
60608
5164
91560
4063
87069
17378
64390
65088
95516
91516
63442
29407
25649
76836
42430
93588
74803
73328
87791
54460
84940
36191
47146
53753
2570
5032
80177
91722
23011
45893
4514
64611
85164
99896
95773
4316
42744
76060
96675
57067
1125
23318
5110
90377
22372
1031
30638
15302
71660
49091
55962
20197
46518
11932
39840
75722
18774
27911
85167
49661
31412
23000
53068
89646
36242
9075
33975
1233
23767
41736
39141
26571
71233
72495
82220
20909
7956
21979
89624
63497
58842
19294
71402
18550
72570
45205
36701
21310
53939
28773
77358
21417
56072
72331
32388
27125
77782
34202
23304
68064
21232
46132
22376
63445
91885
65506
23000
54703
67889
82196
21089
29051
41808
51388
56576
44160
83919
84817
78575
70880
43023
76094
76351
92731
71648
54371
82640
84223
85373
9788
13387
963
96735
65405
32444
79624
132
22092
95503
58819
42462
45286
2331
81503
82215
48943
65381
28799
18198
55642
41539
25230
38783
16380
97516
90203
95396
62568
49554
27654
72200
34372
68171
12054
91279
76597
27981
58381
87563
25038
350
92178
75952
82960
63892
1339
7145
94447
12698
14832
76088
64365
44826
66214
21362
22791
41016
33366
70330
96979
67256
42206
40420
15499
94210
28289
47967
53194
7010
24598
13077
79023
88117
33226
19226
32577
10306
10969
59994
89943
29253
40084
77072
10117
29967
46924
24672
50814
1292
16456
76401
38163
96522
88136
58625
79000
10618
52707
27676
47980
68655
55473
14678
97077
14343
56411
76217
32769
30559
99204
61515
44658
49017
2912
44243
76365
19775
61805
18129
98158
81440
22741
2331
86145
97278
98462
90776
13047
82894
57804
76204
15928
5139
71464
63365
35748
111
70664
14737
86356
37993
38194
12300
22986
16172
98645
69867
19963
9018
69416
39688
21393
52093
94245
23548
62212
58350
64611
88420
32767
3144
48638
27191
84978
71939
32675
56362
49033
80327
19527
87055
86489
76026
23552
36917
52307
95216
33253
62433
78060
13020
30346
8817
82977
51756
45341
28744
88409
37565
40249
42933
59062
17646
79497
64677
84141
9796
