81873
89908
31360
50221
35163
70886
36695
25571
65331
84429
56159
33079
50241
80246
48193
62123
73055
91641
54768
52081
4061
55297
52882
60145
20740
80192
48594
90528
45976
89822
84495
54097
74766
54076
31301
65629
89497
21128
86176
9651
14373
60008
19884
88393
77815
93139
31213
82239
45975
77374
86796
39392
37595
41061
98614
45870
23048
68126
50593
87950
34575
92723
36400
63008
42626
97159
88020
97989
40080
7678
43473
30938
71395
97241
71085
84910
30331
62748
77072
13699
34813
87481
48838
98380
18912
48778
92783
52129
5457
17034
95500
11836
34274
22097
71457
33052
92116
44816
8370
80407
50215
31020
36999
23354
5860
91534
60224
47564
83953
56758
2284
1097
44284
66483
50936
56829
90520
20552
17841
55842
10541
60126
1738
13099
51222
57014
6654
35281
50641
96125
21192
65107
24973
6243
25083
65361
95278
82744
32593
82709
36302
5473
91245
6057
2147
83758
68135
13090
7043
67881
45410
82552
12592
29992
65274
19291
26584
93717
49813
76956
51670
95324
62354
45745
22348
89490
8124
38359
75528
56849
40419
11984
20586
85941
68193
87429
72442
96864
34933
7004
17535
2442
49335
46041
83974
1348
71638
76755
71999
48116
58223
17166
341
37513
65644
37263
57580
15024
1393
12851
91826
63050
55485
11358
94308
78334
17685
29998
64706
80585
41082
51912
51011
9623
44110
35777
87332
32049
39542
70613
56655
70110
94910
91867
59115
15901
39747
3197
44001
97386
2892
6438
16043
31738
13079
12075
37963
32304
28059
75006
84432
3905
45125
98314
4698
61109
32118
92259
45277
42139
13438
50237
14582
72459
84592
90179
81072
30985
57160
64862
94313
66424
54415
21262
47130
95503
58101
67294
80719
98252
73471
81762
30247
45600
69391
13390
50151
59117
42612
65065
8602
71037
78689
88702
65011
13435
2441
26464
66317
54100
33934
19215
34219
98222
69641
18264
57587
30571
98993
18707
10640
31989
25119
68665
17212
74610
36663
77971
24138
86762
56808
48799
38724
24901
98594
7760
32756
11478
14512
3970
34975
8845
65995
43119
87892
47207
77446
97878
83420
890
59481
72169
510
81029
6211
89830
25030
65005
3974
88631
79308
93843
64965
26962
43804
96518
22828
67860
81510
96325
83049
66539
93590
17796
2472
56748
40689
48311
32273
96156
32847
53237
27395
25538
9442
97336
74698
6698
78564
78535
91421
66333
15517
85443
99311
57656
96040
88175
11943
32632
24978
98042
31801
60185
2672
9669
4889
69012
40566
73020
4218
1924
36776
76302
64419
64610
60612
79008
37436
64719
5195
22986
22415
26336
16231
85176
97447
33158
