36692
62469
76146
38715
60145
30844
82323
59505
61982
95204
44234
14387
558
78497
49135
94135
80224
82662
50266
99801
99635
1112
97598
71150
75037
10457
48031
41161
82710
62814
89734
4271
83382
51165
7998
31771
67321
23618
40065
58698
5510
7702
43017
66562
78699
45124
71322
70330
5032
85410
37885
20730
99373
12689
60723
39192
88845
73349
39988
52233
57846
80104
71981
45576
80870
35589
37383
74078
91754
61761
91540
61443
38931
3143
24778
34244
22150
77012
91754
59283
33520
61237
84436
75761
80406
35214
25695
43839
74513
4173
34355
94514
35447
44460
24352
82206
87682
16101
5574
86368
33437
65610
66210
63407
46009
56924
91546
69107
38514
87761
45318
46746
34198
46273
94232
287
36343
7564
35757
50544
71644
80198
46405
10339
74612
61574
49596
40319
24264
1646
73994
77035
83410
31121
41780
81520
61851
94115
43542
98016
91594
67370
45676
61565
99366
93555
26742
37175
87212
24076
33773
15561
39692
90567
9370
85203
65145
65609
63431
54338
30559
90263
5897
16698
32971
22897
27164
37298
52611
1518
18434
23732
52117
11026
10610
16917
20744
44518
97138
37350
29004
63575
75734
27910
67533
95026
52622
84255
28481
74599
44722
26869
79174
38139
93589
96652
74218
35606
22167
57959
82657
76897
72497
26418
93724
64576
94467
45872
57397
48016
75671
65784
90152
38902
1106
96592
70763
83870
63586
60619
97697
34300
70552
26177
44696
82270
67351
35436
51028
2149
18863
20343
7444
19805
55154
52528
15289
63941
17809
10664
32911
24546
38064
33385
95159
80799
37229
94879
71673
63258
48073
33158
69784
27554
92288
37530
48093
70269
75856
68962
4607
40407
8499
51249
23122
10626
92533
55493
41545
20180
68384
95713
86781
75604
30138
12555
4184
19579
59883
19925
79539
66732
23579
78500
3695
9822
82728
62056
37061
73768
71175
6486
12488
82674
59770
21695
22941
60631
90499
67712
7662
72179
65590
41824
11469
67737
17984
61642
92544
42670
38747
3747
82535
16790
80368
8756
62367
69188
99895
70317
77663
36433
16503
71234
92315
88515
15826
93554
1730
81867
99284
15849
69514
87693
99215
42589
81849
87116
7554
66709
47474
72245
83214
27353
13811
15604
51576
15158
67237
17740
59953
5612
22903
17437
59916
82201
1465
22135
8466
88245
76105
55004
32126
25457
52662
66921
9358
82236
90456
48304
22638
75357
86815
44594
64105
79570
94348
56721
86856
48205
66411
38168
79563
69837
8894
86225
37391
19153
94579
42058
43169
14444
63473
64491
72150
83791
30894
16669
61100
80808
93278
74221
83950
4776
80914
72792
73569
39598
11603
5304
42615
5543
61505
88446
54766
20681
87612
42305
94419
51265
78383
41895
11235
21274
51547
17834
37950
4223
74916
71343
27095
81415
5140
95881
21801
97674
50929
44614
1710
51444
92253
39191
73730
34417
39429
61234
24479
4225
14711
54149
55720
63201
79822
25237
48380
92646
41082
51459
48126
35637
34132
41831
31488
12870
1160
7278
31405
3687
72642
62069
60847
25819
23075
10763
99048
35959
39412
75752
20580
88891
33850
3628
81482
16733
31543
30241
55615
87365
90080
28528
61251
15575
60181
25747
24750
60179
96866
71391
23175
2685
40623
32403
79828
22498
21087
2223
69733
63026
41518
77902
57515
29984
33983
46589
96186
46022
72853
92814
68825
3922
29285
85479
98300
75965
98253
84292
45907
30165
75273
73373
46363
94039
57474
37823
71463
38575
16111
71377
88102
81069
76925
33580
69978
76796
70178
50043
51168
53326
19717
79984
49993
8243
38929
59702
84826
20221
46999
92631
93103
24026
91252
22746
91110
32428
4005
12770
22824
88997
14678
88175
3262
30917
7554
63314
86383
90657
20784
12925
29316
7649
60062
36378
97460
54541
37130
32846
25521
25780
75973
37596
61994
96428
12303
82829
54102
56937
8773
58261
70959
72552
39313
21712
13973
51128
81131
23246
96709
32272
76098
40958
63478
44703
2938
82738
36096
48087
73801
41078
77761
83084
51439
17569
79311
36623
3127
67897
8884
15341
41325
32548
27596
2194
88296
42295
31244
6764
87460
99432
93828
19303
13637
99469
19254
98570
1749
7458
47498
84026
78168
23578
61179
97420
79686
44119
94884
58487
59327
75671
55612
43641
54225
39396
12287
11403
44686
10998
47010
70808
35000
37033
3612
14780
3526
68980
9695
46465
15169
50692
55572
77630
85762
59886
74038
18650
46368
84728
77903
65616
71597
