5645
73737
57428
71461
12323
12062
20003
83829
73201
44021
36529
21942
80792
23265
7373
24772
29361
57945
58967
29604
38980
17672
6924
82593
88768
73968
47174
23009
11041
66745
54111
16124
87387
70515
14640
58160
69164
9206
22315
40022
34633
55504
25714
67413
72826
50615
65411
23174
84049
57074
7206
12806
30769
25993
56063
17635
82777
83450
91005
63542
19819
93590
17011
9232
69535
38081
11755
70668
77580
42717
19806
77700
60281
11980
51510
7113
44498
49633
62251
19290
9741
11240
11597
16004
83300
73259
17633
60989
8552
36907
73305
2383
55006
54210
85636
44199
39997
18672
19369
36248
874
93309
98303
14624
81772
99024
31693
47042
11755
69073
70178
50352
46910
99738
36398
24288
98883
66507
54086
91912
5192
68555
63947
15759
58700
35761
14407
33147
95188
77348
44275
3465
50347
53573
66921
11764
16949
63531
37354
95290
83411
48328
27607
79821
4164
82886
25313
25601
75673
515
68009
90884
36258
70868
33527
72581
33085
45997
58237
54871
92354
33480
79181
50351
29778
63518
16347
39150
71399
64848
73422
57045
25361
25804
77899
13320
75558
57412
86890
19424
49185
26016
47415
85811
73550
8103
97051
86280
57628
16435
26208
66680
60818
42117
35309
28310
94564
83066
42068
20880
29846
17962
87173
64533
68139
68291
29909
76659
58926
36599
9837
30966
30234
28913
22110
95519
41543
92446
85310
54889
84848
95238
16885
81733
39742
25187
14789
50214
15972
42448
96565
5116
93243
89293
99587
98649
41488
61725
80006
14366
52508
82598
71490
88928
68748
17308
910
99658
1589
12521
46607
94019
16549
33387
23581
26043
95762
12155
82279
23021
14117
69811
74330
32152
71833
57794
14228
36173
48513
40063
19171
218
74145
22255
32182
69120
55699
840
19690
25501
84868
29381
96445
99844
15393
15835
33458
10692
9286
66636
22815
49616
71365
88552
48929
32463
85304
50448
52525
68894
68471
62779
95090
28897
68803
43466
19684
22273
40902
21863
38798
59811
9413
11460
11501
94892
90399
89286
76695
65991
75599
45623
62290
73433
48536
13038
23464
54136
42426
37552
16853
41462
36304
54147
24747
15556
47319
63206
75315
83561
66719
12227
528
81972
63012
3478
69229
97203
32087
71736
24832
38886
43545
40597
1849
91489
6908
1379
78194
68015
97555
56850
44726
97232
30195
81109
50003
80669
61094
76117
51746
68507
58730
37273
29564
71074
3908
95369
5141
13064
65631
31398
752
48190
14188
56717
11281
6168
65860
66631
25840
78038
41377
629
83369
31081
60168
5626
58691
82690
32578
26453
86583
49334
31028
81342
74783
34818
75916
86384
11836
27808
58731
65900
42178
73101
62633
44814
70264
83455
81220
25932
33490
45389
31511
95568
62235
47446
97288
62618
82728
59121
23544
97333
23239
72051
24689
45646
53387
53474
6574
85703
61300
38803
46579
29410
80988
27919
25420
25208
58831
46150
21452
35327
18104
75783
36934
39153
26147
50599
86014
89909
51848
76690
83217
79336
61494
95036
14021
