92558
74546
48258
49311
47587
71565
49868
13714
90994
87593
26728
1415
82343
96034
94797
95135
78853
32659
92302
64062
56756
64078
20462
3539
90675
28005
76186
13996
35119
24859
91656
15048
17454
45823
28599
46173
7698
88249
51967
77093
65636
12916
72049
82107
22232
53708
46376
13482
84978
82135
104
58976
78426
69484
79557
76781
11439
63383
41458
63425
47956
76868
73800
12249
71472
86441
59544
22727
65044
52484
72832
47515
61073
23790
23060
54793
84687
81611
90604
30653
75747
33557
80763
31591
35217
82739
43854
28342
29795
55089
56646
15427
82064
8276
97909
4220
30388
13403
61737
83220
32497
71382
70868
32638
29887
96323
43342
35878
81109
48083
14447
11107
69239
63943
57818
18684
11757
98158
90907
30850
82532
69344
32526
51492
95943
67811
59826
62331
60316
1971
40823
89890
30557
61103
22407
82391
94311
38725
29028
58468
38448
78972
39644
71693
10597
339
1840
29558
63766
76144
15232
7317
88198
94333
97964
18733
47240
46424
21381
41463
57213
44194
48806
53520
81718
90778
50302
2763
39137
50831
87981
50867
3835
59417
86642
38297
40552
36669
81403
1238
15576
85223
94057
59540
57141
38917
53202
47130
98237
17402
75794
33073
47123
77811
19149
25579
91765
51088
9016
34231
98410
22107
44559
85852
70632
68435
54129
19687
83037
60829
14902
60828
4810
42849
51749
13503
48396
65634
84365
69582
31647
83093
5717
95682
75906
14942
37126
66545
89998
39733
75515
46668
27349
53256
41969
55396
9763
80738
21036
52235
89868
66964
31155
12590
98022
7099
20429
49066
32996
57745
90290
53529
33645
54935
63059
2584
29856
74140
36887
44297
77386
91791
82371
56679
72238
64309
44
53273
35880
25491
12032
27790
61872
45518
3382
52541
28380
69606
35038
69538
93040
70106
31239
18804
34257
51214
24993
48322
31343
65026
58703
86264
88295
27610
26892
64500
22215
68263
60706
49490
59771
35620
54975
33619
20811
67181
79849
73960
1692
45989
17070
94634
63595
15184
3240
61612
81333
12732
79148
89918
6075
99805
68377
76431
32503
70448
89344
60368
69123
17288
50619
31334
18579
49918
50595
18754
93619
6388
75051
41407
9774
74176
35316
44499
78259
48557
70198
76736
54136
32926
76986
63114
31932
63433
81488
21992
9562
17340
32968
80494
15966
40981
48601
8796
31876
21888
59422
79313
64094
87613
67017
24983
75070
66174
54448
74868
64652
66891
96239
30768
12033
32109
44423
88537
86528
33502
50060
28824
32589
5293
56579
86553
45193
45483
11147
51344
13559
88554
79204
33781
42249
55023
49476
24921
41750
79391
81517
14488
93190
97937
76741
50655
35852
55182
11729
37164
99495
63921
89002
417
10948
10688
34842
79196
4990
69562
89403
48770
60540
71277
17889
51622
80765
80364
26098
12862
68017
20658
95863
18318
70016
18910
14312
39823
92973
47872
69953
64930
41461
17719
4514
64350
4952
38236
22721
63169
51403
9472
90479
36496
75855
52700
8545
19229
71123
20759
91624
66029
15308
81352
30114
17914
76988
99013
56306
98365
72048
65481
9662
96884
81767
9316
71874
49960
55675
97552
3774
34370
35298
40191
73365
175
52308
7901
95471
25340
87519
88545
28874
82256
26340
95021
62934
661
18170
81682
92014
20281
61985
52144
60566
96472
55459
79809
8590
71944
28356
71592
1898
7512
65390
72587
30443
36620
61763
24916
56955
20069
90
23769
73279
62736
67142
22993
31013
31530
20121
68540
22353
88933
53569
10702
75834
3919
79634
70289
11451
61932
63067
41524
80749
8741
15083
1231
94134
60748
64029
1981
94813
61639
43074
31772
84189
13859
20655
41462
25461
8540
33573
55800
98313
95255
95000
16493
1546
95223
58402
30587
60524
3819
98135
97585
54616
5896
2447
28966
16726
17003
74714
71725
42682
41559
60837
63293
30444
57281
95218
71847
1571
19023
8551
12146
40357
69388
69449
91779
86355
13850
83581
96566
24924
89077
75242
51339
25971
83398
22238
50830
77713
73290
49654
10442
96027
63846
18014
66162
44517
84162
60852
10940
67522
929
15474
72264
5209
47110
56902
20387
34194
87277
9766
45128
48189
95025
33827
9408
17860
72172
57479
18279
6230
12407
31198
25129
32327
9130
41986
36492
99888
54852
74367
39994
59379
49626
43646
29880
88888
97819
90501
99018
45662
17905
20251
57497
26319
41496
8965
79337
70658
12629
52294
82038
67519
57985
28170
39178
54342
93450
62159
72466
99836
84109
69441
54179
54731
38879
26284
49379
93992
74157
15220
1578
22821
41621
3292
33597
48150
37552
25704
97549
50364
41581
31216
36501
50075
91316
91621
27755
69219
20203
39239
79572
22773
41429
72068
3078
36847
63622
59722
10146
17229
71230
31987
95244
10003
18334
31865
44458
79382
26612
52817
74850
65200
81195
958
5285
25272
37618
28021
34624
15375
7386
31920
71539
19612
10657
12843
50724
94577
98254
99863
40336
6953
59710
13790
65665
89303
58828
98025
42978
15957
