97435
36753
76
85099
10043
98392
18582
6597
73565
63620
29602
13276
21268
47927
83829
74606
68208
43245
95509
65787
48336
56588
48876
30995
28788
35939
16784
80358
26823
8634
16745
27195
56562
8623
27875
91525
11122
34315
22518
58960
6921
31535
2004
82649
43038
15936
30790
71192
80131
26021
18278
94714
1937
55725
38000
52231
23104
97017
15514
43506
80380
97660
11035
61486
62937
53465
64167
24107
66858
41003
13926
48056
57151
5530
48020
53274
55029
45844
76016
61204
30194
51064
2740
62958
94969
89246
11220
73634
32853
54231
30475
83299
68342
85598
89727
84542
52529
23142
48957
92192
20207
11556
28194
42633
6241
1169
51649
43214
77266
62301
52914
91479
34332
1074
51915
11549
7030
53520
78009
55019
68941
48467
60744
86074
93538
36878
85271
8451
45006
86880
46075
52947
45933
76319
57885
37051
93380
83004
10536
77330
37171
13274
99748
5854
93633
40877
5026
83588
18107
19927
15289
57655
79814
84033
90992
59179
91944
51855
98905
37853
85366
4357
28383
14987
83212
98121
67559
27484
9872
16420
67092
87284
28689
61820
71061
83779
31999
94247
60805
21543
66366
76835
20298
44182
49632
48349
81874
3567
56877
10430
697
22650
73749
51359
59467
32163
49547
12655
95404
96451
725
90101
70682
17118
93493
80784
90558
60563
52006
36669
83732
33731
8159
33635
92310
99899
52914
1168
43883
18266
90105
43774
87985
18275
51960
63618
86093
15789
57920
36653
11093
49113
18958
26964
79210
47162
30185
9324
13936
23889
3481
14744
94671
81522
89174
92534
61723
45624
82019
53889
78433
78293
23116
6451
32494
19729
87235
15313
68343
98940
22191
64934
13407
31452
8680
89149
80892
8139
99176
98626
55333
47796
86727
79265
57184
70656
76012
135
80296
89418
93359
40033
22123
14216
33494
27567
4593
2569
80351
9991
12533
40496
98028
7240
85892
45845
99032
74378
38765
3505
11356
56237
39070
26717
18161
25032
97415
1954
50269
49504
82973
74956
38718
22596
62933
86113
49962
84707
23821
46158
51170
82090
47397
80664
80959
34395
57731
58076
48432
70374
30330
39464
52152
87868
50671
4947
45259
40645
96382
41971
81417
33448
41751
95133
43469
63474
76200
52680
69353
71493
36457
24042
59553
74894
1641
84523
23885
27804
96951
93447
18204
43093
44784
59102
95360
57493
47462
66744
29739
20605
7971
79870
30740
41149
76934
92367
61238
99816
47514
44862
82725
13316
98642
17182
73344
51793
66053
17029
97634
71259
16400
39793
76983
14114
13301
45191
10604
26149
71787
85114
64636
9483
84155
49525
38520
84056
86265
14629
65422
14361
68059
37247
87822
70544
97151
60106
70686
77817
21652
2297
5788
83597
68080
86488
51156
49078
25445
45647
74041
68543
73461
17533
80764
50200
92618
85513
76274
89005
49053
13072
93284
78494
1360
61168
14214
90527
32495
29133
29886
75110
36475
18772
1653
89041
69367
6083
42196
66894
59662
13003
37565
32778
90116
33781
36096
53168
68133
80055
33425
55574
99745
58935
98286
35849
5756
37445
13993
78047
85541
39842
8961
12375
85958
55736
25224
38660
40304
63067
33198
50849
95803
3072
43445
65351
14684
87744
66467
68509
92131
87940
50838
6375
41372
25589
72748
36131
30972
26801
34219
9498
41900
96657
64157
54715
62971
19408
90473
33969
4520
71859
86
61867
61990
26878
28057
47253
51434
27434
71758
5686
75426
40899
77834
7201
24267
43772
62984
47120
21878
97502
67706
94463
83304
39088
34585
59596
98275
55248
26603
13468
57685
88000
61460
33574
58870
584
19220
23444
21081
99239
50824
77031
18566
40547
51686
65176
85290
17254
78898
3833
20869
36726
30964
96924
51472
63618
97098
71075
14562
44604
35107
27624
68395
78645
37885
18842
72458
60687
34310
35735
75889
26186
97820
5938
9917
79403
88753
16734
42075
40643
73697
92847
34950
81907
69191
63826
89355
41978
3495
38790
26930
95081
66499
20236
6348
91854
42268
72099
31963
92266
55601
51416
28302
65958
14667
8731
44318
38771
14925
35924
55845
65809
14215
8721
71008
87070
37308
12211
38479
2209
30007
21112
23817
86767
