7744
55275
78664
54497
1138
32403
76584
13238
98244
37610
90991
26338
46229
56363
57085
93251
10722
442
44145
19339
18349
85053
44519
13794
41840
86056
92112
77353
26330
11406
94349
70881
65022
89356
56229
20654
20520
82957
10940
69282
83780
51112
22677
24561
91033
37235
97065
7955
99709
59386
61871
32295
70292
57349
38982
59358
3491
87660
51099
98829
67593
92047
80299
35261
15412
24889
2865
58141
52617
5519
58334
85058
24394
88463
49759
69302
14534
74808
63684
4706
93467
46576
87226
52848
88553
63615
49969
3127
61556
36969
23910
42988
84535
26864
86650
72102
76348
43060
93384
56315
51307
83504
4685
50542
34236
82186
55208
46170
60323
24246
95150
38518
59164
43482
87465
74543
1439
90264
16548
26474
36254
99865
70099
18854
75630
68514
72915
47295
60095
84769
71351
66104
76686
13510
64333
13811
19363
29175
32395
56895
5844
26049
1141
81628
83503
92915
78248
77151
34791
13451
65867
91108
8052
29565
79996
56989
85435
66294
67717
79104
62262
6530
46093
64091
49085
45947
6662
78066
12892
84062
88336
17308
94475
83519
65093
81060
39000
56294
12943
31384
66430
54199
88602
88308
