63774
16203
15489
20164
90959
96814
91562
29186
10212
34902
85449
94644
32606
26
51296
2939
96379
80155
17041
9249
47820
79831
72441
76869
95348
62089
4042
41982
74302
61160
88282
2821
11694
43996
18991
80947
36851
38727
75260
52182
99089
25299
95717
63607
3144
54223
5709
60495
10535
68654
27532
24775
86076
33372
77375
91922
83491
83522
11032
7874
42241
32568
56628
21808
18325
90088
58503
35605
4281
54651
97815
23749
39529
38990
82662
55038
98390
92199
40099
25780
70566
58139
14275
15049
23419
3924
50976
29303
82890
78940
9371
7778
25355
35842
77332
81265
84022
4569
94836
50970
35037
49691
39515
6127
86236
27644
97555
55476
59845
88498
37097
80459
22665
24337
20335
59597
13141
63892
1154
2853
62160
88558
41526
8648
54111
23618
34817
62611
72144
82791
22583
54427
35282
66332
3079
58743
66892
16730
75622
40130
53345
48711
55061
77560
8648
55628
15641
71130
49006
22433
17079
39831
18408
82927
9813
25783
21635
7974
16805
36485
96030
22095
40619
61014
31584
17431
52180
59316
89724
36149
41230
39875
69327
39084
73664
29991
39763
85027
6596
69476
48279
1381
14447
3663
63649
7719
35677
3764
59677
54022
22673
52039
96119
20516
15614
20350
14406
20448
61972
32150
38570
35347
67172
18977
41031
85419
84259
93062
32349
70918
86705
1477
36074
72830
13087
52650
67100
12859
18268
27016
41752
484
41624
48635
84621
72025
81228
59418
15696
98645
76433
67015
86326
31010
78125
6254
17820
93856
85305
76083
78244
3003
85249
35311
52112
14128
54410
42984
19326
6627
85347
82663
72833
62704
36458
27038
25371
96173
18777
81098
63359
41188
34248
96041
12113
86040
29312
35732
33018
27951
69667
49842
77377
30458
1864
35248
96014
60307
41067
89669
22266
13169
33084
31016
68603
75164
44269
10433
47505
97549
46937
54338
27206
39473
4577
30982
95488
20782
73252
11652
42030
79084
26145
5757
66564
333
7645
93357
347
46615
41871
2134
78015
50145
58140
28915
69637
58737
54862
45370
14356
84549
63279
1228
44310
4340
56108
81109
51854
89356
61753
46872
51198
52354
84782
88780
83166
25942
2150
37338
28446
89371
9306
5493
27582
68812
91992
64906
46716
27915
58835
14860
44310
96695
91075
52466
67216
62657
51044
65465
28822
8045
15943
53849
5601
40413
11369
83938
99480
7960
85102
55038
95982
18019
40341
99137
38085
84398
38647
28376
3915
98923
47387
4884
94853
41101
59228
19029
12689
67111
334
13906
23585
84608
66722
55661
69486
13705
41918
95266
83234
71299
91835
27138
3057
83667
44702
82787
59779
76832
78133
44887
99279
33168
38550
95266
89895
23109
87525
84268
41254
39829
84376
64547
8948
93957
76751
20161
33883
57492
39748
23098
5133
75037
12582
73696
63568
52085
62396
59048
81591
63038
48069
70591
90938
40806
13806
29850
78879
72085
91878
33844
2251
33049
34314
98792
36385
11585
4334
51742
98397
3760
98117
4086
82332
1829
55582
31349
72074
6259
4737
13067
11329
6850
31351
98043
48642
3196
14204
33024
13430
25387
71172
54117
14225
74100
56547
56451
35650
56877
99360
87884
16679
29675
38994
54114
68737
23858
76173
98425
79361
78503
57231
54602
74252
20686
71520
98395
65759
76925
35764
69020
90682
33564
92104
40780
78775
22973
3678
29310
5322
56097
99035
30443
36018
33353
43307
40895
96995
40234
1332
693
56912
95790
93335
35953
47199
58070
51994
35439
10428
60809
87700
28980
57501
98136
19086
67843
7080
89553
60228
28987
76793
23408
6527
4882
51867
9259
23676
20774
48469
99469
21893
53110
91867
64285
96613
17061
41611
36761
19925
75864
96588
91322
96399
16201
86591
90576
67185
39469
41982
78600
88561
91164
47610
54186
74486
51191
45562
38507
78598
56250
63712
82159
8844
51499
21981
31272
81299
39244
63568
52086
75550
34607
27454
16313
69966
75296
58823
8735
7275
68202
30819
55181
95335
39190
55223
162
35084
37131
43070
53335
73014
10638
91440
88380
50808
13283
47722
43431
25699
22381
48293
32506
9483
86678
44154
70116
6991
97146
85177
27900
12459
5289
88769
90541
78441
17279
2695
1368
186
33099
83425
80655
26848
23808
33331
78329
28759
45035
74794
14323
26623
50053
11262
77167
6627
81218
83326
15463
78895
48464
4171
4630
27145
21993
37124
27661
97113
16931
55794
5754
16215
30897
74170
42922
61988
4064
8558
33298
32164
64215
27625
75337
52662
59807
41510
36996
