12116
31742
70535
44132
12193
28788
25625
76289
43663
17679
27969
72331
31800
48638
31820
89580
12484
24228
88184
63393
7215
68009
90879
57336
17502
58338
52920
1708
17770
50918
47293
31535
3377
67531
51772
9034
31440
98530
36460
66780
34798
33315
6551
13296
72420
19635
5620
59400
2230
94539
69826
28470
79826
90098
28337
45070
66457
107
6694
3779
21813
7004
18455
71289
8519
83298
37399
50951
4082
11243
57256
68001
58067
530
21866
3192
52731
30005
84748
20331
91077
73501
88176
27520
19137
30690
3531
45157
32757
30868
86231
40597
94814
86402
15481
91453
7338
36122
85627
85925
85541
34439
8426
18021
79772
86513
77700
63762
19989
44757
14692
19364
42679
87697
78319
60784
62642
93325
52408
96686
50932
97372
71635
35799
61061
16585
33811
52767
30712
62446
2351
15029
96595
25353
99405
37389
82885
9004
40313
20861
11236
40915
45626
9390
20455
83608
52993
29806
38103
75746
16963
94345
97189
5206
9639
6585
84349
821
10848
20766
14322
15470
95553
98120
54863
60039
42480
40042
65357
13585
17616
75363
84362
18430
53280
48948
51917
42123
46247
50150
48883
56955
11104
23555
77874
89554
77866
49394
33385
91483
97500
29409
66911
30900
18127
51216
70402
4260
2300
61361
67661
43669
31747
64926
68781
65744
24569
18169
55451
29960
33484
50203
29470
96958
21734
72475
49974
91883
26380
52444
8135
30013
25497
22220
48310
29202
80727
33319
78926
69533
5953
49136
10818
18786
