7917
62648
88662
93130
78478
43379
54749
44858
14495
19494
33683
88795
21673
53191
49906
45974
63285
92470
98693
75629
53481
28284
56153
30785
98737
16440
7507
81224
88906
99689
21371
76339
94037
29743
73133
10683
49428
15235
55187
99618
27602
93900
29711
45416
80707
93765
54141
25902
19599
3219
3768
31659
72829
2623
86629
22782
97636
8471
78585
43100
58360
22328
64234
42341
12333
80561
36506
37491
89487
49705
74540
59600
62940
99378
91141
56050
259
60172
72307
21183
13351
94109
43486
53161
55351
54758
82931
77849
57469
47580
61843
55848
4899
45468
57307
28415
59420
38443
69
67741
87759
21022
13989
8595
58669
24894
85288
95744
7824
95927
83389
66145
55953
80683
88140
13656
13262
561
42840
87062
3288
72283
28502
23216
77112
85904
36514
75241
33478
56740
92053
82639
75995
12847
17474
80371
56045
26835
12103
9853
3239
50961
84711
85012
48047
258
46415
81491
69270
89882
2409
819
67544
82726
23393
66697
34595
31252
42888
97903
91679
3839
33310
26974
37067
77504
65096
28351
82394
52575
98098
83972
71105
30700
64426
72699
15849
68551
8541
59758
28623
51477
55135
21067
66349
94018
5016
12455
39140
5073
63236
75796
62037
15861
70866
99830
84020
72130
44394
15787
38510
22938
9894
96788
56211
8181
8560
62665
75100
70945
28785
71289
9423
75912
9813
25040
38699
1028
90910
76876
16800
57562
16356
95786
29228
23084
59566
702
8827
62641
72683
47799
38768
52940
30334
10571
65034
91144
8173
68238
42738
73915
57539
25324
20659
18273
3081
96978
55294
99853
73247
14638
12761
71071
44975
76362
70386
39977
68504
3036
40680
93215
8463
38802
25588
45063
47513
28265
43690
76672
85172
30979
48492
88982
65534
1070
87878
16752
42043
94682
63365
43372
31071
5806
85833
54921
26136
64356
94424
25615
521
68017
33354
63308
85714
46394
20646
88011
50896
79430
34572
35298
43649
86760
26608
83937
84469
31637
9651
9948
1694
76198
13471
4493
15508
36892
20012
39716
95481
93072
13315
92887
97449
76751
6350
22302
16339
5724
2030
29754
60107
87906
87258
4481
24318
264
37597
75645
24635
39107
60388
6715
65550
63995
34100
99751
63901
43637
87751
83733
51803
28913
26324
15461
59449
29674
27188
42514
13667
96002
50071
20386
17260
78964
6531
63838
99720
33031
43391
49821
24227
77153
74034
57076
46512
8732
56259
12820
66406
52566
45542
9941
85484
84736
5602
54551
8076
33830
59212
45422
91080
31727
29318
31117
76121
18936
59879
57102
86252
96130
1374
96056
52621
68577
31984
46016
76779
87541
60131
98367
91788
30089
97409
4244
27291
68178
27803
82550
77070
79974
72716
6342
96096
37968
14298
10003
25283
24267
46423
14831
70643
66679
45764
29181
28472
14781
16780
15068
51749
24598
3209
36178
20924
67141
6293
68836
96457
98338
3083
29138
9833
59923
95965
21600
25538
918
39529
44940
90843
41764
10082
55128
14767
93804
11408
27195
61285
91681
35688
86880
36151
76186
13944
53816
62304
18698
45509
50429
30624
80207
94889
45257
18782
71878
9623
34002
54724
23055
85406
70656
84825
98535
16326
83601
35990
66182
89659
48002
53319
98301
89586
13463
64233
34731
4987
29943
45118
74630
73573
3519
46489
11773
67568
81957
10658
25346
82342
74078
91840
95525
27636
60729
46095
89801
37565
33869
26481
65164
71926
20920
91045
38072
67168
49492
95935
19124
4925
72420
25108
89998
54201
36269
58667
87986
26770
9920
22072
59080
28072
94327
94177
82973
89504
41159
41770
1796
93854
51297
31238
97559
22316
58325
35750
38549
79050
43597
8881
64451
90552
57821
63385
76683
62394
25268
77651
46027
59965
469
84985
946
1574
54493
37808
15466
42755
70508
92482
97980
1248
85164
11782
27978
19922
24024
56046
39468
27247
32405
10418
90561
6730
19724
3585
52589
34218
92194
59236
51046
5253
93247
56626
84947
49037
37897
24651
95366
62724
65100
9222
1817
49050
67505
27664
42064
56834
77205
46249
77953
10567
93742
73970
72614
86592
6141
8997
14015
42960
5909
20276
67610
77419
42666
72126
75174
16667
11676
45982
96790
90368
65399
21307
3568
77878
52625
40899
72686
94801
62648
