74418
99473
89352
90461
29698
15635
70708
48185
23862
39642
43578
87403
39341
92974
69812
96682
77770
29510
70841
90908
39818
98530
41921
53848
96194
79379
71532
3016
150
31435
18652
88104
9980
43282
17442
52889
85355
14890
56378
16863
13896
42622
28407
33779
9714
65592
73713
62189
81623
87950
21750
41747
25958
73037
96956
88740
96007
42375
77061
26430
98621
63331
68482
43921
63503
65202
17835
47730
73845
79327
545
73037
92815
92096
5228
70591
89916
75126
7311
76010
52753
97912
52554
41999
54072
55627
87295
14952
95410
99928
27592
25866
13399
99150
62374
81177
409
77994
94131
9386
47294
42055
3318
76645
23413
1477
34482
31196
98528
9077
55520
98460
54099
13818
40792
77421
75653
51287
49364
43514
12475
71370
71028
33602
28029
77989
11424
10117
39172
48516
92094
69235
88843
34356
5572
50957
17022
80451
95420
64595
8961
12965
3904
28376
7444
9308
49827
10229
19597
69799
71646
19130
7438
20136
21421
18749
5859
73173
72573
97480
90744
84820
24034
34429
27658
37114
61403
60955
39709
75852
11670
34845
33888
43670
41794
19982
39332
34917
37872
96079
46624
88600
46281
15472
31087
71754
31949
52693
78676
68020
80846
34605
98810
35394
52244
32351
17626
30530
5161
51792
34255
5303
24328
67503
89671
52411
44115
22543
67865
74895
18364
41313
25777
25541
60705
43539
38436
73335
97416
17411
24246
94456
71118
36971
61216
31009
52862
28582
74963
62959
19214
19619
27630
63473
52309
33581
84107
41964
64466
51126
55862
40344
49364
34456
83796
9328
75231
62079
26563
33252
61289
60389
19083
21561
71526
93040
78539
63207
83541
29774
7910
53517
38896
8074
6901
90299
9749
59435
92773
78343
69412
74176
31723
55501
79855
82283
76759
52572
55953
66136
12004
45605
66129
99378
85298
49937
65328
31982
8285
46255
89844
53710
80791
11444
32699
58494
84204
66310
43011
73417
81713
8380
46776
41053
62279
83910
29457
74558
51871
62716
26769
5124
28870
99701
13135
67839
37882
58736
49090
36251
55433
30074
47441
18829
48906
41613
75010
45097
19071
19779
24809
49940
23241
98463
12109
11365
14121
29792
6244
42463
58174
92456
61226
95523
3475
3575
92467
36842
85105
6860
99754
9781
83922
23950
20129
99734
77144
25386
59866
34627
66778
8117
20994
48010
74999
68907
87772
30524
9578
80786
26454
11242
38058
18959
33771
77625
97113
18204
56992
42742
38593
12126
98831
97083
13276
25590
83095
29086
41208
62277
52508
73545
34883
55811
94007
18722
52717
87855
26658
38299
80804
35513
59575
38868
37479
92318
44516
60779
78557
64481
4385
5530
53011
21767
28981
81169
68406
69582
25841
95209
22129
23146
15890
69124
34725
16810
19991
91076
55323
91663
34159
4205
78783
70823
84037
69453
64967
61979
57023
50288
69385
21755
26804
78642
91680
6586
3072
44442
23263
78804
19768
41012
63909
85615
75304
93202
86253
99539
99238
37732
40618
41984
10605
38651
90250
89056
12355
51870
49558
98597
57019
92135
64697
20848
81135
98408
93550
36862
30908
64570
94233
28265
44475
69912
72385
33587
85048
50587
84110
91204
21305
66451
7300
92144
9187
10953
93276
34737
2113
27048
82728
68632
68266
8917
74881
90799
3892
14263
9790
34465
45382
17425
56075
27891
58608
95991
72663
8650
80258
51908
85519
75107
87654
59744
84535
37786
60786
94890
68472
73018
72824
11779
74906
9565
62093
66042
31724
77423
4043
57228
9911
80329
38737
33400
44190
86910
47461
50345
18612
773
98354
72677
45558
68566
51692
62607
99215
47911
14388
23172
43780
95155
17824
57879
43333
80982
11511
58668
2766
88500
72815
66308
3113
20079
56901
1737
5951
30913
38233
67356
12239
97114
34979
81935
31628
63422
92149
94055
27806
24024
61578
10376
89091
6317
70303
50912
57867
41307
30285
93529
93489
15683
85544
86615
91940
85344
25009
26022
47219
81993
3737
6316
51414
97616
79983
35079
49835
57428
56011
43577
71597
98781
48025
25869
73245
89693
22908
3543
51815
27514
16082
80560
19330
77816
13604
41991
16836
53665
23528
30754
75178
72490
4950
941
18853
52687
91796
67034
6161
59492
49705
69468
9957
55130
48226
4691
48601
10644
87950
20304
46718
65657
60357
94847
46976
6863
56062
11013
88654
65786
27126
89184
58453
89140
29575
56545
25874
56974
33564
90889
26115
8826
40473
18204
46845
3998
96295
72232
66106
16494
19931
77487
75304
99749
30764
38949
5935
50803
21872
99512
48829
38024
54326
26891
56094
37478
72587
24598
4199
75709
4997
86384
1348
67173
47599
74723
34080
67791
22846
66094
13078
94975
88437
7993
39926
18760
92923
97309
22059
31876
20313
94021
51521
83688
94845
12427
59607
87490
91738
94239
14248
58077
76663
40328
74289
36355
96856
95549
45306
37868
35324
71391
26723
28766
56516
38508
83217
76699
46412
31600
94795
59315
83012
29342
34106
1521
68144
59687
28199
35610
75167
92400
15215
17993
12397
52341
65750
32778
85938
5754
18414
79864
23704
77745
16303
9700
23391
26397
46525
19448
53359
79396
70828
71113
58884
29780
3345
25305
90197
87786
70597
78617
71802
35792
33143
23514
93746
37415
23153
27816
91033
46439
72349
24254
26397
40379
35977
52060
47312
41992
44359
19450
85207
19808
4442
64365
42049
96608
32594
93727
15199
46647
78900
35775
52891
13166
73884
26571
67704
62106
79780
15564
83212
93284
77206
63396
64092
66269
50315
13708
90296
56641
30850
79495
32681
57662
95242
82255
11644
6513
62821
93312
41129
42017
56336
16002
47123
79294
58715
88350
51829
63757
23678
53891
11157
16705
62333
97847
51975
19463
8999
56015
14191
10750
74481
56435
78101
98192
63855
83477
59156
98878
90061
6123
14682
56570
51456
92512
88655
76032
36398
27669
23204
88007
90944
47356
95564
91830
33503
71808
46030
8657
2279
10176
30338
72774
74759
40001
75964
89135
42767
65707
2760
1439
85922
39384
16641
77162
20598
91543
18501
41484
94869
5294
80343
87893
65195
90745
5587
99019
59834
93381
94811
35290
7955
10894
