89339
71324
97940
17734
58744
72092
10436
99799
67279
23897
25193
11502
15275
33181
65589
14421
71368
42382
92145
36990
72641
30059
97603
51173
35766
99319
99767
32887
18492
89312
13574
42092
24771
21556
88464
69340
63694
63492
71573
94037
18694
94392
98214
18901
61005
72400
91438
42168
99094
17219
93885
72556
3079
52150
59459
94809
8748
37009
2125
18325
79424
38266
23353
93480
59291
65923
25459
86354
97639
63591
33457
93583
1912
35598
84304
54052
17102
25496
11224
50872
79286
23154
48628
63165
76552
68914
5614
60770
36718
5145
69133
89193
12365
24433
39402
15903
79644
30227
17690
12295
37162
72789
30679
12518
94440
2581
78155
9202
57008
9794
10460
3611
96227
40586
