49487
7739
72406
90794
27542
84219
26509
27238
81322
39188
7615
95262
14590
5972
79796
90294
14725
80227
35190
31900
22721
59318
34811
51655
34612
15015
47934
6747
7104
5396
2215
37738
38766
31077
5829
78227
17619
12417
89481
58511
69925
95266
79873
88974
34908
82774
32806
62592
43744
78278
69903
19701
2338
7496
82759
87906
82126
42001
98350
17508
48843
82211
72778
39626
77806
35115
64888
30737
87028
27358
3758
66251
47983
35260
7818
93776
39022
29917
8565
49422
10941
82623
3091
55945
37692
79596
28859
29488
89861
36609
77219
77027
59019
95827
1909
88053
65933
596
25821
57977
90379
45419
40357
61631
2345
11342
18206
88244
73131
70646
2102
38408
1110
62430
32405
13641
57821
65004
91852
97137
19980
7190
48683
93497
57581
31410
88909
48155
21739
64539
68438
3966
65478
53288
90735
29947
14821
89634
21252
79192
31335
27975
61033
54784
28238
80687
66894
52112
18499
5109
72997
29560
3852
52156
52376
50890
81818
68972
74600
67474
7218
23844
34073
47946
11003
32915
95341
36820
10205
23194
20289
88759
27543
6694
3036
25723
24499
46694
58401
7396
14056
45251
17791
8257
78548
12699
26292
73717
21676
347
44002
21402
5517
34734
59165
47667
20718
96710
41666
60905
94028
81232
25217
19650
50390
77417
7561
85685
58622
33230
90790
48344
87572
78453
17228
43262
81703
39623
23757
74613
81215
30521
56315
60907
27753
30174
30793
26529
57523
60134
41632
85296
18552
98799
54641
21256
49633
63506
4797
33275
32857
14186
15162
24549
95274
8847
92261
83938
99353
77050
44294
24905
65152
70882
78220
1525
33483
42372
25913
13830
42278
38853
81309
23742
22230
16389
47894
36185
49418
41392
58914
40836
15681
48361
76891
62174
30295
54419
94723
47656
31494
2372
67308
9743
54314
29815
89898
64300
57749
59517
71035
40523
44676
55657
6066
63010
71993
53245
70309
45012
89310
86340
64283
67131
27367
51923
47579
39019
78505
84222
75819
54766
21531
72615
1041
3820
9785
57350
50941
35944
92867
59195
66162
46568
47061
29445
77277
52537
68238
41165
34819
80870
36648
34445
7476
47115
45168
16715
26578
89330
11947
88729
22074
99189
6620
69360
92643
1955
67749
25999
51898
24158
21066
46044
32378
62571
90556
27819
37361
10682
29173
95443
48613
13073
25991
27524
78246
43528
61608
8547
50765
76333
81286
30598
45058
67560
38222
79720
6922
35072
43932
40693
7031
73453
78448
30652
59096
65
5997
99303
26196
68965
61138
11542
94624
89424
94328
9037
86387
59570
63625
20029
27188
36282
83283
83044
72837
31112
81958
22038
94446
8038
97236
88679
84077
35212
97916
10997
26739
87938
17215
33192
36468
10487
57972
9361
32005
91866
44790
62289
55326
35862
20125
36384
97134
80350
99835
63332
89229
24289
22090
54971
77230
64742
79714
13916
79461
56965
80122
61014
28168
14340
6015
4396
90101
82362
10959
83315
24374
39105
13355
56687
6485
97759
75942
8309
58688
41894
91860
33711
72770
107
6269
61279
92447
2302
89197
81805
53998
20941
51605
97128
79922
6934
35837
90736
55100
37811
78457
85184
33261
470
15257
28573
9642
50798
41312
15287
25444
22891
14766
70509
2335
43515
35032
63275
25565
63283
63209
18361
94012
98235
71415
33442
45079
27217
30968
71180
82007
46914
69549
66623
99325
3921
3539
91925
34590
46355
60424
18046
92643
4678
29744
1089
16278
73882
96970
12864
9412
89791
70214
48192
42317
3525
56811
94745
31309
5944
4189
17828
32659
86901
89835
13521
49621
57793
99809
25183
43465
93737
82431
80337
75622
42469
56837
23580
99722
68410
33654
12558
60420
44895
35243
12853
18691
32276
48556
57263
84233
65220
21853
72573
89268
81296
3713
8315
55044
95682
77904
96543
43165
59924
5470
40013
86006
60831
51723
80353
50050
62396
55217
6995
69794
84696
34304
32310
17170
77416
82191
40174
86169
89505
59405
82663
68926
99042
38281
68894
67967
91747
34105
91831
58593
42495
90013
3385
94216
27640
41264
9394
95248
85019
68574
82199
68378
93523
84727
61351
89502
17459
32193
53322
55388
78827
924
41755
52068
80879
92194
55909
34332
97434
21074
77274
5393
50371
52507
55750
57414
35990
61201
65856
5213
22508
91954
22061
69566
66841
62569
72962
30871
36597
65187
68425
75191
92317
25190
67673
37894
65576
95526
51509
90446
69010
10295
37469
25075
26674
6207
29751
14660
87432
13831
60763
4799
69959
63625
11891
54197
57869
78875
11668
99076
14119
98426
89638
770
42579
8089
50911
35995
45805
15651
49869
22164
12341
14657
31275
30202
92577
90106
65030
31462
66772
99855
6155
57346
84264
86606
37762
43531
2403
1882
45749
73605
43617
42941
83939
21440
42456
40316
64904
677
83186
61649
97192
47589
13070
60528
66542
41967
18634
76774
2537
41367
44521
38568
98403
3579
57373
45488
97845
21730
4834
47794
48445
88482
64872
75266
51623
5067
70964
58427
50848
76673
98414
92919
32697
25002
7698
80016
87369
55854
11560
95062
48880
95875
24437
1817
42918
7646
10894
89688
33702
22681
86793
87448
81835
61857
89
9884
25241
18892
21806
93916
97420
74383
14113
96718
77158
56247
8923
78181
44909
62981
91492
51281
54871
82569
84939
21405
45956
64179
20742
1167
22480
15030
11788
19122
82698
52486
3750
40162
82141
4595
33138
40642
53260
8218
22771
8815
54104
95704
41747
22542
56792
75232
87957
43106
66691
42085
1980
85739
69882
69825
18674
47129
74476
81834
33595
17137
19066
39615
96401
60186
15804
16924
35060
38067
70715
64638
40381
69035
28215
97513
42554
93341
37366
87552
40713
48673
26748
39773
55537
80928
15947
21107
41354
12551
50605
85576
34725
9392
48477
28349
46728
34874
4642
15318
50804
33688
82111
86185
62129
73025
89578
79352
19540
6368
30463
77288
38605
13380
79899
12379
55555
81826
96676
76690
79517
1421
86859
