21040
9598
9237
51733
53163
83336
81274
25319
27258
20001
58047
74573
4527
97131
33386
7333
53596
59111
54482
57493
63752
49495
46658
54991
9699
21518
49405
30171
64473
62160
82463
13049
18784
3252
57771
31299
28967
40188
14677
77228
21358
65754
93618
81780
28167
89352
92707
81045
74364
3293
52382
65150
41447
77753
45470
96205
58069
42310
83736
99966
73001
94798
10778
49198
38820
25643
72323
99963
15673
6804
52916
28710
25359
93398
79919
51683
5359
68282
76899
7667
70393
59601
84135
3705
70353
80608
33939
1646
69127
86839
48020
42470
67113
32696
9506
76034
57038
5969
30000
94271
51424
64627
56920
25972
6054
50444
79360
61574
40995
80291
14015
45153
62800
40888
81377
58798
95032
54026
93069
55521
12626
3262
37255
26856
52504
1256
25563
33934
9655
73966
1878
74370
96363
20835
70279
33625
26078
76740
22551
9962
27590
90839
76569
60848
36112
21574
82886
15698
31429
14533
48830
63458
99524
41947
85563
17892
2356
782
42984
17307
83034
14732
96795
72162
93131
3650
47829
34828
38873
13591
23613
57396
25040
46493
86361
22687
675
46416
97121
63387
9268
72591
90272
50935
35527
84122
89550
9777
23251
69326
18792
35639
72073
97569
79411
11114
96901
55728
89593
36176
97830
72821
63868
564
93786
5983
65014
63587
70282
94250
4630
20003
80610
71708
63553
93732
94781
22876
73816
90318
30160
90175
23540
23012
53558
19470
28902
41236
38849
22501
75111
54962
11028
41426
20650
65581
87684
61580
45355
57773
57625
69473
94251
30261
93108
12477
5023
22977
63170
61193
36938
1613
16080
61115
26850
51953
43217
35066
34634
76022
52027
86766
24145
99930
66918
50637
27902
32601
4632
63504
80791
1647
86852
67313
91834
1557
71799
87672
46746
33070
91680
11502
8804
64586
55547
56628
26138
85032
90952
83757
62442
32504
79734
45775
10520
11638
92341
23797
45067
23679
67175
70247
5618
29201
63677
91404
68292
46085
25803
68446
28827
79889
53917
57343
38623
23992
25325
25286
70261
41389
5067
74009
26625
81319
91575
44868
68041
33053
3376
54001
75552
69676
8821
57082
43611
45456
49249
1546
96415
91608
9277
12938
44271
45617
62479
45712
62741
56177
36332
23840
73028
40045
13930
16021
57611
33270
57496
10516
40394
90702
72990
7050
90243
59805
18399
32215
26089
60776
33640
69115
85444
12423
1833
14996
39929
76559
86334
67052
7417
64648
12008
13804
99570
19713
8409
