43441
97555
55442
81080
63834
19036
36281
59246
17340
33330
70693
492
76483
15723
46607
10041
53325
10844
55593
20238
36589
40712
25671
50343
91294
28663
31292
16794
61686
25837
28345
81654
11318
21949
85339
44501
9949
10828
93951
80445
95065
8150
84160
25784
42728
2313
73150
98593
3731
17102
25859
1424
35398
14785
90280
86440
41330
7986
20336
81898
16915
85698
78843
69822
64465
37485
98652
95830
68050
74439
59829
15266
81916
16371
50315
27481
70495
70887
63353
43278
57058
46777
61370
8067
84205
93472
31751
26125
81131
23801
22735
4688
94393
14154
87685
80168
34447
44852
5821
38384
419
56522
28922
73514
7181
2060
25110
20792
42244
67653
1069
73788
9271
25781
86849
22506
51149
36649
45658
48513
27299
7345
59061
7508
85447
53542
48759
63119
4261
22515
10312
20646
91097
16244
14606
80321
5419
79257
36450
2964
30508
33876
46507
15527
59586
33478
56120
74259
38696
50904
17682
75909
54437
89961
26560
84428
36490
65465
38506
46598
50849
95793
45229
36719
14969
75365
24991
10011
53871
76974
66307
90637
83078
44214
84105
8592
489
25592
17563
74122
29288
40917
72529
57385
38190
47570
87096
80115
49267
5321
30429
7702
47229
47045
69922
44760
53372
92269
19741
82514
67282
78979
61840
10639
3173
42445
56550
5021
85473
94629
73808
47911
21182
97975
9199
3466
59787
14451
78061
35554
40792
72102
82572
41909
50735
74900
7812
99850
14564
83766
10737
49976
16058
86071
43966
15988
7839
56113
57154
65081
79590
27488
86289
11922
70777
9574
8164
13625
578
15213
78318
55274
60039
47176
62716
28548
3663
77961
50874
11128
37261
31123
64687
53163
91948
25454
93418
25863
77072
734
42467
27263
94896
69450
13020
19370
53378
97634
86678
45844
82279
17741
65574
62900
23084
74099
40069
16790
84207
14887
11215
91213
68947
47901
48341
51691
43462
44629
61733
10300
21232
47715
19316
46841
30940
91042
96550
67125
34334
35927
15992
73172
67800
72582
47056
54103
89299
91223
35147
97526
58525
91759
41792
83807
5905
49316
27637
79523
7784
24859
94129
67838
13175
33399
29769
15379
69095
41611
41701
46578
13940
96551
74002
3433
10762
86000
62467
45340
5979
97599
83927
10474
36146
94374
83678
33580
63150
36382
55655
69534
18305
55228
82701
6289
99740
75632
10066
72801
33752
62971
12414
35150
49493
8897
37778
16262
18092
60592
39681
93019
11445
49022
93707
74663
27024
82363
34695
97965
48635
87362
36557
94213
78695
90785
78152
51457
5436
75927
60464
80553
5868
21884
1006
7567
77090
14756
98912
57409
43463
55700
21933
14029
81846
46972
37086
91452
85084
55807
19649
30812
48793
36409
18242
94656
28722
13384
36140
95543
37642
25131
75150
4983
60946
94826
82550
68145
74280
80407
61734
28336
36912
64620
32681
55663
487
652
72403
37761
40644
78116
59081
49715
35770
69574
88183
50744
28997
34246
66400
52203
57563
29532
39651
90790
60582
73211
18493
8439
31391
68182
3288
64516
90403
60495
12719
67697
41418
88164
28133
22985
2820
95178
7185
62839
8111
25043
81575
78189
72425
8161
69005
37880
31469
84592
82871
64238
22296
15531
20090
52119
40865
98430
62210
24372
19610
79035
94952
736
81123
92401
29580
42451
50407
58793
6736
10468
31624
94059
99040
15202
3416
14552
70102
63353
46877
38132
74105
48700
74445
61638
24584
73749
66614
52923
58058
50384
82557
90650
95817
43833
74654
74075
39368
39883
98437
78516
67982
43622
41049
89037
87520
97052
97299
49679
33169
59730
49673
33456
76233
8943
9719
48690
15638
28378
36992
3920
86601
52074
75751
6413
79186
37096
55161
66228
56816
71380
49332
93262
6281
74619
81013
47781
33141
83930
62459
10134
24921
37853
73572
90067
6722
75105
56261
48521
76027
46243
78120
27695
67812
78752
47009
65106
9721
78558
76994
93850
91762
96978
56751
79035
91398
69429
60746
19373
99980
13083
87448
86326
38239
66426
83333
27082
57675
16007
26488
77696
1164
67607
37830
