31321
4715
48319
79561
45250
96090
27664
33867
84156
56190
56101
57548
72717
19208
31064
77559
89253
26065
72291
60913
32131
10193
12293
5742
14337
53114
61566
362
90930
17541
6796
21586
85166
41371
6585
85845
50848
82588
14671
79421
80469
90483
97054
36335
73321
68078
52453
45930
23773
39482
54039
8121
90326
62353
29183
75236
53066
58582
49608
35992
5735
94794
52861
16949
57194
31207
81660
14397
66697
36354
87795
27403
56586
4474
3968
4234
67877
74971
2995
38011
41210
304
20927
10924
7602
78372
60484
17921
92151
24948
86381
51595
28838
62324
52374
19644
56659
41404
51543
54109
78358
12326
70352
60835
30025
15921
81300
56966
91429
93658
51178
26186
94847
34734
55457
38217
90479
34140
69827
39937
8990
3013
42511
55626
85457
29880
79280
8873
33845
14248
67325
1711
63578
15283
54123
19027
83467
91857
94504
68451
17443
69110
97421
6920
8775
76965
6809
42589
75535
75582
60743
73648
64144
37868
32320
87188
25401
98848
80451
1971
27491
28419
32451
96469
6694
7310
58511
60567
15530
2587
81011
5121
73274
81561
44049
9030
65982
16467
53546
17075
69626
58681
25382
88807
37280
48255
94247
60864
8076
33405
16708
16052
86378
2465
39834
76596
13764
33142
6053
32938
81943
74711
24109
93089
89902
25163
13972
26546
47245
18050
68373
16932
69086
83229
85176
10550
19491
79413
53155
52128
89717
28774
95394
37097
72977
85696
41210
96677
87396
10055
93945
74374
63421
89222
98922
31416
88877
6629
19641
94405
10913
13445
75770
28089
79585
49247
63559
98838
7811
75674
7490
94487
86347
85257
73030
69955
98744
37321
34954
56546
31922
96224
89798
89846
95362
98593
91850
76973
39178
41200
28347
25261
53029
30365
29737
76826
72433
48136
96040
87948
97351
20077
24124
47790
81986
95893
15595
10073
98798
47450
77493
75025
1627
51538
75472
12967
41171
45555
22186
71914
21026
84398
22538
84149
41481
59355
52582
21192
62918
33854
63436
40642
50365
52392
24363
54133
83504
2697
39943
10483
85053
32328
30536
10989
92611
53862
26522
49636
11723
22264
93228
22184
46413
44606
71136
48679
21933
28660
78587
75562
37643
46524
7384
1010
89353
7512
63693
55194
15208
1270
57826
54566
57683
42200
28630
82351
30027
53266
13853
27759
40531
92531
14934
99575
97843
97537
42610
18379
85698
85291
30651
32129
73465
92302
74407
23403
23191
64208
15274
10925
11578
99570
7985
12188
37905
56215
85046
14870
11411
