96214
10073
95541
1421
94558
84840
63905
20724
95503
69474
18006
26371
8621
90821
73251
95486
71807
22926
9106
55370
74989
1452
5253
99053
31356
92975
75706
44634
48576
93062
44570
67174
64415
83661
52115
77600
73258
99908
88438
35817
56764
95683
94142
84838
21966
75488
84384
92743
84767
33571
20045
94236
63460
43601
75925
30296
81302
714
815
2966
51281
48320
98594
18842
77112
73056
17234
49104
59288
19318
70548
58901
19560
47798
19085
61710
34070
97222
61985
52581
372
59248
48137
8218
26513
97035
9007
76331
57764
6928
48823
40452
59567
19779
19032
75054
86515
14662
29888
19486
95197
27631
85499
39106
33639
63173
8799
81305
