35965
47567
35906
57211
12656
4133
66314
5144
51916
32364
31778
85875
58034
49486
90898
63624
1456
74865
9291
60654
73112
60791
89535
68098
83740
74734
19258
70242
24814
41000
65407
66386
6393
58174
4253
93904
97228
56146
10016
39126
70715
77324
49982
29700
54215
59926
53500
47958
9184
59095
84430
67191
48746
51503
93472
36891
6990
87146
19343
90983
95189
88593
24614
81635
92993
80264
45584
764
41889
8675
10637
72724
28911
96243
97361
88152
24432
23204
85299
78869
7913
2615
54364
73626
94372
58839
72103
98541
18458
12272
58764
12807
42275
99698
71447
79196
3889
75349
51293
62562
53467
85616
3415
3241
71690
62542
5705
82923
34288
59821
79157
42472
6410
36546
6071
41805
94445
87631
59837
45558
70397
31534
74253
23343
15443
50839
31612
98126
50512
35962
97367
86766
26870
1384
68691
52613
37454
74191
85571
44198
11796
61716
22273
28092
33965
39567
87141
29277
40961
13578
97010
85972
77423
98845
37214
34615
61450
61632
13124
78340
13416
87071
53446
43132
96656
38782
96053
14954
29816
5810
46392
81173
24559
53211
94030
9902
27058
55310
61014
23466
86439
38339
47398
3542
31681
46555
21390
3092
75614
5307
91332
62507
26832
56190
64435
32137
16823
35735
74897
47195
87065
49103
55033
15376
23493
36688
7290
21583
45633
30849
68545
98164
90257
97843
87613
65849
86393
63195
89710
12297
84262
40890
12386
77285
81121
55174
83247
81298
26918
4703
49263
47457
79487
88634
25747
25921
51386
10979
31314
78433
80879
83204
58452
70499
46026
31348
58856
65245
38470
44725
74021
28577
82405
31306
52872
93836
55898
42655
79157
40007
85164
96432
77147
73403
44196
73280
85338
35119
35603
66731
10035
52356
28686
15769
29021
53183
26353
98376
48744
20430
62145
32640
74239
94661
7581
14444
66489
46000
6878
1684
6109
81646
87392
47382
26181
11391
47299
35906
51860
93427
72337
33083
5460
71417
72666
59859
18850
1968
87468
17863
15712
67964
28489
6239
62935
10630
57852
96182
74686
5911
50300
72873
30554
16301
73802
46404
89226
72506
62855
65676
81037
50485
70570
29100
67402
88508
4165
4465
53919
82840
49276
59451
69861
21115
73603
98637
42657
17908
75674
16035
94290
80677
93607
95024
7696
57350
53933
22840
60780
1139
43076
54665
32217
59428
72293
85633
81083
14043
12870
97788
75033
38829
87888
90134
24970
70505
31466
42536
77720
94601
11676
44058
64800
62579
29195
67122
83403
14309
87679
69844
25170
29988
90105
38298
64148
96795
80329
39657
2243
3375
24163
886
99947
51060
35265
83610
92562
45402
51931
73218
28286
86303
40653
41557
28479
33460
55801
14174
22349
6985
310
20737
25491
17837
89370
94340
26320
56844
54569
21371
83567
69184
31258
36529
21227
58237
60940
86754
29846
16491
58067
10730
41913
8048
65584
32269
32358
28875
87576
32575
79958
7427
22553
44730
57907
16359
38049
72747
18505
7872
3614
54123
17680
45813
52180
60815
79210
34568
72732
64802
8
48129
76257
15252
33453
25673
74834
99341
68839
39285
52035
28771
37850
31817
35965
52330
76652
43049
1261
93000
2976
31794
41096
84229
92408
46888
22895
91901
28024
95031
24024
69265
93641
69077
46613
1005
90731
60385
54346
67287
55421
30877
34503
76610
39883
96612
3900
60821
86413
99731
27752
16713
85800
85377
79297
483
31831
68555
71241
8977
82861
97686
53474
3108
40769
79264
48525
37246
74284
49631
26622
32972
43194
44111
48581
69998
26796
45293
24535
51988
30396
49698
52856
23222
86952
52990
79410
515
55273
39439
39717
9506
61403
60297
77383
29443
39195
29121
19420
87219
49272
91157
31659
82394
54956
11890
39109
92476
98496
71811
83672
26496
10516
42122
21089
35083
31135
71971
84099
1145
57659
46806
47498
72550
4306
79496
42489
