99359
74945
58410
62958
98598
83318
85411
49700
77023
85607
45064
72868
58085
2690
19637
37912
71160
54231
39117
14169
32177
81208
18031
37378
94491
57678
60119
86618
44852
99176
97035
13699
33234
43154
67685
42781
6483
62815
99180
57229
23443
96011
4777
93616
45467
45446
82899
39553
54169
91324
35093
91644
1543
40287
81514
61271
49383
57305
1706
86719
35281
56496
99545
89536
81272
88145
9610
19160
24055
76918
26497
30497
58096
81479
68871
85894
74774
89004
42769
1381
17768
28301
42546
58837
42093
30043
25410
64208
16067
35704
54399
60826
77309
92756
3523
25210
97772
99263
60173
3192
48219
85319
2716
62666
97488
21632
62249
94127
36830
86769
76236
49677
98141
96592
60251
15464
10076
47627
38018
50218
84928
42976
81695
96242
85712
7305
81473
68350
14540
80016
86710
80373
89595
76720
89880
59511
63282
41409
46161
6504
20019
54828
66422
11708
85324
86691
71057
13668
16492
81771
72924
92633
29973
51162
50165
6977
70671
36739
50011
15997
59911
1103
46367
66469
13394
13958
86704
92806
39589
59890
45282
33444
72738
68608
64618
94882
28145
26782
20516
6644
64893
15146
61533
57441
83029
20735
88497
25559
67451
9299
82315
14873
69965
59970
81527
82396
78589
3395
64941
32412
42444
40969
39593
26395
13943
40790
43963
64762
14093
65916
16849
83852
60339
92251
9395
9368
44956
58377
16359
46857
5371
76737
72733
79866
70792
61693
40165
32354
64200
72447
85755
41131
72256
65735
72727
87775
78793
29426
49928
13548
93351
3150
52517
28253
34417
35138
52218
1640
72225
51713
20722
65862
9561
89533
26591
12539
48589
5878
99030
40458
53992
10039
21684
43029
69957
35350
18478
54410
38402
3950
99715
45693
47444
72229
18080
61167
98996
62682
55705
490
50886
21387
39401
94787
38075
4825
96177
93184
97696
27595
82129
99100
19127
60577
85017
32313
67626
48920
67461
74116
23439
31793
37227
51945
21134
90264
22773
38477
69168
64313
79883
57096
90214
69623
17345
8553
59297
76610
38090
61303
94725
84077
29437
36179
49831
88809
58992
47233
18969
2193
57671
48084
23179
54665
22535
34029
12946
89555
94734
39634
13975
74246
17447
30247
57467
20137
37741
1344
94080
50427
98818
71174
88178
53526
92902
56056
6189
24133
90343
50720
17910
6693
92369
87105
32203
23103
83550
78444
73429
81098
65073
47964
11813
40418
88141
38100
32083
7104
98934
25696
56621
2026
58787
1749
9962
39590
77729
46209
9093
28117
51695
16393
18968
96611
79152
72566
84582
18686
51365
58287
7198
75709
4411
34201
6510
14276
43333
74680
10437
20822
43546
57596
88775
90688
49131
18542
35649
44216
23831
20712
4226
25392
50615
54743
37170
93995
16942
45463
71437
8956
33384
75062
31218
69445
18932
85238
41755
51612
12223
40402
16605
74003
32111
78375
99462
2413
57775
94337
73776
12133
20435
44387
84335
77207
73706
38820
25158
30133
27990
25230
28513
99344
16648
3632
44948
22426
12903
53487
31526
36884
98396
81952
15452
7614
70278
32817
38225
22708
43993
75109
9105
31128
49843
89530
82338
5808
27172
76980
60131
91949
30799
33725
4298
35110
80760
91593
58737
59497
28894
8267
51291
14759
46964
99430
60142
67510
12770
23433
35788
76335
17017
5830
87840
72332
46875
3570
3230
95599
75463
61518
816
24722
22
79996
54229
5208
39856
47679
25374
57253
18598
78395
44178
76371
23113
60452
79685
22767
33488
16045
70037
80094
91161
96521
75506
82943
83131
41036
72940
71343
27377
16773
6932
7283
1420
80204
44535
83745
56383
386
98328
38181
88483
79015
64049
30440
85859
81363
17675
60470
85217
87019
82981
20951
10386
62080
51819
92543
24102
78500
5681
80962
79798
21593
108
23711
6392
34466
49987
14259
54247
97632
38850
31574
53714
52651
78263
25207
38140
99702
27662
1971
41360
13379
65084
24500
70241
2988
21569
8843
28761
78401
46691
10933
43866
43339
78068
37773
42689
57654
66079
61521
54772
19926
91996
22274
45010
66049
56032
5263
58938
43138
5220
30979
53081
9584
76935
7642
49308
92526
24301
13062
34847
53817
78341
39626
80816
24548
70695
27578
89307
39062
97121
57621
5380
18148
2716
61311
28294
26351
69912
72117
34995
43344
64753
63470
2797
12379
49277
75365
25644
93419
46915
74260
52371
73728
11301
29417
5352
55450
22913
96862
3169
60893
93338
70884
13500
181
53398
28896
47174
25634
28816
96772
85366
6255
26296
49279
5866
94176
65162
35804
34567
45799
30118
86537
87161
70916
54797
48224
84298
47971
27614
99841
75609
17181
62682
71019
80484
43820
62101
5053
32225
90277
39418
75454
6771
96211
69612
32020
46347
27508
24944
23014
95356
97031
39125
62267
82282
74038
16882
31981
93486
68837
13495
8714
58114
93938
57217
21654
30909
81637
25532
1230
76954
22148
34785
19077
17447
24328
75439
55833
60647
69485
95247
70584
73431
19301
79940
10904
58299
96966
59304
91101
78087
60441
95775
29437
39582
42461
26000
80070
94429
22423
57194
28049
6160
27650
1366
64775
37762
44901
34671
8375
55387
61148
83372
80454
53150
66243
7181
91531
14708
2709
36761
22779
47694
65847
61024
96610
70618
43761
72538
6582
21968
5189
9748
41621
99613
45068
35846
42665
58720
77251
15871
35731
22257
63494
12346
5909
22423
61578
