60275
10980
43200
44871
18679
35157
72056
3813
92686
23193
6306
83347
63076
82371
61091
33241
74590
86992
27441
85071
49246
55961
15103
41726
63990
50335
50803
20135
11274
80009
63561
33275
39849
16892
97399
36713
16244
5088
17214
13787
14830
38213
26699
19550
66495
54148
35497
82711
71230
19161
31114
24001
82500
32916
14142
82665
3113
21866
129
81996
61644
14949
48512
12344
64942
48411
18836
73809
66329
55906
88419
4689
11329
14543
19842
82513
55857
60115
29189
73178
69563
5824
80820
98310
48578
29937
37474
3890
77972
29605
65906
47126
15915
76641
67894
59257
94769
21295
94469
90716
16307
64270
57466
8945
38704
85736
24389
93279
87181
97374
11630
59666
82061
48085
40778
43688
52224
579
46634
63076
83962
2722
47804
18159
98572
41844
49241
62444
56921
38170
7697
61339
85591
79314
88889
99327
24676
28601
81679
28875
91793
18289
75666
73985
30818
41835
10249
56556
10881
78749
87777
21355
10840
85035
28156
1245
34582
9365
1901
55851
55923
66617
99525
60356
75595
77172
93335
22601
56887
70951
40733
87811
87955
7396
12377
17241
64891
81942
46698
24058
30517
89349
44668
15252
44456
54650
80357
15558
86299
74007
92063
44677
60668
16559
1535
99809
30830
47979
62976
98502
71898
54674
85161
57730
35937
80646
65159
92569
54057
4195
17464
13932
47135
72934
66669
75231
73394
90746
11866
31784
81985
68380
33963
6244
51853
64058
92161
3787
56376
88814
43003
26465
88742
36170
94306
43573
18907
60082
61875
1450
77649
12656
9142
50498
92553
88002
3395
65659
94430
31452
99188
94351
4952
27935
92687
35443
76101
81236
96399
16372
54114
62771
65758
53796
15292
4170
87812
99826
23914
14530
97764
66236
99236
3970
26060
87308
31532
40619
66007
52694
93629
70965
64813
85684
50615
56920
30982
3392
13409
61309
85884
96772
93551
55322
62783
59722
20567
59796
59717
24638
74820
54161
58242
40236
27621
22971
59629
55717
5206
97966
65362
96769
40691
75409
55558
28460
17199
53243
29786
8112
42753
25279
61911
5941
53868
29851
90440
66552
96499
5953
52739
57664
23916
49863
25106
46463
75256
81666
17307
70227
66297
24243
37085
72823
98841
64019
40605
38234
82139
60815
84446
33348
72692
1738
21291
31824
49105
75750
82750
35221
37723
88894
84656
68028
17868
98203
36788
81906
41036
69787
74769
93995
26636
55014
88630
47146
65609
56014
95978
43395
27531
2386
9076
48788
62807
57961
28840
7690
50624
12576
59744
86527
14153
62340
21346
57734
98132
45678
82852
55841
88910
63372
57508
12404
76025
10029
65928
17430
39515
18019
44750
94373
70565
42016
46432
68087
4147
3415
95054
17393
21570
28342
42007
93502
27629
47229
58784
50296
1620
36839
36570
14728
40028
28583
87729
14243
87057
23849
24271
7799
86784
29821
84475
19545
94706
71172
43437
30913
50637
28441
95557
65842
64498
88453
87938
28223
41091
95356
1897
95093
75459
256
15088
75186
7845
50998
94992
72886
62059
90924
3669
71442
90832
63341
37897
16113
789
72878
23670
13443
39242
28078
93987
83217
85586
94419
45884
46152
63237
89272
43799
17105
74663
18456
87947
73550
13663
28340
92740
36815
41005
52919
82472
58427
46354
47674
29836
36011
17749
98640
94683
75896
35370
55193
4667
46179
8576
44568
26766
47968
68943
87351
53629
8872
13255
77791
96405
30810
12804
99354
93853
29617
58412
95256
15585
39800
96911
20257
55897
24622
16090
25344
55258
713
95183
82608
39888
74361
52905
46333
280
22572
55894
76750
99443
87591
92403
63524
21837
10687
24414
18245
36460
64126
30334
7549
78294
51928
23358
66808
2594
9987
47871
48983
35733
48122
56422
61257
7000
58314
56001
83863
40492
34286
37187
85027
7439
36095
26971
98004
93481
85570
30352
21449
95902
70191
62850
95167
17640
75456
53936
69229
98406
49446
8271
19357
25210
97574
71356
43358
99347
69208
45650
12488
87390
11285
73904
59647
52891
13406
12092
23654
48262
18058
1824
59835
24356
47682
72278
36909
10173
76906
11677
54982
52091
60927
67185
50355
84740
74482
79164
63837
76047
83839
39533
16631
16441
13196
82889
62854
46603
36600
15874
86064
28619
85761
45481
78739
27055
798
26625
83520
80000
21083
40457
47200
74702
82949
72311
87826
44465
97868
3493
12910
70927
34959
48107
18812
74009
29419
40308
42673
82966
65945
1481
98308
8704
84370
55039
19063
88728
98241
87701
35052
4515
96745
39859
88667
75619
86766
23474
27139
11539
44320
69751
67800
72912
84799
65088
98469
20721
53329
78103
38728
90138
92365
29243
73337
32956
83125
30256
8162
80250
18219
9634
27234
9558
42901
11295
40470
65238
25402
18299
43930
10120
94126
27941
99303
35270
60723
34387
24641
31680
28806
33149
16904
94711
49044
57584
79432
65315
15729
61355
64477
36316
55620
75722
12244
