53564
23938
21605
12197
92542
6139
86123
15906
33042
25709
88367
28010
61301
53213
20800
74370
1743
5679
51179
39051
16660
98765
84545
1000
15587
66081
87649
67370
57175
3728
59144
96464
15090
10115
454
44232
88125
72897
42594
65158
80563
75091
5631
48163
48991
63744
6490
88194
34543
54491
98559
27152
30943
48366
58232
73868
63091
42835
4448
56168
80305
47035
98644
53420
6454
79997
62029
82617
558
92538
27926
50082
98562
67085
63047
97842
82936
58866
36651
73877
8006
62290
70399
51335
64856
4807
276
51950
98356
21002
78247
55869
70392
47020
50293
43711
36129
10548
78945
82133
61981
85796
22658
1229
57236
38999
38297
41800
16946
449
55936
91953
9210
97673
38461
4916
22433
21783
94044
37208
31654
2922
20253
95452
5668
73947
86918
80778
91337
50792
38852
62028
67249
12958
85927
22527
8333
50301
90278
44288
31417
19963
14185
10662
90324
22210
85024
51098
82406
48697
29836
48861
76492
51457
6466
73146
22562
93046
64762
15017
87376
78280
4565
26872
29432
60662
15405
1930
52139
69606
37989
59284
56245
81206
84489
66419
70079
83213
19738
27543
11625
84999
32637
19947
43330
24582
50211
66717
69918
67787
52918
62803
3963
10178
59893
85770
91578
94631
11604
22812
92649
94652
61850
88756
66466
59489
7980
28364
2424
45412
12805
11373
49047
14952
90881
79009
58793
5033
998
87469
37653
22163
91582
71214
61478
23132
67649
35175
65072
39141
29265
46539
51846
49594
99395
73711
14735
54858
77320
80137
20709
54517
36823
72290
46700
59509
30929
3653
439
84457
20090
43239
98093
88631
77771
46666
88520
2210
55042
71037
78563
70943
99767
29169
24889
1220
8896
24377
97265
70661
59836
35616
91100
61655
96856
2397
93488
94770
37649
55830
3594
11622
34688
94584
13375
94419
43504
58665
59219
59631
82561
53513
73099
43583
81839
26908
29032
25762
79275
26893
88670
24059
53058
18176
87998
27633
14099
57107
68851
45944
59946
89548
78045
63829
40864
84240
71046
36363
41057
18754
47
4143
31503
60086
37891
14833
96584
35523
24043
79180
32204
33109
41457
44287
11755
70734
82497
89803
72469
52944
99540
7155
53974
13203
95920
71052
25347
99402
146
60320
61081
53661
47963
93951
79111
67871
77446
84312
88972
10185
81209
26714
78555
38594
29998
65369
21833
40853
99580
76397
55468
28788
35618
23735
536
22168
65180
39419
98368
23107
57472
5466
67939
15051
64737
5061
67033
89217
14410
86381
62607
2504
99014
73110
23147
32233
33178
14198
24151
91263
99753
89188
29076
72986
36442
69471
64149
22774
59477
98208
28952
84053
24870
79606
95034
79269
28741
33805
51033
84160
24422
55153
26987
68027
97094
4833
31339
3397
3849
98836
85426
11828
98470
25782
5661
52504
1902
77433
71374
48292
27261
66014
55550
2699
62790
82443
72548
77930
31379
74752
20547
27856
60662
11667
92640
50597
64168
41633
6270
92442
23301
20453
50561
47836
61895
33786
19360
83697
53156
58807
44064
62357
7413
656
32745
33569
84361
8226
54312
90731
63875
20198
67261
13378
45065
90302
58508
13546
62808
76935
2745
46114
10272
46914
60604
32084
17999
12685
3864
43469
67300
71871
92563
57537
88119
63709
19450
88628
14975
79531
40336
14607
3665
95798
25492
35659
910
7656
72673
67844
24636
41963
58527
27098
26982
70760
32307
66330
81636
18895
57188
23639
86839
48168
41688
23612
47049
32085
36257
50885
4399
36632
53434
37963
33537
45261
82845
21825
14746
31197
7837
25892
50293
46250
93836
53355
19180
58547
70446
42363
78488
97057
78143
8722
85028
23861
28681
38059
37708
45697
5732
39367
15398
95621
42824
26908
34596
49131
14656
27137
86176
4040
1778
90993
67741
94284
84079
62148
85213
26714
71169
6382
65257
37238
49392
9068
3571
31762
3448
59104
24707
50505
18540
96470
13433
61347
34692
58330
28121
26447
86426
7642
47479
52143
39337
26527
27143
83056
84015
88944
29244
86821
46258
39972
92706
59561
3133
66686
57770
19081
98483
40280
61823
27568
26069
29107
85794
87
72558
42607
83750
44138
7297
49683
90382
959
24577
65921
4736
595
5863
49771
72367
33447
37178
37601
43279
74202
80303
14826
81184
10836
23567
82985
79290
79908
68592
84038
86254
23981
44363
95397
88442
87175
7727
77807
56306
3447
32147
82260
94656
35756
39549
74205
30279
88837
25648
58850
68593
12554
96801
74217
19578
45932
53819
13050
22870
65980
83750
46668
33465
36883
71969
44608
14082
75446
81702
17124
92080
35992
99681
84546
14341
21747
95354
56798
69127
73108
91280
84054
57186
99134
89409
45662
24664
16285
98255
16573
39282
2118
7065
38226
53006
53079
74432
35497
79659
84647
8645
3427
98058
10310
90223
24789
24994
66355
94409
79689
88608
81979
70260
18405
31200
63419
54649
57049
96028
93649
13912
11226
84221
61801
57434
56840
84364
61644
26022
48174
42755
63149
7497
2292
32530
