250
3079
58976
86719
33769
43395
16593
78330
50640
85230
20591
62499
83991
94252
33896
79256
15589
2144
40082
47815
8711
1711
66866
87464
59480
43813
52259
98508
62650
27403
57795
27063
44992
65682
80416
4163
71391
22610
92507
10357
72000
60756
91752
19761
20305
56602
84730
14317
24096
78722
30421
68709
49265
72085
89445
51900
60119
84590
50257
46275
14918
20431
79014
49190
5948
69154
34085
59076
66455
71012
62353
38753
6487
31693
50097
64110
57390
27188
42682
28576
65955
65184
21605
2986
85719
34237
779
2144
39976
58902
32479
64072
21230
9616
19671
11252
13827
86684
47021
63342
56666
56884
17913
61759
52783
99471
56937
13555
14695
70250
61917
6817
83882
53531
69584
63305
27137
78127
