17247
72975
58256
82880
19974
5895
81400
44931
40653
31609
43951
59097
11481
67017
25223
13278
63257
35006
30820
86700
11158
37383
85170
7104
5622
90507
99173
47891
74776
11854
33110
68924
76156
8633
3369
29115
27065
75550
28667
90276
11873
54515
4960
68801
1871
48956
82230
98913
77105
58307
36493
14989
22782
92639
34748
145
40855
39755
38784
30949
55107
49509
72615
8778
42079
1206
78871
44631
98998
1171
84855
18587
83966
77216
24471
69618
30525
20409
2774
33100
91297
81363
14681
34111
90620
7476
46235
47167
11116
28438
53014
79041
96210
49795
78342
53671
25374
58300
18354
78387
11564
60627
19852
55021
11782
12625
95400
28624
67948
63256
16907
49686
49391
82731
13146
42050
16430
30965
17566
21848
99338
24413
4491
85107
38892
44457
75685
1313
80425
54392
39233
66771
81789
77482
93582
82165
99992
14271
50443
78981
81992
94139
35758
74806
25632
81136
15948
35500
26192
95182
62333
91249
78774
19737
12803
86512
53495
56845
59410
77496
25457
44289
47795
62786
18322
36064
5765
94311
25881
75519
10132
93584
7933
27618
71478
93600
74940
70800
2647
1497
62011
82402
76777
50179
38191
65239
33651
59129
51940
27360
30792
10923
84328
58682
39134
698
35831
96538
66282
72155
65469
98715
40494
71472
99528
17032
45948
19792
45858
16381
15521
58653
43240
16520
46967
52743
21860
2084
29199
40409
29557
53668
79244
8806
2782
65184
15083
5701
15362
86949
99121
65352
42402
28819
42714
77951
87302
31896
59346
5769
69595
40481
45354
49213
94747
63932
68601
42734
17443
59782
30683
76500
89550
24969
51252
74817
4563
90126
93751
15870
23710
93371
29278
71611
28710
23009
5750
47200
64914
68636
36733
54105
12480
45611
64794
56810
74913
14554
2057
84758
85651
90083
75843
46641
76431
37822
63529
98722
58997
37737
21951
22139
87798
68418
67211
78608
14120
17666
1595
7576
25658
22896
5861
4591
70485
1724
79293
38723
1375
9153
33723
76326
66441
45095
92562
35522
11779
72619
74226
74218
48473
57138
97549
57608
92960
19502
63064
79431
59937
36116
84939
25970
71949
8761
51365
64299
41374
56156
93580
52717
89064
49248
79323
42248
48052
88770
7260
22077
43611
54569
11848
28385
48627
45778
65355
91692
14346
18351
18885
95533
71165
32225
92100
74570
55932
26387
77700
65206
88713
53940
35642
14919
40649
67428
28857
90972
13479
49456
84730
9789
29486
61042
1318
62862
81377
56774
66205
78930
40278
28636
67887
32821
14952
92878
47451
89272
52549
63200
65852
43440
68441
48023
4839
31207
78192
30004
57978
8480
18630
6587
11114
99522
7731
41813
38105
21575
2250
19108
52360
90152
34635
99862
16128
60576
72449
8932
16597
48538
49830
69454
79196
10830
23058
22092
93501
11451
58622
22581
20472
71743
48201
95350
1358
34357
18367
88935
80605
81687
63298
19071
17500
21005
17669
64324
56642
51195
11973
28716
18678
23673
66659
4124
15345
93829
27492
54780
64877
50753
86206
20643
34945
11537
99786
40813
20151
78471
19555
55942
86376
73165
49202
14707
81808
99331
963
93193
44555
21036
40438
22958
43061
7810
72535
60839
96753
67643
45594
70396
5062
73992
39462
23102
72213
45957
79120
26380
51729
85584
67689
4874
27295
35440
29324
32490
45628
47994
17441
31297
98906
50929
32393
18609
49294
55935
76428
90857
78955
60061
7824
94994
4081
97991
84859
74828
88205
5937
92591
28431
27446
73614
88860
21212
7506
50590
36848
84897
18890
72095
65885
92413
28743
76623
67965
49755
7563
18154
8903
39712
30185
99614
49235
66565
26938
44050
22526
89744
82287
49833
20899
42845
82418
59701
67529
21709
59238
75839
77507
24224
22648
31722
46051
61129
64416
2587
89411
84632
64466
50746
63126
17925
58968
41968
42378
22960
82406
48273
487
95054
17652
75473
38879
23326
28095
75180
4404
29205
35007
39956
30757
29252
19682
84366
98166
20803
29289
41866
14907
36749
26586
18958
24947
81923
27670
36046
15207
88157
491
60046
60062
24309
53035
35573
52762
52490
68562
78279
98694
94611
72079
97874
20316
51167
40449
13748
58107
78797
99587
7274
61900
16591
41775
90248
55011
49286
19838
13213
67666
28349
57462
38950
17341
53976
41069
36212
3799
49143
17148
4329
62676
58905
88515
22018
53096
61103
19984
71445
34462
86511
37568
90601
78141
70342
97408
84242
16704
40973
18066
29489
17388
33933
94501
24730
21051
6657
86054
62581
58970
76330
32729
57007
94080
56276
97007
35030
37419
90484
21099
12496
21793
62338
86344
41822
77767
87099
28104
38983
77159
73040
36403
4957
24631
68366
90322
90211
27006
80937
62016
63464
5723
83426
98665
8451
47216
33149
29017
