98350
20008
62013
22548
65630
5480
13367
61167
94279
98012
27936
17922
5347
76583
90317
10906
94063
58888
97825
92879
57977
94444
66147
1760
84511
21648
38744
53181
90578
99685
50135
93085
23271
4511
19183
377
39922
52811
63442
37938
14992
62197
16937
63152
62212
56664
18216
55472
93666
91808
62933
89078
89631
83564
6355
11663
14804
7293
69239
66072
36096
43332
64595
10843
47804
26985
33733
37965
68995
64057
77196
90386
63440
3893
38768
54606
34729
78947
11645
17286
24585
84038
73037
96121
53656
72919
4404
30795
63486
