48293
36172
21784
12208
75877
18288
67476
32842
65410
10336
22612
37663
83397
14707
72017
58710
14266
67742
6017
24990
92330
31084
11186
467
49786
22898
42199
21388
70435
68424
64299
44329
24824
10147
39006
61972
28235
43369
81567
50375
28805
17645
53700
16125
8996
98965
43178
74635
52613
43104
31318
57052
43728
16465
28351
83783
530
18040
94371
37289
95958
14843
71186
90964
76541
80163
56164
24971
88028
44575
42852
95366
60445
61296
76955
42900
7229
6588
28272
56659
45720
94635
70445
23903
33459
26341
5939
23916
47890
64431
58361
49556
71045
17696
10277
24501
73621
1005
91950
53972
77656
24976
60557
44719
64055
43731
74264
21762
53526
85893
50813
86066
57076
44004
50872
84754
15453
14505
76147
67744
33800
70986
15660
93189
81605
83685
53469
24757
76512
87702
64460
44602
8179
71866
8282
92866
52205
89764
15454
26627
15025
24826
36990
74160
61545
60594
75164
45887
99297
31125
527
69926
13200
51329
60811
15144
32003
65367
84148
33788
57709
92552
68114
52723
96976
18577
16624
1996
49275
41821
67840
44567
18313
87158
15193
45207
65013
32952
5069
3894
56286
62484
30561
29670
51277
91740
19844
19044
74253
25758
8004
30641
71045
10092
21316
53931
95018
17634
73100
50127
60583
88520
6406
72451
51049
60898
87460
83786
49788
64265
72026
97761
19841
56380
51182
93946
96401
63372
64840
23851
51529
27609
8997
16500
6206
10599
41693
21206
96962
79333
11671
51782
81664
73588
60681
28284
67012
39467
1118
93501
22050
87095
63310
24481
45135
62732
3166
19958
37550
79489
27446
74256
74958
80851
16817
37503
91503
42554
85799
74401
10700
39581
20885
15779
2875
33608
42980
52405
40156
79797
11247
33461
64598
62650
22731
29734
30686
30863
3639
61781
18528
89155
82658
80848
59619
80426
74445
52200
3164
89292
80421
88913
15173
19280
39593
27111
49652
78679
10449
12962
48860
70499
32972
39472
84740
82691
35994
42698
8303
50117
83930
57026
9755
59268
88798
79833
10493
53055
75105
56626
78183
87236
19338
5071
31194
60091
13846
2220
21794
80920
83361
99980
4907
83074
81007
32311
37768
58566
84278
15590
22982
46290
71426
18822
41206
23802
39048
68902
2563
78627
34436
56799
89543
2580
63322
18786
33801
76067
9992
32162
37269
56175
1771
66123
95486
86929
67088
14150
13288
34567
52498
156
33570
99945
13116
40068
9005
56722
89837
37795
915
92141
57326
49494
23485
97910
13462
50209
32168
35812
74774
79506
21662
74325
45834
15258
35574
70196
39759
3854
75583
84438
4299
59257
1141
85133
86125
52977
61777
50319
84716
80032
61487
80039
63533
61796
74648
63271
66826
6412
67463
19796
9508
58
78048
14309
85907
89689
56127
91600
71601
65940
13245
1820
87623
25185
77375
7508
93611
73763
96233
26935
87046
40739
87259
12318
33105
87876
83976
35478
68470
44882
7627
86209
73547
64625
25713
45350
80956
74773
76554
5608
59997
43004
55457
44169
24965
71989
73252
9420
27452
80446
19127
60543
19402
83212
95431
58021
25934
71824
4320
10818
18046
2885
87646
17111
74115
8591
91458
78371
46780
8407
2789
74434
64224
75956
58420
38091
72298
65855
82873
95280
14317
21799
72381
60260
54894
82082
7561
81850
5104
86625
52223
92399
97571
26589
73519
88025
82184
23604
9734
1591
40879
34320
3218
97710
55643
56507
78098
58402
38893
61579
27749
63519
23451
36000
34349
81574
66243
6296
27759
31308
75247
34063
80394
31651
54134
528
76312
34882
49711
73454
99937
80805
49068
69870
71727
73644
91897
59931
37349
4357
37926
99015
92782
30224
70652
4419
71375
56171
33199
58331
32772
86203
67107
37552
17770
57692
93250
7941
65069
77575
60948
26150
88855
29566
13160
87829
89670
