28464
82924
54973
1039
68462
8904
56944
23779
40289
13364
6913
87485
17476
11086
28709
2163
68008
67985
96153
96377
60837
55474
24193
7562
3732
37376
61347
21451
22699
95040
82156
50812
72493
57397
48815
5677
13085
18328
34436
56841
99848
82852
40032
95732
16180
30106
75864
362
84612
27085
6619
53335
82175
75621
27468
38357
54860
5010
13444
54583
42143
80418
37474
9368
54423
53332
20997
84193
87348
7870
73196
66741
79795
72751
85929
66458
16784
87416
47601
13514
27434
76692
13955
33459
28077
81023
17176
76490
32203
23508
84054
43238
85641
25162
85264
80172
9119
60043
11761
65159
85912
68015
86312
89665
42121
449
56783
24339
65708
23615
83878
96303
12660
74947
93915
70980
26579
3774
30704
36152
90221
87508
5278
13719
76910
83124
10833
70836
94523
86190
41183
36221
58936
4331
1405
13109
28131
89794
11599
46323
34382
37154
36515
94714
12648
78342
59445
60802
68347
64558
775
37757
65440
18354
71980
34732
22108
68856
31760
71794
1902
76742
56587
28342
28454
22665
21453
48661
19034
567
39164
14694
66915
509
67831
7193
88136
49178
12887
94997
61999
77623
64242
85804
65761
3916
22748
27336
20849
1041
4230
2365
51069
84209
52948
66327
24332
38672
41700
24968
24954
94696
95123
79817
42554
91111
49096
40034
25425
10009
23379
32058
79094
81453
28472
23015
7686
87431
97555
49009
70171
31818
54494
54889
96692
51371
74421
56977
76404
76126
7406
76191
95226
13206
50257
37913
93102
7265
3075
93952
91852
11388
2907
66726
34033
75743
69843
18473
73104
18628
71382
75223
33417
24248
35119
28309
86667
61437
36298
42898
67705
88146
19152
90034
58065
63159
76315
85540
14890
53340
67049
63472
40506
61444
55720
51700
98197
38777
7874
44465
2452
24099
24310
77500
96393
23877
1070
92393
901
50754
89943
16783
60927
71112
42863
71929
79253
68486
15659
78331
70267
42540
52058
19433
4389
78203
7679
68306
87189
31520
48242
88253
20510
98196
32607
16636
788
48555
43686
18784
92229
47335
34521
82663
77705
44977
769
36746
72978
98266
4050
74384
25370
87518
64293
32730
88044
7176
9179
74104
23510
20072
45908
59136
62395
46472
39826
31966
34901
73471
89213
54222
81868
4314
7800
99298
45591
21822
55243
36240
65014
63075
67711
77661
8911
77028
60679
94991
65800
67746
65864
41841
3983
45183
69146
93784
81149
29842
50096
44087
57421
37653
23913
3428
24563
15645
49887
26921
54352
59223
29817
26596
97605
93348
53445
29716
27730
55700
23859
98636
11874
66635
4379
99204
67468
92302
62425
52204
67005
16719
1910
6306
90979
25572
73120
90836
34575
81692
60196
88428
66996
68290
8835
98011
16034
75256
80776
61462
57901
17775
48609
41426
23848
11919
28017
66024
34048
24495
80056
53596
54761
45779
92057
46008
37464
49142
7592
96693
68578
47094
79718
72854
11618
67284
99076
11417
78427
79120
28880
78053
1481
6403
24007
84757
66196
26601
67693
80010
76909
70974
24725
44693
31920
71606
50838
8863
57236
32522
77625
2834
38097
82287
45313
57828
80773
11964
86623
18597
53444
14862
82164
92361
51775
59694
49236
80659
87036
62554
13818
43707
62093
63074
52596
51884
83916
31891
80591
41009
13235
44204
8643
62921
84774
48285
8867
28122
36038
72831
26405
77352
5114
51925
75001
7966
92873
56688
32387
22066
51754
10921
51860
87323
86017
36492
4222
66249
6394
69763
72259
18702
20475
24593
22884
98091
65702
11510
49753
81228
54037
70315
44424
8600
36261
29987
83134
90746
22046
22985
97828
34606
4308
6458
42785
63395
52995
58839
77529
93689
79630
94412
26288
17211
58308
56605
27644
1778
85883
86720
59568
31405
18417
26758
11283
40395
93762
4263
48732
22442
71796
31442
26660
62194
65671
98565
18426
77245
19874
19529
18496
52706
95969
96325
82572
42733
1662
40139
3671
236
70969
37562
95194
79888
39221
68839
38510
16639
48284
85624
34584
37110
90210
1155
24774
73197
87944
28815
83130
14999
86181
99119
35984
60006
95410
3958
22168
64850
1677
87384
13936
27970
87287
87361
34847
66359
54492
21594
21785
30769
30893
11870
2126
43623
49016
81351
18175
57020
1066
28234
19883
76126
5483
57355
42997
22869
49346
39641
34237
10204
99952
39905
65391
90789
34723
72359
98512
28404
68440
27029
67878
95493
95079
35166
21855
16001
31914
61910
90893
93549
25255
60370
1875
16085
34452
28001
2743
16008
37017
35481
17004
89631
69595
50866
82847
61915
77607
92780
5543
66237
3035
18182
74688
45405
3131
32887
24985
13058
63752
38242
8471
70099
16675
55509
7990
84719
24895
1855
87548
75414
49984
58183
46533
58815
73061
94490
45456
63863
8905
62671
83134
92265
53532
85980
21815
44727
4286
37819
10425
14826
76887
96594
96248
84062
90077
71314
41096
87309
52526
77583
1721
35807
88467
7084
57292
72400
95295
77145
36955
85872
94856
97540
91374
64569
84658
4934
36923
57340
84947
58920
30662
27491
32885
87915
44864
12459
4295
96624
4223
75739
9116
16775
31407
52255
30385
70896
14239
12910
74308
46131
94048
9804
76179
97895
58879
44344
71083
59806
36030
34237
2636
16062
45119
96580
58146
23085
84920
4213
16708
13876
18870
44187
35097
67304
43111
54740
81664
88540
37316
61133
26358
84722
78854
62830
57320
47018
7147
28500
86232
55832
46271
47721
23828
76157
33291
13171
63684
4305
58731
59584
4336
75166
77842
54931
92097
23152
5277
1661
29792
97565
14440
89630
65999
9251
82201
12178
71061
81034
88545
27898
66339
26796
55483
73583
74557
47003
59365
15819
70610
923
28980
56090
81872
