83736
97737
11037
98402
87224
17087
79245
27336
31650
36344
15136
85415
23132
69781
79224
67523
21301
8336
12916
71505
40229
7662
77525
19052
95821
15375
1034
89007
97821
25030
70046
27464
74019
95859
49219
96578
28400
567
31330
58524
81548
37594
21102
50945
1176
73484
5114
60876
14767
93777
51027
82579
56010
26993
69332
22221
60126
98649
42520
11557
44346
10318
24506
63313
76675
31182
67944
3301
84837
10674
5918
72585
98198
61473
41154
48778
96109
42535
62160
97479
68298
47596
23531
71717
4497
84065
42147
44833
85549
70096
66064
631
8371
94316
19170
92801
50014
57290
40127
99226
38598
93138
20165
16649
9061
92714
85841
78502
34119
23513
71736
26847
9866
11914
43006
89417
73479
20897
9044
97019
51435
49338
6564
18302
99551
96569
78908
70970
62951
90625
87993
54384
12478
20214
24670
17538
55234
84871
79501
24976
69644
73245
97396
82401
70304
55275
77031
15713
81871
57986
41337
38353
84737
26429
89760
49400
47696
6105
17712
81508
58626
4982
42383
13497
37845
41761
56945
53008
81314
97003
81698
60009
42454
3910
16880
2521
72097
94845
8533
19556
73841
13295
42536
82055
53381
41465
90368
64573
44071
87210
90290
45681
40705
9477
74572
96878
79482
2501
39236
13790
60819
54257
63574
47726
6780
58327
69663
91787
16908
74619
89324
14603
34872
78640
54711
998
76896
56410
50495
46982
9228
91410
75266
57189
41590
81909
4534
1629
78550
51839
33617
80373
85123
16025
36997
86826
40081
28130
64868
3205
70055
71308
33333
17194
71724
32185
23077
42979
21734
83027
89222
98979
78489
29233
8910
55566
70910
49636
1271
66704
57879
40799
89046
46509
47755
92738
89516
39767
49912
46938
66521
78929
14717
39374
36464
27355
50432
94071
4437
84993
38417
49670
86418
81511
18715
38967
4485
83347
71418
88499
60804
8416
51187
75588
72299
86973
11284
45119
89971
87638
89954
745
35559
27572
89405
85506
46302
80418
38149
47927
87603
88975
45533
58474
42592
26009
28545
37267
37673
46441
15139
46573
25177
47571
676
77100
77865
38491
1245
33267
97866
84649
56764
97752
59578
91325
43197
85869
55296
26633
8709
71613
59379
53833
45207
67743
13331
60208
81063
85499
35447
39724
17683
89865
12619
85372
91478
14963
84513
55424
90071
67950
95223
56696
68504
14123
63958
8150
86378
3592
81277
83763
59385
51625
36177
7362
38461
93394
19886
17385
85859
84176
92359
25021
24072
63563
76913
28786
94369
1206
80447
23187
2345
27443
30898
95074
54047
32682
66839
23296
29493
78927
76101
92468
53123
10009
17052
83758
72190
62820
86163
94516
72117
25305
86410
49803
8739
83683
19010
3336
72959
88767
50143
32992
84850
34175
69998
20451
7607
55301
24325
15996
39485
13784
67598
81356
97461
74276
9662
91668
11828
98372
81562
60597
19376
42313
40442
83317
62484
36056
82353
61774
9994
75724
50290
4275
56677
42012
78525
27852
92330
42086
27009
30430
20140
87083
55024
56711
18452
23309
55572
71551
20360
81233
40479
18337
80769
45173
3674
56097
95625
19428
18778
99493
16621
40377
99656
58878
31890
55000
65057
86077
41732
72886
53965
67696
32206
81341
56231
37645
89061
2108
40378
6952
44172
84976
37978
77060
9307
20245
50006
33722
55760
24594
40990
97610
83055
52727
53481
21407
87053
55950
28728
27146
29967
47823
38364
69866
192
31412
34810
43590
98078
39291
54839
43387
91562
30625
11
90723
31206
70538
99203
51533
94519
25549
86402
6184
37713
23777
5629
11423
84307
1238
11041
72228
96333
