1216
45527
49754
85410
34676
90239
1188
66137
26154
65927
549
38814
28461
28145
21992
19390
76189
71012
61599
58511
66136
17820
91337
56444
22288
84632
58509
24181
96356
93447
16545
70237
32015
71139
1979
60041
78709
15308
86833
59182
43883
15538
49184
15318
48413
48894
44683
68569
1736
80994
17444
86181
94491
57690
70580
95587
78693
51602
47368
88973
19417
30028
63193
56385
37550
92361
54493
42767
70965
69849
17095
7077
52415
13422
81735
81918
42867
45189
78181
38785
47815
5884
3416
17783
68901
77231
77653
64449
60457
68718
9798
75195
65813
83407
81693
75419
29424
19346
42795
41113
73628
17812
67130
12283
39144
69442
82622
76208
84182
6728
78798
13568
38995
77490
32647
90277
26520
14330
44762
86659
22480
9176
21523
26341
12396
42592
22280
50789
91334
90887
82854
81090
29812
46141
62834
19512
38359
75964
83505
27635
58798
95724
81968
88579
190
9250
59257
96001
38497
2304
28110
27147
50342
66994
30139
27888
99868
25966
1354
64222
42479
31838
87448
88089
60550
28743
71342
6263
67284
10454
6822
55246
94008
32274
10395
18467
79364
24770
8633
93269
13830
40595
58229
26163
13963
77276
40165
33301
80273
689
82421
5965
66317
58133
15356
82640
76633
33177
99311
60356
76576
72011
46240
37329
65899
28432
40128
17444
71723
17886
3537
52055
67945
17282
50787
48463
92652
54701
24990
97272
97199
75949
38026
92298
95627
50875
24457
46115
26986
45860
55769
79442
42436
27
67644
59073
4772
8548
61248
71200
14613
92452
86774
63390
54486
19006
24458
56207
44965
98926
85115
82795
90308
64062
63696
11786
91265
34477
48660
1011
95352
31228
35171
10518
81298
33488
17523
4369
38377
84306
82975
14998
64966
52789
92199
42958
76536
93191
3030
34147
839
8817
93208
97955
72619
76198
21739
61014
36971
54892
35322
48201
93413
45757
22039
2459
29041
88207
38142
44280
93213
81011
4240
62119
398
42
19439
11175
19243
13377
28300
23204
76348
39099
22107
44461
28474
50004
89444
41261
60803
90275
7131
55769
83698
72686
98205
81586
77897
74780
91413
27880
72585
609
40880
45396
42344
54800
91446
75425
27241
31238
353
33922
11665
57308
49560
35061
57343
35132
44985
49791
21462
2794
63697
18465
32457
92501
14816
11295
33224
74401
10433
54143
54745
75812
35514
67101
38759
3116
76150
6767
33827
21362
28678
83742
99692
66959
44493
68356
29166
82461
82258
70205
98555
52962
5326
12152
38441
53564
17587
78692
38479
97960
65528
740
39201
34324
76678
85081
16074
54915
24833
65534
90254
50038
67956
4099
97253
74186
8893
68488
46456
66373
1647
84946
37860
1934
20250
42976
71109
91383
29511
83005
13782
26048
86700
15484
38319
8229
3032
66076
9246
729
56420
21897
16618
94711
50353
50702
16639
51617
94415
71332
30336
42497
33978
56373
33792
32352
21050
78314
82493
11223
19921
99950
6347
70817
81848
80554
26273
67207
15202
190
7829
85149
53634
93500
5050
87020
88552
36395
74696
83380
22260
25794
5755
26517
60935
1893
18224
90227
98149
28682
55040
22093
7002
93061
31164
69251
63619
7713
28390
44304
95240
40418
89555
93827
94407
39319
16694
69726
52879
4994
39717
7287
70440
46187
50069
89934
64266
91974
61274
6685
63837
68318
77119
3716
53762
55518
69106
21623
16057
73474
33896
69224
10452
67244
42343
46770
46827
99926
98073
65330
70126
70852
64354
67126
48118
278
88088
47784
77459
3498
2033
70643
66128
72351
59007
93640
54692
80160
98426
91788
34201
7360
99284
2069
84085
68962
99792
52592
82305
60364
98337
97458
27161
78488
98750
29765
46154
91052
61416
89556
13808
76148
77511
79808
90868
65161
33423
20771
90662
8747
18741
79777
59944
44150
6256
50718
86641
21153
20180
58772
54153
27882
7374
38694
8778
28691
5820
15965
23580
634
71485
15037
20489
47463
85018
44168
7911
64302
84816
56650
80921
90276
13612
82213
462
80861
82754
1686
35542
42651
16764
47068
50655
29308
63284
74561
13923
99532
70250
50292
33742
83297
20489
50406
43224
51769
60363
84784
13467
45425
34052
5721
58143
78994
1018
23829
81868
3260
2814
94822
11282
11351
83337
4033
89824
29777
58047
58281
95471
29090
7271
99055
68154
31037
29687
34094
7018
51571
29537
17525
44396
35779
25482
65614
39928
44140
43660
74247
32707
89475
61164
50300
74025
6070
16965
32965
23017
41912
2175
59627
26035
61300
40340
80602
30295
59874
63406
29004
64772
