54028
16698
47026
38458
43202
81207
96017
8425
1156
28990
32602
32529
3640
84841
68315
29114
3538
72959
79070
87979
13558
63201
88847
1459
36876
62111
74985
33296
95275
34542
30817
36209
47735
51890
87304
72382
78018
980
74997
38847
77435
1602
26152
28379
48012
22280
54454
77325
65298
22843
22708
46504
72431
7292
66091
61573
31635
74250
85613
45460
26459
87599
20718
4481
24458
54792
62933
85483
61170
58478
2484
58396
24954
94999
98789
97304
38179
62479
44713
65366
65378
66712
89466
11937
32447
22906
69872
97329
60056
28024
96244
25535
63650
30274
1273
7181
97628
82648
19256
25213
48458
16899
13601
96640
68509
96385
91881
97893
28587
53643
51804
46200
66992
96500
25859
5948
64240
54663
90056
25900
99742
99778
4142
15218
69411
49897
1503
67792
47145
38310
65363
20172
17599
88686
94644
22160
36542
44872
42609
11944
35327
26592
28512
90908
45221
12216
11835
5897
18692
48800
51134
91220
86392
43411
88489
93167
8455
11866
27356
57903
46888
29718
66544
64746
46214
90504
57883
7134
3335
57220
66274
27839
87579
89936
7251
63275
23505
42536
87889
1646
69674
68175
89273
56249
54266
16047
93224
60790
71928
47535
98447
49532
52806
77761
88543
99049
52283
87778
41771
27161
81517
17024
24585
89622
25247
20516
523
2340
31785
97131
33460
56944
31846
16286
15770
37605
10674
98712
99976
34573
52971
55975
43576
58607
72359
94313
58381
86185
61235
38254
23887
55641
24245
79336
53264
83051
95028
77985
45610
43089
76217
30231
86011
31956
67142
21519
62449
51049
56303
48469
92341
30430
23342
99193
73162
90482
73531
99516
1522
95108
20519
64096
31179
11574
28690
88625
74832
56446
62837
68758
74123
44650
10133
99096
49998
446
98767
21562
87895
4321
27068
29956
66218
82915
1725
99074
87331
18266
1496
49640
73773
67004
7779
46296
78349
74932
45557
56041
51770
67410
21406
60501
14002
37673
56574
17114
28783
39504
21312
87138
85765
4011
23547
48139
53407
86243
35481
17274
14527
62418
28430
10037
94113
95942
45725
73342
19670
95510
86107
59896
34685
42213
54575
12523
77878
53249
37614
69991
95081
77474
62524
16131
11066
88490
96671
97927
96372
65021
77796
74917
91596
94279
85747
8222
84384
590
30320
81272
91995
13048
1418
34055
45121
32521
71746
91651
27379
44306
30564
75688
40856
48791
99163
77296
66684
29284
60996
21788
91396
48909
81820
97782
65198
50665
98358
40045
22837
19177
12026
22985
99891
7966
81874
6633
80230
81038
53956
7576
40060
78736
70777
12564
68755
30420
50795
85577
42622
31021
54247
6331
8869
64694
72662
89820
60878
38820
35705
77304
6161
56284
32365
46845
9268
73840
96857
21104
81955
67049
57330
22803
37947
52961
89250
80923
22866
2731
574
48939
90021
38284
18990
67657
72534
45330
41470
60137
84494
38837
15538
