9461
14030
3907
78306
39611
17901
62479
45545
47832
86224
21219
22621
87302
33290
86228
79080
55183
26325
41985
27858
550
46621
37405
44454
25499
54710
87978
98018
29153
56676
22298
61144
9165
44376
7967
12610
34451
95694
75295
50557
91680
12494
87798
75341
12382
11512
90165
50288
70998
18539
81502
60568
41729
12179
94267
90576
58324
25539
21196
40784
42770
7466
88401
11438
43024
85365
82861
7231
42728
17162
39795
8568
626
36382
57124
59176
45425
43857
83111
4928
30012
98540
14001
14656
17092
57423
84612
24335
84243
33624
12516
61214
85212
6878
1796
253
62362
91954
19229
79195
88836
22950
17773
11437
15854
51932
98986
3298
41264
346
24409
29704
23154
49994
29661
5239
49227
26775
91046
50709
34925
74286
86572
71830
14531
25951
52195
14043
15880
372
56400
81537
43443
23730
23034
29759
56795
18892
10966
14077
84048
43949
31490
38242
20363
28613
83404
28518
94534
71306
4484
68909
10504
47799
43040
59418
15279
87681
2666
20961
89832
60487
70647
22765
11321
74724
44643
91191
87791
60312
35742
2289
79851
3815
18354
80295
67325
1641
92892
90398
72138
77401
34729
73160
52606
22711
98680
55941
74615
11329
1082
1153
92481
69361
7018
63182
65847
58022
51867
95978
51436
56302
35735
80360
60572
99580
86897
26564
48889
60636
84263
56183
37225
30082
83479
82357
29495
6475
28575
49882
39182
10515
19075
94921
79653
89959
85565
36877
73571
