80656
47823
45081
55595
60682
44956
55654
54364
71767
40992
27013
96833
13042
93758
34472
60507
11981
59244
79604
58117
41828
89559
72865
94529
97470
24376
86058
21700
8573
94495
21690
33995
33667
36010
8961
8008
1023
3525
44317
7817
82975
16874
94575
71385
30634
47265
61052
69784
26904
61497
46728
34266
97313
80348
59554
90953
90878
35521
82228
59623
57408
19588
12829
23458
47668
28663
33870
32189
82519
59326
68598
84914
3110
72102
77645
38872
97186
54641
30837
65040
99982
38425
93652
60798
1500
13462
51281
52846
53742
9839
68618
19071
19436
50301
78868
88502
9978
99804
46108
11960
8679
73228
6721
55795
13075
43510
48556
49638
40119
54515
4894
50729
79229
50430
53708
37758
77226
87958
62474
70102
63016
77599
71544
6282
86433
37303
34014
65516
96075
81351
23983
71213
35777
92499
86453
65738
17293
42861
48860
58468
46238
98533
93623
66169
73831
30418
25347
3609
67479
75984
14850
82436
48005
3951
8325
29336
42222
8427
34979
69544
81004
89076
57259
16962
71624
42988
82959
48308
83298
45829
30302
66577
23300
845
8938
29822
5717
92028
60912
22818
93382
17520
57952
74603
13577
83178
19236
96137
26464
77677
68046
19498
4015
92589
95585
50196
22514
88391
43841
13905
99633
73746
9949
19336
75526
23428
47757
26138
92796
63283
68676
97509
84329
65350
9328
76435
5742
14221
19507
54167
58207
59251
98844
15240
42275
99510
1384
69107
50423
35657
74378
28786
92828
14570
77319
60843
53755
36276
72519
94498
68514
85122
93631
2153
95516
75135
54851
47468
70925
95009
60853
29203
