81185
32048
17280
24527
12875
85675
91779
84357
45408
53101
49050
62726
10690
69456
5061
69530
49770
52509
95774
15354
50487
6243
30953
18701
99270
70342
8020
2095
19763
54013
63548
25730
28706
46035
92146
42174
3269
43025
7446
56191
74332
61671
79755
98829
59068
21085
74982
73539
25337
34544
61871
38691
62972
38018
47871
36744
36940
32518
19345
19849
98628
89945
47357
140
67743
13737
73866
21417
43574
32790
81811
54595
55056
172
2460
56884
20731
28515
46259
59382
6417
60760
55462
29433
76553
89732
82980
95368
203
12720
78674
23165
24626
84945
29036
93082
75252
14951
76049
14898
86709
63036
7084
59810
88108
73527
24891
28175
25039
29107
88319
21025
55274
57276
1181
58476
79189
83555
63472
39419
3997
77702
91063
50102
47242
78084
18041
16112
88728
94225
82508
58402
25269
80598
70006
45368
82247
71850
39081
13872
47059
92907
27342
31287
30771
50933
14377
29555
17285
99529
26345
75917
90129
39515
9393
76955
41745
92255
79245
31513
20214
27343
50848
70012
59755
72789
21434
40084
73433
45046
73494
74613
87909
34791
25546
44364
3570
5966
68055
59522
59739
2966
50959
42117
43213
68324
80378
73834
83703
47764
40205
3439
8610
10886
66887
26884
21812
91034
49831
80826
3600
5363
41700
32888
41196
67281
49055
40260
29250
259
60190
87998
34636
14112
72750
68989
66069
84627
85070
26192
98254
4066
41897
44815
84157
76182
56227
75783
48613
19840
40410
48325
81286
20804
51824
78620
29312
28074
23292
68145
80513
37100
25811
97304
32740
43715
99016
3522
92149
90078
93458
959
21444
11343
35927
2947
39140
407
40406
83903
14826
80036
27397
51828
44874
75613
80491
71851
62470
1398
98006
22958
48955
68921
18901
70254
23756
65806
74895
23412
83188
91212
54877
95575
72215
82215
41076
43596
94332
83088
18013
43765
35983
43970
87636
44215
93915
78058
76203
97670
88021
17564
95013
29953
2641
1458
19693
84052
19059
12796
58081
31544
49068
56610
20404
27105
46842
45677
76697
1368
5321
35042
36075
1004
75434
82932
99306
81470
15131
97046
90507
3404
22987
32814
87443
13462
47739
31996
42333
70657
91444
40040
31747
64017
97245
39965
75290
63894
34288
68082
17290
83891
11624
72366
17493
97399
36152
84987
28187
32000
14376
15456
65115
52100
13997
49014
57049
93345
2492
92410
85964
51611
2590
30538
42015
21554
48919
61512
92244
87836
11827
80851
21067
62523
85193
89577
78409
69239
55929
63123
78836
54023
44505
76700
57164
25060
69825
7000
45364
13575
59296
57985
17615
47318
45004
57881
72263
84108
55465
67151
70308
27338
63830
53960
86421
25430
95631
20474
3160
19804
48475
98182
81710
51918
54250
50896
85038
81399
26511
66469
14483
10864
91405
91039
47512
17111
89190
63527
62868
84391
9754
45697
15424
35763
57031
87944
21770
85967
94652
55196
55327
50820
15146
49277
69265
5091
74631
75003
35474
95583
7152
4140
85801
5709
53931
89795
42469
57668
92896
45005
77055
13534
66026
56558
40328
76523
77241
46613
94297
97078
28820
61858
19379
97920
90121
8007
79942
40725
43579
4361
8035
40827
56378
9835
6115
84605
6453
62078
6260
24230
21082
21945
20869
41433
37790
17962
83663
69835
79152
63707
83806
73463
59415
65775
45400
21202
29552
70671
34153
89928
64000
21906
74811
2250
22926
16492
74428
64171
