59862
76820
76060
4965
47661
16086
54864
78554
21424
75554
93975
81041
9363
68811
74622
29938
56264
99815
35228
56843
33488
24339
60631
95054
22703
69962
6553
36121
76071
91439
67002
68495
52908
90753
42999
60579
24716
97207
2302
89310
89103
10274
71370
76731
72036
62068
50474
85636
43782
15879
69350
27453
86479
8454
81126
46925
40197
69171
20009
94861
73494
65607
14219
84189
10974
35827
25339
67024
30537
25217
15153
68777
6596
67198
57629
44673
1393
15120
24628
13031
18157
60582
70575
16566
20567
58027
32175
57836
19888
48765
73466
8151
4194
1982
19033
84248
17106
99798
52064
14436
28447
95649
15766
76525
10853
1411
19153
99394
64106
91565
76008
21876
68183
13995
21363
34043
39740
91580
25758
3156
42982
73548
76338
72014
8714
50877
60944
48976
7876
81047
10074
23375
55028
31566
11627
10413
14757
23791
55499
39463
42064
48811
50971
50794
61567
24149
60575
53238
36278
7773
45924
19368
12233
3479
69498
22100
24910
49299
52026
71083
61881
93546
69648
44923
99383
69304
63402
57296
36633
78537
32265
62049
19693
80482
11519
5647
21889
83132
59887
94858
22320
32085
39942
92031
18946
14978
33525
45844
86849
22655
63521
68712
5874
24366
9419
5898
25376
82072
38079
78432
69612
34556
64591
43633
27587
39600
38130
39484
91296
54302
22778
28709
7786
64754
94850
90408
36358
61116
52326
20606
14101
87112
45269
10066
86958
59305
1875
18772
4528
2868
3199
68279
27602
90605
39149
60015
43135
45479
50428
15413
49668
51504
4589
38934
46594
83119
28311
10087
40882
87469
36878
86771
11092
18984
64245
24276
5525
59682
46798
11074
24209
72377
3178
23497
1343
80422
3831
91970
80829
56070
47850
95343
69239
66034
91563
40866
17207
284
74906
96469
7295
9412
89001
84898
32054
18653
94038
41933
43237
65974
97010
207
84121
71607
59400
98053
13896
49902
71706
22289
201
92401
27651
18385
93696
1533
79614
37029
35126
53905
52475
13403
70156
78419
37143
41327
68585
67036
35781
51097
62487
85028
14291
84276
83873
325
77920
62441
13209
99626
51974
349
80570
92259
44705
39881
54251
68778
22574
88439
50334
33052
92435
98406
61509
47466
33840
42659
51715
53149
53225
