96328
30170
55561
93235
50242
94012
10007
96326
92773
75934
82082
98859
59213
69746
84218
1947
22197
65139
57479
24195
35645
74473
24832
43884
43577
70157
95827
16644
34245
44072
1199
66700
92438
61277
44022
51701
7944
21707
16545
76666
77156
25349
37198
75050
31783
57758
6309
33249
626
24145
97794
70255
45944
62282
40422
50672
25027
18607
21659
9157
9594
43104
31115
37069
97992
91565
76405
90845
77373
67559
32662
35273
24901
10018
66087
92089
86539
7955
6278
24819
19219
6675
88219
39273
47051
69948
76616
42752
16142
4695
12288
25703
77380
77485
46666
89828
95332
92254
57338
57245
80919
65626
35349
3247
81875
30445
70796
34668
51117
98623
1487
7273
48791
3949
78422
97143
23164
14543
24811
82701
14114
11217
29832
68470
33484
49147
98179
41359
95699
55451
34275
50267
15415
83290
11533
33934
8170
8091
87991
22573
77141
62383
41209
85104
95622
72028
33857
24735
10366
29050
29549
23750
51960
60459
10592
29042
92593
65074
61064
66611
97048
30865
30625
4072
45680
14807
64091
52121
69456
5967
88453
73306
18328
36941
48933
93551
50893
25547
62670
70459
66817
50713
2088
5274
40324
15530
16409
89899
79683
95273
1775
47868
94530
8956
21849
14668
20094
10878
26578
83189
7398
40792
65183
90014
11243
58153
55385
25996
7701
30269
17811
48749
95791
43
29606
78764
50558
99902
92944
51188
87305
84368
28138
10531
97675
71872
13426
50433
7465
70826
30182
55713
40627
750
12483
99340
58555
11784
62203
8362
34977
41342
24044
91980
49103
50053
17882
31827
97612
7497
97856
11142
69231
32240
53073
67884
93205
44362
67615
68754
14960
37355
13942
16881
9173
66063
83808
15281
18431
67254
96517
9658
16068
48873
79883
42341
2018
26907
24251
82484
55543
83395
74441
83790
18205
67609
73752
17212
71032
97589
15216
29298
5578
48668
40000
61777
50585
57000
70613
55591
94125
8143
61313
56047
59349
46383
45484
27618
72620
84963
17754
87855
33389
47644
25819
28762
86123
21872
91147
48087
71496
3198
51992
10618
51488
34089
24669
10963
50338
837
67524
47221
22030
51063
83147
5488
34800
75180
15334
21726
37839
44866
40205
5754
17488
18941
35594
19432
89942
6828
58014
16701
85761
45279
85065
32438
67628
81233
34371
66249
6373
14609
32123
80349
82006
33403
95866
65155
31600
87842
14296
78804
10429
76970
76
78412
24158
9201
47911
10269
94837
68700
7587
22427
19658
83753
94482
97816
29796
65625
19661
35752
71006
66257
38868
30979
50184
14295
51844
15364
18875
33832
8383
97347
59318
30506
5869
51686
57444
25953
79198
32566
29803
89195
56646
12623
52074
74892
63566
13719
77313
57319
24508
91318
32033
62587
63981
97757
42700
41017
51763
63054
22846
70257
64875
25882
98577
33611
82423
37087
13176
47136
91743
78282
45941
1388
36969
14583
89408
29670
53502
87933
38438
13277
39977
75857
82792
31880
95014
43284
50958
24005
38464
46486
72243
43892
68353
77114
11476
75700
42312
10379
33517
6879
15034
70117
17642
6919
88460
4864
55394
86848
11784
57533
32918
40842
10673
75112
60928
82286
39363
49647
94047
269
23690
43928
85424
74020
13104
45350
75147
47426
66284
95484
40153
31496
38943
90778
51173
42920
38009
