237
99105
2756
20764
81248
84164
5215
59201
67412
50933
13113
86204
87028
27530
84439
14006
92423
2862
3024
24050
6158
6508
78342
48117
86162
80764
60222
26754
38127
77768
97452
26290
53704
79554
17539
75616
35577
26879
41651
2081
86759
10982
81897
94005
82516
93142
79831
81825
90678
66128
83598
91963
74048
80798
19954
64671
99607
30686
24225
46442
32906
37351
49260
83372
82309
14451
69144
61399
4086
86142
47580
59813
48099
76442
17488
10760
52299
60751
8821
58513
1871
45669
36357
44676
44048
96069
73636
56252
99604
88149
63733
29273
85981
34309
18497
77065
81026
66768
39376
74208
68340
57099
34330
74443
15667
11077
74768
93336
38000
57485
24421
34868
7347
90154
67681
78710
32920
73164
22277
98412
48377
51145
75116
29798
1665
90639
24942
92460
19213
11607
85552
25863
78035
93039
57483
87096
78543
23324
4211
87620
74766
58328
95784
86001
74113
73570
46700
68994
41574
21744
38535
45070
76730
56610
14240
27943
32089
12832
69220
49115
52983
61192
22225
36880
29196
90598
30997
52474
8747
5170
93252
40314
44821
87870
75490
11273
69736
20212
1288
61551
59894
13464
90656
6302
28556
32789
67312
80844
96198
50805
51155
34990
70582
31627
49668
40792
68821
41930
92160
84601
38873
20122
78746
34476
22710
87478
85906
76717
45396
51338
4870
57520
10289
30074
37239
59323
17367
91168
12913
31797
96417
19621
61945
77752
28283
39220
48781
46620
26880
65592
63024
7876
75873
63599
68259
87292
72423
79607
13922
85182
8867
23493
44590
7841
80719
98808
12651
29738
94409
72074
15491
53560
49546
89163
5806
93713
87167
69576
33307
84478
73726
65043
49014
48976
12114
95606
94799
36557
95212
76071
81585
47772
85834
66527
83525
51488
26702
66153
95102
30477
21842
91949
41808
41624
63186
26520
17877
57688
26988
82722
59290
53827
46962
73888
99725
25100
53931
90833
84381
50933
9900
89942
11040
51652
83488
31260
80608
28896
51851
32617
78558
86090
67067
56266
40159
38833
53400
66650
46002
39028
19457
6091
78793
35371
66032
71353
83991
93147
73916
63345
55
28688
44941
9818
20900
52990
81699
75320
69830
94605
74135
55069
21951
28225
71581
27115
13551
58411
76786
99562
86802
28462
42854
34112
4032
63247
53757
73494
74163
24484
87487
53165
10246
13417
900
33332
99980
14896
51598
84519
61610
55318
94281
22615
82745
41056
1362
96778
97999
19179
44731
66788
72289
23408
3049
49490
60863
85144
61918
15312
41842
11986
42571
75588
63543
35648
15610
53216
83262
37995
61140
54789
6669
86631
65630
14407
45370
4595
30617
72322
72786
77013
18444
82064
1031
33376
40375
57962
30772
71219
34017
7428
46698
25652
24764
6150
71701
39940
46443
37638
65099
88239
83241
93381
97178
12316
3005
6693
1464
12935
98953
49747
78740
40393
67500
29216
15072
21924
71331
13891
68452
31636
86582
36550
77207
75609
15655
12812
27980
43706
54209
65060
31354
53606
27476
74304
92549
20579
57967
28049
7000
54809
53380
23797
56964
61119
87265
18446
11819
47165
71494
65772
98830
79288
48962
81332
96155
29495
15601
1635
85689
25235
17114
25487
48941
35912
49566
37479
298
13059
78208
1689
87064
42757
91042
95023
4100
15735
53287
73106
54234
89396
26074
16326
95521
68042
53087
13807
52505
28158
47250
546
81891
1511
8394
76125
90168
98444
96701
6965
64033
70827
53811
68296
13094
65501
36774
37122
86253
4364
58052
46216
27749
59370
8423
65180
49779
14935
17872
72652
29459
4211
88013
77963
89717
20018
30914
65864
35208
25708
69673
63159
73550
13236
59531
12247
40383
5189
19642
18538
60300
24699
6909
28972
27818
30138
14457
81023
7232
57730
35641
8514
3275
55593
15454
27539
39178
52847
69732
41542
70291
41291
62903
83920
91019
9116
12535
77389
40852
79611
70884
4047
28842
33289
71268
70905
66731
8328
63965
31165
84178
32487
98187
65923
37979
94200
63911
20340
47930
40696
54482
47600
86835
88809
67027
83928
23393
52420
96518
31584
19181
