26242
34177
97376
39634
15024
13461
44122
35230
1551
82566
46425
37104
87728
92746
26443
24908
20628
89648
62106
88853
7322
56461
6379
14262
2778
2914
74136
58638
3182
84254
16039
68977
58942
10754
39095
58722
6759
5408
96722
54310
68916
41751
97047
17611
84537
62022
67547
26768
78606
86769
79945
85436
79502
50887
38644
80225
4519
61617
56585
1179
26561
94397
76172
79965
21178
32228
39164
16518
15217
56552
33311
41960
5623
10572
88369
71059
45443
33605
88258
727
21061
60479
42894
5141
14526
36889
78474
76600
69111
15764
44651
23211
98740
66493
4816
52819
2362
99449
87266
31363
1784
98190
27670
44820
69070
21720
47291
92120
13308
61325
60383
26843
43498
58319
34313
90433
54028
25101
65996
56332
49984
60112
70599
15525
30317
21612
18895
60361
49059
9233
84933
25525
89669
18935
43841
23019
75386
76144
8028
26784
53498
6883
85721
66804
42671
51452
29040
56653
43550
21423
45204
29891
70283
1746
57294
16583
5029
22550
92142
76587
50837
92625
90019
356
86872
4263
53994
55298
65254
81927
6073
68455
93768
99314
9399
71279
48322
23156
76500
95537
38224
13762
96303
18223
72007
78177
79494
17531
39965
70019
73194
34104
67218
98558
14876
27076
56979
11363
81733
47503
58059
73028
47684
7964
62377
46004
67372
83559
30766
80246
51922
26724
43429
92564
65080
64238
16116
66449
69690
47840
21130
30150
20483
60680
15097
38992
20059
21511
33981
97720
21619
44148
77969
81076
79
38522
26447
87002
1977
35591
54658
4281
63820
94334
15383
48158
75810
93349
67807
88406
87938
32826
98466
66845
34041
15502
45355
67198
55429
69402
737
88571
63759
63606
93918
