64765
67468
1014
42906
94292
19790
6315
34861
95194
74727
90052
47128
58749
56647
44700
59699
23303
41130
60244
81538
69679
51551
87637
70868
45851
91983
9224
36495
53529
28005
68805
73864
99302
17784
92151
36537
54382
76396
52089
30772
65241
78610
51645
75593
51314
5633
78180
22715
61275
21477
57102
86817
80004
80521
64729
65139
55534
23901
92164
54049
78899
10629
48285
4386
22738
51992
95631
17161
23215
72074
1872
77809
96287
37931
90817
4726
29533
44968
57562
18836
80111
80557
69312
93505
88872
17266
94871
41713
51978
70577
55988
63253
66475
7024
53134
95416
7791
47158
56220
58844
63599
67359
73600
53371
80707
98970
26769
3440
21937
93435
11627
16328
17864
34734
57404
51665
9520
426
69039
95089
8986
36669
83528
13748
62423
8731
40360
6957
29753
50688
82178
16250
19048
38948
82886
19401
61958
91414
36207
15636
89115
98757
56460
93024
5565
35616
78871
47014
39098
7431
97956
92937
35141
97598
70892
47443
51043
58442
13118
78953
15045
55083
55421
31983
33946
19200
93014
29897
64732
12928
77884
52241
93330
43907
31272
83877
67793
59961
31438
69078
59764
23951
34351
30200
63135
84408
4488
27260
56255
41082
38424
71941
74974
52338
17996
54964
60063
51976
39116
385
80980
84675
89286
80998
85468
7402
11464
77718
57193
13664
52861
627
48290
91870
12672
81603
49209
29511
83315
22678
48020
49244
13067
9101
71198
86078
66214
23085
87414
25307
28125
85676
11788
26479
28216
21488
34876
41365
3773
26535
65973
79265
64582
171
74163
16241
51888
49639
59929
2962
93089
85944
19658
79924
33039
80131
12285
82616
82933
16821
2498
86526
93636
83414
99755
22951
35710
56587
36571
40439
41662
92069
53411
54620
67984
65415
94868
96496
52946
34145
67256
40708
64088
92644
8571
56641
39178
48854
72306
7265
12856
76725
71823
86461
2124
19
25689
52979
86562
4185
35649
33268
28773
79990
44423
90583
70506
48734
41204
94182
68521
2755
11814
54632
73918
92928
86590
65686
50710
63425
42833
72231
54555
79875
22036
55756
64138
37884
97618
2512
32370
37557
11156
92889
27073
13045
50299
42377
6716
75726
89428
72141
36650
67863
34371
55160
43636
72991
16616
55726
60630
80593
80335
38006
58706
42097
5180
67101
28663
32524
20842
93965
17367
85910
45828
16141
75257
6590
65164
73178
66968
87896
22093
9923
82964
23070
37479
92353
23282
85443
96618
8655
67808
12527
40015
10671
41631
68578
53838
25828
77960
30438
52811
76206
49764
56153
28831
53750
41792
82572
49244
14795
52647
8851
56026
1217
69275
74865
18636
16771
65867
89050
13614
5364
55011
39205
99170
93561
26295
24147
38030
45485
39587
20204
56620
85538
95515
65778
88272
45745
8825
18497
73251
82662
60295
39167
56732
69529
32257
23553
53303
39820
30516
63170
63921
91013
5628
1516
83775
56023
51706
95460
37793
68579
64845
20573
61284
75985
36654
20403
13311
11489
91299
5837
99116
89758
18905
37012
41090
79205
60520
27948
5044
81788
70913
93917
2615
54935
62730
77999
94435
10832
60664
48011
1510
79473
51920
99579
65150
48820
99504
1243
90494
78085
23759
4466
58414
38144
68974
8085
91363
91274
96031
38528
30512
5507
59267
68801
781
38896
1966
54813
15903
79189
87884
17021
64724
83388
51260
97390
70480
27316
96927
96685
31111
77923
1154
4339
28031
2445
93323
27871
12563
52687
83343
93070
76856
71485
7810
71651
97071
13348
40177
42896
28006
89023
62278
78970
2804
36477
51907
80036
19731
10563
29460
27807
34980
1325
82269
53410
27173
91269
8669
582
88347
6869
58086
24466
84074
83041
27556
19238
27364
1699
69593
19666
20606
16857
14718
69464
46644
27577
76731
70991
14926
52724
1706
72633
6723
93599
66901
68338
20422
21947
56781
89422
57251
88230
32853
42164
38667
66574
67433
18345
20346
55856
46794
51875
32918
47037
35987
12282
28371
20829
67456
90167
83357
31305
26586
24172
55423
66188
80390
65581
85820
29278
60168
7309
52469
13393
88224
24686
84704
68632
54830
98000
27223
26115
2375
27028
48298
27406
97244
30131
98060
45806
40398
46047
95075
72330
18108
36431
75871
27036
89482
77029
88333
57457
46084
16255
92345
90336
26726
77888
27135
44192
9037
83712
99956
97728
53415
27346
96035
3430
47082
89326
53081
945
85525
70490
91294
24046
37151
85218
3971
46444
64322
30033
49023
4998
9997
16625
6231
24371
99863
43425
24918
97132
42998
48892
12490
27337
45926
61270
39244
63255
90575
51337
88604
16764
57947
88182
20705
86968
21019
67194
91548
92207
72297
56868
51183
9246
92238
98460
63442
43631
82428
13946
93181
44763
11226
72214
56526
7746
95809
12866
34460
50173
33925
66210
57308
38611
13695
65498
83599
3619
25889
6043
71058
28024
83106
13050
28994
94300
44914
40396
23828
72447
84382
56250
63521
72637
72077
60436
22461
88670
33408
74947
88737
45579
18097
60849
51901
72756
65502
50610
82779
20899
51934
37250
44161
97928
24302
36540
8749
43102
91143
81510
92687
44284
61185
13006
87587
30243
90412
4368
11340
87017
44388
8117
20543
58280
76572
4792
47101
96582
95107
10289
31052
79464
9987
48635
87073
82814
12373
54505
31672
98558
15509
55330
9887
70296
29324
39405
59264
25296
34833
31151
49345
14846
9370
76985
50467
80022
80793
48738
23413
93416
97948
55473
5429
45717
39974
23684
51895
66804
33232
16878
69023
24593
26261
56645
9396
19042
38816
62116
53789
437
60823
28585
17407
58153
44680
8609
90744
88621
98787
56374
48163
48885
87984
5819
96418
42186
98543
63455
62479
60443
30011
80955
61747
45058
76113
82719
5213
19786
43110
22530
51050
70396
8562
10842
21722
77308
78999
86403
22175
82570
1009
73716
8165
39819
18094
99548
42714
67388
50748
91395
19262
29830
40380
44363
81647
2852
39743
51177
12322
88809
55467
2611
94334
26174
99309
28866
34284
93998
67435
48349
83613
44419
27939
68357
34855
97280
31765
62986
67058
14393
2057
78917
18997
81831
85250
42452
67190
28425
26789
39812
97691
30136
81515
72703
86632
70000
51956
99823
68966
74568
17233
37794
87185
69629
21105
10241
23536
