84836
84221
55581
24352
77291
95105
71521
19157
61818
48965
26294
7052
33192
52340
55969
50005
5963
30685
19197
46567
32047
505
99588
23988
60846
11756
89133
14681
42353
13062
35442
50689
4343
97039
71125
65448
46085
21296
15831
75723
43277
33264
58748
45629
65803
18524
35647
11412
9499
52126
63930
38070
26976
76644
11481
58968
38608
73206
41596
83904
31297
1308
98800
81032
53525
75220
85886
42647
41755
62600
78127
34714
15525
25926
28913
24309
57636
66639
73132
92904
82421
4382
56222
99178
30435
3824
81190
16051
64977
38693
88204
89541
68309
33039
71961
13142
81781
43924
14378
52901
81355
94644
33824
67309
23483
68902
94961
50203
37184
40600
46340
18043
45363
98057
93556
41509
22673
63333
5144
58998
47755
3473
72514
5828
63759
56865
418
28845
84997
1971
28586
30556
41636
61622
40832
39701
40052
33740
49098
66125
32950
71474
25324
18196
23331
14087
59780
93446
93397
68306
75914
38183
23214
56872
16027
65591
60134
44126
6386
29969
70595
47559
3548
42752
17689
96565
19900
54970
52185
43819
42682
33494
24299
87570
37348
93921
79672
97076
99371
72008
990
51607
33727
42694
46345
4907
83275
61527
51368
25076
50683
11526
24637
69807
4206
93034
74828
90208
79614
27551
42865
15858
27164
32280
10579
7386
31970
13379
55487
46019
22554
52063
95662
42986
47358
22370
61368
83976
31969
86927
31455
48909
93380
92249
69820
22774
48842
64660
12439
70253
747
57863
70808
37890
783
73100
48410
1190
8709
78570
83320
11402
39309
44539
46153
78168
23908
12071
83964
34720
26896
34959
43769
7416
41978
99654
27428
73597
6132
71233
67486
98036
33503
71874
50948
55744
54942
85424
69596
67949
77223
46091
27383
10549
5863
45815
93170
50518
35401
77041
81308
97854
82076
98426
87394
88889
10532
13096
6542
60397
58114
85140
95591
45712
62297
97986
93513
18377
65125
25058
46501
24392
41504
36183
12927
59609
24659
30461
41714
73051
36071
23317
78734
42261
54635
20762
38664
13364
7778
35563
87427
37792
52766
19050
71142
50422
26333
73411
76167
2923
28961
31239
16590
22217
90470
72872
28470
87791
56104
7872
13308
63674
34872
84003
84405
41766
43966
8519
81331
81955
67334
45305
26837
32811
45688
59364
93347
33542
29121
23396
8413
96778
85424
77418
13658
53621
75169
21683
16465
17549
35326
14065
89131
69029
29819
64978
45762
6284
27826
66973
81686
57794
8544
276
52368
22471
70328
70164
5638
62813
59203
1667
18138
48730
89562
15777
55681
8130
40645
8647
40607
68320
13394
7671
35551
90611
51804
41244
77265
47208
8595
57735
19282
66012
32915
95419
52198
66261
9695
47962
78351
97992
95344
96003
72654
59521
40857
68054
53119
48674
42253
29285
85242
12702
81124
1150
41443
11442
4712
5669
90693
25167
73925
19157
59574
23926
18687
66197
35549
54846
63574
51604
83757
60764
30802
77953
11185
85227
66790
5972
75203
3916
25522
44328
7374
46650
16940
1500
23679
73864
95596
21488
37469
19833
35818
77326
71759
20441
50463
8052
25060
79999
6124
32282
58749
56705
4925
75618
