86026
98354
76683
66599
87371
88831
32878
62525
25345
57352
87075
19603
71517
55124
45943
37339
42645
12070
52923
42699
20628
82673
35629
93390
58326
54299
69955
88103
98546
13957
75827
81588
99315
27936
5374
23966
90131
82425
78473
58694
36958
41909
44879
58327
63912
37818
98121
58502
11955
23393
66489
48845
7710
88661
79570
89261
57159
43395
25619
67707
14696
559
7768
66233
35841
61042
98514
67103
70187
93108
9318
16372
60670
51976
36335
65012
14406
26281
97087
84799
70515
6768
57453
81332
98906
65029
10871
17157
53372
89392
53298
46436
21627
80466
50547
12333
84620
65158
69973
91310
96073
48669
61642
90070
50422
16343
78578
21532
81897
4858
51734
68844
19292
36535
30858
26418
4731
11934
80033
74879
54347
79800
58037
92668
24333
64869
11829
11541
72812
19913
73415
42851
70649
64110
59689
59838
63965
34120
39691
73498
38609
85556
95074
53541
35341
54734
94500
12729
34161
37018
37805
70576
28848
42818
29458
91830
29461
32539
75882
15864
28002
17757
31793
39147
18164
71121
97142
10576
49166
9210
89829
11289
37263
63272
82460
53145
89095
73437
12065
71035
49668
46582
80477
38747
1524
25801
24878
23729
2860
77959
8514
2311
50137
24878
21843
2253
77076
73835
5407
80974
87128
15446
91823
16086
49833
26062
18323
55248
31192
34074
69086
94572
22890
9344
41128
18968
90705
33890
68351
33055
45806
46658
63125
3769
46570
78623
81886
6857
50924
58676
37875
51643
38612
35264
70488
56305
97521
79121
35666
21314
11296
56070
33203
22369
53878
2309
17675
58750
73210
4966
71682
18712
83160
21672
37353
83193
78606
84744
37963
34777
80848
70727
72008
5076
14331
59707
58064
50843
1602
40563
28908
44092
34768
38767
46874
88550
16446
11180
96535
14804
8658
22581
19199
70545
11214
72973
20129
9696
64210
37644
59079
7150
67510
10027
19438
96125
19461
82103
60637
98702
30247
53485
93713
85755
40158
22107
43993
62515
64806
62165
81782
67044
77007
11021
33843
89063
39261
37104
89859
10482
77775
15339
93150
12231
72356
43714
79736
73337
33996
51342
74645
16900
31737
96002
57161
80470
20121
70118
40372
18964
17434
16578
18004
88117
38760
16442
45540
75952
77409
64139
50486
86610
2642
4947
46087
57343
39423
67156
48190
99332
19071
19017
13028
53982
50719
6931
85487
29220
92701
66324
67158
89363
67019
56430
93904
88360
10676
33626
42661
92160
74670
43728
8088
43457
59406
7294
97269
42352
85438
7048
63902
69380
28688
45197
97954
53634
4983
49910
13388
3482
25592
19196
26057
24119
61200
61051
54167
56402
26636
56255
50521
86152
7518
52898
22902
4670
95478
38797
51371
72219
42242
49065
11976
86708
61075
56870
80677
96250
15332
75616
43499
69430
65359
47747
53755
41472
454
40869
66337
89291
60633
35075
93801
60018
97466
54497
11452
72901
13276
22383
78909
82027
86386
34262
23032
94662
36122
80145
56857
59572
95889
58255
59009
29721
9662
98498
4856
15133
45530
6563
5057
98152
85682
5287
68975
18319
77021
45231
81078
31691
19648
16343
74885
48851
11743
67863
38874
42003
18938
80277
70886
44841
30101
99352
47485
60300
25800
14276
42642
59893
90490
22015
197
23499
34733
46932
67259
85162
72417
79752
49592
67997
83566
52866
88125
74994
81569
91825
52932
3431
64800
51416
16847
47250
10717
28399
86191
70108
60426
49525
37625
49286
20575
90922
70127
87329
90861
43010
44241
35145
62862
90816
91348
26222
10987
57567
93417
3691
43670
46418
32508
50957
5414
96758
57165
40583
61873
74598
32035
4114
42946
66277
77896
63810
14892
95903
82696
20773
25788
2955
77672
85029
32411
20561
61314
67113
40627
96751
30905
7215
59013
1342
64579
45042
95677
81232
28627
30665
67629
11277
34248
86202
55961
14587
60232
94040
79427
88167
68831
6329
74937
29997
43544
28711
35412
53685
54954
87779
44877
21355
5706
9396
26625
72626
92553
94038
45339
88484
5408
1544
60511
75158
45423
1322
27846
92247
50006
21709
58409
45986
58903
53176
2596
43945
64027
69356
26925
18610
76541
78438
65236
89561
1536
22675
84249
26730
38660
44368
70641
19042
27862
61828
8578
73716
99800
73310
73764
19094
1428
12432
41235
13463
79688
69249
23257
80496
47305
31438
67872
89792
85173
56367
30769
21523
34831
91438
47685
20078
43411
96363
20179
47411
13898
91199
30843
73773
67625
38727
65799
49304
23372
9019
86680
85743
35614
42553
72216
3720
33225
98144
56623
34008
61651
31779
92000
86354
10649
84626
53987
37020
87277
20933
10089
70303
51167
32844
98482
36415
8461
9659
44634
48646
63747
69458
49160
6041
32396
70813
19493
18993
18671
1604
58623
52355
3371
69949
99170
95198
44001
96784
87639
389
45849
61939
75120
94347
33266
94413
50176
83697
41311
2670
86532
87114
70755
49721
40128
7592
5107
37468
616
57934
64017
2223
63768
18076
94704
40635
35603
61190
81283
83790
4392
16565
5917
45595
90135
56519
86175
958
15351
9174
97186
43821
79847
40682
16171
87721
82577
21615
71031
86184
38352
61224
60608
248
72675
8360
8918
86279
36124
16362
584
25441
82834
51753
80228
47501
27686
14332
70111
24398
52559
31089
1327
13250
85206
17522
95412
27609
16209
28572
96514
56698
86704
92099
48574
53169
83312
71287
78828
15773
95248
86487
31908
58196
65278
87380
39573
82217
76636
85538
87113
59962
45957
84830
83198
65812
70855
21386
35602
46343
67252
76054
90960
10392
62238
6661
51653
99168
67220
35869
34436
51011
17346
32445
91550
37415
13482
86573
89537
92472
31872
56389
93367
67250
29408
52049
53795
99183
20480
98696
22662
69281
65151
51715
55330
99655
45176
48684
16761
6269
70473
9883
11874
65506
23477
65355
84254
13986
66615
63666
6824
94251
25726
66959
39194
17272
84365
76322
98839
34835
49348
61549
21659
25062
7533
8678
54049
73373
44952
90929
97397
89071
66807
82131
38672
39953
78889
49408
69850
34750
30021
46901
36390
98070
10047
