45323
24428
51976
33580
63710
41334
81437
63018
11163
10808
46389
45118
69432
6172
30465
11070
47775
34875
34921
8713
36674
59319
51997
95485
68341
64841
51511
19225
12377
24429
69195
29867
70980
17488
22634
95125
14023
81074
66413
62959
12350
74134
37323
73172
68719
28270
30681
45494
89449
18925
62890
64129
75853
18171
3285
15229
44335
11537
9378
19294
67839
29396
45466
21799
67779
29193
34525
41668
93706
55743
47576
82057
93868
86445
36698
61705
48991
63080
52088
12860
41012
75830
30817
37769
63216
44030
96276
52891
16581
76975
72735
22620
61728
33567
45836
39772
38234
77186
23701
37396
99547
37583
44367
51459
46231
90341
2082
2632
48541
2850
11659
54132
73746
14537
26788
11363
84138
55912
80015
70349
13778
72229
14482
93247
47227
21214
42605
44954
24475
47277
66844
16460
42170
29120
1404
382
21380
24416
54756
60242
62954
33199
66714
22897
15061
27262
84542
44956
47180
25246
2321
14628
46649
7822
73134
19039
92326
75040
55933
35195
10324
23434
53570
30188
52311
58932
35001
47602
32242
84210
64667
17855
92183
75516
54085
72559
64859
58835
5628
95491
60216
13242
53509
4853
73533
30109
35353
58553
67347
64334
30222
27797
82417
29992
63239
19467
69202
44681
30330
47566
20069
90498
45287
25592
11807
41231
57136
49610
75503
34798
41580
10456
32517
6957
21838
26522
38514
83375
31541
5522
6663
83515
89504
36486
555
29859
33858
35979
90710
7215
72195
50441
30622
49459
35532
74190
65876
42508
6563
14522
66798
39196
50894
44394
5662
68075
96335
54220
55811
88713
46563
61277
56904
62900
34306
59825
51420
83487
12592
36674
59083
79557
76204
17105
75271
38943
98481
10663
9677
41469
48105
84606
22335
78558
80583
17077
12360
33926
83807
93718
66058
96789
86078
69537
74032
17431
68155
41094
55746
86935
72440
57471
92094
69859
85558
31661
5852
65784
89968
34610
68823
72448
97458
16431
53333
39411
66300
75550
19901
67952
33913
66368
5654
34511
11901
20472
70255
42868
54777
11969
55306
94229
45752
28420
47439
78179
15326
76450
54494
45512
1265
60635
65698
48549
41401
11969
59591
11164
39665
39368
37501
58333
72255
54882
69276
89874
68655
41098
19223
76781
11645
22825
13877
25922
59735
35493
11071
66393
36966
68863
45648
83380
19430
61731
78873
78631
12300
26252
6891
12743
64567
43732
80689
1132
29934
91786
99440
29659
76002
24049
85293
74152
32309
3404
15598
47989
20456
1872
62191
12627
27510
54477
67706
96479
67437
83021
82861
434
2158
73942
2153
222
34574
78134
63118
90249
64646
72304
69992
11525
4133
67109
69385
21416
31218
60931
32127
37766
22140
7409
28421
65269
47567
35371
73180
4812
78332
78312
50233
38769
65905
35834
46349
64842
73349
35962
2347
50028
96342
69791
34866
85824
95468
75243
61521
56634
25920
26060
81007
43613
78336
52651
75068
31482
46
78717
52076
22832
37747
801
76291
82863
24691
77228
21515
96511
5721
54781
83514
68535
33597
58338
60292
97155
22423
53477
60754
69194
14702
90208
81058
96276
52048
36808
22719
30249
90314
57928
62158
64220
11619
78341
35660
30616
59333
72673
74420
42686
1553
16366
58132
96493
97648
14441
11169
10605
37341
70824
722
34324
66635
95792
23325
15064
77916
97107
22600
30833
94809
6175
87387
59097
14161
5554
44486
55085
82760
6630
38897
29976
2247
76232
96282
55272
28157
27995
4433
17236
76325
47714
14628
55706
23351
59612
68974
10570
54610
95964
17445
92128
50055
42174
98816
45409
65778
804
16665
86312
92551
53257
67695
6950
8896
17854
73671
