1473
62303
97640
77322
16505
3118
3568
75718
48195
93832
85250
51042
29911
5265
95312
51855
5394
61603
35540
506
12082
63530
11423
84290
11855
48711
63197
24242
35942
68306
80463
1098
56589
70194
13622
46566
7168
68187
81389
66950
350
84298
43706
39520
94941
11284
59039
29925
31702
99214
27278
54473
96424
50303
14161
97620
38861
20166
19794
74101
70492
17326
97655
33816
30744
7463
36073
62942
41400
96448
54388
68010
7127
95555
31954
45336
44088
70461
5915
13501
6278
21333
45443
35626
51313
98025
44526
20978
78158
52063
97399
31221
16178
96837
82419
71019
71171
27005
67329
57263
92491
50740
61030
94328
11977
5131
40489
78481
80683
90157
10944
32755
94704
36957
12841
26687
15719
83188
93578
5595
39501
76285
84474
10541
60479
47248
66461
82209
38092
3609
61699
35325
319
69313
99403
2592
65879
87745
81828
37724
18694
80553
13093
57572
75842
33370
27802
57878
30499
85317
69905
64182
71052
39225
29052
63945
92870
10668
90195
62773
88980
39566
71845
64979
61481
73627
9994
74033
38128
93529
88250
64290
83341
66216
57550
14062
33344
93983
26204
98569
87449
8996
3210
55044
92765
53770
82439
4260
97576
99385
6484
73126
87061
91682
49128
63568
61611
70192
81847
50531
47319
65191
33297
5068
80393
21999
28579
12484
23102
73050
7345
53328
56080
4545
92322
96759
75515
44081
54112
25696
58101
75825
43753
32491
56249
44773
73866
19526
64045
78546
71939
38030
54517
34194
88748
38872
98931
74415
55264
98156
53797
44428
79897
79744
16669
56510
33893
30754
75918
15963
85217
89247
18633
66227
42215
87637
67604
81441
29001
6254
19279
25651
5695
14330
39332
38893
59069
43581
40891
34354
77548
14137
94366
54328
55941
71749
42192
98417
43477
93118
86507
79283
62923
7501
73484
13404
85702
51926
95996
58085
4146
85668
80504
80085
48937
65526
64469
1013
30338
70911
68766
5933
17231
90533
30480
69088
32959
28895
29010
65891
95547
7407
92439
67673
49856
7929
62699
52371
71891
26228
13287
14301
61703
11296
50784
5733
62097
27443
24595
54538
89521
35865
76106
73569
39760
21281
70776
90809
80551
72065
57563
39378
14187
42284
42447
94397
69151
90569
43205
23059
46953
10128
16197
14899
4434
22432
4259
94090
12451
59875
90358
92534
67260
95457
97225
2990
57976
70021
2477
35353
66773
21484
