53968
5000
33381
25228
3812
79238
1811
49682
84825
9130
44800
24326
39999
39574
4186
55822
71919
1490
50704
51977
57884
28002
22540
27689
65120
45125
98458
24994
64247
71282
95176
74127
7759
4548
49291
12931
28896
41852
79941
17196
14679
3642
14008
35957
21270
84313
3003
83750
32670
78133
36764
76208
90406
5577
36148
32154
95505
93836
42527
23497
3021
82124
5612
26555
6122
918
34215
43936
10386
64190
14405
3735
76180
12545
37079
64190
1723
59905
93316
15871
41047
62724
70629
27517
61419
39503
14280
432
74383
6868
32185
13309
83821
26292
87663
95710
37912
66808
6065
46997
58832
60317
18002
56521
20708
37758
74959
94615
39172
45023
73624
67019
47422
7060
62193
50241
71814
42534
48509
69267
41494
70037
70917
63104
49279
8223
13355
53484
81225
4057
96308
99959
60589
91239
414
65623
96438
71060
61091
30259
45537
25801
35876
47476
3898
27257
99763
61866
52527
97695
1222
39243
35843
5777
94818
58246
6068
97190
23820
32808
87166
46091
27866
39586
2272
90395
18182
82197
42759
30878
61825
61874
82504
98358
41051
25443
14461
48569
83577
36144
53201
15987
96224
88267
61054
98961
86626
82578
48555
37251
55262
57972
99333
40022
32523
92918
14519
15335
38778
19217
82183
1246
45736
63869
15046
78155
2511
5351
42805
10462
40901
8016
22142
42874
65602
39665
28909
63555
42940
78084
18021
74116
24151
1731
97313
89109
2952
15547
3832
15166
85141
21365
78572
23985
8057
15683
82356
11271
33890
77145
28914
43946
85948
80393
26311
5899
51018
39326
27796
53859
74912
10537
96868
8104
6400
73936
5986
3342
83059
22906
79135
85455
94517
86323
79546
85631
45657
34553
16500
9693
10684
63865
49840
44764
25649
70050
86015
8209
79274
10854
28278
62074
41342
18277
74937
19100
16635
74983
2697
35136
19974
92264
29417
4898
26257
97808
95154
2669
61260
64749
96732
14309
87997
10276
2746
51184
20452
28041
74160
58701
59762
88191
72430
91683
61358
4514
70488
56888
83932
96157
59237
59197
1859
56189
40738
62023
95031
34865
62255
82572
45374
82515
81377
52227
55904
47798
10415
44148
74495
4603
62440
89596
84349
12913
23577
55430
82914
87577
65598
77347
32964
5054
49535
12400
11708
71950
28070
68243
18188
77116
46208
87789
16488
16204
41410
60166
80225
182
63374
114
17277
66959
47214
4043
53137
55111
25425
2311
55966
94226
96689
4872
82115
54636
44239
99416
27089
74717
24168
77402
52823
75372
36550
75953
3252
67684
37062
78670
66446
17660
10930
8069
15802
90445
63801
71900
82129
93415
70080
88872
21559
30191
15671
75711
40129
33205
62521
55885
33174
38717
7952
55731
48554
15564
77206
51184
25680
95286
18513
36988
48276
52926
98235
73313
31355
79371
49875
27023
68782
90327
71609
98928
29649
98579
62393
12636
75661
99039
98654
14148
84859
70938
13921
70095
43474
43114
4729
92440
93096
10898
65139
50057
86913
95121
36551
1660
4886
31166
2744
19043
47372
59226
81528
96765
81968
94770
46583
93063
51511
14883
