24095
56634
17628
74929
92729
49663
64724
87290
36000
42201
53436
65062
69976
53129
13059
75110
39033
18475
9033
21767
30975
83844
21080
87771
21656
64112
4392
29990
32686
35404
12704
12160
66867
96592
72002
6299
75909
64935
34748
95542
17712
90464
77318
44154
75730
59048
92844
74917
81842
71886
50393
38428
49852
33654
3318
80062
52813
98765
81132
37372
96109
48758
47855
79270
41017
50827
17979
76891
69836
92638
16468
67336
73506
70643
54348
7977
72997
25189
39999
46583
96279
386
93113
94555
28654
80432
81239
37934
40029
53801
2479
74594
57781
99891
10768
85556
88902
22840
64985
63241
54255
41516
34777
84304
44660
71758
99113
31067
30186
28261
69617
10966
7476
45076
66421
5968
2353
50186
51184
28900
9929
74544
25652
28717
32734
52388
58257
93899
12026
22629
14918
27924
13290
65726
17585
40506
65612
99594
11533
29389
37331
3641
95725
97918
49436
48278
92357
85611
12924
10719
60713
66256
37800
89227
85619
54418
82394
49332
1989
36685
52355
5233
49634
82115
62198
36049
65277
74848
34420
82536
31908
71914
11557
36826
15658
63353
46401
40635
33300
62772
82198
48919
64273
98776
65393
23594
41131
69870
59863
88665
45348
38061
68772
6023
27696
75877
15287
22732
58202
73085
94104
51765
96055
38777
4535
17290
85665
18087
92533
47614
22452
52304
45295
58933
60567
15786
17027
64865
48847
48039
63421
87114
75795
46903
74396
32413
53933
25287
92648
78926
62973
50980
753
70280
53289
1616
59551
35143
34370
40650
85732
56283
25136
58545
32194
64578
33034
90402
31545
67597
59170
40445
35428
19998
9654
50120
45701
71635
