50968
746
43180
5915
22305
73139
1760
80978
45492
58502
18510
99448
61507
14194
53550
88876
84141
6344
35828
42165
46960
30859
31271
58161
87237
43114
90567
9041
47461
54161
56439
33929
36155
49981
10056
7518
66129
87535
55469
43524
81814
1874
1140
63047
99641
10317
96971
34451
3785
24828
73143
73511
53649
57283
33586
62161
7785
43025
6485
3349
85999
39434
55937
10637
81990
56499
57382
93252
31282
50214
19325
93238
97885
90836
30725
91409
53499
24291
52068
84162
72296
32341
38062
93290
74454
12488
89145
15211
56177
34870
52582
25952
64201
93013
14445
69677
21341
64928
9883
2205
63722
48663
48981
3606
11807
47695
94196
4044
74647
47260
79973
64606
6886
37859
84703
60889
24495
77654
84650
59488
86055
85791
47434
99474
5559
31526
39441
71790
38209
56452
62673
4242
2292
23327
48845
8161
65237
2434
7505
44551
55445
35389
70315
42170
38872
97492
84616
99447
52395
77903
77835
28390
36521
94063
66487
7860
10083
61390
58153
53621
77381
94265
50530
32076
95350
91934
83939
16196
98986
9188
23449
93355
58634
37050
89945
51068
75362
75787
5629
12087
51864
52132
50439
4164
85968
11740
7416
46229
50979
72241
12346
5296
9860
22120
57349
27310
97056
69277
2715
35317
64993
9954
1091
45567
27745
98767
19253
84247
751
25279
63623
73258
4750
36635
6631
52925
85156
73669
14861
75001
95823
46224
57228
7382
67315
27096
97680
53820
19298
42641
41268
70015
8029
50480
97307
77559
94861
72892
63504
83733
59858
94453
19761
12312
30212
60574
40803
62195
77600
88461
12058
51775
63699
57122
23900
78308
79550
55236
16436
37168
59045
34950
89898
69273
36859
71139
97329
60826
71344
47806
56710
87947
75860
30465
7469
40392
56428
55861
35785
15447
18794
74229
19136
9606
53885
19979
75168
9206
32077
7104
1150
29812
46290
75206
51575
98578
51817
65625
26188
25113
70285
34600
13466
21044
80690
19582
17115
55771
21258
75147
50387
27027
40975
47498
77344
71204
87756
65696
20750
32331
77427
80188
75216
18531
41596
77914
65429
36557
93854
54264
84061
71975
50717
77109
21281
68460
68777
96937
57490
11736
49355
93688
66215
38641
18766
90888
95265
60560
93174
27654
71843
23094
37006
51744
43815
70162
78043
34263
43716
9572
74308
54848
833
3011
20694
94043
35620
42638
90606
60143
96979
78852
28593
45265
51536
42147
38220
49270
59159
52567
65594
9755
46318
46372
55266
27985
36384
85236
16602
28621
23400
76474
62536
4863
44828
10831
44601
79856
97150
45941
440
7741
10778
46875
11557
37544
90830
27921
50483
48668
33754
81469
1975
8328
69081
4263
47815
6212
14850
77648
86342
175
52041
35617
4886
31236
73433
43931
29358
852
30263
15459
23862
40506
65350
6228
74317
10474
42905
90407
24432
23833
60937
29535
83387
37102
58683
56013
75095
74270
21410
32105
79536
21886
38361
11122
30170
60107
90382
5811
78008
41220
67820
16283
60561
17432
68491
97222
46774
8888
81431
72717
15009
61042
95304
23455
96445
685
21475
21210
67673
49556
56880
47454
40205
13626
18195
6773
45897
76722
19089
24303
60147
53027
99877
71670
14049
