41051
31953
14440
85517
42890
38655
61556
42996
8006
59087
45135
57638
85223
96457
2177
1291
6911
52914
1911
26818
25211
16000
3383
67211
82812
76222
28845
88449
10136
50534
95267
91990
22621
87509
19041
9766
33307
73515
28744
88669
17773
1904
15982
208
8987
46082
70872
4708
35070
14611
60678
82815
32462
72546
43853
15849
69179
57874
59305
12363
79411
15660
94048
11297
73589
67389
69324
96335
48495
35918
63419
43991
42042
88261
49763
44766
54504
23565
51716
59518
85525
69585
72371
510
71332
44047
70396
3380
19673
35439
5053
33809
13523
73936
6238
38861
13547
91443
34239
35939
9350
45765
52889
82742
94426
59761
73586
22915
32149
20210
60851
92647
71634
22368
29061
22291
44320
70912
74854
29179
2610
74470
70116
97441
28966
17758
53685
63495
21810
61405
378
61318
37662
61711
49805
40790
30924
22805
75629
54796
26632
97848
84010
3629
1583
11003
30495
10700
28093
49721
38288
96215
37858
54687
315
2523
8530
69017
29111
65247
71715
77789
58747
36743
17797
4241
84290
7491
3239
37669
80931
64932
76664
48384
66134
80914
85436
72866
19996
60893
90779
71181
6120
67456
91789
51139
68289
4758
66822
45662
18535
9043
83727
47656
29258
35181
66428
19266
95993
95074
53954
80538
50695
11224
42840
95209
20973
81864
37425
80635
91730
54644
66799
54869
55315
44051
52553
34466
62105
61065
82408
79765
69088
24186
88191
71006
64958
16748
76058
60127
28211
26514
10662
95222
38559
42833
74352
88143
73357
70359
82402
80182
82272
2066
23910
40676
28270
21051
1397
92661
95805
46081
56745
92158
43025
96991
69091
83380
21634
89619
81772
88644
86280
63264
49952
13160
86506
59783
36522
16841
46680
23833
48888
40264
4551
91091
16796
90242
54612
29923
12522
65863
16436
32324
50307
90818
31329
39629
23018
55226
47954
44280
89912
98372
89918
3491
79180
43059
76022
66040
92022
59915
67125
33378
75165
56584
71991
16918
37664
2907
64722
47206
65219
9542
76786
97657
70503
14126
7411
58567
9366
12585
18084
32747
69912
80080
61542
96201
95398
855
71876
75574
26239
91529
82199
68432
1130
98404
26035
65595
28278
56802
37488
42533
28206
47090
25727
85730
19424
61078
10839
65264
50550
66643
38484
86050
89104
16444
75762
95968
71800
95760
77897
75611
60725
73167
81230
80493
94347
41534
37777
96080
55830
3343
89262
79759
71914
11547
65828
33372
67108
53804
55989
72144
80249
99113
33818
65720
23531
85139
78653
71632
81260
87370
78657
46907
51166
26038
13218
62028
66309
15270
37726
38647
22988
53303
40217
12634
47920
63348
55587
28756
91386
70102
64281
34104
77365
24144
81619
21107
36424
70055
70373
27721
97921
8896
19777
79352
25851
65289
75036
86890
8827
60174
11970
81003
72247
24705
14398
82111
86876
76916
92976
88384
22697
53638
60410
74219
59160
71989
76616
44363
86622
8270
2485
69202
39179
59266
57025
89029
55128
16978
53228
69913
95860
68030
47650
25791
66161
37386
26927
53282
88943
10013
85321
48421
90735
30325
54944
9807
28189
58572
85169
95528
82313
96872
80437
65487
2761
4640
84877
81963
4544
78962
74908
32789
74172
73715
84263
57646
21637
52718
5185
56553
52968
99117
8390
10379
33284
87056
97998
2340
41179
81938
86531
74698
12360
32998
83425
78926
70152
10592
17516
90046
60676
52879
13575
57749
52964
34443
72188
16920
69650
71542
72553
58565
78366
51946
38722
81982
19053
17053
3701
9395
98546
1886
5093
11497
23213
41026
4621
67056
77078
3576
1617
83441
41088
44056
24312
4445
7302
24123
25205
16542
21172
34775
56935
70169
95508
45464
97317
51808
17942
47587
79367
79891
76662
19308
3249
7140
192
42578
86621
90145
8353
85034
22012
57237
59966
14877
32897
94787
30603
25699
19773
19901
64814
87262
68634
86954
94851
9267
55582
45503
45009
42925
27636
69341
77124
82337
90307
37661
47275
28353
26772
50756
33636
5407
81002
60663
35626
42961
34048
38086
95425
62238
713
96089
14681
38984
86047
47351
1805
48049
35106
18416
14185
8980
36005
18187
66975
12694
49971
43513
9694
35992
4455
75211
35830
81790
96476
9483
85161
52131
33803
20596
46854
50886
10653
48479
57647
45284
67838
15546
76197
2620
40505
44290
64350
91517
74702
72824
15026
36779
34654
10166
57892
55996
91530
97131
29377
20525
56989
92650
17825
84703
62795
67102
43109
11819
41586
24511
45858
18878
76078
96752
52633
69271
94949
59976
79707
97641
96236
77573
23379
31613
7744
63070
77147
61838
70807
15294
38037
64974
79615
48901
51644
56058
32994
14749
87451
35691
39145
98118
10767
62987
86536
59334
1462
75635
63546
83662
60481
65187
64226
5165
10059
59396
38049
66291
26138
84605
8986
27705
20143
43413
24560
77140
44508
22054
58108
84586
84935
52972
79538
51241
83991
84446
43356
56908
18704
51351
28013
10319
26994
79177
83607
36059
34648
10427
40319
21768
54248
11454
13505
83938
5036
39252
91562
34226
20548
44730
56133
