97278
90660
73908
25662
440
95423
17685
21855
12789
48806
61486
60878
45873
64407
53259
95799
32840
36488
38749
34266
87832
48624
94828
28045
49922
10257
97085
50791
25670
26084
76765
54407
99346
51467
75793
6343
19268
34512
37219
18909
2349
84316
50237
1144
35229
85814
33765
73002
99961
86260
22028
10311
92192
19697
35293
62728
38644
69820
25031
84342
81236
87140
20322
48578
25529
55392
46974
66217
75099
48092
51598
79309
96906
48854
70887
59466
21612
23454
81123
89161
72938
21847
69253
93158
57635
33997
81633
65346
36179
45343
65040
94902
57248
30235
50997
82289
87057
14619
1756
22443
680
37418
65906
39830
9542
76920
60106
66915
2907
71010
24664
18534
89061
1981
9464
66148
14039
54145
90841
14935
11698
15643
7980
20988
41214
62957
80923
31529
1908
80108
28769
10073
4206
92679
3009
85726
56897
39919
2117
80035
6705
92225
75524
96395
50468
87555
85915
18860
74167
81882
46163
35915
12719
68508
81888
44435
90154
70949
8887
73704
5456
5874
35765
94211
45051
49294
57552
52135
98917
36071
29771
44793
14408
57534
40627
92411
6354
99628
83381
35187
73606
63507
33075
79305
34886
17112
3190
24090
67471
47070
90176
29369
92359
28401
22088
33940
22037
77681
40943
15072
14229
43376
2738
23640
14887
5907
82285
17415
91383
25600
53571
37803
38578
62910
1578
30124
79532
58620
34
73260
48370
23035
46214
1838
3521
77006
3916
23839
50550
76672
91008
18707
3379
4382
50063
78938
69048
46172
93375
95174
40863
72162
81932
86232
52173
52355
2231
4891
7471
69873
19813
94430
33236
89803
72364
77185
98868
15378
61617
57255
60816
6375
54847
81048
22869
48198
43048
86938
26230
42996
18592
63946
1331
81942
52910
38755
30022
65823
55302
25055
88474
37462
5841
74781
10245
86723
12351
88020
98515
92575
59918
10626
86176
7346
63342
58680
1555
35163
72438
33793
37668
61517
85449
97663
66732
37001
52652
91266
48935
25261
55164
13873
58870
96583
11333
80203
29809
82243
9407
4298
43492
44576
69332
27162
99933
12286
88350
47516
73282
9585
91804
3132
48299
36044
75500
91727
10208
61007
5650
69191
58062
11771
38658
7673
55720
63490
46719
82636
18433
5030
42572
92112
66122
69605
17768
31407
49895
58589
80331
85362
30312
36215
57475
48448
34009
72801
33666
2899
25195
44134
35776
78453
15582
80866
77904
85502
82809
27494
87732
65272
279
94992
77268
96914
78783
56015
14539
64184
98918
66366
86243
41874
57341
92958
87847
92712
55902
20152
92643
95031
30498
64169
54801
18600
98397
2148
1329
49392
401
51781
49989
40158
25940
71202
58002
11639
11556
27989
9495
84945
30401
46424
28379
49400
43931
23276
95994
24927
44308
63720
9217
11681
28344
61009
54096
61792
3883
64360
61305
21245
52486
312
55612
44722
19593
88493
51872
86561
82951
7860
98229
81642
16089
98673
35014
71096
77937
52031
61294
32194
78291
391
86487
32441
29072
97562
67318
74300
15231
85080
84111
15125
6015
797
9023
55034
23628
16936
46941
7989
71360
16198
34693
63502
48293
30444
62432
60235
35709
39225
33142
5591
72210
1226
14351
90845
74496
14266
72147
35485
79667
20621
72486
41417
77180
14847
30916
87363
56359
97971
35719
21481
32537
40093
33021
71547
48300
47047
4474
97250
26429
78466
40372
9215
73968
34589
23400
73246
3196
17669
51649
44347
23935
73952
65453
36173
39622
13135
51526
73671
50563
84622
89500
78802
74982
89713
61332
68504
8232
55465
64027
60422
89696
70697
73280
77913
45220
92836
45350
73759
25775
97461
76815
80523
10031
97934
28061
11919
21869
43091
6066
54818
91391
61155
1213
97546
4727
44738
96585
47582
84315
40298
74463
67593
91877
25927
38626
62706
63842
51453
37272
21251
64789
75499
63062
53060
56514
99546
9182
20040
10864
96635
84589
42988
87132
84258
72056
98082
1791
15613
7489
71515
9782
8073
89028
44836
31634
56669
99126
53665
14802
79276
50803
23456
22758
83347
68812
86416
44231
77925
39697
62179
6439
25020
5580
92386
83779
21984
78493
88236
32835
37408
96661
22007
68891
21950
15318
52614
58379
53620
71960
91192
18283
70997
758
40800
835
34494
18293
40889
9909
45573
32035
92409
62415
80715
37298
44022
51951
17154
1076
93353
25215
83851
30777
60870
12533
41956
29823
27633
24140
6933
34918
48198
47035
92288
31582
79375
10222
1753
65861
95629
86501
71317
85982
56523
49049
36088
21829
66742
89341
96238
22178
36157
79709
30037
23214
56924
97333
28146
33089
13665
73415
45168
18986
98847
65993
12215
97782
64032
51534
13161
1174
40520
94262
2378
72144
84726
38725
40063
13594
66393
29791
88173
82251
38802
31704
41844
53073
63345
1284
93277
50538
63756
18632
51478
72408
24966
87296
34857
22310
55381
66609
59505
70404
43016
51121
67796
11382
474
73848
20454
71086
5684
36851
43757
1440
4160
27661
81528
98890
94478
41613
70094
39366
98932
87499
46984
43571
79224
71420
13966
24227
74819
36311
60008
31177
84268
40733
79414
61061
18446
26651
11272
43579
7770
92745
6943
98512
29968
62843
72535
52039
95664
65019
39385
26912
7352
77025
23974
22223
3518
36221
47350
88947
78849
73321
72791
64509
71456
22882
71913
11259
38390
2655
34647
1244
20185
45605
65913
68934
