41102
86259
11087
46792
7069
18542
33249
1575
79681
52718
4514
70611
22030
46934
96964
23681
96858
40461
14363
5690
36701
16011
89704
8409
25352
84723
98809
18420
73089
75530
97223
64947
26479
21427
12456
47259
62376
28196
79443
54768
64123
74951
54085
86111
22538
89451
58334
81962
88048
70997
7765
6580
94283
63958
4800
75050
28955
33154
6106
22956
11823
14191
571
96434
16152
57738
81123
85538
97250
27704
5969
28478
23322
61750
3039
86970
60308
60583
79144
24137
57275
88193
5746
74354
24334
69858
67171
9934
62271
59028
59896
33793
46905
15567
26409
42412
91904
74530
79413
55289
22482
43287
2664
81019
47267
2041
12101
85342
87429
68411
54901
98195
2186
42408
38462
21356
30711
46323
34508
68068
77323
24844
43479
25479
21566
58410
72949
6581
13509
52303
27077
78425
38057
15874
94731
93568
43094
54638
65177
2457
98010
1412
36358
58912
11283
42148
58225
59857
86363
62304
18651
69437
92359
24588
36879
3026
67695
13480
64029
94938
71341
90169
20360
81430
55232
59592
38751
70909
21446
41621
3013
37698
73041
63744
5913
80705
70872
6109
80336
67965
59051
48150
26156
93533
60638
9905
79208
4744
34835
55161
67818
85295
10379
47038
51563
98792
34083
26322
80812
62738
11549
7863
62294
49975
1255
8649
67621
70996
85166
38603
81673
28240
26296
42815
68809
39738
66018
23342
96177
91653
55750
55635
24296
36549
68816
53945
31190
94009
48225
97565
17675
54197
57678
69353
74900
8009
14598
55820
41748
36472
67748
1582
93462
62236
70251
72094
45405
97483
36297
26821
75935
99254
5916
32850
94001
28811
20298
42791
62214
1721
33878
77555
25933
45899
98554
43750
85352
64690
7234
86526
2624
7176
14706
66090
31989
18795
86133
88114
85304
60736
58948
12088
64070
85314
16938
69047
36473
78593
73498
35755
13722
25810
83839
35129
317
37327
30767
94765
54519
74599
39424
75788
34369
32000
10166
61281
25011
44193
38501
70869
51750
32012
8956
21099
193
57545
26331
34200
85003
95823
37665
20656
52964
33394
46123
65809
10530
80733
32020
54587
10491
26227
89876
92704
17259
67698
71041
45537
18717
67871
73539
33800
66355
97908
77080
44185
98588
17213
93164
60144
15946
140
64774
21454
72767
55423
64962
81572
37786
61208
97931
71160
40124
42254
35576
15313
68262
44098
39457
40837
25905
76175
24121
96843
84139
80805
49103
48636
96391
91705
36071
23350
44345
91365
26829
11661
80190
15656
26897
56538
6603
86853
86258
92204
19800
80309
4043
59353
9267
51612
16382
26428
69715
54818
91347
11388
94266
83240
67956
96673
28428
78054
12323
12548
88502
6917
55373
28866
33894
43414
38289
7571
51804
40251
85120
60894
5893
49572
33362
96052
84985
92705
39669
99848
95761
98462
91150
13707
76389
27144
95755
4073
58578
89085
1660
7537
69863
50708
17977
42358
98808
10832
60357
91732
81784
384
67445
16376
21000
37323
71083
61283
57211
16960
49918
49241
62718
73898
59918
6316
61469
71058
30578
17037
42628
32397
89526
13191
95761
5271
94795
68142
31327
1023
99727
56413
10312
16603
51828
46096
21813
6040
12999
80713
2823
46373
61628
55054
67951
21926
3089
20543
65970
25601
62584
16719
93669
44402
36330
83525
56112
39227
77778
65599
89364
82932
85908
15081
69942
79749
99551
89073
92015
52192
67855
6162
68884
95053
95856
90119
75816
99251
58233
86263
66333
19422
22797
46364
24071
46889
48808
87210
86127
93887
9793
99340
48954
54381
61154
82248
89409
44109
14412
28629
56202
62278
75885
63764
52420
97892
16465
27916
70282
88878
17093
72512
63159
80277
69967
2304
22036
53824
610
54491
2761
15559
93246
26946
67346
42534
44867
64734
58338
60130
74322
81395
59419
32472
36738
40879
37707
19620
48131
13553
84891
21736
14606
83658
93135
69366
4865
74917
94707
93703
14421
67516
12635
58765
35260
97884
80246
46945
81847
54005
36943
78394
28090
444
76376
5103
76628
52160
33279
9619
76275
18844
2638
36166
26235
19968
92741
42289
25380
47721
16507
22554
64514
45974
59933
67989
48492
81643
22549
69962
11646
40914
24013
80945
91921
67133
69544
95911
29099
58716
7868
33379
94552
88840
81935
39161
55389
86711
98942
62997
50346
37316
49781
43950
54762
52702
37228
78917
13505
81765
76995
7653
24418
84766
15582
80441
35400
56132
78107
98236
98249
10748
37926
9194
23441
72750
74473
34596
37275
61217
36196
22953
68231
22403
27806
23467
96089
11277
33200
73292
80410
1334
22698
75404
80153
88181
11040
50952
24007
80146
77286
99508
76901
26828
88053
56990
5520
71181
4334
50532
62654
87180
90807
38273
31239
28733
3094
12124
68552
16839
2965
45825
66483
41683
39701
38346
58503
27137
80397
89694
38370
69600
25688
36715
51037
56327
60676
42949
31584
21275
63542
12648
78668
31416
93985
48191
27674
9478
94815
6210
77087
55204
88420
29830
37013
69961
95799
37432
96557
76832
78435
9091
90084
91200
50089
25192
1110
59402
40435
69944
6083
37359
76542
95575
67223
87414
16000
16541
95388
30917
12957
63849
80737
96843
90011
60453
4214
27964
78372
54885
28941
7660
52509
97976
30088
77825
70393
51655
33816
37622
2871
62031
24677
37248
17778
97198
54323
72812
3668
53581
8443
96436
52431
88003
14031
12357
86502
91118
76586
37987
33882
37199
88573
89621
17071
16142
95207
96416
3128
72364
90657
14859
38820
36088
9499
55263
84276
84685
53950
9750
70325
14448
27586
35204
66510
91537
13379
52221
55301
8452
57363
71893
71319
15638
32124
90979
36628
96554
34473
69617
21966
83840
48356
99183
10320
49491
71395
95546
80000
20794
86715
65365
50512
23835
92718
51878
94359
31828
13326
61685
4460
72340
72398
46079
28070
64008
56246
94637
16485
60712
59570
65069
75600
60811
11366
25559
59117
47863
13765
44214
79411
12226
88420
27243
63776
42401
11927
57860
30543
28585
13643
1628
74081
43762
82980
91148
75030
90333
74522
55072
61834
18486
85183
16457
88843
30631
6739
58385
45425
36521
92743
76062
37244
35806
83558
19737
17193
52902
96961
67839
35276
69807
8077
51623
97221
38561
86290
24765
11131
82350
7165
31386
90710
10723
27430
12745
97614
35734
73041
59586
33041
3155
