36106
25331
36396
85932
19026
69263
63925
46402
64326
98187
80083
16144
35346
53729
2825
88892
53816
56528
30657
33220
20765
95128
66431
71257
75211
30106
75051
46741
52778
19201
5380
25371
98945
9461
16500
17234
47344
89594
59243
65998
92827
97538
72169
10297
55878
15106
85955
97186
51571
28563
41072
71534
33838
95964
5193
82874
25482
71259
4979
86700
22134
5976
46072
18050
58398
58869
74542
87771
20053
25172
56425
98446
21955
92564
77969
80668
46962
71486
30775
29827
94207
84568
85807
12939
66321
13872
53792
54864
74603
7995
70427
21520
86863
56872
15983
15824
53184
29820
69615
81903
2438
78031
31560
15002
31728
35890
83400
57909
47453
24527
17129
89617
38830
6566
57679
79316
22503
93588
76219
68514
76793
24268
62532
45908
57517
60381
87293
90980
55702
54142
44643
99990
75726
87377
96088
92498
55663
96080
65958
13241
42547
73030
72719
44735
41560
84317
76658
46411
7675
96930
49406
35421
13173
97772
90837
46590
18502
65487
8108
71259
14430
31731
91124
71878
15787
33164
69477
55901
92882
22910
37162
72385
30175
47724
82228
58517
57964
76998
59703
90173
86840
76556
42399
79679
16941
32132
23121
86414
14614
12624
78038
38349
8659
39668
79346
32522
90320
57129
29929
12798
93774
9626
87141
30536
5390
90477
93816
8217
7953
68323
66548
33407
53537
67116
87221
80664
76071
89048
82208
31067
35292
30360
50968
88450
31545
72154
53624
29423
7399
50362
9588
44200
48626
25930
98680
52154
23477
73916
60286
95091
38128
4468
4382
51651
67955
81368
6282
91847
21990
86218
13810
11170
35419
64745
41936
5100
19573
54839
46041
96026
56391
28272
52092
80268
23366
2225
943
48878
71105
20491
86536
61116
52618
26965
98182
94762
17486
77247
41721
80959
39632
82820
9155
77101
98210
57818
21720
48420
73022
47157
44539
38695
22654
32036
18496
56786
66617
93380
76886
74296
45087
64499
95851
17453
26374
57196
66948
62123
61663
38388
71222
86816
61349
60202
79444
72550
4821
34681
61320
79998
75915
70114
71084
75466
16835
49366
69823
76753
38659
23445
30670
59335
18464
15170
64987
9341
90752
10225
59245
2989
45643
92775
19611
94478
32159
85601
43697
95437
57952
66184
18378
78532
49290
98420
92070
71783
13268
354
54869
59403
59393
80775
33295
79710
45343
58514
18691
33529
7754
29674
14117
61255
77221
4413
75509
36649
48047
6998
