47367
76983
3525
42675
11189
56978
92079
20006
33746
60674
21446
44665
71215
68169
87943
10197
81039
81061
49246
52413
75873
50273
12018
93671
74709
90109
14011
87019
73802
53434
36465
57205
22402
97210
50177
5957
26857
73133
8559
50072
43952
77542
6586
2078
25989
85829
84373
5052
11298
84539
1906
36729
93735
43137
81718
83542
43617
45644
17089
7518
60212
58120
93408
49889
63058
90628
40116
9206
19485
75959
7747
7614
77083
91772
61493
73134
31829
38224
9694
36113
30138
11531
99045
86405
68446
33971
39676
13294
28074
26528
45866
47752
43065
71789
15028
80986
86391
20147
5565
31905
16804
14529
93073
22484
89406
89084
85381
43170
32989
29107
95743
97773
22481
32790
84186
63161
5709
54624
44042
89102
94071
96073
44789
45206
60950
51687
70349
18611
96814
768
9700
30995
28512
92658
43917
90008
20139
79378
56071
63272
77400
13964
90254
56126
78048
13919
35323
60543
15348
59790
67434
23116
5781
72861
39915
26782
10438
25435
71919
11371
17160
3695
3674
46640
58514
21517
31824
56838
48237
96369
27416
65031
42464
69441
54255
30647
68252
75192
17220
17893
30488
207
90756
89344
61592
41632
93963
83501
56131
63797
7695
25035
60713
79588
86116
11769
4386
16852
35574
80428
12262
82255
14763
24322
71542
65388
48874
97255
3614
43593
46741
54413
84294
75774
91521
40742
28140
39417
64189
84435
53469
34476
20135
98392
16192
34957
11697
91871
22488
43141
53844
22641
26705
19394
46673
13484
18689
7462
21151
86150
79855
79971
33649
22319
16567
