7899
64898
99281
66448
63534
80217
61985
55957
45776
27383
9802
44006
85508
92082
71248
24799
84280
49726
25045
18902
73977
83131
31696
8895
7510
20174
65631
22935
68944
12154
75803
75504
50715
36825
9439
43426
42412
97242
96456
77803
542
23014
95350
91800
34641
95348
56068
98872
79249
88892
50047
21081
6693
93184
93343
66279
14446
97897
93992
75478
18799
47758
42964
72732
63605
74730
40514
2784
1864
32697
27847
8530
66990
60826
63468
81331
91075
48318
52188
91838
66474
98830
80456
74401
17643
26752
18367
84314
20692
72304
76261
73296
43998
45864
15940
7724
13954
31568
48548
26776
7304
59925
31664
57530
70338
25226
63837
71062
94269
18942
56499
43711
36195
15465
26027
34792
37225
25051
17832
3692
63326
90421
59715
4896
97058
90858
5012
41433
46866
62337
59154
66393
29315
90676
41445
52875
39457
29125
92761
88371
63
63948
33611
83242
95942
49494
21939
19194
81413
66808
10638
91375
83462
3722
60624
72478
4172
30525
19917
42203
81087
88069
23578
64046
79711
57915
47663
47521
63237
91771
43815
81887
21648
31035
1612
94897
75169
27682
40180
89031
90655
80155
21344
28726
79627
45672
87869
60629
60477
1908
81209
36136
23743
36281
53028
10567
4901
73163
16922
13407
38776
88592
9046
39819
18444
79286
18271
69049
65444
78870
22156
75085
4928
25134
24188
20765
83896
96552
2056
66406
55844
46722
33012
14022
60931
27606
61541
84509
91096
2064
94444
74598
23111
11574
26196
67531
63415
84650
69919
86466
81004
90466
18368
12467
27886
62450
70110
3430
49671
88873
31760
76546
71650
80294
48947
24608
80474
88158
28109
17437
64562
63031
28785
76855
59100
62417
1786
29099
62473
59162
99497
92481
70390
4237
25280
78340
16912
44999
82345
22145
83780
47851
10880
63825
71522
33127
56770
4463
16779
96575
75342
26979
29488
94091
32784
81896
77424
19709
43265
29525
14430
25639
2106
8693
2524
27146
31644
36371
64586
58589
72214
54367
16471
24298
71297
43979
39333
54316
67435
39428
56841
5471
58520
20258
65176
75826
61762
940
4093
98728
71279
44614
13705
46258
32967
66385
92798
11265
40008
89300
14150
14558
69998
11679
93211
48417
15121
43754
51926
90886
63910
93874
87132
83498
99737
28802
66866
83917
46554
3480
92021
48394
30346
6782
96307
69934
42172
62540
80916
10668
3307
93799
32377
45458
83182
96784
98850
15117
74914
32387
10908
31483
19974
230
74349
37799
69688
14682
61292
8202
49201
92280
94508
34475
9685
82290
7526
91168
14158
59460
13220
90860
25211
14156
13081
46596
24839
56261
42061
4734
69611
8299
81620
38898
48125
12071
73853
14205
35941
50719
15051
55941
69744
42210
12330
37313
98152
89164
26450
37781
71764
5162
60174
11225
58605
38620
61214
94960
37194
8225
48994
23955
5617
13298
5197
52508
82954
69613
44529
83195
11494
85452
44891
57822
88440
68603
81713
1935
25407
69
63895
50089
16567
33315
6774
62125
7169
91167
89489
99738
43004
42182
29772
67219
9632
93465
10848
30374
90114
96566
34452
23178
49160
12008
16805
44310
94357
735
53156
68422
25082
47935
13236
51932
2208
23175
1776
55933
31064
84683
14945
78032
35640
85653
28782
30203
14958
1331
71813
16704
34346
45022
58464
78323
39913
1754
92056
26296
46392
81579
51371
69128
97972
60524
91042
96927
94094
78952
97001
42097
5107
30644
25973
21212
12830
35746
75150
4579
60443
30028
70337
24077
54089
48199
64428
8711
13288
37561
78856
94756
13110
36687
86904
39338
42647
55526
3335
65691
29620
19479
84617
3914
86781
79663
58789
45036
6007
65947
34012
21968
6665
17775
48785
1024
24968
31548
15279
92607
92554
98954
64224
84187
83559
32647
88777
23880
40351
67397
8453
69901
95431
51044
73152
25238
63595
2102
37829
67316
47636
92297
88868
54841
83703
55861
29200
52707
28037
11870
2058
99246
75250
91095
83102
52075
91782
22111
10004
44296
69017
38432
13597
22091
84231
31249
95240
43231
64235
58378
33262
15863
10625
77562
36857
44124
68345
37934
48683
95135
75287
4042
38515
3060
28001
6270
86938
12775
3229
81924
52638
67899
47307
73807
34533
83643
41796
38529
44429
92851
1088
94602
14207
70226
52000
44166
72844
56627
92928
91275
4204
56056
11391
57302
41199
15461
48294
48866
62924
28480
60525
13470
97381
34505
16092
61179
1019
39682
24809
57403
44522
68137
35010
4926
91708
86836
3751
51586
87851
61686
24735
20978
