85850
36090
52714
41160
59062
21386
28250
92901
27172
65984
62693
42030
73231
49034
88540
42129
43718
48071
8685
77429
832
85056
80934
6507
71163
1656
44959
6860
6110
97391
88807
23047
46787
25966
5597
70857
56125
66076
564
85864
63436
41306
17921
3282
63760
86073
73138
96789
75559
82750
40478
91657
28986
59949
27780
92756
98071
30218
65301
74255
68133
66745
53417
48723
65194
88249
58188
36480
96308
93909
68725
32762
17998
83273
19088
864
30778
66209
34459
40346
75080
28166
76203
96070
88543
96279
1057
79054
25489
80838
91862
67937
74363
86624
37432
99133
79072
23705
96718
77058
72564
37176
7457
25488
60303
89321
61813
59877
18497
76112
72877
9598
21654
36433
21005
31768
16494
4067
63543
38875
61795
64852
30574
51204
59909
55989
70481
28467
32979
70666
52682
94707
88158
19898
21144
59018
93179
2675
66772
4591
65442
51929
42783
30443
39445
33750
22877
83789
95768
22461
2170
75556
20807
97810
28893
88384
26924
97199
62844
91156
6743
31844
85414
99199
74610
35905
31958
5982
43562
31662
31653
80103
42910
74771
36020
71406
80034
93973
53935
54543
80899
31618
97167
34913
70195
23053
49601
11581
41595
65910
12768
89116
16279
95877
44460
14941
8013
72281
89320
52973
87946
62287
30786
12280
95201
84763
58737
55716
96145
50898
23276
88186
89679
76879
68484
67346
56103
91932
57681
20070
18688
83863
42645
7177
28650
13811
18430
49871
64242
85800
99993
26114
93426
60953
