80127
53634
98971
49966
55138
84994
40694
27166
67566
48699
53982
56091
94472
32978
46671
84132
59909
58582
62103
36071
29633
29727
15755
85293
63924
38728
78372
51607
27762
84594
23968
21777
8084
70835
93964
94392
90964
88604
19354
70648
42421
42170
26368
52719
29551
59995
3455
68707
19354
74120
92585
28690
83568
88267
59848
28985
47845
4590
49124
95642
5685
44918
19754
3845
34852
50853
62761
87776
338
92420
58062
14956
61385
63480
80460
46478
41212
25088
48488
10738
69113
39105
16641
89405
85163
84949
84905
49273
12721
97191
28418
11257
5289
3042
28618
78109
40985
23414
4820
14271
50230
87999
53966
72989
91215
97221
41314
48128
71158
18383
56586
15111
76979
47429
19270
58923
90428
76351
86249
32051
62043
28599
46395
43373
47439
77631
7680
84078
48984
51806
74124
67512
45167
97803
12897
66825
442
43591
19617
97056
58488
77877
