20285
31526
44314
67217
78084
12023
63555
28232
92273
84502
78788
47960
33629
91070
66532
69148
40658
26729
27920
35061
53456
13465
11381
84137
49253
67664
1338
94249
93864
24006
67686
69127
75834
5888
61387
5025
61961
52892
31302
73247
15223
51789
90349
52005
27349
48532
58915
47584
14408
55709
79170
60810
95012
11581
43993
69088
30239
19513
56162
84971
58931
19090
44433
62184
94357
2147
95729
55182
11430
12420
35370
43485
37291
36177
13844
78058
85722
73927
55212
27855
46525
28115
18304
36728
79985
57551
34286
26988
