94355
70890
7492
16402
71076
33521
68589
37879
15838
90475
63481
94061
32846
32140
67289
91395
18012
23245
70211
97939
98720
35071
26718
36481
28686
18350
10183
51819
89168
5007
61484
35745
51728
64596
35955
73645
11100
66818
68371
77649
2002
46752
44973
32126
31960
34256
23821
55889
5254
1745
32971
23445
34810
29670
58120
95228
45579
16855
72648
61776
39113
62064
79893
12091
17182
79666
8017
44031
14605
67007
46489
19042
26710
12617
59037
6279
29736
64413
53501
58095
76930
19107
28079
7315
44684
83692
59052
61597
21230
99038
67430
57298
72986
32100
92307
54316
63683
80214
19649
28599
49906
51225
11985
28079
7063
9166
53199
90519
6489
70746
84200
7984
83954
75875
83335
67099
97234
50460
58749
63304
17588
2023
5239
59667
85032
92985
44119
93146
43944
39384
9474
28008
12805
5614
63543
40557
16111
68875
48623
89608
92343
61172
90622
41335
5012
46912
23317
86063
14244
3457
745
21905
46747
60359
24483
80581
84222
64112
540
87093
23746
87811
84672
40449
11505
59377
22310
50458
16184
8195
33605
79148
3895
72028
37590
55107
58546
59299
6244
45386
87539
11041
67051
84086
84734
74742
48437
54050
92902
44887
1765
75340
96605
91873
63153
74028
52416
31132
25440
65640
76387
90896
39026
91345
82898
17792
26502
6283
4265
85616
7422
37436
66055
45544
29254
68130
16426
70670
10984
11764
21124
25786
77235
39268
61455
41158
21205
86261
40868
48076
85323
82297
12586
41281
84446
32965
27339
77080
47436
26229
20103
70563
18376
49697
37771
97292
33252
50726
23834
78582
81480
95586
63826
82421
99500
37180
74775
95160
97242
84970
46098
49734
53947
59428
69193
96669
61374
88593
37044
89950
45364
8400
86512
51745
58149
81622
69191
51980
6910
33322
36521
95578
32201
93054
4748
5125
48651
61459
5587
6045
7073
78080
54358
66824
77099
66370
48942
43710
13817
22622
99293
62336
49140
76947
7865
93697
19041
16490
50575
89609
936
42278
47507
22640
96549
51682
97127
51067
53418
70136
39428
48849
79085
34364
46744
3271
74705
19798
44293
6604
90343
38956
16614
31895
41218
37946
36546
15044
49879
95947
30005
77475
82266
7047
49932
87582
48749
574
61710
33382
35048
44277
37234
70134
12734
12913
36011
16359
37527
99177
19630
15908
68042
49545
79807
65537
43109
16797
99622
89498
47342
58842
34119
17125
10591
1782
59630
67297
28518
91601
84097
79173
12702
82623
3791
15422
88810
82918
58252
4438
95650
27115
6315
38571
44104
31648
90214
78800
45402
55795
26576
46194
67737
21114
63604
59112
56859
92367
65528
95677
94793
30999
92448
24846
83795
2933
95705
56970
63542
9142
49738
20231
18723
68470
33959
33491
63421
81423
34668
46273
89886
57356
48708
19146
90112
62508
47768
6618
33111
75377
15906
29662
14538
42426
37019
59131
84741
2229
72699
13626
11817
16630
3119
22727
67069
94465
23487
46169
41233
90430
98209
44982
86597
80132
40940
55611
29576
80821
16631
18000
28678
75029
71825
27113
75167
91869
83802
12392
70055
77446
98423
38449
91024
81531
52768
40071
55333
55197
68859
79657
56749
55355
23817
85528
14770
32097
38960
79599
82247
75050
24882
80891
89099
41428
59755
67832
18553
15232
10302
43555
6639
81258
62883
36378
84537
72499
57184
55614
73537
2267
604
64063
75699
24985
12023
74456
47218
74926
38269
70273
36210
62076
81734
58495
2881
20701
21794
79552
90556
20166
32865
55360
6938
8911
72217
17552
99961
79430
29000
93549
28219
73731
49612
6889
93408
47846
18540
2075
86568
3680
49242
92611
56171
43324
28766
59378
41877
8080
5050
79392
4974
99011
20141
1704
46534
80817
52090
52170
2706
79121
46971
14494
7623
30319
62201
87021
5120
54508
93406
29167
3608
49976
18026
54670
3142
20631
45524
2450
84172
31669
54706
9282
98712
93201
75465
1002
48421
80257
27534
50538
69013
59413
16011
1834
