49634
73817
5833
43287
4405
35022
93893
5831
99538
81864
50150
47924
30421
73894
93051
60610
45156
10193
20578
51647
98134
80145
48963
90560
92361
63732
9971
87488
60464
95545
66503
83881
45335
23211
93412
28719
64276
49674
47705
53929
63995
28150
4721
52734
77808
78097
30957
88487
55956
25196
61924
21168
69350
27332
60796
72134
17912
42309
68226
44683
65495
33694
79223
59674
15207
87322
78566
12517
67958
31322
11984
20616
85785
39492
30297
96959
28906
13702
86693
98864
54277
6641
19822
41640
32724
74792
89616
22365
77370
15200
71168
86791
47250
3752
72923
73015
17353
50861
97747
72623
27573
14703
7710
91629
58698
14796
77290
68733
54943
7023
40198
89760
43316
90221
98532
63101
8255
39754
32499
92954
28471
7586
7245
62658
60548
4952
35926
92769
8476
57885
36584
53726
48926
74990
24400
87205
9415
39408
19789
85936
84155
47812
58052
57611
33614
45158
57152
20999
32458
7192
77016
60289
48847
44888
6305
80411
23250
54813
21425
92253
42998
40555
85288
80990
45941
4330
82025
46625
95993
96877
60261
72003
23685
60797
91039
34286
31404
91756
90670
39512
65261
9058
32212
72430
98241
76871
26214
73434
62556
49833
14838
79984
41655
81040
92581
59717
27886
63001
30369
98048
38639
95686
46487
88488
63726
2757
51327
23154
47386
88119
61987
81139
55455
11946
70739
69316
64794
53429
50587
93058
65203
29310
95283
66808
6282
90596
89101
64926
75657
21689
23844
42310
91470
85608
62180
32856
91365
24664
28309
79758
53031
63481
92429
94066
12869
92873
56148
43127
9737
59031
96708
21779
36538
76464
97113
16943
66255
14723
50057
83327
24503
18192
48171
90942
4066
46902
63231
93761
82942
60875
180
33645
53827
50462
84434
30862
87577
54163
87485
18027
71349
23323
91136
74821
82713
8091
88453
83305
57854
22739
74478
3693
71254
25044
12344
71618
36990
74618
56506
63506
6194
12769
8406
83237
14114
8764
92737
86202
46668
26618
54473
92873
71609
96029
8051
22365
78385
75654
73179
73713
47160
2759
74610
21766
22097
80531
37964
40925
3778
98709
41686
93744
6772
13251
6297
38170
2872
81447
30468
67372
91163
32882
26375
76391
63373
84176
1109
50038
68626
63736
77068
34636
13769
11392
73476
77194
49421
94658
65639
63978
50885
2347
47424
33718
79900
41968
34162
47745
23497
3228
54720
53594
34919
71180
81444
76195
65965
43813
40082
38861
16327
13663
25249
48466
48274
20067
63137
15487
80509
62678
93525
19611
91043
223
50423
42154
63895
56765
18300
64656
35338
12577
79358
20222
61092
39570
36044
69455
91940
80659
99646
96240
45115
20799
56666
50115
50881
38715
66285
9084
79138
24667
64603
46788
46031
15871
40660
51603
68166
24335
89442
1022
85574
96633
