88849
27655
93855
73125
76977
5239
51670
92875
91027
41279
64858
33342
73901
13393
90872
37074
81545
75837
43263
93788
47122
53936
76282
27104
25400
97909
95917
29333
89477
96353
57350
51114
42929
91744
95365
40317
85568
86748
32356
89728
9249
43633
20266
99155
44912
18150
40820
39878
17244
18653
93931
53019
67006
28331
51374
22363
44312
39046
20967
86229
98271
85840
70577
52109
73126
88478
18
13690
79243
92483
1802
96923
25044
99970
44605
47173
19432
85121
79553
5134
88222
1140
66421
5578
51773
21040
10406
97094
5761
31721
18189
99759
85030
53985
91323
11822
90338
60241
35849
4684
29921
71627
88844
49705
64330
68555
75798
90281
96280
23790
30558
81149
30144
14300
34892
15449
49192
53843
14646
60856
68559
35563
91754
51882
51388
60845
84872
91062
32597
49825
91221
1156
28909
64610
74235
33680
44060
91140
39850
43347
8274
58263
99558
11627
21160
29295
45460
27994
82159
94925
45774
112
92690
88383
10851
71196
51754
7242
15945
77260
74589
82615
71511
50574
72093
32521
73129
34376
42840
87786
70536
65775
53640
4184
30835
37529
31500
10156
92574
30681
38065
46933
73916
58050
14742
61689
68128
92786
95013
27306
29716
31300
50085
55448
88960
7011
33919
61430
29399
94559
5728
77724
58012
70299
85062
85765
2564
2209
36715
48998
77580
49928
18724
92444
60513
3712
503
54024
50448
53342
88286
78107
99989
62712
66342
75557
49057
70301
10742
40169
96993
8482
65682
85465
59192
12382
97813
80651
60930
20480
