83169
67532
80805
48460
49383
61193
36527
95883
46802
81984
56571
56596
73376
94670
71574
4642
18166
17404
98467
84894
60182
41376
92561
28446
75314
54286
62776
46081
65577
19395
68071
37797
43641
56925
6778
20563
99837
96108
30022
72699
11247
24330
12612
73481
61488
3474
92902
48614
40061
94595
5795
95632
31516
76675
27793
12080
26197
89330
22461
96594
2264
49774
26128
19129
92381
88819
34540
92438
48589
8112
39912
90219
52739
61810
12636
69564
17945
6543
79833
5901
79836
61462
66594
3642
23878
18261
15142
87995
75769
13177
60637
94428
97464
17417
24874
41565
66548
31042
15970
98750
29014
31680
28499
76869
97178
15622
64569
74384
35281
53818
87313
21392
31195
75196
81779
20493
16548
21686
74590
96089
13811
25135
38294
91323
11366
21682
8448
96549
44356
64602
28924
11028
46724
71735
10382
93824
44999
80725
6976
49038
53139
81341
61169
37990
76019
10342
16503
70201
29325
48611
74011
68277
99121
71978
89141
48725
90053
65417
36251
55164
18328
30178
87132
74991
31313
61379
60037
19204
59814
70689
33958
21129
12636
78377
42650
93700
65746
55089
49775
38404
36150
59327
81551
79953
29919
38069
7420
16324
56025
75749
66390
81784
95920
72522
41298
77642
80509
67284
3510
93346
6642
33743
7903
27910
75782
22698
85072
55628
11872
35684
25043
82396
89657
10981
66427
9563
28594
71155
65386
8991
6990
90016
54251
71454
82192
54337
16947
32894
32682
78256
97470
30977
11871
23668
88233
77105
69973
6718
20283
86671
35481
15311
24851
56603
98979
92017
79148
97152
86455
5801
98695
13186
16479
53787
64001
34035
5764
88261
47172
92606
73583
64508
52483
62131
9050
97478
57330
23693
93795
65287
37768
56557
18525
51705
87495
84942
64603
42470
76634
48416
3381
23917
68383
69822
59777
33196
15501
18533
87198
95992
75400
7414
15437
41858
94223
45134
39155
58735
34486
99895
71463
34793
57053
62885
68357
47938
75846
1620
42545
40771
26569
41839
69178
30870
14473
47321
98861
8860
19164
93261
86657
91001
98427
99117
6185
56185
79266
85314
17464
21538
88713
45746
28731
71709
79827
13405
484
39961
10007
94051
54736
21465
52487
23420
7776
93877
38243
30482
6972
81086
63140
62570
85535
33174
40986
40758
5712
11225
64788
53473
89420
28562
23311
85986
14240
27082
49780
20686
71841
91444
45576
81581
79222
46346
19508
67018
43255
63190
2357
19044
73260
46767
97253
73806
16157
46069
56060
73886
60233
98578
45035
88133
94178
4773
27472
6464
49307
84769
70354
8188
12565
81486
89788
18411
25879
41810
90036
77021
47681
52404
36157
77141
72491
9108
73817
96403
87639
97753
78154
96265
72430
91958
78335
26262
69108
57018
69399
47421
87389
2499
9580
17110
72254
28906
8509
11368
54731
39914
15579
40403
27537
5983
61626
20877
68738
44606
69695
32571
14993
91173
96140
65176
76730
67530
48917
24049
86621
82961
82974
90470
72923
83468
99226
37329
70862
36543
69464
47493
99430
59907
34529
20171
9794
6047
29453
10383
7775
76877
25013
80164
73023
57368
61891
76960
23481
33451
94549
35896
81413
71399
70707
29454
27627
24984
2080
68850
26216
5796
10770
4520
70731
32339
3577
24639
1841
54144
63420
59142
72894
89044
4687
75585
15696
92536
98036
41500
64032
52906
58584
83230
96025
35079
64030
14358
21822
51456
98260
3157
68141
14919
45206
48728
42276
17076
90568
27494
74105
44829
15853
