47626
35344
3754
94590
22225
35128
77887
10563
39233
65890
83788
71883
95442
45849
67083
21752
78164
58134
29039
50153
1415
91205
36270
66702
24677
31194
60147
60920
42580
24075
16842
59866
38699
92737
74008
10793
93528
77568
41516
33195
513
36824
78567
26851
79417
22469
29702
83814
9532
1705
71028
28323
18945
97760
97779
11892
73098
21626
65728
51738
31952
554
11171
47928
1590
25922
65608
41449
17305
37451
25500
75837
47928
3460
63455
55280
58831
48676
68698
69165
24502
99771
95066
20450
95794
59549
11409
46028
67511
29205
39635
31404
95748
74941
98229
76829
20349
1396
65184
19243
18036
19591
59493
64906
42159
46616
45416
88756
67225
18653
1696
17426
80849
84454
76135
61253
40798
80165
90582
62396
62432
58530
86780
68387
39144
68889
82900
54911
57617
40085
98384
87517
43260
51233
49860
76679
3782
65082
512
6918
72678
58916
77263
18855
86653
26333
67451
10139
9470
66887
28987
79172
97744
34986
88660
59831
50958
20535
27762
86648
52638
68176
3743
22233
70749
43602
92953
3907
76241
39942
89220
70574
1546
86400
75854
36707
24229
15313
65443
64188
70421
35059
23146
7073
78653
69771
1571
4421
11653
54859
82673
38829
79191
25341
96339
18476
20512
35088
1739
40126
77513
13311
17290
87107
60503
50592
76834
11454
6480
15617
73701
54894
79689
96463
93303
95762
19678
16399
10857
68626
65679
37899
51438
96600
97501
41041
58371
11529
63955
49885
87545
21969
31043
31679
8241
4455
88362
45622
49851
20424
64998
80386
96497
62302
74419
17857
11075
34042
36453
45707
71524
70103
80743
10687
17597
