2672
15057
68658
3273
21181
83263
57620
92145
35133
71877
476
5788
78785
98649
40334
73055
3778
9337
22616
8011
37112
24267
40457
43577
72706
37683
17298
16592
66362
16207
89132
98677
8114
73499
58328
81859
67122
76684
89121
506
18703
44498
53527
2298
32939
88184
62943
43794
20701
18494
23219
27349
53272
18198
42166
72930
99550
80853
51029
15481
93488
94013
17944
88796
52128
93033
61336
45367
67159
6453
58702
74015
31655
5280
39436
83774
51090
43438
37423
50615
65389
54870
68353
72854
15458
99724
99047
25172
54033
494
8968
29082
64301
66740
70128
10426
37794
87680
95972
50923
42796
47703
28443
37494
50540
2296
2777
81010
86713
43780
95601
15477
27381
86392
48713
92187
40210
98058
8392
50309
25925
9846
85106
27510
49052
98866
86430
77031
22046
22247
93814
81026
53602
66510
94935
27087
36051
1186
35988
29441
98667
34377
66140
75781
7578
67218
1704
45684
82660
17790
96903
90910
78258
33220
21900
68106
29201
75526
26459
79190
96522
82126
50757
49672
13181
40745
88920
22418
68439
23762
64005
5828
54512
58122
28291
79581
73783
23589
50077
19779
20862
15432
71479
1198
37592
90251
89524
78317
37067
76837
58076
50778
5400
60806
42774
75770
31830
54647
28590
98323
61576
70304
63000
4825
98169
69551
99251
54055
71391
24210
91984
31646
65951
11654
68904
40386
48140
72718
29425
40493
44745
11132
416
1610
72955
22132
63723
60401
29355
60470
95279
92000
89184
61562
35948
56010
32377
41021
27562
19685
35953
42648
68847
67500
30387
6279
36041
31254
69149
46641
74216
12627
27221
731
85870
72288
8324
3424
46913
50328
36122
83774
50929
33759
71955
2421
90385
44310
99235
88241
21952
45048
98904
25195
36146
88312
7658
17257
38622
8155
71766
33477
37583
40161
63052
83933
11757
92972
33967
66765
80955
57772
50170
79730
80181
66012
32312
53854
95029
4333
33342
66210
51210
57521
21588
31178
4641
12517
73430
2542
31226
8788
96638
35755
23893
59167
92956
50976
31343
74791
65247
79464
196
8014
372
57363
73838
58459
83564
6681
83637
47987
87141
32355
74774
93154
84106
23324
94071
1489
34707
1890
76167
93000
99587
97011
10627
13529
84533
6183
24350
36158
85105
12188
37524
50325
87067
78611
65649
23002
80357
22450
5318
84493
33502
46229
54231
39344
41919
20291
27925
21557
9089
63488
12639
27643
86182
4760
14189
78126
19747
88969
57430
98133
66800
63881
7922
48020
42315
62665
71712
28235
27240
21645
74489
88481
44200
44505
71286
72476
72860
21527
91905
91297
72817
88573
88662
90541
78932
64700
79152
58734
4692
61841
33121
45472
18732
29053
78913
45734
30286
12705
26836
26526
7689
32728
51425
68175
83000
41865
12159
53832
33557
86899
70372
5349
10304
86646
14239
17478
52914
92959
8127
86043
82656
57836
12212
49656
51326
9967
19365
68711
82380
21618
31121
46473
51577
22800
731
90780
85943
99546
14652
51802
3424
47210
35609
73565
66614
42807
32312
54945
31395
35716
69172
33961
74121
15539
55331
25097
831
72709
80073
39113
50579
61342
36842
93982
97023
7307
10760
48521
67461
78135
68095
35126
54070
27921
56677
47673
19805
57182
33968
92631
187
57802
42991
22171
18394
43763
12314
60546
61580
40350
52511
23580
8576
42878
27758
12777
46379
62903
80341
51941
46364
17695
96209
32712
70812
93936
29732
87252
96141
94104
53548
60362
65670
85038
81669
64566
34852
37913
91337
45495
14076
68346
52839
36093
94350
82733
52694
2492
90126
90084
90419
22617
15781
27828
89233
88310
74891
55386
43578
94191
22064
29468
57071
65706
81072
31306
50209
44679
98969
9879
31740
50093
80585
46653
80510
90880
76790
67830
90928
73689
47955
62725
85017
33433
90684
76042
292
13105
56500
63879
82769
59261
75689
69411
51257
49619
16435
14671
79981
98575
91824
36401
82471
50798
36471
59167
83554
47785
98233
44251
5240
65688
90207
55718
29530
4255
11140
35512
27988
78664
65521
72115
2498
85296
15892
2255
99954
71943
15325
61174
19037
55045
7937
5539
1155
26866
33247
61246
25995
91813
42791
61206
59656
11912
3415
5512
43955
39205
5973
91975
76245
12167
85698
74290
54290
28848
40704
87950
27269
2194
78834
13108
4408
98758
71870
77775
16884
71862
44284
55756
65244
24173
64648
9776
12380
76492
58562
16470
11655
85154
39142
35910
22120
60765
43556
18776
70060
55616
11001
99970
34404
13973
39016
26402
24010
35627
74973
36756
39414
20327
33515
65684
13271
39260
29213
73460
9196
66711
79412
38496
81852
40947
77079
22356
26541
58410
72081
19041
16879
88005
