28109
21616
92588
80713
2089
21281
61410
79538
47660
5450
95012
10919
15895
44877
28438
47406
32214
4993
26974
50615
69415
17907
51730
2479
70927
32327
98797
33182
84105
6520
82440
16863
12873
50633
70793
88209
77039
47626
24980
34570
97583
23586
98031
54028
18787
54462
9517
56923
76782
36222
64635
90152
33201
2135
89236
35871
69491
95612
98027
80523
2727
33714
21614
53752
90209
88484
99329
70378
4052
12273
78727
26243
64771
78589
837
78393
592
55582
32635
83733
52216
60955
46725
86326
36282
68825
6439
18684
12587
54316
60631
93631
9133
911
23959
79039
69291
38726
49396
72408
25738
70075
13101
91081
39507
77881
2806
74352
89573
5308
19449
77781
16754
86116
97121
52494
48130
96665
86883
98772
10026
12127
13520
32970
11147
49484
47028
81169
58067
95011
95652
72519
83334
56167
65250
20945
16243
94028
75399
90106
67005
18445
5992
17280
23330
746
53620
64173
24244
66549
59980
50635
98307
96150
31987
86301
14926
63694
78226
4611
96616
73435
81993
10774
85098
91722
15812
44282
23178
52354
92582
79340
19428
16663
57981
52064
13110
45946
96107
20434
25753
19167
32054
19470
26580
27128
26310
86875
56348
11665
57596
90152
41337
35667
40966
2682
81035
3683
902
60395
31342
46980
72025
87072
78686
26190
72698
93730
63839
14538
39295
8749
41441
78823
42059
67128
91078
98048
30139
32492
83548
48578
25228
91189
56169
8185
63560
18162
40380
43016
43993
63178
6054
61936
29446
92430
22848
95703
33685
25467
7748
19729
84426
93250
6030
43540
58755
58586
24390
19019
41272
34397
3643
37663
82616
87238
62606
85428
44097
15613
10964
74293
98549
48733
37679
62715
19443
72603
6727
57311
89728
142
99419
73475
59725
70232
59138
4407
80782
55877
3468
89264
12069
38824
3680
48762
16188
62005
82208
16857
15283
53338
25787
96254
89249
57948
6842
98872
78979
63991
57225
43518
79503
60987
75008
13331
46651
44459
1517
7552
33591
58478
3882
51044
76067
9910
51016
3411
40348
7715
67052
1514
58848
34475
99878
86519
80697
27360
37150
72224
38090
66050
59238
83144
54878
6231
26681
16661
22555
72574
16741
57855
31758
45470
87709
73801
32732
19015
81129
92805
27864
3128
72950
29681
34138
45850
87079
87649
74201
63356
96057
68979
95709
22668
70658
13580
34135
88085
93511
89206
31711
55100
36404
27961
27344
67968
8922
46397
69952
49767
13303
83531
61615
34380
15321
98704
58106
62242
70857
50898
25139
7330
99306
81476
20361
1526
57426
29619
98157
70451
30533
56900
95496
38798
57867
35428
19098
82811
55508
934
3400
46698
28762
97884
83708
39262
61641
60824
33168
45937
40629
30196
97106
13241
37946
41963
52349
4321
27701
58211
19126
41844
49320
90976
88536
70538
88649
72827
60741
35846
49781
39722
98050
74708
74428
78055
31753
68263
54274
51736
3315
16941
26858
92962
59547
76157
34061
43337
39686
89616
29749
83273
28822
7565
52678
35242
90351
81783
89174
100
85073
67093
88427
46360
55757
79846
21070
21936
67465
42940
66750
24996
6486
7029
48219
616
59095
71071
58494
81583
27457
66350
17351
11239
844
96240
57147
33841
48727
32962
73956
44672
87974
27814
61502
28056
22345
45577
89059
63578
27231
59711
26112
58758
14319
57596
86763
72322
83004
99596
61194
49810
28660
84596
57122
15848
52231
12792
95981
5502
71958
59544
18929
29754
57221
89924
95577
178
93040
70014
92249
78224
68052
17836
63172
97902
88628
17256
22794
99290
11121
5314
22398
38998
24723
15813
70637
63528
77717
51035
19733
42593
34705
67029
14780
97971
50842
78798
13140
43879
45878
44486
47907
49453
40991
10860
29143
94781
31613
9447
72539
21302
18239
47680
38918
70242
18048
26581
44605
63346
29118
67958
34184
15354
45483
14135
72472
3671
1171
89735
