417
17606
96734
52730
6995
76805
16244
5550
91100
70064
21053
24756
67188
99890
87401
563
75849
47682
68737
29213
74328
83586
87782
97848
69107
42528
53491
95290
88400
90516
50440
23413
90004
47470
11551
33972
59202
73770
12231
66879
93572
7128
9972
3482
23702
52822
47372
60114
97914
82408
92894
10571
76556
27920
34769
47097
29387
3731
11917
82076
12898
79687
56492
29817
19379
93457
74119
86295
11769
3568
71156
74820
51488
38086
1017
98604
82961
85068
89982
72908
18241
67738
30807
60001
740
49182
71313
24583
55729
855
71670
16128
53820
29028
70420
9803
63859
44260
60541
83173
42174
96153
83101
33286
22165
15974
74500
83268
35593
3125
30958
3139
60465
96165
84297
27821
70426
18376
34978
54653
30360
49949
75383
27293
1769
40606
42834
86897
30062
33126
40654
55006
49861
90088
54322
68120
59920
43750
93557
55753
8293
89460
2519
42093
31578
19970
38411
57359
11358
92297
86277
2677
2778
96804
29968
55321
51566
39763
87022
22425
97713
12331
50475
5247
90634
38377
92446
95429
20094
6966
83993
31647
74065
63727
29380
77114
14657
45809
95877
51659
3398
13788
38671
28623
51632
59583
82055
47621
42807
40409
43940
80663
55144
70156
69137
46480
68977
55393
58369
72083
60887
96821
7417
61987
89163
7994
58524
78854
62288
41751
83570
22694
7729
12358
95642
944
72481
49612
99464
37737
27273
67837
99417
50507
48932
70854
4459
45674
23151
98748
7070
26029
62298
13627
24395
97859
60874
73491
24018
61876
24186
81770
70559
41911
86047
47092
47906
37512
53788
83823
66638
51805
65584
33477
28639
18776
57290
38560
65360
66413
71381
60166
81022
90732
83997
90701
52983
57004
36356
12471
5510
6846
65938
78901
48238
13663
39082
28352
5119
38311
75953
3952
27161
88179
81992
95838
92614
16719
98578
44902
51989
48886
7721
70430
84161
49549
44068
22314
18409
93033
51406
63376
30685
17031
36907
80496
46150
29614
16085
38896
2002
59887
91690
88980
38611
24233
81130
6162
76024
96977
34589
16631
19365
55715
77037
14541
88445
39752
91745
9919
13755
87027
21856
32694
75710
16940
99895
79512
21408
97129
84546
19459
47461
61233
13982
98901
72416
58457
61578
17034
88288
99768
43970
76002
26446
62163
40500
70981
36733
60902
53050
88835
2431
65156
40965
72805
96068
53686
66430
61636
88962
40044
2306
69254
8145
91961
44871
34229
74436
8708
49897
94633
51306
74552
51765
89176
30214
3017
9688
36538
74861
45018
93416
88844
50718
85321
43883
25123
30359
29596
11363
75654
82104
79406
39470
47371
42366
22823
71779
57853
7584
64704
49549
41137
74568
19776
74423
83354
85058
17181
50082
8332
31474
62973
60126
2659
95100
85969
40134
13358
6776
87794
98502
74381
78462
63169
41551
29705
34498
87712
28455
26876
88785
64325
72807
29342
39206
24698
96134
61978
32608
31311
34142
8533
12683
57355
40702
55991
5864
63424
26883
11371
6467
96772
95686
38830
91916
79479
59471
91863
93489
18932
86880
38382
77609
37022
14967
54244
43963
57930
94761
98032
61151
31329
30864
27003
28385
51537
51528
99415
17808
97208
27377
10073
97435
33567
51044
78172
93578
8846
80300
54735
7736
22052
16124
89583
66865
61935
9520
10372
27258
18330
61576
77276
36860
98050
63705
58605
48092
61399
4078
41449
16413
55298
62056
35585
65740
64011
5071
32588
86972
87156
87812
7638
77551
62006
5782
87600
51878
82727
40367
32696
15857
5792
55196
54688
17336
57753
23425
95460
38023
35788
79642
4886
24640
13383
19765
79028
84628
91463
66259
76681
29495
6175
90680
10196
72883
5529
32939
93112
79135
72906
86827
48748
79924
46641
66498
3214
24813
