65166
18471
41915
53697
59733
309
9252
93789
67029
20299
58418
3714
18869
20596
53897
21740
79885
87734
94885
86657
3286
25905
75033
32758
54025
67084
50064
2956
84828
50027
82359
64378
70399
61497
53520
82761
11608
96933
94964
3731
16193
54323
75649
86119
60511
69118
24557
25135
41674
2490
57306
12674
10618
65020
62926
66273
17041
4889
81273
7664
4315
25516
35079
58238
76398
73885
50358
50503
73362
55125
55030
65866
75986
50739
48962
76211
44132
12493
66687
65311
42588
48648
3815
29778
72850
48853
47376
19949
83226
38458
48341
35763
50910
12237
62849
75698
17392
7215
61733
10724
37427
25962
32289
69549
76633
36154
23129
17059
1218
83392
16418
28396
38150
64856
3835
63285
5767
34008
51312
83516
12926
55394
78408
61435
12752
24615
4652
85089
42196
73218
29040
66545
81008
55430
87243
41126
90903
56734
6522
11380
69913
92478
30550
50590
43070
57438
25121
98951
15837
64965
29213
74073
8605
30606
91718
54171
26354
24540
32184
11264
12994
86624
42381
83630
23876
74050
18715
46846
