55860
11558
53379
18080
68610
91432
43342
31979
62136
81074
60818
39747
5666
31018
15301
61146
41227
75773
69612
27011
62163
40103
88862
51984
61476
88476
65708
12565
78829
32707
90407
14159
67334
53390
5371
73111
31274
7918
78186
30631
96376
36584
46176
54422
42535
64620
26649
79491
55468
18996
68693
85918
83360
77079
25340
81901
70720
55375
63190
6017
26114
94310
11568
19210
59121
14219
83212
95061
36283
85805
77673
4430
54050
92839
92587
56925
6136
34465
40198
86797
43109
18043
53590
57425
10307
28662
14316
11332
53742
13700
56208
59178
71548
64379
91435
95612
93946
96721
30113
93538
36777
88434
61145
28418
14180
21500
46071
88580
13393
344
89876
92909
63551
64558
87675
4037
55449
437
59794
31366
55309
45660
85789
15476
4374
17908
71309
44258
17638
45632
16039
59588
66212
86612
42397
51143
43321
70689
30605
70343
11316
92661
5164
91585
11830
29443
39194
15966
43860
41353
95997
69261
26954
14505
87027
18421
758
40533
15397
68353
78325
73528
43402
41352
82750
28399
89389
3291
25199
8102
73043
94115
38301
7155
62709
9374
51458
24597
93587
57853
1938
73344
55870
70933
36281
62621
36435
50346
40629
29726
91685
1360
73074
22651
92904
76942
