98785
21058
23354
6549
66858
53492
8774
67470
25165
42212
41194
22367
19456
99121
65470
15468
62900
22465
69460
71689
37565
42317
95219
89989
93014
36600
13692
13326
65856
14102
9974
32916
11015
33317
38788
91141
59620
7798
67320
8494
69598
2532
55862
41570
48181
62250
8404
40678
64239
29264
36778
11069
34196
16812
59688
50735
85519
65131
29587
65200
89077
72667
75407
31820
87505
41818
13256
31
26797
61137
96482
23840
75860
30416
91938
55640
12795
52704
78239
23771
9833
62590
24040
31894
33503
67995
60820
77747
47937
45979
53423
52636
31868
86794
93586
46921
83112
19389
59230
54932
15985
55405
66086
77057
55062
92377
22836
92065
86208
52787
60642
82598
75877
15856
85532
90710
16947
26279
70099
16195
92244
89387
69465
66265
79660
3710
61007
9113
61508
37855
18590
34884
75219
68259
93242
67450
90774
79755
94836
61642
86813
17547
8968
34257
37085
72980
29594
76126
13607
93581
61322
1705
61739
19276
66550
71782
9618
51131
40546
44981
76754
58209
91689
57205
21498
17746
53323
77735
45518
5240
79613
9083
53147
13979
50448
61431
32588
96208
14897
77652
60661
96169
55742
23135
15850
89568
13810
11168
95960
38063
4340
45271
53886
40725
42382
92237
75983
13220
96269
30977
12994
86190
42034
47533
68795
5466
66482
35870
46586
50273
19048
40910
59409
49656
45545
56159
29275
9721
80499
98366
83970
36993
23250
58629
46098
49846
34937
64584
27889
15237
92492
61330
44810
3886
11471
92483
14163
34549
52530
46122
43903
49416
16994
16166
92367
65627
53052
15417
9990
5312
83734
76557
56630
54838
34099
95669
53790
19900
55841
92342
42691
90443
30488
94459
23633
94993
99611
10988
80856
10410
58451
48868
1885
89361
41621
3152
79072
22814
27715
89173
78179
8264
89904
71812
5497
85389
93763
17339
8914
12253
38570
25665
41773
59634
44953
99070
9847
94167
8806
13332
78123
71060
66081
85601
43930
15260
74991
33957
94845
3513
51220
28586
35101
25629
41631
78965
17635
89653
52549
65840
33547
9113
71130
50413
59775
99358
59260
56682
29891
63732
17772
91201
72290
32129
75609
20500
34704
47675
48138
37128
794
51972
70866
11950
49206
80335
39314
25515
28185
99756
39228
94850
88977
91253
36463
11080
30755
88364
87356
48799
34684
25094
55125
52564
18307
84749
30082
74006
82172
20373
2220
20387
43578
1081
80550
66637
36107
27087
40322
68206
94254
68954
76471
98512
