76933
69315
42990
15457
85282
85520
82233
52809
38389
85480
22356
23123
29011
74797
72395
10703
90424
3510
3512
39999
42860
23750
58936
13242
57178
69771
1305
45292
96636
6617
21861
16112
84379
11826
68190
32387
19791
26872
32015
68132
65163
56476
65328
26136
62713
84642
24058
29860
40173
73822
88644
92010
62079
28607
90925
25398
59803
77888
13700
59579
12501
10758
4989
54283
1330
56061
83754
3074
65767
11120
1062
57919
18626
40107
63375
10109
4185
50515
89299
1082
85916
35790
3554
31753
52263
64728
43336
30716
34155
30489
24355
24291
58444
34843
88392
48739
30253
57442
97000
15687
43996
16044
56969
51448
56953
88396
14047
86790
32734
40618
51731
14613
93961
47258
44095
82233
36530
39790
26408
30081
67271
93906
21993
33783
74182
29198
19190
17459
32079
32869
23549
82535
22523
44951
65217
69454
74466
9391
35201
13952
88982
72521
24854
16746
53726
43356
59546
60094
65905
38973
6154
38136
37915
28901
26877
19622
88980
35578
40187
8504
33372
75443
28394
94
88670
24078
68749
31630
88758
6273
39602
70015
98128
76257
3207
9950
24642
58146
23836
12545
42326
47122
59533
38953
60471
6109
79759
73631
70940
45635
61212
56240
93451
77578
15060
17878
70733
74175
25671
37329
70259
8133
87855
31433
76352
48
12093
47589
3970
34695
99796
15322
23444
14822
8466
93250
94521
64608
38885
30106
77063
51953
43346
92288
26561
97885
89411
77696
95680
33309
7376
79601
17335
51030
32465
30485
57560
88733
93702
93564
79850
97773
18567
50743
5961
92231
68816
53135
17028
88857
77938
56154
55400
85080
95182
62174
34184
15545
55006
50907
63535
3191
43777
37622
96700
78717
52079
62295
64430
38398
36120
48549
38805
80887
25304
76918
20772
10605
32801
78907
49637
17247
61637
99464
37448
73530
86001
75227
91398
69338
34906
54353
79638
32984
47520
40607
63409
86588
40893
78460
32444
76811
25452
57541
56644
82275
48531
37451
18352
42374
53587
18295
87138
79856
92985
41529
67290
14141
72057
16795
74415
45742
69282
84364
50678
15273
93999
82192
49695
1885
83379
7288
94008
32775
28815
77210
32970
21874
22021
4121
61174
15564
78575
70298
56613
59058
52780
54847
81085
54251
75105
44569
44220
77236
68811
77144
24567
87861
22750
46109
27388
95971
22437
97864
46573
25423
77859
26685
78714
6754
13808
78449
49619
27771
34004
98731
7422
51889
76888
21891
18453
29385
68357
47962
70459
68439
18495
39073
83449
82974
5769
68760
18552
97829
57109
1756
22881
53644
75757
4446
21518
49362
6712
8641
39583
52242
8774
60040
69498
21640
90490
19705
83399
44369
87081
27320
52402
2293
39438
19380
21717
96535
3792
34991
85896
98466
67042
35640
81198
57474
39654
51305
50221
40243
38909
24549
89509
31267
88941
88116
16280
13607
95936
41041
63349
69564
28938
51369
27506
80014
51420
89641
40756
69140
95683
94437
43811
8286
66598
69708
47503
58348
26771
29520
32155
21487
25597
3316
33665
96806
70414
3147
93191
6049
68274
37813
10173
81531
50511
17726
14317
26363
72065
53723
93788
38656
82666
13563
51122
84359
71652
12457
69257
62484
32515
61503
50366
70812
98550
71259
16587
70393
60389
29988
93164
56420
30267
83131
39040
30803
91987
71595
61130
72342
10906
90921
59620
97849
90716
5206
4223
82439
5463
14931
35921
1009
59450
41087
22437
90636
71426
23908
14459
16140
69905
61053
82245
48217
60730
63604
52986
2230
80081
80070
98761
15435
9177
45032
39550
99666
35858
48509
60394
3948
64722
53397
11608
93355
69040
16539
67220
26417
89405
82025
51448
62730
76436
26336
16450
68233
54394
75363
84663
82638
44084
6977
63456
72053
57465
86443
1793
42631
75936
21085
70040
20577
36137
42851
72638
87863
59001
2834
40120
71651
93730
73022
47826
91021
42950
37240
83637
39507
79101
9548
73221
93129
63723
55188
12034
51765
88425
15740
40468
25141
44160
76675
33439
90289
44317
13667
7469
31853
35546
14893
2624
13114
12426
43847
9843
29299
10465
80864
39963
42918
10446
75117
45270
38720
46799
30388
20009
79631
14109
33209
26928
72421
38294
91710
22486
24146
11630
68526
82837
93311
32727
36201
14021
55087
21493
26606
56319
27074
27136
70933
34199
60415
69860
3544
71268
64688
73112
55461
12298
871
42999
60245
8052
32857
17942
40147
39544
1468
83847
70774
60648
86531
71395
3413
67553
33067
51151
69376
57766
36606
26961
20272
15001
19866
90374
63533
73635
38705
91883
21014
70138
65128
79485
60281
3801
94523
99554
55110
7869
49901
57668
96115
46497
57523
56335
93191
14470
89781
93582
71852
85802
28699
33029
4866
81368
8149
63608
33860
74274
78799
32937
55560
73981
54130
29357
84821
35643
31276
41472
6989
61769
21219
16283
68000
44100
71350
44170
42033
29595
97340
33629
86246
86640
14026
28717
29004
61478
36759
1243
95164
66682
93457
81002
60625
91093
40495
86665
27526
22523
31718
74279
67536
34686
59825
40905
75622
32403
86088
39576
29784
76466
30245
8477
72508
1786
26709
90834
97298
27744
85366
252
36813
99999
21215
61704
23464
52584
45329
25455
20667
40442
94804
20494
37988
43150
4246
76395
23105
20034
7610
5438
8010
25932
35690
33815
7727
67984
76382
18768
26231
59376
874
94765
64330
57215
90697
93729
58102
97343
80595
18202
23055
81740
58356
59291
66812
68154
23116
290
85950
7219
37850
20944
3669
65416
19886
22802
23160
38617
24113
53227
65726
23141
19181
69830
95322
22995
68517
34304
29704
28241
36402
97563
81962
94656
28350
65341
44888
9658
31198
24570
40529
58911
94368
96913
66200
95868
3423
38230
22305
67579
57317
98957
20437
80658
69906
78952
96013
42028
47717
48998
90750
88566
75802
63020
47942
46337
62481
79684
2508
61078
7229
33
65376
37201
26234
2070
92127
24037
84260
15601
639
40927
36678
30952
4217
75438
47132
30087
63048
13893
93247
56503
19801
86035
37090
60206
57705
24122
6922
44270
27140
28067
12666
81510
99284
17485
60912
9202
57090
90944
44317
19438
90283
39657
98291
