96630
8971
77496
30749
90143
88115
2003
75530
96268
17335
42630
66112
14853
34238
22932
6700
5279
22234
76870
6151
76314
68313
218
66027
78109
42782
11335
16242
74479
20310
39131
50705
72442
89740
9237
55041
54186
77705
52684
26030
81308
5760
14162
13161
99218
3456
90689
56387
67228
57344
58754
52338
17774
19290
870
26311
8525
81947
44911
4914
97268
35718
94009
55979
12048
95870
38882
70181
92220
82002
59286
93551
56072
77257
22271
5114
52174
57902
36217
77946
98688
95292
18084
39652
12547
75095
82689
3454
61191
3615
66329
50862
12311
17059
11319
46060
646
62257
27546
53582
19617
6087
5709
48660
99096
42285
56804
74161
75994
92506
98151
59896
40892
51679
49595
22078
62297
87886
43995
9709
77130
88941
79673
13314
66588
4170
91748
50178
17830
69683
26405
80812
57972
5036
44224
44363
94729
55113
58480
39007
79485
57191
85840
57101
70346
71882
84681
81392
9762
77823
23210
89254
42692
11166
68860
88473
20912
69190
47327
94544
50399
23152
12176
39069
20322
51789
95486
80257
31122
60614
14051
50498
89793
94625
1398
99759
87425
4546
6548
58764
17110
61752
31502
37289
94624
87653
40478
91116
39725
47621
35056
78539
67990
79437
55748
34872
80854
66752
61746
29017
76262
94051
55905
60058
64362
99887
49926
84483
62005
84987
25926
30733
19999
11433
48659
94792
22808
24997
8315
60566
8742
33018
20073
63729
57525
151
46958
97551
80139
50789
80545
79199
56477
77748
63454
32798
16533
72389
96195
95277
64241
64110
56165
41525
90450
49831
87883
98073
59124
60660
75831
54799
82707
13482
