70430
71001
68759
93720
2116
70301
13158
45884
52354
93781
30927
78165
81866
77922
96613
20346
48021
64315
15385
78273
93758
35945
15917
16902
77199
46397
66236
95627
51898
16446
3729
72560
78540
73735
28172
70055
84071
32004
82795
92495
15719
79824
58635
46429
11673
92927
75816
90768
84425
85654
35454
53015
92938
54705
2603
57516
35177
9305
90722
10545
37084
52272
6913
95566
17088
98024
39106
31060
21470
36846
56086
1983
37782
83020
69657
96189
95983
31168
23825
16075
70308
33355
90082
63333
96643
16882
31451
88378
14355
62883
40373
34576
9014
98078
33288
52201
18544
61045
44878
36420
2795
74084
82266
96283
67090
50218
92034
66135
95767
4693
85086
350
93280
9624
47749
87697
68245
58497
23030
64739
27696
74317
99809
30592
49230
92575
55537
75774
98317
55004
20241
85328
65981
6694
2308
92712
53205
92233
11046
44193
38908
10831
43226
81821
12852
6976
46515
58510
49745
38231
27109
5471
47863
18405
32968
77806
45891
66114
48145
56528
41291
66768
37278
8924
90554
93000
99436
71485
3005
7446
55401
2167
21093
1954
42612
66086
74286
77532
32530
14824
39184
52759
94290
74647
43739
1119
17770
60194
45879
74965
95517
3258
62200
66315
21902
626
34480
93443
47083
93445
81420
76029
73089
65887
29511
83630
23651
98916
32843
83589
33158
67096
44325
41858
91212
42546
57788
16028
78932
66294
73399
75538
31725
86528
35107
28459
3474
1730
75856
65108
35402
80348
69177
16660
7618
45858
19544
69943
98765
83760
7760
28374
63473
51094
5762
38599
13597
25713
46765
49833
12653
54632
76651
25921
43967
26311
93031
23971
70814
31789
64860
74634
40962
35952
37236
10464
66419
73823
97738
25764
99904
34196
13175
34077
20941
50801
88197
79255
3565
20641
3625
23617
18404
14714
92223
47598
56411
75119
78019
19132
50588
14269
24684
48657
58194
38957
38950
14434
87689
33692
47689
80773
5803
40074
6087
4059
20493
17490
58837
49470
17562
58988
87824
2464
26632
98656
58708
82101
34278
92585
27082
65706
86934
53110
98598
73629
41627
10309
68159
19764
73593
31632
23564
33741
69834
62341
33690
19131
38844
28665
63339
98271
87679
68804
43799
10039
35500
33532
64472
44564
59207
61166
81560
35950
93730
65594
5310
46008
38109
87857
69473
89464
68598
89332
56193
11304
85645
85979
99647
11326
49970
27860
34119
25347
4191
40735
17457
92558
67041
16672
99370
47975
1058
89906
2631
27615
10266
49711
61275
13981
83363
43598
30771
49336
67516
10508
6792
61734
36776
74110
33838
95121
38574
4178
28863
92228
23075
19992
8404
45755
79649
14876
17253
63901
51125
29951
71344
42384
27329
4577
23046
29323
12545
47883
38951
39311
80548
25208
67134
81437
67579
71388
77592
47686
41863
78846
23775
72823
5015
86796
39886
50784
95320
85302
16759
61270
41344
54843
19481
7165
30051
63516
80019
27583
75933
65071
14627
26605
39548
67903
16051
75431
20562
74671
62656
32230
74930
4748
4858
50059
19755
19753
85409
18669
69154
37184
34886
10600
50599
84903
24694
31452
94237
83546
9025
85864
64131
21861
15674
31415
73491
29646
50699
79975
97081
83480
95464
15828
18709
29951
75175
30131
96137
13816
12608
9843
40886
52162
54543
71485
4812
79525
24669
4482
37049
59632
5213
15947
23824
98122
83161
48065
9082
35459
38579
82421
12131
78633
48445
94068
43391
50783
90224
41046
42134
34169
56597
90518
88734
98352
40162
84972
81816
35583
34395
55169
5756
38809
54185
55614
74124
54449
95447
16956
79965
25028
35666
21422
26518
83424
62576
74559
75516
51527
86011
33039
71972
97298
39627
86036
60254
59444
47216
45053
84841
75879
60387
96086
58311
98606
12030
82182
85951
28821
82147
91636
78036
2989
47242
65944
89781
96700
76507
18960
54913
87498
38207
23941
67855
95298
15509
61501
14279
89533
29088
73096
86688
15271
51777
88440
61224
67886
17238
10062
7118
29173
96426
82914
92666
78315
96368
1413
57037
94904
96109
41661
82544
71924
82944
90774
87688
21536
43196
74586
30419
46001
18679
34362
7814
34314
93833
94045
60054
3611
90422
65855
96295
69432
1883
60912
14914
53368
31706
67184
32968
86697
72819
33759
74696
80111
78929
9450
27596
89644
1680
51358
56433
48117
76925
39865
94822
27868
66234
62135
75395
30152
48086
54997
8387
60413
30275
24874
46229
49915
96256
25584
74745
6793
65568
63985
69597
80674
44512
84786
46633
36802
11604
35656
59312
18543
52582
13066
384
64409
92870
21695
26936
10670
27014
8603
85339
50842
81868
2260
92288
28459
95798
23699
350
91735
30911
15696
4292
46715
14056
31719
88958
66657
72470
58147
45859
33574
64582
96865
59986
46311
34611
95653
83986
12499
69085
79424
31502
35244
23797
47981
95200
79037
25689
54863
47706
78389
32735
70344
32249
3626
47160
97228
51085
57684
64726
7538
90029
70973
10650
287
26869
81075
75516
54560
56902
30101
98899
44601
86313
15822
20330
86802
40713
52108
58684
74951
57080
12466
17134
68991
95080
55746
87318
4635
6570
20083
22175
92663
32142
2337
83379
96450
87863
68284
6651
88034
30706
55672
58617
42741
24573
88489
83017
17098
67325
3999
12071
78721
17555
46892
85238
42997
26658
26789
28177
66767
22824
98094
14203
3798
38177
19553
25713
47975
98730
4796
7806
95743
