8138
75196
79996
56186
89659
41187
10211
17183
97051
79755
94575
68280
49594
98636
14543
21019
65796
98899
41095
57383
4637
45072
7077
46998
76121
27290
50160
14661
3535
18599
96517
6771
4931
81631
29712
57784
49872
76855
58945
57968
40802
47827
13680
23768
68013
50958
20319
97322
31939
93896
63800
60472
23802
34082
95023
95429
19251
40348
5297
35028
95034
81824
62676
63384
54436
79386
92703
10514
8430
90375
80855
79914
68844
30487
88189
48712
79569
74990
11154
72652
22968
19924
64518
19407
65846
37165
16814
83355
94701
84892
31399
11159
53988
42586
23796
31878
56200
21084
53044
86273
39180
84091
68582
17987
1615
48103
47975
86028
18966
60370
6575
17680
51010
93273
82749
22895
92016
61631
2425
66183
940
12338
60633
25923
86665
30714
97867
89768
82478
63631
16762
21095
42504
53047
32820
86485
97866
81972
57686
5168
55367
31650
37259
91906
15674
39333
50271
75552
67039
80589
18087
78518
2895
60003
47512
19002
68719
17771
72740
952
10294
11675
29141
53776
78835
42044
12765
47193
47272
71528
30893
510
75030
82499
18348
69705
98919
71760
28931
29501
13145
22858
72622
11154
61579
23306
89517
66311
60321
82390
78444
59014
14797
91192
6150
61117
61389
41365
5063
3962
89731
64806
64623
84648
27114
93149
99937
87030
61072
2780
36175
83428
30135
74515
38458
48791
99188
98217
84622
96967
65851
22458
41937
21275
55567
88799
92406
12796
57445
50676
93917
14218
59706
47620
26818
21861
17826
4305
64955
58433
61690
93752
34348
71276
1972
56376
81782
69455
90646
37461
98086
81372
78692
26845
80191
33776
63186
33979
73391
49559
20564
9896
27393
87348
5036
43362
62054
2579
57734
805
31601
99873
14184
95306
47413
46767
84140
95397
75002
23637
57831
29663
41682
28629
51837
3651
74797
74586
28131
84353
79685
25063
26675
10647
37985
94002
33784
99412
54413
88509
22025
60546
69704
76576
70836
2417
20969
22512
60071
74356
56048
74130
55497
6133
88395
3545
89386
61513
23871
84653
15176
69494
46581
64178
11302
53443
86903
37107
41224
32448
42184
73752
4355
7059
40284
36510
5833
43220
73182
36816
49500
24033
16486
77281
11912
5973
92064
75776
26068
14306
47836
50425
65158
79763
31927
82770
74120
177
86116
98534
8217
10450
28876
4643
42799
6284
15095
94454
38507
71625
56081
19369
24890
13236
58864
5227
62811
28199
27874
63217
52098
85427
30856
93140
53442
75865
16210
35477
52303
27272
53714
52631
36263
60634
45650
14503
58369
79658
76313
47210
34881
27395
19756
42479
31682
69845
51542
33411
26675
14052
70078
57876
92459
6433
23554
57620
96066
22411
54582
38328
68899
55441
63296
83672
32624
91453
5527
98280
38554
54283
3199
67285
22302
28726
90584
98577
35318
70814
34608
44771
43670
46740
38711
6334
55936
93491
56387
74118
63213
93681
47914
66051
90960
18951
98811
61083
85573
80142
99092
79158
73005
61631
4027
91969
73353
98023
18085
46870
16695
94324
49839
21401
85353
88164
15369
98009
86103
82678
17098
62302
83049
64577
17064
87545
18885
92003
47622
54226
40889
96547
5337
9264
9710
2525
42215
94504
78860
49549
48627
56230
34070
2596
41599
28997
38879
23615
94995
32575
74462
41593
36496
80609
48753
63220
3318
73943
16569
66522
8456
19945
13814
69278
11418
5337
98113
28902
38261
28182
41359
96332
96860
62747
55063
16285
97089
17443
54090
63251
24747
13307
43358
2234
59267
66256
37848
91607
94812
52184
32272
84985
88965
77762
96065
6859
88999
50554
31086
46940
91394
6017
28431
29493
70745
79651
58223
26139
8415
39015
8018
54901
94288
51678
19791
26181
17228
48182
66356
13127
31230
72098
18957
2766
90678
66628
75709
99583
35925
71347
89553
66118
11172
69798
57633
13874
71672
52941
54961
94224
77181
33782
60288
23316
68624
21745
63680
36522
9946
61889
35544
78123
72329
1508
44782
36981
30107
90172
64595
6698
85393
58408
32623
84438
8208
49228
50441
35007
50082
1193
55858
75359
25339
65664
82425
76575
47626
27107
73388
95549
38827
50888
45238
809
2003
74353
12981
74297
61651
37919
83394
58729
21678
40522
27468
43522
56646
28963
76669
27682
33310
25158
20300
77069
58265
26352
83863
38223
1480
87206
22352
58219
59827
88740
95122
65452
18097
53101
42644
99048
47735
64323
35079
51435
43751
1736
91665
69221
54036
63945
85820
21428
40919
10732
72252
1130
94056
43641
51278
2264
51324
83766
4542
50970
30007
10353
11973
31689
76733
2574
61979
49122
76046
61373
60313
51555
61239
4841
60543
21281
65434
16266
79918
43349
43923
99736
6236
17113
22650
66494
28982
88895
9355
27594
59387
89749
56744
60889
23253
2604
70084
71713
35893
36967
81455
63642
1219
95766
77663
40411
64009
69859
78312
40823
90888
1624
779
298
10211
11604
36913
84281
68760
11791
75487
65232
19773
18541
16698
38616
1103
45284
61639
37618
36780
51717
88855
28614
5011
30659
71948
96051
81383
59014
10099
29055
16275
33442
41216
164
64182
81475
8096
68661
48325
78999
98619
39509
6914
8001
70097
81562
71762
58032
13304
4853
75781
7761
45202
82872
78098
49412
41436
97747
76344
73793
5033
95852
22448
73792
84514
77463
74174
1413
62263
22682
13779
82356
11226
70972
94635
68745
53897
15982
7532
88898
65982
29799
15013
15180
34259
74394
459
24604
15438
61753
50125
18301
81927
99778
6841
82604
77687
38327
52925
86816
72834
78753
54693
95754
87469
35391
94592
46082
75461
38468
22031
67050
75387
80482
19424
58816
83267
19763
54797
43634
37383
85451
29312
31854
56045
25514
8524
63677
83100
19851
24398
43879
55683
35026
70255
46339
91788
22929
66640
76498
54151
92710
23940
46134
51626
59621
15653
78644
33997
70871
87734
3299
55547
56812
4121
66196
23363
50509
86088
33348
65168
41310
82337
85589
46682
68388
54055
74683
62159
75143
