49811
48590
32418
30513
22544
90725
70466
90392
66619
32324
61534
68621
71605
27378
24343
30281
28751
7828
72676
21859
85298
54337
15870
33294
61391
67997
88698
2191
38533
11883
17044
63362
85
35027
79453
29547
79162
28565
74697
97334
40984
94525
33076
97227
43268
77742
66130
7786
62111
74538
22488
50209
45620
9807
33639
61488
88716
99480
1414
80049
42307
26874
64780
24773
55723
3521
88814
54979
5588
16003
62603
34730
94922
6578
58871
21234
68522
12526
23589
52316
52741
99547
35236
96186
45423
97059
13443
36224
93956
57013
81861
97263
41859
773
8030
58613
78222
27048
78212
71329
83996
67793
68185
51347
59150
9321
55765
16664
64684
14178
89072
79786
11243
58978
19466
66799
49426
83938
96112
7250
48130
97888
46238
99884
97045
83649
36842
86045
17703
23511
39528
22541
42845
74894
99273
28571
75474
56815
68477
48812
63687
47084
17972
47154
94230
74332
64963
91395
30864
21447
49710
47318
55799
87953
78684
232
1313
77557
58947
85444
17361
75873
50835
56433
46131
5786
42795
35282
64821
16287
26915
47416
92656
16497
60520
32454
44504
59332
61658
61291
79317
43224
53034
16868
90604
31329
40610
17856
8131
62681
53292
47392
97767
19551
87264
89670
34219
10833
69094
27362
64005
91530
95513
40516
36905
54007
69661
58963
60580
41457
56534
42087
41941
78224
63975
99805
68360
87048
70173
61418
17254
78658
65625
23786
56167
75011
74876
7200
22470
42696
76003
41049
98523
24470
66262
27121
16846
33599
82510
1595
8628
17490
51813
94307
61787
20493
29226
86598
4088
17570
90185
95228
41163
16388
35685
37236
5113
47187
42023
64506
26080
19401
74498
41256
67055
64879
88782
15162
31343
70073
74269
572
25898
55926
11775
98870
54186
78586
50685
31629
79448
