37643
58020
10087
34109
54666
36032
70946
54326
31705
51833
34751
42417
76451
64101
8146
6798
53672
37481
20949
88669
18409
95930
46695
88467
22964
47463
95600
96413
61869
5143
39396
11364
89947
83259
90286
80477
33623
83738
30997
46638
21018
50283
77848
55786
66957
6696
46069
59945
69244
42714
72503
10691
79472
47124
93222
30208
88021
19737
23054
61552
69786
50922
24660
48341
39791
53409
22296
30071
90996
15685
21079
73403
44585
23860
14481
75897
67413
70898
52858
59820
57648
63477
27425
20117
8426
20064
11132
99503
85385
16009
68338
23401
98386
15726
97527
81739
45991
42738
85964
46809
4157
66674
60159
68855
17457
99641
8737
39489
77738
2324
59124
65283
75203
90864
7337
19089
33090
37620
71123
26377
9445
39528
34374
1671
99021
86542
66082
97973
78867
76156
9117
32405
25524
71645
562
60346
97633
65715
35032
68984
69229
1803
2613
18784
2838
12574
35338
12240
10076
53634
93272
77304
98905
41831
32868
2981
14379
67299
58270
6192
66608
45918
20802
12176
34491
83872
98238
31021
64699
61895
44218
46079
30029
87918
84259
94765
68127
66197
34837
84908
3487
14441
1935
35477
49743
1261
95215
28171
68101
39083
57356
57856
60515
41611
32782
46115
26116
18857
32456
77548
98721
51768
36282
69317
67014
70700
15816
12097
11266
48031
41839
60728
22673
62969
88640
23349
20523
29797
90913
18254
96551
69583
37199
96001
32134
62084
20982
44590
10576
53175
82868
10872
31887
20641
14166
78712
67654
24712
23136
41830
16099
70119
54417
63526
51186
64241
68813
10374
60324
39178
42941
82354
71886
56818
17798
26260
39547
51946
23656
71739
78810
15549
26770
12961
37657
87309
59514
27672
81717
64511
96333
15741
63430
30705
39054
64431
65961
72750
63813
66976
27265
33871
53942
78648
88760
40773
58173
78275
27906
14237
75303
82621
60316
96704
50123
89705
29693
42368
53396
97842
78924
32595
13362
69819
11520
23809
55328
65282
57518
81232
17112
99120
45518
99341
73813
31549
39217
928
11429
80382
32819
70858
69517
40384
16831
82104
81457
2369
15964
8699
7838
39085
83544
70142
40362
39087
18681
61657
32697
32314
90303
66508
58321
67008
63234
44140
44298
94578
14540
69460
81695
95476
8159
33545
79625
10435
78439
74348
25851
77255
83160
31865
39015
8001
78673
7514
88514
979
66368
18434
22565
39833
50274
25876
81324
73932
30165
78408
54257
66295
83416
30752
30977
12829
23894
74324
15879
80684
7323
78546
79712
81363
21721
65506
33166
9134
23641
22850
32454
35138
48060
28768
94679
16762
14765
54742
19461
76595
84343
3673
32284
91905
90238
75754
55171
33297
7131
53753
99565
28754
49929
40744
74011
56086
15859
41127
95696
10474
39222
88724
36568
83084
40674
87344
44189
63367
81795
89537
99018
36924
69120
62471
20488
44976
95463
88359
94768
4148
21480
10573
5597
77807
61681
43601
81884
83170
99195
16925
49791
18491
71052
35915
14874
94016
75593
56681
14248
72309
64977
33046
83689
20299
52238
41477
92909
70454
80887
31567
33454
56152
22441
53146
90049
94740
44794
34620
40717
15810
10509
24469
39828
71397
35432
88645
14440
88842
20142
19795
96134
62519
21869
43639
26866
22749
42764
8136
50254
95374
93147
63417
18554
31077
95403
90971
97969
15251
23858
73500
78270
40142
49482
17218
80041
8513
88388
91798
767
99801
96235
61099
62645
33531
40948
94589
11849
42329
96352
32219
96432
69801
12033
33040
84267
30007
20026
79528
84308
22429
49604
73638
91565
84950
3798
47263
21772
7931
94915
88216
94519
21901
89793
94107
6750
54245
70651
88635
33347
49115
44153
60259
48302
87803
61200
60843
55262
57301
26542
84648
26206
34763
49718
83614
60072
3515
79002
35119
31752
50138
52218
96493
7204
87852
83072
51743
12520
29468
65723
67577
27193
23162
71114
82165
2084
26937
25987
59620
3778
9510
29602
6888
73281
98425
79457
83264
75617
50134
74013
91991
45463
80544
53175
80178
14488
5898
28456
55344
44334
3121
66797
16891
81352
44786
98655
34724
84550
81770
59255
61885
65280
18705
72186
94762
7247
99513
58839
74857
73534
40411
65391
86279
42650
92573
24303
47922
4154
19921
6026
84903
25029
61270
34142
13769
11463
57316
77641
77273
89563
36271
87381
60668
16015
59661
85238
54647
20655
45311
28899
90801
43574
24003
4333
36499
28552
62397
76985
39893
59315
82443
66546
1598
57658
35965
41353
8055
82146
90319
40224
34615
56425
1216
38948
79090
23574
93378
46098
44097
20431
72475
49368
97705
66969
7057
18675
60678
79541
10204
2837
90505
59315
78552
79112
90195
62678
97373
96744
22177
18493
12073
4384
95734
54546
28343
53152
3308
9607
65018
19328
48177
93157
40196
54653
17412
46986
77499
82382
44930
16423
16924
40994
70019
