84979
89563
29466
28426
37400
65592
71825
22119
54057
15670
65017
6894
74094
62981
82733
47342
56955
7203
65123
84182
98328
46674
20134
86351
45306
36169
78472
29474
53781
65000
20475
25121
1683
1447
24584
73301
29498
56739
77406
22820
36194
94993
96869
20148
16749
99407
76811
25568
17452
15161
16159
86764
99945
19317
57458
75105
45221
1316
19157
74368
56655
63869
6674
72182
31499
87308
41691
89824
17274
26429
78779
1882
33429
19971
45279
81770
55030
57787
89528
39365
84432
589
12563
48337
74640
27629
59112
59454
10295
24251
84061
60408
37866
92443
36387
38482
47099
64993
95440
11648
73256
77617
68817
71861
21186
74590
98379
1768
15252
39323
79016
78826
86940
44266
58676
35497
77310
10153
51490
62524
14607
658
72133
97491
68144
65017
5432
2833
15905
6885
26421
55379
19269
53193
91614
97695
8484
93158
62023
87237
49536
30474
58770
15758
42956
34346
38742
12541
80613
19046
9323
99205
77698
25342
14140
53792
47060
18272
93931
50379
99311
62657
48685
19973
89381
70898
39899
59550
26354
30587
71435
67499
11951
55867
32144
35003
82645
66383
55918
78903
76610
38146
8373
35081
86358
65362
12685
88554
76634
49926
77023
80186
41992
40621
97005
8102
68507
54812
89458
73541
70818
629
84399
54608
73389
9848
24134
19613
28354
32936
49918
48388
38252
88479
12917
87967
16811
47898
2209
41660
54572
69023
25081
21065
30856
83302
10441
79975
92997
47060
20604
92192
20764
77049
27293
98524
39270
91066
1224
78383
43168
12433
58262
73924
99067
62610
58384
26203
92869
1628
77203
14184
93943
46684
95882
33150
40618
54207
33170
67484
64160
11648
60918
21446
32586
55792
66915
7326
37244
39429
72400
89443
26339
70857
53167
44791
81755
16111
77421
74735
35057
92422
89720
72157
9351
57399
70658
14490
31979
64983
34519
50034
96667
26388
88373
30133
32128
69260
17046
87668
90689
67356
17436
38203
56914
25620
89076
52321
29772
60226
80621
60108
6955
2847
50080
62200
68829
71841
1056
52903
18277
76774
4172
32765
66034
96448
46754
66051
89699
28213
70793
72547
56770
5814
20201
14050
38353
82607
21843
13989
4833
28453
5415
12167
94532
54145
81579
53118
28361
49078
31232
4686
68616
94452
1553
15956
65552
2770
64380
97441
37708
45468
64831
75693
22815
38815
49216
53206
11746
13674
21624
28877
19215
39853
92276
29911
493
96722
59291
66411
33418
36124
17404
8264
96512
29165
63072
23693
9138
84582
28684
77736
68526
86879
32577
2875
28994
88302
47507
20037
60233
12911
95958
5959
49488
27800
16909
82795
93697
19923
40800
7293
79478
43806
18977
49435
30693
53253
91573
17808
89293
3211
66413
64555
46061
17618
1949
57688
36392
25372
19083
21959
66799
53350
23829
81060
28562
24345
62127
29703
14763
28331
45196
86435
69472
80633
54511
39845
61250
90033
33993
5535
36585
61193
35975
22466
76628
47148
96482
19972
56730
34706
81178
8793
81272
98552
15407
47558
91138
97515
76529
85726
44509
41908
30014
28604
42723
23622
13303
89321
60117
55638
78826
86629
22215
61145
27086
26449
17474
83820
11593
46541
93354
47099
76660
78820
92505
83008
73738
71276
1267
4819
1740
45077
88318
9238
59365
15659
74085
11015
26652
34361
93209
19031
56497
23571
50005
16290
81645
64861
89553
65141
95259
70254
18095
24523
45565
81774
32643
18030
27505
72724
37124
18841
54024
49734
57096
77080
49214
11614
93635
75873
63095
97226
26307
35353
69397
12950
55508
89982
76807
50368
10307
30303
84639
86210
86811
81716
50053
19728
61592
44905
3062
77647
63616
67056
76429
99097
61938
61344
74685
92341
24313
26561
93633
38082
32883
56926
34145
68749
24964
58023
57222
7283
12156
10585
8354
14128
53202
46704
29425
36913
79362
97261
13846
13876
21022
3924
51001
50225
823
46620
14227
8447
75900
8208
51080
72282
11225
66704
53923
61602
6113
44732
87195
30762
13164
41539
33508
53149
44570
65894
44832
66630
16952
16877
51534
3405
26168
2923
41005
54742
17620
38905
65970
29163
25430
92704
25342
6770
84658
93530
7442
87024
56514
97396
75754
55260
19673
45473
36499
19831
2991
81535
11915
50059
18115
49434
10530
85604
1139
43339
74336
20555
70073
73272
42660
61781
23897
37230
3466
60702
91221
8321
51755
21281
68431
82088
1193
60485
40498
39206
19620
54415
25244
60404
71929
73423
85989
65256
29846
11950
39842
8522
33106
96500
25462
36983
55050
1099
78757
24670
14576
81336
63816
26289
25854
15486
71563
14984
36639
82512
38088
29874
78428
99785
28102
2783
75428
71743
41948
96658
72709
72903
37345
40543
91957
68777
5468
99450
99343
7323
76360
41207
40795
20740
63617
77867
69575
16725
95367
72729
23007
75069
40147
38686
84930
69503
2717
69360
88604
15303
99844
16665
90728
19322
41340
83965
47503
67567
65133
57030
76147
68018
37623
17170
68417
40041
45175
30245
13732
130
90763
10272
44032
28389
18204
43022
47790
83094
21641
9309
54933
38637
52071
39009
2266
90001
4050
79366
62327
5863
40966
92356
77462
55780
74460
14193
49008
57496
6369
51675
71001
80151
46969
85666
35567
55874
40980
25792
81376
46846
23673
69139
88452
66673
40054
61431
42946
73316
82983
55236
24821
66755
14585
32701
96717
62145
40461
6794
95499
90796
55470
50507
52981
28504
54655
