77187
43483
99158
91999
75793
13558
70803
51499
20910
23749
38928
50042
27732
76574
35141
98030
31777
56857
68531
67194
99669
75815
88380
52245
50469
1297
5729
88490
1391
80981
4180
60376
2821
16784
83021
89135
41127
95388
27886
68374
17906
45539
56091
87118
40072
79912
36466
71813
24529
58982
74785
62731
92285
77205
41668
88886
54773
45818
45305
15800
51377
66624
16811
38264
79195
91510
56260
32552
86325
9142
48390
69426
3486
88918
91443
28719
62338
80919
59828
92158
50826
13855
56476
65831
84018
48135
75845
80993
8935
65143
24822
67402
92763
21261
27080
21994
48386
97388
37608
68608
54572
66130
8713
49339
13766
72531
83128
92285
84597
79110
58111
49823
44474
52257
49441
39102
62079
34252
55976
67958
38277
9617
27066
88157
9735
19326
5506
35980
4417
48268
17157
59607
85547
44057
52996
77287
25248
30992
63855
80067
34987
6075
10330
26162
92271
54527
2210
55136
49489
45826
74745
92974
56680
89427
47598
60455
40692
99290
3655
31419
50482
32637
