27564
53478
76662
19747
82522
96602
30466
30819
70231
29345
92666
93563
58285
71705
99226
32033
72394
93985
46784
77182
51642
29519
14661
8222
96584
28542
92338
79232
16285
4732
29862
80491
64430
38338
36433
5947
53065
31854
61216
19377
61402
47953
29135
64291
2070
1909
98890
93155
11726
72795
27493
61267
83396
96446
15433
78131
8318
2114
42861
41674
93626
24991
11844
60021
39739
82169
64723
63319
62064
74221
99813
5565
41779
64879
86207
26077
61633
28313
40570
41106
43515
41547
55329
91438
43652
38656
79990
53948
85224
17741
71810
72210
89408
26522
49004
83472
69356
34295
74594
54511
43401
18865
61530
98750
41693
9742
33561
44217
26823
7608
72143
67339
27529
62840
22326
23973
11958
78558
84282
81838
11435
91981
69603
73829
99345
28252
21557
5397
17112
93612
82378
79875
21713
23244
57638
95636
94331
59500
89430
443
56216
90072
88440
61151
31429
14548
98754
99109
70958
54205
1583
7276
92202
91448
18900
45962
69925
93569
62480
73739
99562
78837
62456
63319
65874
6814
28481
76452
92872
54210
87526
97424
43122
36815
29381
92998
57446
71251
80454
49490
59173
86135
26727
92751
17394
38698
85640
8693
3447
35451
17511
11220
77844
73877
18772
92518
5517
24591
86192
83171
10146
30367
70562
91083
85355
13088
63226
957
86773
46327
2106
99406
67172
23628
13937
41660
60031
16628
59794
29532
36004
7331
24061
88115
2236
95357
13303
85111
19093
91097
16783
64408
65966
60550
33642
841
39636
36401
69470
53378
469
95434
3893
34680
52419
82071
25981
47318
54905
53183
12993
76525
6018
50521
81748
91208
73784
40473
16546
87143
66793
54195
32130
90552
52446
36385
2505
7346
74008
18376
40489
83565
27628
31372
50071
18352
30589
97142
3361
97635
92227
6134
6449
684
97546
4961
77720
89184
61221
14053
87180
81098
65647
2836
73246
5336
93257
9703
85160
35775
59289
32154
5672
27189
51643
39344
34047
19584
40092
11254
51803
34337
95167
25511
49855
90649
87803
49138
34803
16338
85719
25676
24747
21043
68463
18096
34921
6668
79005
95211
52583
36681
76201
76788
32046
87007
70595
53687
97640
81721
40743
53311
64945
90906
3256
32904
7218
15620
27319
33434
7309
54380
34921
7040
27048
86463
38464
43125
76763
11405
78122
53585
68508
70037
69917
52574
82920
92740
25702
70501
68923
45148
82227
46205
49023
9823
3043
47307
64039
75375
88201
46431
45017
83366
81170
77924
32685
17473
59633
20367
99416
26849
36505
27084
96844
96871
53324
92282
34805
48854
72613
63549
32586
55809
56298
69660
46274
11516
54110
92942
19841
65309
9489
88497
24469
44236
53479
92352
396
68950
6653
15670
56405
75869
81559
10238
78942
26549
93765
52357
35286
41587
30990
32839
8963
46656
21468
7045
12802
59161
81541
18484
60659
69107
50685
42173
87157
93568
40529
49704
53313
2809
10183
48488
19837
94946
5851
43286
84595
47111
79019
33023
99277
86684
56704
1891
91572
98829
57541
58064
56382
90899
82451
15606
83468
92187
32242
79435
26614
98612
15600
87502
88982
75344
57382
88028
42963
59222
16227
24381
64522
93259
56414
28985
39459
75007
93583
97891
98870
52046
16152
68190
36683
20883
78636
85075
4067
51860
79267
94172
91936
15642
88932
31705
46739
16804
18911
41078
85907
87614
85460
80629
83452
29344
67166
30293
20584
43709
90289
41109
96331
84850
31164
54257
63524
19037
46468
68831
13227
12341
20527
97773
9753
26038
18808
6314
19628
83197
40087
19297
22253
98486
93712
70303
45103
30520
31037
20157
73685
81980
99172
32149
12820
62872
50100
14178
83545
87800
2764
60255
79246
37820
26517
69674
76990
27127
18962
86045
18509
85059
42436
9369
71148
49585
49571
19523
10931
23652
7538
638
36213
11467
29867
59244
89732
68015
95117
82830
73670
27714
73203
75322
95607
14307
60264
19277
90850
70307
13022
68062
76266
69464
40877
97384
71169
91710
18748
1697
34529
17221
33202
18401
64220
10411
82061
45760
60902
53348
87271
15434
93862
86121
93255
83763
50545
79694
79967
62040
77868
78992
82994
39688
20566
48548
26760
44230
48714
14363
91996
32418
31137
6105
12467
24880
51939
17664
81782
67052
8542
66629
92496
21828
58221
84150
68723
89782
12465
98844
12563
43198
6925
97178
9433
44485
41694
34757
41486
34386
18509
84979
87599
26635
47051
62083
94293
34964
18625
26899
80204
50569
86226
52526
73776
8588
33817
55176
15823
33647
85195
27608
99445
8860
12108
98792
32896
72041
55484
85514
90762
91758
25625
66198
51993
15737
90357
75532
27721
94016
71542
72723
12934
75001
4652
99773
33394
39922
48418
44435
92234
20538
73224
37043
61713
83333
35520
68565
34105
97198
54054
61065
86409
21880
34527
86136
38800
2940
14164
52392
32379
75136
74474
52164
146
68484
68148
25571
65916
23453
75438
40109
1229
58392
67131
41203
84426
6666
40722
4424
60271
41291
51812
81720
22714
56016
28084
90327
73928
60420
39946
50746
68049
68349
10274
78768
6245
70186
78174
22065
45858
10351
78811
40312
99181
72642
60810
9569
24483
72135
41793
90410
71186
77967
44889
21963
21754
11697
84403
22284
20102
55753
9420
17745
34126
41847
96786
28198
8130
45992
62113
94605
72225
46695
78694
71730
23097
79180
29961
47533
60533
41024
73944
38926
4212
95062
54048
63429
26192
94368
82403
8293
79161
11944
41049
93872
51564
10017
51349
93280
6153
23892
52295
2774
29502
36528
5153
19080
74290
56977
85773
40011
42539
26262
70885
29248
67367
6865
78829
28131
93416
87290
40466
97665
1830
70828
66962
91242
56718
35316
45563
54243
35320
748
79803
10688
26289
34699
79497
56697
81366
70172
50183
7912
82779
19224
89696
62151
47168
32460
45141
64289
63815
5740
73393
73715
85642
34603
59297
66872
78776
37161
42228
15077
416
3267
6349
8217
14089
93950
61120
15109
43051
31117
70200
10599
44452
88279
47836
53504
12122
34895
64890
73401
12662
7529
51494
33738
16403
80170
67278
6410
43467
38092
99154
24619
66975
7339
51817
58353
1274
16648
92583
87285
56592
7186
79595
17362
476
5639
79567
42146
25981
50477
43555
15489
