87410
48786
30555
30197
5988
48093
76670
47458
2992
88688
37454
73324
24335
98691
39228
84383
83493
20253
83643
41455
16635
75598
41569
25714
69876
67768
39610
2605
85026
90505
62015
45934
87388
78625
14096
16393
22429
62619
7823
87655
74254
42439
54494
52265
92072
96909
89033
20120
59388
2063
84069
8103
92698
24960
89949
15232
1069
81581
94604
57562
10647
52122
90708
83680
59143
91875
94488
98718
93886
82802
12351
90639
24210
93677
70118
27821
71815
53181
79364
19185
43268
93311
21096
57895
8952
55126
76104
31359
43314
66220
24748
23819
11760
55745
72259
25931
21930
77231
78013
15185
18300
66624
17091
47317
29864
11182
29326
71292
70521
12499
67202
31430
32861
84024
40000
66402
76265
44184
86977
67752
77108
6807
2472
52293
69381
57762
68619
45042
1277
75442
17598
70026
82249
7950
22897
21224
115
48171
86071
48102
33710
45253
52707
24638
85012
42668
7490
94440
97121
51624
21127
73352
84989
55054
61767
80768
23764
95212
73299
4051
87929
77822
13646
50075
92991
40706
27294
20345
32392
96508
47119
99826
10858
96348
72525
91952
90207
58153
50937
73073
97200
79401
46191
14242
60334
1224
85461
92792
6325
15574
55336
3855
5054
55747
13943
35653
2557
85429
56148
57501
92042
3763
53539
2087
76981
78607
48
12722
23226
54640
10164
34279
19641
5830
95548
23898
42557
28086
25683
48500
9703
75378
39848
3755
11219
53180
71999
55282
94223
49400
40403
39196
44674
11312
26113
78815
6208
47355
69455
94923
9708
60833
87805
82710
66146
85370
65459
30741
50178
18924
58665
60030
97
38831
15531
21060
49651
60365
25179
72071
53417
48439
90374
59775
9186
97031
48088
86189
25935
74304
88648
62147
64275
36823
75812
25550
6341
77625
95637
10177
49828
41327
58693
16423
26214
63196
97977
42511
54602
67160
21143
41976
69644
72089
56109
3931
81815
12276
14861
62520
45664
57977
93729
56747
14994
9751
80002
