99825
97025
37537
62315
98519
57730
38311
76057
40252
1150
42359
14517
86099
13600
77736
65289
82850
14215
5181
76466
26780
89855
41591
3238
23930
79498
75350
62222
28775
5176
98796
6309
35954
60088
61346
7276
94614
18238
20900
56069
15509
54893
56926
31957
90784
57717
19444
95504
86298
58483
10
77082
73997
26020
17885
91517
70552
31487
93087
60480
61465
18005
14834
21921
28573
22955
96578
25965
79164
62516
72468
37659
19390
85524
56131
72067
90525
97622
70443
1448
38391
19111
92849
61437
32088
88724
27601
80240
43656
11885
52765
1825
82779
14228
29123
59274
90791
67134
83494
35709
44465
10844
58917
84339
42170
29422
91920
42309
71142
42509
28476
80870
35017
21970
39328
64429
16475
85623
22480
13920
46577
98730
241
52815
33443
64532
51237
12435
215
21697
48076
94239
16988
22609
89648
59605
49375
15861
71879
33971
34907
67322
37751
71004
30788
35919
78782
39516
19729
72604
18572
39752
98383
67120
42630
68204
61752
31980
74249
62108
11173
92558
69522
14150
26254
40067
88276
99969
15775
27730
47229
47358
31432
68973
99379
2955
78111
64298
21869
50834
49555
50723
79831
81061
39434
43487
73480
40602
81736
84539
94874
97414
80110
62534
77248
61129
55212
14149
97553
12074
30194
54743
38656
73020
6393
43123
43935
89309
67158
91473
29605
67626
45978
22404
42074
16854
64590
30468
67875
