87403
35552
15528
81276
64152
65149
31368
96544
52497
92430
13696
88567
4380
25867
43018
90755
75155
96737
4742
7135
29774
5020
76613
93853
28581
55962
28669
36174
54695
28608
96257
42094
53709
56222
88022
36472
64000
21290
9630
60553
81298
34434
20442
57055
89180
95865
55140
2691
39709
79725
96571
8358
73975
56900
82801
97662
41594
50779
23916
52905
53845
50252
52561
68291
26743
56469
41012
66757
52214
40079
95985
60249
78786
18771
76604
36580
76730
67013
54269
78539
69846
67046
9768
80820
99967
81975
16022
87844
37438
9733
84248
13678
86247
96935
25679
76399
91525
10224
33777
79030
5923
45244
95023
1282
48979
59811
13191
4750
42191
85310
57143
80885
85131
53989
71974
21883
78743
95717
55508
995
29396
40419
6232
53467
91590
6209
56785
59336
23773
37253
92079
11725
66768
30242
69609
76930
12393
94967
49071
14600
75955
35861
6723
91078
98581
87864
89217
17620
30026
36349
94927
86858
68272
16144
34654
12634
31755
