3605
1777
68867
10412
98039
80155
29166
87593
31584
20613
35444
88441
76867
59309
70037
68218
95722
41003
19793
61936
34460
55536
63619
6975
24377
90724
44530
466
41701
57518
77463
81670
75156
5478
71915
44963
79569
65857
19710
56801
24129
33836
61043
23044
98609
66190
23674
74780
87736
31427
89205
26778
46832
78371
40783
24155
57993
56702
57966
9425
12833
91947
95392
4155
43579
18453
28669
32648
10073
3969
20235
83732
34490
67327
27351
81372
78321
91957
64499
93762
10017
55315
43475
71373
21914
5453
49396
67011
17279
4642
27971
94794
45252
35912
57700
31549
25350
42277
29919
44077
75829
18969
15864
27878
39460
93232
92477
440
11564
53835
84516
16282
41063
30494
4510
8009
17031
37764
83884
84935
51805
54099
14926
53390
95575
74646
37850
32089
325
71835
91812
30071
99148
25446
59584
3378
74941
91752
16153
81387
22547
47018
8620
83914
91154
73788
13063
55840
77627
38495
76877
22374
38774
58468
46409
66056
65818
64742
88157
3727
50921
2860
76141
52288
75198
5709
63051
57625
73792
76802
73280
76250
93442
26703
82198
60720
96951
477
18060
30035
87794
3739
52083
31784
75297
82495
44776
35573
55525
85330
97241
81776
65528
87203
78829
37117
11947
97761
16682
67729
88876
82752
71543
91446
77633
34051
87501
85558
27559
80054
28593
57297
64578
34208
21067
72345
65116
74256
84324
92122
49707
4114
54055
71013
84091
71807
24710
86571
57823
1351
19106
6052
20518
44626
4622
92217
44758
23566
70064
23553
51080
83089
38604
6530
58026
6601
44959
3936
63595
3239
37115
81210
43635
50099
81742
85720
54859
89701
46609
37208
47295
68041
21929
61874
87719
41984
876
24026
97275
41075
29403
63706
68396
1863
23656
75396
33263
34356
8111
21815
35389
66553
25109
94956
70237
36680
67661
42752
15518
7980
14983
25422
62554
4539
92507
16421
87479
3757
53872
7816
69884
6769
69112
33173
24152
16129
74227
656
35736
94160
1151
58443
24672
55035
39622
14406
26416
59535
81210
59297
70367
23550
90500
75379
48927
87592
13392
87334
81995
47938
65977
32471
24233
82957
7082
34305
45916
82464
21706
99581
2738
24816
71865
97830
71534
39055
79052
91704
19050
68124
29451
64922
17918
41119
72263
88559
61005
79898
4635
12066
85920
8232
56784
41297
55480
18105
95255
89799
9633
1810
22207
34572
32208
99379
98219
5670
94155
17484
53719
25975
55799
91473
31226
95949
56280
62983
24891
41407
2823
55466
82231
17316
27673
90905
89875
76981
70998
32165
88792
69435
51609
59941
2207
95253
61796
80583
21528
17900
46673
18134
78445
88148
51061
56442
85404
33880
15063
60245
11086
16903
90567
12937
40125
70052
18338
98739
55935
73497
16798
29200
49721
33217
72882
81171
95268
20423
38867
28324
32565
12969
77720
716
47920
76300
37472
80006
11486
46602
19837
88242
30583
91769
4889
78697
18578
34605
83760
1380
98771
94015
59506
93913
43070
62828
15195
84336
88185
81762
26405
73700
42737
62042
14713
72053
48410
10373
41997
30293
17517
7202
44122
41987
58126
96642
99086
75061
15191
6360
90356
61497
41006
66991
74261
61236
53426
9888
96559
17526
48624
5645
79040
74281
94068
47789
61867
64853
56556
4044
67337
90968
44601
85384
2286
29979
45030
1241
61653
74489
93710
24595
64421
95440
14266
59492
52036
41420
29223
41139
6307
10737
58488
76559
82419
71851
53637
47852
21836
90422
67852
51583
24348
3532
69835
71404
54450
10094
55697
73128
18075
75936
13018
94042
18172
5445
19658
91405
98977
53137
52031
52152
96060
31273
97041
14351
88114
80962
83572
49115
52996
84807
6754
16585
34901
62828
10972
6542
63553
94151
45204
23321
57463
46641
66374
11764
10688
33300
53097
75184
69621
80980
91916
88048
67041
