64675
66793
56290
44796
66096
33086
58175
17880
1190
6090
66026
57778
47070
75392
80797
5023
30032
31331
63830
64168
38002
85894
67132
55506
69734
75395
23838
36552
8182
15326
77083
95902
73984
6060
61505
79497
54459
61558
67050
76247
36483
60451
64465
34384
83380
24999
50867
92060
8197
76192
15713
79138
24989
83961
77729
42416
65883
61779
89843
37391
11346
98790
1308
85529
32402
73581
42190
72481
53555
68201
11697
95212
75971
11052
51585
60976
380
2740
54021
5119
39087
24500
60002
25254
38687
2740
62662
35992
2922
20110
88310
78094
80650
37276
73825
30418
27567
7726
57148
49160
7638
79261
89860
29986
56788
8241
3410
14910
96753
74194
42722
12048
95225
167
8300
99449
81981
17048
17071
17618
3231
3576
4543
52265
86359
87477
72707
51390
92583
83756
46203
4746
74251
92618
71782
93225
79466
47397
72956
29390
38713
33215
35623
95531
36130
16469
432
73119
76672
77487
87181
95189
86282
94662
26942
99474
7372
8830
13193
41025
80379
89297
62910
97201
95273
91674
6274
56936
99909
12792
94570
76087
60757
19058
7719
29516
70373
22726
50503
81582
9262
67301
86100
41414
23572
59923
87824
9146
20442
58918
8324
5489
59736
54573
73893
81048
34257
48834
24352
68745
55839
50509
73215
79996
45533
53574
86785
41518
67698
71701
47326
91809
77943
39093
13955
36920
94090
9694
32265
66162
55956
26637
78031
28108
6837
9780
71183
33046
96909
776
45188
47416
90050
14413
43947
1959
33014
45922
95803
99341
73614
90492
46842
51217
79143
18816
37886
27692
15386
99187
75881
88929
74937
24238
58040
54316
60646
43551
44785
72349
36218
95062
58675
28568
40059
48324
54393
56966
91938
56766
41084
84312
77993
88979
18060
32309
12672
82649
35811
53944
4834
53659
22862
39108
77282
31032
39637
60305
12181
23152
9703
73130
49042
18346
41037
89154
65025
39363
56388
87544
3133
59050
16349
74971
93549
19285
23343
26136
57766
39604
5933
17111
78004
69720
51741
81622
78821
9227
79261
2309
6606
24854
20601
36086
78978
44735
47958
3302
8446
47029
91618
74168
3673
39441
70057
15741
65434
17532
49577
24729
7648
48196
11937
24228
95077
8721
68825
1178
98986
94693
49697
34493
9263
85745
68051
915
78475
79195
87042
74491
33034
88829
5603
66487
16357
7505
46528
68737
25733
79473
65899
26066
76256
97958
21787
62352
12175
30467
47140
65980
93126
15784
73082
53876
73843
35817
68830
87491
10864
85746
89218
44864
13066
98478
56035
49610
65200
78456
62734
43423
97729
69086
92308
69010
12724
53645
89409
45811
23882
72788
12604
39151
99509
95970
5494
44858
12170
39618
43342
23838
36527
414
72951
55267
44322
95211
60224
57024
73677
56911
72702
56859
251
29310
94721
22393
53822
59515
36411
43656
97854
79205
50363
31360
56020
91512
98870
50579
52818
92193
39784
27026
23786
64208
16933
83785
24347
87532
1363
9639
6658
7647
27952
76297
75504
50644
52986
8991
15574
47507
26607
73053
68021
86878
10778
43829
17050
55954
84198
74914
31567
38903
19605
99308
19501
49321
12227
92553
92351
98948
55536
66307
90208
74807
37042
50077
12947
1526
47548
15776
48678
8117
25002
8509
20482
43639
17871
59525
1126
27405
94147
67476
29471
12083
71126
82003
74815
77676
52592
84984
85749
42037
93398
93389
28215
2118
5156
69315
36428
34176
85780
53248
10179
77428
96185
25299
248
76602
868
96111
91050
25446
68188
2868
11869
85841
87180
83220
38695
23000
59161
91815
74987
68205
93271
60961
48001
37918
71394
84993
27598
38139
88742
35297
27840
93582
79419
56535
47925
55977
84234
71109
90887
90018
77627
35364
48606
4684
32856
98298
40838
43504
52044
78251
17526
64548
32430
33626
43838
62288
42149
78844
83007
53023
30211
40662
95519
26693
25798
75332
57993
65568
63973
59136
71705
10670
32356
96300
61531
25421
48782
63803
4939
21514
83524
45071
78871
45348
47857
14619
97208
20066
