93735
44207
62933
74789
41090
74926
48811
38518
61019
17937
65925
74624
67277
83591
66124
17411
29502
22078
60091
20534
14414
62104
43322
86242
22498
9237
40860
7712
20859
78645
51797
27261
60918
11295
28074
35688
97695
8219
47179
22562
84863
42003
29653
68662
70133
82739
41726
76373
56270
93985
50510
2320
95338
92849
65145
54693
94525
36034
5354
86520
1624
98870
52464
40271
17512
28600
70656
71056
97258
55444
26287
91868
73182
28768
89194
35081
86558
32729
56182
29995
15473
55281
81365
59122
31980
68760
14655
5161
41218
39857
58075
33865
52242
97707
99841
65770
61029
91233
1936
38788
90229
22313
4217
88715
87838
38956
17130
234
35609
62990
45907
44456
50119
33130
95640
73737
55052
36587
10547
65884
71872
7817
90456
40693
2139
49180
49560
28455
26295
28679
98411
40966
98016
92437
33988
24369
58185
78397
75459
93449
50906
47433
90503
36947
56706
34660
13980
67190
33912
47933
94705
57297
53247
93801
55683
38683
24708
65146
73129
31783
64371
55742
19746
59989
12460
18303
22954
86632
67745
55919
9926
31862
84327
35092
84242
6257
64334
36082
23293
79682
67212
99347
76107
96212
78582
87481
45606
86427
29475
72140
13188
43881
80738
13793
14011
77142
86268
55078
65865
58229
17804
31606
90793
1822
37892
31860
57041
54902
17404
14302
77915
78673
11647
53618
36151
79504
72815
54912
84096
58731
62309
92643
1376
33952
11204
11787
99386
18086
64743
96391
94638
23279
48666
548
19246
70838
39279
50799
48020
56327
54766
31919
49567
40426
24276
98466
59982
88557
25196
55055
83608
50118
15976
4267
13550
31557
70635
17699
58198
4069
93888
24033
19189
97280
22430
77866
56590
82383
70576
26294
8883
99884
88426
34234
64262
20518
34421
5654
33996
56716
1641
91077
86785
47262
16433
86008
96525
42959
93986
69842
656
40482
58674
219
83884
94728
31884
67479
77973
51757
57307
36869
33384
67753
88080
9632
85576
33913
55771
16643
20465
45489
6909
21411
49162
39836
12565
74595
70765
7924
84440
40258
96472
54235
7296
31918
39062
3559
26373
44122
33072
23430
86619
50718
99902
98785
17838
95557
74961
32328
19772
7069
8608
72336
11740
15066
11262
79622
56879
39045
16005
91271
44495
1653
96150
31984
46838
88247
26098
18394
38924
82502
69775
78204
30367
70047
35895
66524
33910
7139
93446
91237
77030
4402
96614
32734
46032
36418
66816
42255
62357
98166
22991
7253
9112
53485
98471
47575
72635
35523
13195
67805
63228
44026
26065
66856
7917
64236
77679
5446
38589
41852
81569
90213
56148
48736
82873
1363
11255
56060
64588
93342
39453
68680
60653
70664
15770
36188
2334
34146
84301
3702
21357
40899
69063
5955
92945
80436
44017
81457
3680
61699
48153
77603
30874
81103
54819
