48517
98621
58596
88121
2700
80174
41023
47528
85739
60691
4998
11344
54279
45908
58060
89104
26300
21297
29747
49910
9538
13198
18894
55063
11129
39992
24657
95385
76195
74437
20314
7281
81765
83588
15086
46342
51636
18703
31658
65786
31768
17397
83531
60397
67102
43134
32741
59524
92194
50714
19547
26619
69118
26380
60288
22153
22107
38795
8268
67312
72613
71059
56248
34676
76965
13099
59510
55532
92693
45771
51145
73903
41441
82843
99869
46021
53784
27298
87579
94610
48465
35211
83501
57854
28417
91990
19794
76060
94401
45339
97783
85457
36229
82733
55912
90834
95034
87018
64306
58636
60529
77001
15912
34027
70945
39398
36528
10240
5488
42188
33697
31199
41586
16834
20441
45618
86164
5365
75568
23205
96549
38130
39444
20450
713
83665
11596
91098
24825
32638
25994
69426
5254
3301
82685
37784
14455
43798
87207
47696
3883
60982
89597
1987
99091
57975
52827
40265
21581
4161
38418
67064
2841
63218
76905
7598
97488
30596
12476
88902
28826
65085
50191
29875
1897
94765
64025
40395
97650
52238
33456
79830
50558
10365
98428
22184
40124
53994
42259
23297
43459
94956
78238
7760
22980
20781
63467
49957
8694
28822
7267
41088
46679
15778
83352
46828
7700
20324
85900
76627
34931
65994
20064
3872
85050
85888
72149
73449
16860
59798
814
82180
60608
9462
32111
82509
77721
13144
16773
1989
28016
61101
96781
48748
89123
43003
29432
54716
86150
68570
15632
26334
94697
19488
22718
19724
98297
19889
69461
98840
55307
12739
98392
12809
84327
39078
63283
60489
8980
21159
17311
34799
45125
97077
21728
75469
65398
15032
49725
9088
52814
21404
33105
79131
16803
97654
18676
84049
64530
23257
77999
86752
93343
58480
37041
37191
49134
72926
25970
67799
54274
53863
42133
14907
42099
45819
50758
58179
81606
8169
95748
87131
55178
56557
22065
33092
72221
86531
81948
55815
50209
31040
81218
92047
88023
49905
22305
66706
90855
48962
80950
77111
55957
33475
2594
477
29458
88518
75824
35928
21010
2046
86372
13179
4131
28837
49600
11390
32072
29139
21705
89595
73677
47986
80162
40109
1506
14828
15558
77419
44385
57823
6101
36236
7362
29419
27785
69059
38888
79869
20625
41712
32614
32934
12859
16960
47052
80104
60049
16217
60555
23463
33729
70798
72236
32499
4166
22122
90016
52885
18107
29061
19888
49066
24515
23396
16360
60246
27066
90762
85514
84780
44271
40917
74037
4715
43336
29450
51342
73550
14763
22552
30846
23023
48079
38580
96945
6804
55429
65496
50229
65954
51478
59478
11385
51742
98976
37558
12908
44198
7104
4809
36882
67340
40007
73536
83893
49880
2764
65188
87514
95857
13695
72864
86965
79351
7392
46569
55443
6416
30575
66829
61949
46453
19602
44980
63100
90539
38202
42050
9052
43446
83991
98237
12937
33484
60238
87225
34100
2932
86627
99445
12487
66721
46296
71369
56378
21169
85989
76672
77712
62314
81061
49539
85081
11070
49653
90793
4637
38881
47534
87629
38000
55129
31547
97668
53659
27213
60966
18278
94643
4943
79717
64285
4047
30575
68910
37846
61909
74674
7787
84349
99703
48330
66965
43895
16648
96805
51921
5661
48934
7517
45844
81049
53156
59977
8962
25352
75611
49360
67145
66741
74636
63041
90901
24289
16621
49519
35790
5892
35244
27133
9385
34186
55722
91089
75269
98124
10528
48864
36455
80837
78887
4589
31859
36433
15905
8591
88508
1776
59134
43174
2817
48715
33107
11842
31604
52339
30363
97825
92034
65050
64629
77798
16175
58813
45535
89243
57099
37213
19808
5107
31922
92943
36002
64534
83361
9287
82263
51164
91204
12216
11616
22840
61744
6594
33651
60362
69142
35199
68189
21763
70400
68209
60327
89885
49963
98116
74361
49196
10574
18919
68276
77501
11989
4996
73601
73835
12559
80205
59271
29937
34522
990
39203
72642
59381
77618
75392
76757
5217
86567
