92976
735
55096
76640
39642
47302
86237
31914
64571
13738
99359
66302
1228
48000
11254
48457
88781
98332
6714
38584
63700
71524
66586
67661
41656
227
23235
3965
38009
8265
18293
51445
14924
30471
13467
35580
72670
29787
22141
11083
72261
46407
37939
16312
52622
87558
37428
40044
95080
54644
79951
90970
74499
59734
14617
73485
15876
25334
72088
37706
5976
51459
42356
65981
1887
24953
75483
96161
19870
48211
54095
48086
54910
48319
73194
39259
11157
15781
27719
60857
85396
99655
49921
44
40269
85847
87250
64840
35026
61184
80890
69658
1561
36134
80905
24735
20614
51477
43598
34368
4102
43721
6108
66617
95378
58482
80335
38466
79975
96132
27944
40537
81570
94046
70203
68663
83843
97483
35569
93810
4637
44790
58565
69647
18849
94395
45733
16350
96522
96002
54102
62348
54002
83782
81661
27818
27694
48361
81041
16662
27797
76585
21186
61713
79256
4331
98193
77388
25465
76319
50819
97892
8452
59529
81553
22870
69997
2094
98882
58579
6304
63719
92612
75344
58291
59564
68742
8500
70505
45543
26401
9450
22726
46831
64051
79247
68659
11710
5762
50239
36597
61949
51241
81269
48756
19384
84258
75538
19240
70602
69059
35634
86457
39933
34987
7996
89707
51709
45012
95608
34796
99887
42891
45164
48380
4380
21456
8320
31594
79941
29119
99348
92793
21620
53568
83697
52080
85516
23892
43828
5195
15664
68816
57558
49033
81425
61127
22919
89238
69992
21630
32572
29139
32569
77198
29423
232
14362
77357
4138
46943
46900
24626
83620
59689
69100
25782
17458
6256
50246
54911
58154
63579
32907
50914
91094
71834
77122
46798
3515
85016
8754
38882
76901
30562
44730
56289
27498
54430
69765
95520
49010
79495
32785
7113
44791
82302
97452
18670
88515
22210
75773
73433
56914
24240
98964
39102
69755
33361
78117
66143
23106
42892
63723
50784
95724
72651
5993
27616
32133
53137
46984
36586
81748
93671
68725
29468
53744
48991
73249
59136
70858
65130
298
24488
62840
12141
53851
42753
37140
94276
50248
92279
85324
1187
57963
48089
11726
86355
16710
47487
94750
15682
62225
82929
41441
83141
98305
59024
82491
72455
8025
82304
45325
48475
1828
30932
66240
68672
33535
7599
23006
49016
90314
55251
76235
47199
53275
71946
51619
41358
87601
53301
9447
84977
61157
26218
34469
12610
40180
81354
78391
82455
77297
90621
24455
4311
57353
6712
13683
63073
37630
25324
15416
1108
23077
47253
54522
19091
58058
43165
52100
20298
36933
19332
6698
80121
54554
56879
37708
36198
58320
61188
51734
76024
92062
28857
96492
87084
77891
70667
70524
61401
41609
4603
70617
20274
40788
10570
58788
23987
35127
65433
94484
44484
15933
91283
42128
33342
68426
2709
44947
11305
10859
13883
35553
27916
79287
36255
16576
95354
65142
14714
99504
4047
20481
11469
58102
94970
11489
94232
6200
99991
91828
65
2913
73413
17699
60813
50846
41624
59044
16722
51542
40037
86569
9518
63279
98621
63305
34406
50424
49957
7068
95273
92484
33590
37647
16059
7478
78741
49909
91143
94169
41904
60333
81910
10735
32173
20205
86205
98378
83632
63276
48428
11468
37475
27127
13662
21807
98149
33053
5739
52106
17236
90287
97977
38963
41676
26826
60905
91866
37340
51468
94621
46802
78994
9134
15361
69026
77585
29163
33599
91847
26177
45779
87100
43127
12613
86015
6100
29838
75222
22067
81304
31841
39754
20893
48720
16899
21171
19985
89978
2789
84353
75217
30140
51597
67288
81171
90202
76015
35542
44094
72334
80691
25738
71588
39357
49588
96580
61787
27618
68076
14120
13304
95589
8730
19939
11714
79909
86630
39177
29838
74942
13014
30632
12166
66688
82157
64524
13542
2359
57981
60602
7683
35792
37534
16213
88332
40139
5573
63921
83063
89546
57632
86971
71064
32964
7535
47014
39288
3799
59164
38133
81387
18303
14074
43855
57946
71480
32220
768
7502
95187
54539
3697
42877
6266
10011
54164
9639
1504
90017
61848
55184
48277
66021
74107
76578
98894
52235
90491
37371
77341
21141
6291
36252
65182
86699
4989
59300
17053
99074
78488
6873
18604
66722
53348
86916
56774
64940
9267
58898
64911
19422
27121
7837
20450
5221
49430
40262
73573
98757
53130
23693
95504
79986
86412
79881
21613
50496
57334
81109
55008
85931
95138
37010
3116
71011
39056
3372
71688
13710
15137
10194
24384
18472
49000
21702
33670
70412
70157
95645
51815
28641
57525
87726
64951
96299
43728
16414
73357
72348
19305
55054
71135
31499
83337
99420
95683
98201
331
78888
31445
77473
44975
82105
92816
3161
25969
47637
12930
14551
59394
6503
3234
58888
95249
90639
12703
6817
79173
20396
97423
39384
14366
52280
41693
7812
96345
11943
23701
27208
76808
66136
19489
48346
27058
52362
23881
62503
58799
98200
87370
86542
71230
23527
16046
76213
63408
63759
71474
28854
41740
1330
65299
37803
44037
10516
36292
38591
84681
82654
13654
81401
57613
71332
38913
94761
1849
91054
93410
89726
77247
46156
23422
41168
99850
28350
61271
58392
70454
78996
38884
3647
413
52601
30709
19362
13135
58853
19346
48265
72875
66187
68391
18150
42859
18625
27991
42878
33071
13782
26831
40477
76019
3331
84955
98954
70538
95721
30371
25708
72107
58257
91245
7562
96867
86661
66556
64232
12894
14559
91097
11248
54037
77443
49041
13927
74803
74389
11158
38981
32031
26151
16114
28298
