45092
39706
21377
82360
70683
37240
77145
42066
80047
5128
96076
88380
44917
4790
3594
17476
11799
11801
37810
51034
3078
43333
82141
5411
39376
74718
44603
22565
38319
10864
91809
78389
36747
83461
79979
61821
90371
13807
61451
75852
4131
37648
34842
71864
80393
18494
25957
52423
39574
99882
57423
86750
60460
15615
36841
64528
80864
37799
72721
85578
58355
35129
96507
38962
24294
94555
37044
75787
14581
65011
13230
56153
29604
49683
95600
97206
86648
47964
653
80688
70511
48877
59280
93203
18012
32496
47876
23427
23173
65947
36476
43218
46782
46703
17187
51274
39318
6046
25718
27397
57357
63168
35211
70944
18626
35238
33716
48040
77941
16016
74789
34627
64174
45496
31104
55111
23337
21184
36026
72235
7664
8457
35314
1414
75889
16817
47086
46369
5709
57019
94607
4328
41009
22845
46300
40859
93554
16385
86376
70249
38222
76166
88769
90258
16771
64368
99564
15195
73866
30084
8520
90126
90968
41033
30458
97384
77251
9722
99648
18716
47950
70407
91576
64174
45456
60263
1522
84224
4071
19333
32305
45455
44046
68381
45555
26863
78897
70769
73716
4238
34157
55345
48910
112
93669
43759
37078
48327
934
99040
1225
3234
54569
12694
47620
29561
25856
57493
61179
99873
3626
50828
35833
27738
81137
19451
11813
35134
86980
28947
97382
35943
79586
65877
55051
9023
47612
99501
51971
54886
38095
54259
8492
35168
54650
72490
93777
51827
38893
54434
46903
71420
21746
72790
46508
34542
30641
76610
46615
32261
38
45799
19512
26525
90829
8255
48637
14734
29432
50507
45126
4025
53593
4113
38444
18893
29274
94120
20454
72474
27335
5674
62426
61073
25625
68673
44241
38141
15526
36531
62617
69523
28564
66246
62829
38357
44111
51014
65097
44491
39619
61871
26398
56568
8737
46108
19243
17745
39540
26534
48986
76496
23229
59
2871
65328
41548
73772
47080
52034
1826
92709
9373
41156
94563
65860
82550
73703
79263
35745
49192
46352
19830
71002
94519
24040
25914
25479
9966
6253
90301
41222
99190
32892
2251
33026
52855
7533
6299
66562
69355
15311
29687
33801
87508
91934
76024
92034
55322
76312
35942
59928
82415
1161
17487
96144
39710
90010
50376
49313
86114
66327
17066
18989
37718
14185
3850
12984
18898
21812
83773
22224
5766
13873
57199
13262
89600
58399
84006
34455
65384
66683
13708
87644
91639
31767
88831
31141
74290
56525
82889
66024
32561
32316
15042
10069
28985
43534
53578
61713
71149
57492
42198
7579
85162
78394
22005
29815
93238
4626
50100
11391
56091
92305
23318
95120
29773
89939
50679
40153
26317
387
6733
62381
10838
52716
69169
80191
30592
53613
53735
94519
19846
47968
72149
65228
49568
71968
34716
63473
65879
93801
52614
49563
76303
82565
21816
55991
13471
4998
99698
73436
2945
3202
18345
27447
89
7502
85141
12632
8706
19566
46241
54001
67695
18889
56640
18213
98583
32328
21158
89260
50751
53409
11541
70844
38160
38675
92344
79689
95876
27967
25360
20918
58858
88921
40279
50825
90671
49471
33942
41271
18639
65463
1906
36439
13679
10178
65797
17875
20230
287
31208
5621
83107
30192
23058
21074
80434
7198
88241
9563
33883
51238
27901
18885
97816
40737
42298
80343
82773
26326
49302
2535
15966
38629
21494
49398
7510
25333
62187
42404
65246
59042
91803
82611
90451
61087
65529
9644
89745
86502
82933
14365
25941
77576
69223
1052
90362
60352
7960
93377
29940
97489
48805
35141
4681
78360
48062
58738
79177
80664
77853
27046
57979
19837
93117
65472
58323
98060
39408
8255
38696
48590
35112
18973
77459
3962
2224
78039
64080
65448
43286
83385
11368
62436
25712
33459
35592
83608
49408
72347
95307
68120
56293
89141
46049
17280
23956
23770
2044
56183
45624
83285
23548
59813
42018
71580
12152
39609
92157
29462
55156
80629
88567
89290
55244
58155
83976
33536
33944
79203
16529
6655
49772
92857
99379
11911
83648
27906
9350
43107
82658
79174
36839
32006
15044
46565
89694
31151
39143
55340
77835
26536
88375
66722
58135
48580
60549
21224
2986
96234
42102
80972
52733
59484
8671
32217
50932
88024
76055
16362
95210
32674
30855
67383
62582
78749
98629
98501
57621
3439
9930
88160
61944
55297
46369
7549
81554
37416
32975
94589
149
6488
41954
96140
62687
47713
85039
98177
4067
57598
22771
3991
74212
40581
29805
24817
90351
76931
35743
24801
21988
51405
33730
78700
59633
16071
11474
50649
29313
44425
32040
78785
92369
94415
75345
82916
16906
29766
59413
16062
56832
42877
21509
93010
71090
76638
18977
34926
85944
12105
45957
73905
82753
91904
87001
84879
12369
81469
7878
14128
46614
18193
60866
45232
95902
