40361
27046
47795
62869
99472
69921
21592
88366
24953
69487
38213
26193
22209
54391
25348
18733
37945
32146
64502
48567
42841
8263
78621
33781
49305
49493
3233
43881
84693
92994
96944
78919
46828
17049
42213
56456
34208
25395
12740
14857
7777
4604
76552
65381
16303
4965
56184
60739
9058
48547
4945
22106
25559
64717
63151
49374
8382
74369
77527
48841
54949
351
15167
7663
272
86251
64931
65445
2117
81466
51814
16875
16766
86245
76208
87311
82385
94246
36027
86062
95478
36381
32502
41294
11080
30541
97383
59330
27649
90141
47510
70807
19556
73517
67632
60476
93940
96819
76556
42719
59573
21199
90924
13301
41843
38740
78194
61260
67289
93898
83799
65829
46522
76900
21865
79941
27654
75474
43475
62316
19539
94538
45328
2038
59606
69319
13606
80922
12101
85660
41015
21546
21960
81821
13825
57125
68258
68722
72713
54858
74756
88358
84408
732
2275
41260
34883
63428
93428
98264
65161
23651
95845
17415
84061
58847
9230
24739
81552
4693
86638
84297
29813
59947
95494
7300
97194
77371
27508
14338
76160
74583
80236
86244
50673
32121
44459
2322
29638
9818
7709
72357
60049
12251
97206
82688
89844
64362
3718
90290
55529
54704
87657
94034
77892
95826
98745
54709
72459
84891
14919
45194
51421
8867
29101
91417
99058
3535
26531
96912
37206
975
87950
22951
32797
11375
75833
76726
98975
17353
48109
49058
1788
66188
93745
21661
50740
69864
74182
39266
29401
28146
39609
84646
92649
726
14095
91849
54158
6524
51686
63214
8763
87002
95311
39088
27801
42641
39580
97315
23962
19646
79413
48062
47335
41772
39269
70475
38459
56340
80538
55110
98540
4240
73882
1694
74844
70590
60335
14900
21436
61970
5701
19768
42722
4913
85377
90358
2839
28833
78787
31176
63997
71017
37188
3082
4578
44255
70422
51849
98012
31611
74915
62048
12818
24533
12244
81510
85873
27485
31191
12201
60429
4375
33367
84748
15889
43380
67480
4223
82115
59800
32871
47806
44447
94541
93441
17437
67764
75141
46923
10621
14175
38619
47741
52656
62633
42025
90197
85718
18311
47690
96438
78689
84128
94329
37686
67306
77292
6566
61227
5393
38396
99693
79608
22711
2115
53645
87594
42198
99010
11820
63884
62517
89862
67241
76660
89577
78041
86963
42478
6565
38774
62942
33408
70058
30232
94496
45226
94433
89995
88689
46599
62076
73596
85504
24467
16294
50421
5787
73563
36634
461
61687
41479
19768
34449
69474
10549
97169
67872
88975
52627
71172
47696
623
75494
79980
74210
1532
61474
58745
93113
94631
4570
9801
30143
5775
63934
10132
87470
63769
24301
19858
49109
45918
24249
41419
3074
73390
28927
60648
83149
33916
6353
84832
24344
38886
41396
20320
12628
46161
9024
75189
59742
51763
62761
90182
35056
65495
47112
87607
69439
24994
63473
62194
65809
13626
17079
49487
96580
73213
46482
723
51584
46918
32207
84463
26653
48609
44597
22960
83199
73052
43308
56311
86976
56038
4497
92324
40821
59569
53167
46084
11795
42111
46422
87883
7114
64192
38169
91924
20617
11940
78243
89968
43292
96846
40991
23911
68406
66655
30708
98819
86983
68201
25155
74438
39322
59956
44849
61297
93602
10621
4189
9554
70911
60953
4913
72000
65970
22223
4026
73025
86137
55339
55442
83773
25985
22828
57792
84453
61198
21382
68042
46387
4306
78790
77782
45218
49588
6992
25428
62743
85537
74039
26085
7265
9781
95529
94493
82824
77879
70957
41860
27030
91005
63348
57683
54577
42489
96608
39346
71376
75913
24115
97197
31865
38281
69759
2890
86135
14944
62610
53583
40925
4561
65640
77780
4619
36773
31066
15463
92530
442
44204
19026
60951
70794
93552
77887
99381
45426
54763
81019
40946
58972
9682
33628
71331
15075
56965
79162
34480
90958
83836
88755
60002
22429
53546
29220
89966
7018
58658
37004
18145
52090
56513
93028
64514
51929
47036
8076
35377
64233
28594
66210
59811
17548
31838
87676
15836
48664
75464
74869
77978
36281
65420
74350
54809
53916
47291
91490
24516
35096
39047
39081
17283
71228
85706
7069
11248
53185
52977
63622
66930
56450
29732
88003
10612
56653
38095
52739
63856
96617
84795
9090
71902
15762
3363
35071
29542
95318
51087
99321
32603
52293
62865
39398
51627
72943
19276
70024
48252
47261
58
82648
19067
55154
38370
63432
73913
19720
34733
35743
20835
71793
86189
35708
25538
13011
78567
30723
51160
20422
23922
43764
28642
74680
5401
76257
11520
16235
53056
90452
75921
69099
8411
69339
40245
76279
78028
78241
48052
92670
52542
40210
88974
32482
19211
70718
26914
39177
22824
90777
39526
88386
46169
35464
20769
65964
28104
30587
63420
59649
96544
52267
25216
98903
4250
41025
88470
59907
32130
3838
16763
29782
36295
99396
88603
4838
20664
96792
29635
56250
71013
80608
37490
80343
87263
76403
64516
84254
11253
33618
6286
46199
51930
65180
38978
79637
6966
89606
57396
18639
61737
76768
92747
50353
59698
19327
19933
12738
87272
23920
20283
88972
7590
63277
67991
90172
72979
23132
65374
10292
86167
55414
7105
16998
80682
71508
95859
51954
69034
12459
98792
33480
84761
23639
811
35196
26111
35153
9503
27504
43828
99612
23991
17735
73094
59780
88358
80680
49285
