77368
88002
98433
4930
62852
17943
58374
64746
55145
88274
79117
72802
44031
11546
48885
80370
32705
67999
21472
69297
38062
92774
92961
42538
18234
52575
4868
29926
47511
92392
74470
81875
32965
25962
39582
36459
49672
6346
55642
43229
37393
49533
84811
75238
85387
57031
97348
77579
21319
8647
28308
56685
79632
38990
91840
96250
21188
5341
62962
77324
35081
94908
57242
35939
17955
71564
40940
68561
72002
5384
99143
34672
18547
15049
21384
90948
18030
34404
10128
27654
73069
35066
40361
22219
28440
81067
49934
12363
89464
75951
69083
47393
13103
20462
98135
98064
4727
48944
71838
34321
17029
96137
21232
44664
45888
11885
49119
18370
46258
29132
12866
46189
72703
84063
99299
62290
70849
14757
12160
77193
34394
42103
3418
55725
37789
709
21760
13461
30799
31607
10172
68311
70034
24776
8379
29222
28101
90663
23392
39097
92895
40205
4926
789
75900
10409
52660
24058
29508
34126
47142
95253
70760
30810
16303
9896
24990
92093
58644
91908
49234
60215
10330
21451
19674
55683
40697
82537
57956
29671
66071
24464
65026
59525
10882
2411
31739
20728
77111
66606
16943
54758
85715
65839
26281
89434
67149
39630
38670
17647
83039
98681
71109
94849
74445
65041
4060
35381
41826
46841
39616
677
85050
80797
6816
52186
64951
94712
67866
79657
59110
27151
14382
14405
97372
70189
27616
25196
58042
78428
89111
36867
8245
68377
83785
25409
37208
37006
48464
3172
20409
11906
98240
56025
88472
94219
93796
77574
38942
81353
53369
42991
31520
40283
14320
69899
51010
8326
35144
56415
43138
99244
36109
70616
883
42764
22825
7219
39880
41847
7689
39260
19708
20815
26533
36125
33601
12563
46164
59749
71594
37834
63269
27225
64667
31213
87726
67119
32264
46402
62503
49881
24041
50665
579
36238
41431
13410
77754
73083
74674
9205
5839
39824
9868
51111
97405
36429
39203
72501
78547
1158
73825
33668
42057
35057
88684
54117
19493
12183
54489
73855
41278
38304
65090
31723
51092
71465
74244
73275
91512
94348
61199
39623
30010
60151
34305
46112
84062
87402
11696
75199
20691
52684
37332
21872
99849
4952
29053
76282
35883
71339
60397
63769
34343
95997
66298
39902
17891
87952
66024
24706
34145
65103
54663
97065
17989
44305
20968
97206
93173
97866
73252
11435
85281
73256
75673
94832
79499
92496
35207
8914
15885
85259
2094
1298
16908
63912
32474
70964
55627
99783
96650
39260
22075
10995
97146
77791
95692
47718
77162
16324
58756
82437
72648
50679
31683
89279
59870
1425
54953
75105
45736
69659
13548
99412
66016
93280
6914
9365
97134
83570
14477
19360
77893
4730
1898
9125
62174
27282
12369
86673
67356
16107
3085
55130
46829
25197
73052
41596
88998
36090
49254
88306
5947
52164
91857
91044
28747
39892
45751
14299
26960
15054
18758
57800
8328
67616
93546
74060
92776
34100
10382
84294
84590
55684
54577
51650
48434
99817
75490
26685
93950
58214
75131
86796
34323
53724
11053
76788
25807
25079
2030
17801
75598
27456
36775
62359
29849
53728
75403
54173
61646
54735
7702
56441
67023
17384
75966
20409
7228
91257
6283
99153
12515
43784
63711
49388
33819
80895
62150
28296
55393
54028
21224
2173
29455
34708
27221
98219
9622
20736
98175
72036
73432
30187
49002
57909
40632
76193
31531
30159
78908
61741
53591
80829
47756
15257
15806
45203
7395
91219
65371
59220
83715
50641
2209
31284
74927
63047
92603
31539
56664
16252
39487
36728
70624
38356
30320
81432
88520
2957
3745
55784
33784
96938
88473
17224
88585
6097
78601
10475
49585
44754
58015
35856
24496
89307
31260
80253
70236
22929
55767
44201
67238
35944
3693
68033
97247
80757
37087
3270
72912
97648
10673
75726
86645
97305
43398
71876
82343
93275
14570
68697
58815
78933
87292
76131
89058
44164
47748
80710
44461
29624
86060
63426
62832
77588
77275
22690
48882
40268
72542
73010
35791
29801
56880
50272
93811
31543
32243
2979
71206
12781
10387
71011
49589
13773
89770
19192
60010
63573
32325
66723
78175
37932
12414
49023
221
19331
95139
46192
