85412
78517
86006
48841
48985
68560
43912
16263
31639
39349
16932
70531
78258
45478
23230
21600
21173
42295
38441
55762
66553
28225
73302
52276
71164
15573
32300
48685
31911
10812
20133
73081
36140
82908
83038
75901
30375
5555
73236
45995
23349
12025
6066
54652
15941
17881
23696
56156
84691
52097
72538
14426
62294
48405
14776
34222
62404
97889
61952
1451
1407
61383
26901
12297
73885
48090
30851
98941
38316
59085
11492
42455
15743
88865
2207
5229
85631
52929
46312
49406
41532
4724
98847
58994
77974
59941
93220
97796
97964
29175
31803
99486
6521
6233
70664
6415
22223
2853
55510
20897
3682
93634
61790
73999
61008
31260
73988
74237
60870
6334
64028
90410
76731
72489
91261
75583
87344
44281
15511
97939
1605
85671
20642
24245
73075
36187
74354
20784
17469
155
12099
52329
61037
25161
68645
85987
32339
8216
87089
49118
96078
34560
36251
56237
52160
23667
68064
17377
50618
11194
32389
50743
6208
48823
45943
46479
52474
7965
64547
8277
21165
21373
13844
75732
92691
8023
44393
89434
71856
46456
59712
49837
89256
80735
63741
64089
3301
89349
42210
12387
84387
38508
91445
62376
14286
10483
92991
51108
41015
19818
78419
44164
43877
22117
22067
81271
79384
66212
94566
11096
97274
23584
68755
36931
77082
73644
93669
40086
6392
42749
56429
71374
43681
25196
63358
18891
96246
52037
63754
85457
36486
10324
15326
80423
23074
90775
12072
93286
9379
28396
33131
22825
9703
76821
95418
37377
86306
95460
48072
30308
76876
11656
97775
56979
25052
41323
1210
37139
82927
7300
89001
96769
35417
45246
28690
90004
38635
18542
31124
89069
32834
29206
58211
23190
49417
35163
67989
54561
76043
18915
7272
19363
21866
2408
72646
18351
28003
37054
51365
59630
65931
62021
62910
3781
58012
82431
68633
74014
10269
91431
23453
68153
17889
59358
92716
20662
55889
87277
19557
85749
34886
20472
72365
5454
65972
64046
89354
25622
28980
50349
85751
71384
7485
11101
82752
66154
14522
67808
7569
23979
10259
32637
13808
65090
27768
85049
64095
18330
65990
51434
22701
30856
91151
29689
76552
73213
59323
14772
73237
54190
43414
30798
12754
61950
66211
73596
95058
79494
8150
78773
1477
35145
59294
22736
10878
27627
22404
34073
45774
9267
52439
19926
93913
49033
68315
35330
84006
50265
84870
64995
32840
30739
11089
66597
63444
77812
47408
69072
55901
99121
71683
30164
62404
98943
80093
81491
81583
25128
20703
49208
16960
49316
33984
56669
3700
90118
68357
43737
66361
92687
39154
51319
89281
88291
54597
84561
71329
83407
76152
46664
60857
95055
43591
18009
66039
81595
25273
49714
19672
22649
59156
99155
33343
78994
5031
63254
80716
53185
52578
55195
31057
65294
58604
21081
11337
34552
93981
83403
5248
6378
5560
45913
45357
1051
74748
42464
75345
86363
59303
73912
94797
30
8351
66032
61418
23074
3308
9301
21889
75162
14956
61957
78893
15206
73804
86498
31005
87451
35749
25678
65156
50645
58741
28727
12167
92951
70358
73743
59927
56103
97428
23515
6127
82813
93018
95787
41908
27454
15747
59783
45030
98420
89667
76528
66876
48900
42050
17035
11989
1417
21369
35520
71856
45746
29233
16433
89689
58745
4141
97143
30272
77165
65566
28749
73321
69953
55753
13403
70481
37235
94766
75309
78425
53842
88134
23982
53287
74783
29628
40054
68934
35069
96579
44998
65910
19097
63724
74305
6235
93327
87238
52996
70178
36321
39117
26074
14306
32462
70748
29622
53308
17242
81241
64380
6214
44184
81278
95090
20870
63648
94650
28109
16194
76362
72906
95147
73418
88382
91733
98073
56831
33240
59032
16174
35181
80339
14530
8889
99819
94444
58594
67797
25372
24271
18359
57567
92524
95233
29102
14437
43767
67714
37624
38292
49445
92126
4284
9188
18889
59438
42973
27483
99753
85447
67169
69202
47545
60008
23553
40153
30028
62454
39217
8407
95788
61266
73021
29952
85020
91517
72070
49819
80519
38605
18308
96091
41491
21677
12075
53378
95981
92743
86441
69506
44025
99499
22371
78972
38767
39460
82803
31525
31910
6128
94770
43295
34036
21714
35963
19696
29842
46658
59538
20001
52651
79268
14658
57864
90378
34975
16332
81890
79611
86743
39069
11905
96054
17520
47904
93238
91907
22271
99383
74437
25882
83267
19389
67291
25699
13906
19175
63064
83123
6310
55147
30204
32276
54997
99710
71853
88415
36013
54086
2280
19069
96729
67101
38903
23412
79288
45931
36745
50212
94302
74852
98746
65308
929
25616
18928
18586
65952
16687
