76724
50701
5429
50043
40909
46747
47822
27254
51975
18438
77552
71718
31025
18242
90828
93592
46822
10360
19084
44704
15609
42416
61113
2649
23957
36000
42993
65060
32320
85370
69174
71731
36024
40143
63273
99958
32178
95914
77537
19778
98089
27316
84431
83452
31654
97123
84986
14102
16596
27039
28679
97196
13146
52507
64070
95239
20007
52155
50705
80727
35640
93035
82072
41583
67900
54114
72221
84484
71662
89464
67335
59132
1492
85175
97013
45965
6642
42561
11529
68428
36884
91547
86387
60797
88752
98947
43529
74187
16080
59639
18822
44789
41802
55166
38931
3404
18140
71463
41066
71437
4988
30572
7601
49737
3176
84731
28911
89459
80405
29457
66499
20563
91477
593
67979
88494
62562
54025
64260
78077
4995
57994
74332
59988
85977
68123
3422
22853
76861
54241
1536
