9312
15098
48537
43546
57764
3680
60641
64244
19761
21375
50971
51537
57657
6654
32336
66126
37401
77014
38072
52528
8058
36177
14052
63809
9260
28154
73545
30273
93209
18030
19659
6089
42788
22084
54868
43150
94869
15199
54567
81988
32800
60960
20333
38683
31018
10909
42138
95522
81319
80639
47116
60724
61224
67718
2328
40109
92008
27954
10696
76159
64960
41370
93940
94472
41526
12242
56264
97584
46959
9324
18200
85679
57263
87338
46260
70486
19078
38029
42404
66315
13949
31927
88354
13176
49016
87120
74680
13701
72081
30965
14699
52712
96669
66737
5129
2249
11153
44198
17339
16775
41962
44116
39723
6462
4135
1268
18675
63088
93181
36644
67080
82813
98746
68293
69444
13485
48089
16010
76986
59505
66705
78259
52046
9741
25586
20363
40561
88992
35603
69824
93772
67580
87220
65383
61693
45215
13688
56314
39376
80453
35494
30145
37136
22696
45099
52683
8810
71867
22931
92144
18686
45214
95895
52537
68435
55917
76074
38852
62384
52217
93003
54506
63438
70978
90833
78622
52275
59945
69309
47631
19585
63354
54716
86383
88397
32671
94111
71160
44472
24648
49894
41328
73739
97824
77448
18073
42989
91548
97878
84579
68485
89070
52387
50063
86989
68816
61807
60899
99555
62283
62253
62179
10512
77287
22591
73914
35847
68346
60511
69434
38684
51591
71141
26287
3255
13276
36754
8593
24518
59757
1462
75892
77986
67516
4203
39951
46086
48230
76824
40317
95978
45159
62996
40267
42952
81248
94313
57113
77063
53172
36933
15594
84254
3016
3249
7245
62801
67690
32531
29223
42407
15429
18800
59809
84852
53806
93079
29720
93871
42086
17755
13302
67969
25030
64319
81266
97606
1554
23430
84141
5853
75256
90153
43731
73078
80636
3757
54531
83301
91853
25111
28112
69538
85311
76540
70985
1798
26610
29016
68436
69415
26142
55791
50401
62596
10013
87653
33528
85560
62200
66304
37750
42781
92372
47567
40539
27580
31007
25012
64519
28983
2327
20276
75252
24067
91265
43978
22380
30312
50746
57378
29727
17978
55177
31395
41230
37542
57912
93140
50059
12076
68031
61026
37025
71218
16325
79415
76429
92896
57702
70808
32049
34133
64847
57817
97004
99472
69173
46580
52496
78002
36938
5713
28728
22742
13653
68709
55936
81742
91861
59408
37634
3501
46383
42673
79247
59188
37833
47763
37714
34962
99439
22550
87076
32175
47512
8391
29784
68077
34890
75135
45430
28585
24357
63709
22205
89929
88051
24376
74405
88244
63372
56177
37827
47559
93645
42220
72474
37226
43132
96434
3108
36860
89293
99229
87372
10323
1412
32541
7931
2567
58479
27642
73462
42702
79983
25795
19710
58394
5222
75081
42209
94457
78699
44473
40531
79528
91210
12450
42377
11322
85715
63159
87744
70171
25342
20127
67046
9570
39759
7588
32260
83737
26278
42505
66571
30117
72481
45292
3755
19159
98268
33597
55841
86585
83496
67167
47451
90879
57257
88973
26723
20552
20760
6281
75768
90761
70643
62981
94161
5665
16284
82264
58566
86490
88172
57047
60818
31446
96691
36014
70973
8211
13112
80253
65693
65244
