47150
23658
11248
47332
89021
21961
88362
53110
92054
8035
55578
78802
74749
69886
44292
727
31769
30480
62097
30253
46661
16847
44917
99306
82454
62586
52193
88694
25524
68054
51027
88625
68952
32105
76559
84914
6095
40613
65515
68033
94611
65676
73655
84044
83630
30295
61343
66203
31684
99268
41548
80501
30116
45929
3344
12700
48587
85415
14557
56980
38031
70438
21516
16652
70836
7318
3085
58127
12646
46475
90188
38171
28468
49474
86556
90900
99860
95111
76385
67674
66410
10351
67956
97402
74598
24908
12650
13177
73602
86774
57678
71363
53803
47458
95956
70447
70468
17529
204
44901
22595
45569
56375
63995
23522
26428
63308
77985
52828
60392
71005
43248
57233
78015
56391
38448
77525
18306
60269
6187
91680
16287
31008
41679
74239
90519
97787
48109
48839
5577
33678
5673
50903
97989
47910
98085
51038
64532
51739
44009
34517
21170
98458
29520
32549
37838
32545
73420
31857
10450
36756
50044
61799
21102
58428
64458
7730
20506
39631
61647
73133
13581
57871
15886
93332
83326
8188
14519
13315
88876
97487
4581
94025
32370
21652
62
51751
58277
23466
81441
38308
17839
9568
6522
19217
78701
80087
76929
10423
86905
63212
72364
78442
23834
65595
20826
19672
25660
61743
80521
76050
34548
38631
61318
39971
78513
28934
88445
50536
37661
58495
87775
87004
25719
55472
83404
19457
13233
7022
25227
84278
21455
84249
21357
37969
21313
7323
74335
12380
65699
67952
36732
33124
99134
94426
61385
67677
11019
2050
69413
94884
54404
36062
76374
77839
98975
23217
96222
48566
22468
15401
37965
67489
56187
98733
46099
59023
76149
87386
41034
38101
44032
25846
81579
46853
32362
87019
81803
24514
91788
35234
70350
39184
43888
9357
71574
9678
62735
49430
39825
20608
60418
14586
42005
55684
50191
37873
7209
72282
12728
21957
30144
22425
97426
84897
19758
72790
38075
2574
65908
81093
89918
3737
9464
69067
77637
94932
67339
37115
83478
63287
24520
98550
81666
9230
23228
81605
97309
21295
6940
48795
75632
6713
35165
7992
23117
28206
54931
282
51141
95129
87298
64154
94561
37223
85783
13826
78431
