28536
97447
36165
3995
55344
40216
87941
67276
75194
39230
28462
43776
16109
38779
46367
60461
44989
11312
26861
40673
66519
48442
48725
5521
2468
92415
60610
45880
90596
89634
22648
32377
55764
5292
53431
95209
16292
22264
85444
7853
96922
17049
34117
93770
36063
97702
18309
23475
44827
86944
12347
19047
21754
20671
5628
99349
8343
26666
68025
59103
20410
23105
15657
51681
70945
30857
2492
93716
26465
86580
5432
96116
64408
68598
83555
68152
99019
55981
50480
85871
87697
79924
39183
37293
62465
22967
5212
99785
32523
95329
41312
17335
48884
64805
43507
95696
3954
55091
93930
35143
34696
25775
94475
81995
41531
89144
93956
73237
59695
67095
23582
27258
10423
82103
64779
8496
96586
71135
34133
58956
36169
77317
27650
1994
14104
37309
28641
62605
68904
