91028
63971
19212
84295
92364
12167
97345
28825
46130
91977
4905
43009
39067
88669
7742
23076
32201
94203
14496
27988
78492
71690
48797
12195
64416
98794
67276
64929
27421
52082
24127
91880
73808
47352
29384
47753
61581
63888
26100
55467
7118
33791
3718
90055
96244
10982
82287
57739
87221
79783
64916
7886
38202
41477
80489
33136
10799
99675
85127
89821
67341
62727
14579
30581
65348
72780
81811
53329
72243
43233
92872
55145
93138
16696
5947
49223
73109
10122
13892
79242
82786
39638
77488
3394
54638
76070
63599
73936
4801
88525
84413
83279
18173
35032
71961
6202
34068
73126
83444
94917
8346
75478
16592
67256
37823
79260
76521
50134
78638
30822
8207
42770
18611
85058
17857
14946
92635
58846
94064
78200
67316
49009
77179
97602
47939
84354
83199
85532
93467
44557
50475
6673
56818
9666
58499
65618
14457
78498
73144
99455
75110
37805
67044
79000
13696
86521
7249
35076
6007
72122
17326
94570
81622
71128
7581
19227
49231
96415
87977
75745
12068
30609
41619
65416
17009
69513
62645
38829
78878
63831
72125
72473
9822
76722
19955
85539
5654
25596
77209
10449
21888
67708
38367
23447
60507
7689
37074
81206
80250
25551
34235
78302
73004
39249
32262
11866
25703
90277
38604
8675
99381
42461
15094
82162
