44061
10283
20741
80648
4091
66756
39413
96875
27917
92095
84693
89128
30428
85451
19527
83313
98273
21119
42925
20900
67920
3181
68033
90822
1384
60679
97381
24285
54050
91750
95681
52224
7903
26542
82977
42889
13026
27914
37807
12284
59491
41383
5335
74821
72446
56822
85391
26060
73793
92081
61349
68960
70229
94906
34320
1218
76650
22921
25532
2790
92436
14288
43757
99590
56014
319
73177
39606
44941
1446
14927
81978
63652
74207
49188
70978
92549
11702
80963
96056
51887
43485
31766
70500
56488
71065
52051
88742
41713
49366
63263
34931
65839
28769
18448
49641
90374
58653
46669
43226
77660
87367
27187
28104
39446
51041
29312
42626
91505
65121
48702
11224
36627
67358
45908
59523
73516
48936
43007
3943
73383
2177
93017
79395
49165
87670
18911
32080
56911
68175
75403
58135
46074
42149
76402
43216
4161
31370
17283
80252
48774
20006
34851
33809
12918
6063
97950
85207
30641
65897
97692
59697
99741
94006
8177
31854
60803
87338
41001
77093
52303
25140
22820
25740
99970
34838
1166
99553
35619
39316
65968
81245
45861
72437
2313
79531
41350
48752
54556
90990
18849
90875
93192
20637
41556
10572
88157
6382
68539
4185
50264
66935
46152
63245
33961
74967
21620
60706
59313
39694
20299
60891
56503
14590
8172
55067
90950
41278
41096
84620
56142
51594
9536
76986
54089
42555
99377
66155
34814
5829
65491
66178
15876
28119
86387
57641
39560
63319
69932
9157
9840
86546
32683
84550
80159
88779
58309
75083
75210
10383
12977
96891
309
99042
50128
77644
27742
50450
83874
30349
70029
40017
40981
48023
1307
68204
73510
41199
20122
92202
87397
34941
44648
72617
33245
29204
23444
19181
75017
65413
62643
15958
99155
33957
4707
20050
67290
2941
41481
45580
46075
55826
38685
63517
95270
42117
48463
90719
64867
90478
10686
3688
93031
18005
12710
9412
81731
99447
50271
78548
6548
50745
43493
68539
98579
63978
49040
85739
75690
84019
53385
11390
41042
71445
45405
2643
24929
75215
93293
19074
75190
72889
8938
28580
30671
77463
73137
72659
44557
51541
22120
70263
77817
21395
87860
21934
39871
93316
4623
8091
82316
44524
87722
95174
31685
17795
83571
27220
76035
78918
33011
237
96579
55513
86929
74850
60176
47088
77904
97769
41983
87718
30082
71364
75015
28016
61938
58169
22956
18820
95823
36169
83787
56787
85356
34303
22706
20304
49684
18477
34773
23245
65760
92398
85973
740
41990
14391
74415
47987
94321
91970
91537
12917
91493
74587
48096
24095
53301
95687
62622
53637
44097
10005
50987
7516
29861
67732
31526
50543
44988
88800
5797
39721
75955
30376
25041
62867
76567
24582
42617
48754
81634
85429
62144
28599
61278
75632
6518
46721
17859
56865
9025
80953
24168
79524
12716
19973
76602
9149
63090
21478
77288
35924
61690
85076
24709
82777
88304
83894
65524
20496
69107
37396
91011
69319
5640
1758
57006
71555
90523
64888
39951
33310
25944
26694
39842
6736
16182
67365
61504
59500
88565
65520
61828
9229
17657
66161
32999
100000
36499
15541
93979
58696
79915
87061
84691
59576
56894
95315
2493
7498
30279
85355
17640
65603
61014
37688
3751
48770
60554
94892
2417
31326
86470
52593
6073
66934
22819
9636
47815
1325
82657
77685
5196
40314
33925
60960
21758
78562
51188
85236
5774
46092
43437
34015
79063
74832
58602
1495
38023
32233
22023
33389
59886
77229
46607
6656
76387
87106
35275
51686
58638
98622
84570
22576
30084
2364
35653
7378
12704
9025
85983
76660
82625
33022
82755
23565
49429
37329
73210
97882
51060
42533
29598
47663
47915
79588
98719
13916
80078
35296
97382
48509
63505
90222
17836
66825
86588
29629
69275
65266
87542
66845
31479
50032
60174
5142
27435
82165
98333
28260
62116
45151
35336
74790
62301
55485
14793
26240
13507
19228
61540
65893
28465
94809
95106
87724
28686
15955
46468
61030
96363
24957
38077
35388
51238
31965
26459
83659
17749
8323
85849
13040
60775
7924
88559
68597
71552
41799
2693
70140
98646
90063
40072
72994
70217
92270
23678
46020
36758
79996
43760
47111
66618
11397
42641
55549
87018
61063
49376
37682
12384
37170
97342
75657
17858
36097
73506
82230
96045
81659
4515
87086
9073
96139
55490
98719
5942
69380
24593
24625
65248
87887
61166
90465
99648
21463
17712
87876
77772
65475
129
72923
83041
17260
81280
28563
47453
14290
78859
33414
70324
296
80960
49661
35340
41817
91381
86147
32119
4691
45668
23435
62634
64101
18833
21648
32739
24235
14612
77438
57834
85701
25937
11614
95054
10518
78780
4627
63732
10757
93882
23237
44016
56333
67383
68615
81230
94772
71887
67885
99080
76627
24968
31542
10049
88123
25631
72739
89058
46550
40466
89212
41021
17078
24818
2622
80798
27130
71670
14123
66993
18505
10119
68116
88412
96136
3285
15361
67324
81270
60567
23060
68249
24450
18278
1907
64089
10377
12660
84984
77974
59245
99511
24480
23965
66169
66333
17217
55450
16783
76465
13081
46109
30035
82050
68159
13335
28452
77422
88348
18732
16756
19892
14211
45065
82101
20058
14729
43334
90147
55416
48060
27936
12209
95919
60258
21583
44100
75752
21021
94468
74431
25631
76277
44136
80157
50326
0
10572
81247
71672
44599
61986
70071
47869
10459
93588
83167
34607
27636
67992
6
15977
19021
88591
98713
17861
90497
40055
92583
89652
33618
2235
75395
26175
13734
31932
68257
