54795
5674
65958
24076
30307
57477
82097
54422
46762
8177
29084
96428
3051
78855
77491
40750
71348
4709
54813
18681
75104
27771
37818
97095
13896
52099
94364
20703
43295
40162
89497
23809
51021
80038
47909
86064
35302
5876
56866
20085
57000
70050
98026
66101
31199
55348
12880
76842
36010
4071
23199
98822
38924
71348
2117
89499
62200
70180
75264
18535
15915
73904
69130
24074
4814
12591
24439
39212
17315
14315
95362
98272
98801
97155
34522
97745
51022
96434
19574
79214
7327
53240
76362
78558
78583
96022
79642
2951
8498
27747
41453
78967
57916
62033
50900
54608
73413
4462
90953
95566
26655
89816
91054
84984
76143
92558
63425
46215
9707
51615
62597
30760
68021
92118
75329
21592
83316
43619
77373
71284
31495
27846
96502
53948
68764
80621
58256
85118
26628
33458
9470
63085
41084
81667
31373
69940
40181
10259
26364
86273
47423
19687
72107
68308
12070
55919
95366
66347
53942
78929
10964
67005
23711
4616
88544
3138
46546
69361
15789
64427
97172
21359
70834
61641
69633
92105
55288
97220
12998
57565
66663
68072
57998
42672
74262
82771
92806
33494
18259
79858
36721
53613
43193
26269
95041
92107
87957
49099
85176
9079
90390
25610
26929
91889
25388
84388
68826
29372
50712
87305
90934
75191
87839
59269
10305
98291
16160
7076
32579
44053
75607
79023
97583
15026
48304
24046
39004
20209
55753
8929
70328
57673
84485
92280
99459
58435
81175
70228
89360
26643
79290
77167
4056
71054
66977
48896
64857
20370
50016
97574
78278
75379
56692
99386
24994
59994
93649
99244
43644
2042
22127
85248
17844
99232
29731
84912
66342
68112
17157
62958
96875
18695
1115
54941
61677
70793
85841
86858
77017
83318
72482
62428
92592
41452
66866
74188
45083
86068
89907
18716
64078
30325
67462
4499
18901
69458
46364
20743
30175
40985
15036
6772
14334
11127
13945
80054
16430
34420
78348
46039
47505
87874
53078
50599
89780
85893
49129
79133
50810
42495
99365
64736
91454
22818
91561
21831
4152
92583
91920
53270
76661
92204
22120
68109
65463
3250
21477
51115
60408
41931
13167
97794
61361
66403
92395
30411
13982
99810
57106
59796
56724
24587
31343
66351
28049
10242
37761
25103
96685
29152
54013
73145
4211
76393
96964
18053
8031
84676
99057
92773
83152
86230
18084
26364
87693
8376
86495
71241
12282
31267
89813
41424
90716
7232
46204
33094
4117
95095
2557
76158
49638
42996
20958
40972
96384
77742
61723
52013
56315
54513
74535
76189
59501
8972
89765
29386
77046
68061
67927
15948
43406
5664
7675
90697
92713
71344
44209
1940
11738
80259
70644
73830
18686
50204
51233
50930
57894
95033
62555
29794
38640
3674
59723
37080
91376
11384
30551
60413
36148
17676
76903
75110
31512
10660
72321
58992
41660
64065
11204
98779
17810
24238
58898
70858
74990
11604
36073
70276
92310
98635
9560
70912
71888
76359
28194
46068
51332
11906
99059
28031
345
14885
74525
2598
64514
58488
75703
5336
84189
23176
16391
89599
48444
67938
4484
62416
86758
97626
46891
75719
66740
59466
16498
76665
68605
7161
62824
53915
30299
22949
5361
5658
1373
78689
83424
55927
33207
88795
28239
239
27210
7568
1718
77331
64420
75240
15234
42155
76046
69181
95566
18984
56475
46715
16122
57696
68762
50291
23018
63372
65639
53860
98835
55788
4532
72235
9462
22687
97859
53352
52522
11742
53234
81596
40095
55977
85034
14269
13748
64060
26437
12992
56567
84661
56950
23909
34750
27857
76703
11518
81308
99910
23896
20380
28917
93566
9214
67014
76420
43632
8466
92786
94330
57212
40933
37009
92784
62207
86670
10008
99275
56210
88020
1448
45552
63035
96158
80443
60835
14480
68722
73569
31938
62418
18815
15865
32972
44253
41173
81982
25360
10202
70472
89674
2382
39200
13646
40687
256
16561
30596
12767
68953
61785
81006
15854
53262
47254
80646
65922
17500
25575
22584
62271
62454
33984
62244
98070
7786
64846
33840
30988
2564
94494
14147
71030
56819
34878
81177
97044
64129
81600
6369
44275
2020
55317
93271
54241
9655
75190
74391
51041
29241
45632
15493
91405
518
18695
8519
89690
64312
53817
83648
22246
81224
89340
86882
81908
85557
9339
60083
79405
19789
82450
97225
1200
75284
63083
9192
91488
90808
62382
20242
95370
28962
48324
50429
33075
77842
50474
94481
81484
49894
43998
54432
10357
68872
98257
51863
43169
26517
60512
85702
39977
77255
75440
82993
9924
95514
57069
26173
83704
68825
8391
37363
36116
87525
86058
23946
46766
77661
8412
84917
53059
33111
75251
98151
64417
30272
64875
11775
1710
55018
65560
24142
39244
49215
38089
46509
61996
38895
88960
99550
73178
65074
68904
41166
62458
6566
56845
57387
74977
1480
83232
27463
61837
57290
49535
7644
76196
90597
6384
5590
56692
88103
117
79363
3615
61993
