37543
67341
69866
3349
93758
45998
63054
16378
67428
32636
97416
19729
85741
4749
23285
42627
16926
65625
32591
36178
30997
56274
70345
51555
67890
98810
49506
28028
64309
9678
63137
10470
77940
95228
44653
69090
60099
49330
66027
81089
19217
70284
24347
98967
78074
49016
94504
80584
27323
8478
96856
2691
39306
5526
82896
87879
36461
80502
60003
36126
57830
14094
73561
2960
59130
69789
99289
88732
62551
60012
95108
24380
51687
71286
63686
42769
1188
81941
40410
59754
52763
55697
72747
25338
53516
22622
1551
76757
19077
26833
77600
72901
14935
8393
67237
15853
33038
53610
96494
13979
46960
35037
59297
75844
60541
87543
92877
26162
93335
30511
88977
85691
52557
2378
68108
50687
73062
14189
65531
49140
68884
97639
69094
17675
59684
78822
24242
34506
31120
26885
38800
93803
91184
80938
74891
56279
52040
8755
54046
18209
40314
33495
39535
39026
98671
2264
64375
23025
76420
50065
19375
24797
58872
38604
3486
2978
51693
75924
10758
10365
7588
26627
2834
41567
6139
80714
23295
9764
98471
46204
27213
53471
57694
26983
1576
1808
88969
54125
49723
74672
75930
20318
81557
75374
78095
4837
7424
74315
72113
57822
88678
67352
52113
44900
21530
56430
94053
87578
67179
47979
65240
52383
68518
42157
14720
2620
45945
76208
85610
99224
1206
71354
15739
15643
13585
15198
30185
2314
95542
28203
90561
15129
72927
43657
30045
46741
57296
42813
40773
58228
12191
92707
70655
57950
37229
94334
16640
73128
26023
52559
30223
53250
43302
58501
93469
78525
24474
33772
98392
19477
41367
39252
87331
24897
40312
98471
42164
27406
10002
2493
12535
74847
17377
59001
1318
61251
10897
53198
76009
35431
78479
46854
57527
33621
55155
68149
51562
76604
37608
60795
53552
20895
84155
41082
48708
12592
40366
18610
74148
67336
76690
80215
34593
86854
2707
97789
77750
8748
34054
33457
1754
93135
65358
44365
29430
19972
63600
85424
75969
66016
91077
79030
6467
87122
9590
77469
76303
77475
82795
85851
53292
46465
10536
80323
37221
56751
87558
36047
23623
30738
2894
46532
44671
71124
40110
18802
186
27760
48345
6701
35728
70000
59375
84492
7248
29026
27298
89209
80776
65494
26169
5637
45156
23106
31621
49307
79121
39531
87830
4765
83371
66942
66313
89215
93596
22170
3569
84887
44714
85467
93880
87862
40598
18033
85327
47595
98125
34286
31819
76412
13310
93836
55201
35791
30281
20145
68879
9061
90177
54442
86817
85613
53652
7061
79689
89814
51951
9038
96393
30631
5028
4222
70103
75604
29822
11582
53291
35979
89364
95873
83641
8481
47934
10373
48563
77345
94825
68800
82559
26848
23853
96252
60839
88932
35084
44756
87185
64040
89973
32481
1476
19242
814
83844
25541
51155
41130
48822
28442
14830
43413
20405
43727
93644
24699
11979
39152
8945
43694
41075
22782
82738
26292
83855
2572
35922
33517
14805
23352
71627
92634
40301
28426
46949
41693
10316
75282
30086
45879
59449
21849
15707
88315
55266
35316
34676
85181
88318
18415
573
38460
87230
33878
78196
98881
29974
61999
77388
18107
17642
6254
20900
53974
15997
54909
22150
63446
97306
68578
55247
15783
62478
33326
4189
10753
22498
19687
70115
91942
10515
29459
6101
41233
81088
7855
30029
87664
22432
13150
7860
4536
40559
60662
8270
5237
17886
10009
20651
77986
75078
96017
5812
93845
7933
35188
94828
15064
81348
63272
79975
3050
59965
97886
11743
73390
17706
74922
71798
67223
77968
63046
76480
50542
34138
51116
85703
58909
54009
9152
11794
20595
35888
53291
32037
33778
97472
61569
53626
58193
14000
4404
15743
90013
98805
52531
69605
9881
67626
50851
30985
57509
18291
18747
76355
62557
64948
40615
4979
86792
61128
46560
12278
51428
20219
9289
17257
35537
55961
12146
33595
20737
26449
18063
75461
33114
37031
57449
12829
14412
29445
75594
71914
13092
31386
89865
4642
22055
78533
58750
88144
92223
42196
69030
56325
17695
3184
24957
44076
72258
98280
33156
45824
37770
82155
26016
34472
48615
53467
92519
6591
71577
55241
9966
5811
71569
25081
31320
84822
52954
79711
64885
95219
89623
37044
74272
48867
79822
18565
12414
39106
41845
67390
85421
30101
1960
41645
5794
77351
98707
9321
58681
27644
3225
7217
98145
63978
40068
3970
25307
33370
42300
18475
13797
88821
67936
64179
16497
68227
57715
89067
92118
77558
70402
4148
21310
56205
8962
25097
630
92189
61015
51805
58462
34089
27795
47157
39103
85703
54759
99522
11649
89632
94132
21831
5529
30078
2893
29827
90418
7122
97271
80413
53700
15730
79494
16453
27211
23164
17069
72057
16536
20512
35206
87963
49767
3127
58098
23574
97481
11359
7966
90698
2335
49669
63196
95741
62165
78162
30816
9543
85338
28996
20437
81127
62173
15268
15018
8061
85269
71676
22631
46349
57375
73145
12923
4256
36806
87382
84523
30040
69122
4972
75910
86362
32597
40670
18314
94053
99988
33495
35778
887
8113
50203
36100
22616
95005
95003
57101
72209
77876
18745
40122
8365
90110
19829
59055
15236
68077
42353
9567
90667
97354
71197
63189
83953
55322
65103
47522
81987
3693
71926
24140
18842
69664
1694
83212
97640
77985
57758
2888
51236
1100
94040
78511
85092
87449
98402
87894
89878
34619
33653
89805
1145
46861
64120
38834
72963
45350
81507
35032
71169
94581
66811
57732
67399
36245
47432
74369
71798
76335
27413
14320
82828
51437
68320
25162
87893
63715
16947
20621
68278
13547
88198
98674
61973
53007
60469
72411
78044
37112
23470
49911
22954
82123
1977
27253
27451
57934
63835
37394
58164
31528
81227
38886
