30343
60532
34284
93602
11621
14719
75916
86398
48605
87900
84302
24879
36305
57780
84591
67549
52710
73758
16167
21670
95722
41620
84974
3634
76092
37593
17601
14091
18916
19278
98333
20431
71713
37587
1743
94447
15529
92053
78533
58117
46736
63751
37400
68161
42526
11786
83032
69880
27421
46939
77495
8059
48940
12723
29407
30031
11687
30288
45930
17900
46680
23365
82930
55067
77276
31608
23037
76974
58502
7998
17888
32437
55338
40596
82896
93813
55259
4894
62668
26969
50789
78620
20901
77568
49814
2711
68839
43559
71668
89279
60823
22728
87683
38689
36786
38886
43583
85134
4316
38873
17468
74281
8710
94453
26105
36844
23886
42371
1924
50511
11964
76200
49726
13835
30482
96035
4409
2458
15549
30211
50128
77319
55771
17267
4026
67234
61327
82962
207
89294
18083
14516
65789
73042
81925
68197
51868
15126
24402
22524
52608
61789
53701
17753
68858
64870
42406
90221
96126
28384
35180
50704
59851
84900
66958
24573
91533
38061
72010
36361
97181
65301
74372
28044
25263
87305
86956
27685
89214
73273
57997
23229
8086
8027
14145
33123
79851
11620
990
45481
79102
30408
60888
7991
3917
39705
3953
39780
66554
44452
77445
73230
44616
48611
78487
81585
54243
28121
25445
49587
90164
40262
57937
12561
4815
32459
33115
43322
674
43949
23254
21027
96885
91081
52439
17766
89484
1962
80879
91575
51270
65952
18206
79187
57602
84167
52171
20160
21540
22399
50155
31841
31201
76401
23223
4034
13134
41387
79621
39428
49239
42819
39070
33385
88359
765
67326
19641
3494
31516
75711
35492
97068
66368
5680
68587
5398
34018
28386
65434
10023
52224
96985
78714
11307
42495
89626
92268
91752
24459
69287
70917
66539
81215
43401
14898
85026
82412
51941
50031
43150
97303
10298
72262
76314
70136
35370
46506
97726
24271
6930
72935
82071
28443
29106
68339
44514
21566
61084
6254
21360
88397
45591
23535
48864
38245
63528
85824
97878
75728
12398
75011
64954
43594
66044
66060
33698
44593
55357
59784
54278
23468
12912
17522
84644
71076
29968
63587
68624
34544
67425
77907
40508
96154
99504
10181
19799
54922
48075
77930
31700
67801
364
32511
4116
88997
21467
84052
15319
64043
29857
88513
92883
37910
42487
65545
79020
49412
39403
24227
70081
16487
92108
10252
256
4736
3304
44247
40333
57042
77467
40849
24447
66245
46617
70984
83248
3129
91042
92434
91403
61496
31823
33702
22534
27034
57627
5075
99111
5553
30151
30471
16050
43050
22425
84333
35329
67617
96985
71764
5751
64970
8306
94961
55993
48840
37417
55708
59247
31369
1661
17671
84992
8477
78171
69378
7159
24202
54392
44716
22143
58877
7761
50307
84971
59449
26892
65506
24821
63547
97249
10079
96028
80855
89092
23207
28849
47197
24850
53006
44210
15808
83548
37328
52812
84098
92471
8558
31624
96233
40236
22361
16423
17290
96965
32347
35495
46674
31790
85578
68313
3809
28716
25390
17326
98224
96616
63252
51329
68252
81276
61545
49912
39236
20182
87732
57123
43136
58729
30749
79666
98479
73161
80599
80766
96675
64003
69916
40756
60859
28701
64005
91973
40550
7776
96505
8631
62751
21687
84324
89636
60152
48305
40907
10860
20755
25731
49390
74103
5888
62744
524
8362
36959
59865
18871
68057
99046
12414
34283
88262
63390
65209
38930
79312
52753
89358
94907
40942
95344
94314
86800
99894
64160
96886
1725
96448
43247
37121
78515
52955
91071
78832
80783
74423
95414
71635
29422
84072
49369
25683
54022
22767
30492
63382
24318
8820
47861
78944
66826
13527
48466
40595
68345
38755
33843
82572
41819
38050
85439
33336
73025
96537
42751
3792
38066
67092
75797
70679
59888
10260
41303
65603
46862
91061
18208
17601
10833
72891
36343
8144
82709
40898
57618
58250
71282
96349
78488
97440
10338
57824
13017
76181
35786
38541
34193
63292
12215
92620
14859
29824
33400
41183
36936
68336
91101
76164
54760
19104
84967
91951
66086
71844
50895
59231
61849
69084
59389
21071
36740
71191
70408
3472
54227
67789
91924
20830
89771
30706
65251
34561
52534
20604
89034
45268
90302
61966
26941
89240
8561
79314
82284
94587
69347
73756
79407
49218
90842
24354
17427
86651
93417
6358
58595
81153
94610
64755
4809
24856
46373
76870
11741
33754
97196
14007
21663
80656
46751
24403
37665
25612
55845
58246
9250
67300
77385
74088
57047
53000
51504
98096
36262
43055
11776
24950
30172
84443
93981
85003
4726
27668
99515
96815
22510
21676
