54604
9386
59588
61614
8159
24270
94193
42569
32165
91896
37320
24678
60584
97697
34464
19690
18328
30483
17103
43597
18667
39300
99447
53946
35537
63249
86983
77712
69877
86026
90964
78703
24052
29914
50004
91616
42998
41279
65686
50041
16942
38578
57645
2954
58864
99725
12821
84296
21641
8186
92416
84835
81644
40187
3519
43802
54852
68261
27365
11665
56659
31923
19819
89383
15450
71374
45088
75692
21193
84187
87795
20898
22375
45332
73982
68109
69002
71486
30643
6838
24474
33379
82041
12529
71267
41060
73683
58554
93418
29859
27111
37252
83361
4937
73560
85727
73460
185
14100
75444
48734
53654
31339
9905
77523
84661
53010
7786
63032
43381
81676
87466
99049
59410
66087
95980
73973
19361
1259
63414
63832
92557
51868
17516
82891
8828
78495
15625
1938
80477
26255
54063
4145
73405
73943
22104
90047
72542
77321
86807
17212
81373
98468
96531
43718
50930
59441
50
45727
4924
66724
91909
60444
48635
88276
169
48913
49030
17996
52584
46268
96839
17745
32593
73595
73703
78639
39030
51887
46072
5003
98060
40356
50636
18060
36986
6500
56828
79266
82369
32949
62818
44531
18710
56286
73525
90921
62099
69019
66481
5568
84887
48708
9197
79275
37022
11718
52908
92195
72260
43079
8070
32930
34585
54927
35982
36673
41800
17811
48530
25884
18655
33268
14556
41596
87357
52616
98820
9370
84660
36422
26599
33111
80293
34791
25364
92689
73529
65285
7852
79670
68304
53306
91284
57243
45965
17862
1979
71761
43391
58720
69540
24842
13367
60148
81213
93759
57555
4904
18758
56078
70017
34444
90517
65268
21752
84287
60146
39083
52152
85228
82976
39273
42569
38255
41447
73823
345
6769
69839
39880
44327
78863
15025
20069
