26869
71472
91804
2388
39055
77979
57872
25561
87192
87065
45617
68103
68768
40725
42161
82871
67913
79289
72232
56329
86338
42203
85877
89195
54036
57926
33258
60937
38968
12726
92639
23821
47087
64706
72442
89169
20133
71414
18590
38972
90560
96480
92071
85055
75052
55861
33762
26083
70381
59034
52083
30553
97558
1335
44976
84565
35140
89917
79707
96382
31803
673
26573
9364
77214
93592
47813
63046
78720
9809
63943
62649
16960
46924
22882
68122
94358
23171
32533
62198
37416
31773
3535
14732
3692
62184
85904
41338
41978
13038
22814
36499
27184
69592
97175
67851
31601
8374
43146
36046
16645
51647
5189
14073
29402
47112
95133
43021
39512
55575
17891
95068
47026
45506
92982
3796
10458
65324
73906
92670
50280
38943
94596
28459
2755
13407
35725
15159
74094
57998
45776
28993
80282
47581
75705
35577
33047
6580
94639
48927
84845
43630
69866
95799
46637
11300
19810
42718
49917
29877
25075
30768
13625
86897
34545
77973
51383
69802
18933
9907
1476
21828
60901
35841
63546
77452
85247
92365
25344
54364
65947
29492
58897
44593
47325
75706
52096
56704
87176
21605
7456
20101
35997
81738
18791
9462
30785
4
78179
17812
66005
10303
58660
61418
23967
11770
23869
53870
63904
98202
29746
37356
22927
22262
44084
96416
593
80429
25651
3946
28788
37103
76455
38867
28098
31123
75978
22729
3743
19999
16709
18281
48338
98865
63393
8703
73343
31449
46726
96557
82480
96103
53893
52018
36037
51038
72589
69892
39688
14828
5040
16937
61954
23775
73490
98884
88809
71014
89277
28744
88799
88149
69395
83711
90871
21814
22317
72140
13099
57504
42396
31047
93744
2900
54662
83908
89817
96200
84233
62202
881
11158
33775
46248
73053
67913
84810
58987
60323
18139
56213
39685
74467
25206
33610
65628
83303
35276
75684
79805
35659
97605
93482
2740
50568
70649
66020
68063
3095
20461
82604
87631
57088
49487
1806
53608
66399
24877
93377
33550
62716
33979
64583
16931
62336
45039
51145
70679
61027
49010
81879
99198
64496
49621
63201
92420
48462
70707
35896
83229
88167
71141
36285
29627
23515
16432
65464
22982
54549
83254
9118
54690
53069
6676
15084
8499
40122
15849
66542
29638
20310
47270
36850
26415
40010
33889
50699
75883
29123
53016
13172
85119
46847
35026
64701
93972
38688
18931
61731
81163
66588
2417
27281
94588
80203
29820
79549
42816
92277
42643
73016
39898
45460
18874
14325
63602
26639
19728
61445
71996
97686
55023
47592
50623
91991
36438
91167
89119
64846
27311
2164
76607
88554
79720
15274
12199
25931
12113
76229
46695
84463
15077
4218
4324
79417
20452
32414
64321
15393
7589
45245
4925
75509
43074
27417
83410
19497
81859
56495
74675
28212
45359
27349
41714
76348
39787
84281
62169
43821
80245
35955
76484
33011
426
66639
65602
40396
14538
37091
80864
38543
68811
68083
30116
48017
97630
8200
16441
27711
32869
8482
59138
6717
97584
35007
51124
8873
26925
21690
36659
9130
44062
33467
61978
34731
17513
29866
40315
52436
60983
3905
31987
98983
45606
70998
29033
47367
76185
99828
46492
74743
67996
80137
26160
57433
40370
76242
65805
42685
92802
65044
62458
4587
90939
64801
82359
64648
8450
29880
76950
63230
65702
19969
15794
39459
63100
85146
95514
54423
53248
13542
99217
79791
7260
30331
63363
15940
4277
84715
62985
59031
96087
77681
41475
59643
95394
31585
30911
12865
13921
68710
74440
76534
69524
45914
59215
88708
73971
82524
39738
53601
51796
3890
89083
73805
98783
92720
85564
32996
57135
43494
91876
4798
52367
6136
37809
46295
56950
24310
69486
14849
59589
89203
92019
8590
81772
356
85195
28870
3332
12438
46511
80869
29117
55633
88477
88095
63256
12290
55545
17810
25016
33753
78027
64812
68670
615
46510
71462
20695
18034
91019
1872
74315
64663
60156
3529
24155
64257
39547
44466
12991
39731
46878
49901
67477
52423
46648
83734
73514
14737
75489
10927
55765
22457
28954
13237
81899
34093
84835
81404
15130
81999
9106
52174
68110
87802
38406
70189
30320
84658
95243
87914
13465
9161
66866
84024
48621
55275
75527
47305
30086
51295
96753
76295
47465
16517
96921
94897
76948
26221
89272
40204
88648
49577
