7554
66575
85025
75834
94432
63758
47714
6436
75104
31261
90520
21505
25990
13008
28263
97900
49073
38430
69058
27386
58781
7483
63614
24605
28618
71389
89489
85126
61954
27045
29976
90787
12832
61165
70424
83987
18475
98188
84087
10877
3028
99139
66546
8408
21840
63717
58699
22105
20428
28542
88303
58348
26182
24724
35075
85135
8224
15689
91208
78293
19392
20772
15481
94000
96584
34533
84515
95107
12961
38053
43120
93145
35369
39737
43845
76790
66298
35827
26165
44259
46899
12806
22096
68972
69806
87426
23399
54774
60864
13547
91474
60391
58361
43952
76835
28725
70920
9881
76947
12355
56925
9814
44072
99141
6491
90436
6965
59855
55955
11688
40854
21943
85088
24357
59137
77831
65299
44642
81758
58448
4776
70604
11215
90240
5643
