77319
51602
47088
93074
44308
56219
43402
39542
58058
56889
3610
74232
79941
26683
51633
72856
43834
3125
21700
7089
54929
58922
73931
20999
21348
89305
95262
6425
85755
32322
26474
31944
62003
58248
40227
80712
87691
65445
96497
71565
49390
76758
23506
64069
74651
23009
7914
17397
89786
85399
46874
96321
20316
51706
90251
99397
13235
33181
63978
43945
67792
52185
48646
75191
90859
19700
98402
91376
11037
3426
87099
17946
16087
77012
91034
57806
17830
65425
69850
31515
52300
79662
30426
52092
92323
17867
85545
13876
16976
12041
78611
73972
13439
66617
96868
3275
47587
65452
18855
85960
85241
96381
19603
59572
89000
65540
99645
80012
14664
48725
91483
10523
60905
96410
8178
55918
86888
71461
6695
23239
64217
68519
60280
90472
6744
50326
98747
85606
31030
12458
82183
97142
14704
22194
15457
81909
92733
16337
74603
15709
14068
46127
32431
52261
22157
83000
42248
44358
2931
61550
39215
77477
5831
6789
4237
20722
70732
52374
27162
98706
314
84996
77041
88656
98684
19910
25032
2550
69668
80725
99182
97941
43556
28213
65171
88954
5465
57426
33495
35667
46206
54079
83237
24082
35292
31673
23007
79023
93040
70496
94977
23510
20899
36298
51057
95851
6691
61917
99880
23015
7169
92783
52041
32235
54256
58617
44845
81933
95200
68172
24932
23553
49593
90910
73595
63007
32249
4355
6480
19641
97279
11589
71722
92099
60220
81399
24029
42682
36475
27043
97637
37183
24959
81226
16367
78941
16007
25515
27547
79425
57395
14861
68447
46077
2325
83609
68099
10890
31935
16363
11008
7467
98003
81999
19632
57346
81708
26362
57064
48398
624
89816
80978
56388
85412
72242
32159
80056
49174
49065
4331
594
85797
47420
73639
16913
62152
60560
6768
61408
60529
81836
66806
71436
79132
29720
87619
69702
40225
43578
93501
20431
85081
4127
75636
68871
81973
74342
30735
59054
84998
19216
58949
31323
31337
60952
95505
97811
50569
95443
51425
74603
14983
20516
1512
15563
64738
24640
21962
11488
73582
56901
10905
89320
46988
996
50897
1029
5174
57109
9742
30887
97756
36485
86861
25576
48984
52384
94768
6743
39411
69300
93984
43422
68548
43596
93425
37857
43357
86216
88262
66601
35163
63795
63460
47150
28310
97313
79137
10656
98810
37701
16428
9239
81822
37035
32435
15838
95689
93957
78326
85566
61675
37898
32516
77689
70512
62618
87022
33905
24184
58659
52623
14954
38071
38716
83326
19464
34165
89466
11984
8519
80979
75908
40654
51915
5587
1543
33384
78339
92939
65832
9877
1600
98072
44488
84997
93879
79053
7970
59806
20466
71346
81456
90277
37467
96238
9924
595
4014
67392
22827
54422
44280
97548
26636
58469
62562
46896
59642
72750
66457
13592
46304
11750
75993
64956
85136
29161
92430
11002
13258
25029
58493
64536
25001
82399
31499
90923
85844
28359
21905
58340
94132
27086
33155
19051
86460
83029
21509
97585
54927
27947
99982
37376
67588
9683
42384
22652
10748
48867
85871
84124
19768
29793
17642
942
46204
24641
30153
65785
14550
34263
51821
30106
79180
32924
34585
57147
40099
26342
14977
10599
45355
67738
44690
81730
93464
2784
93840
14387
3467
71092
7632
74389
9804
69791
36750
33814
94108
26462
45318
38214
44855
60912
19720
30723
48935
24229
5328
49532
62918
24581
30617
75018
87555
83047
23414
20375
32472
40247
9268
75574
32475
87685
72959
74992
56790
43186
6480
17113
23724
26631
73594
61557
58298
90693
18611
97875
24139
94225
78090
18472
61626
18461
76177
64804
30263
20601
44190
73204
98488
34304
30501
18787
57025
88146
17665
84701
17491
73769
97264
61397
71711
1156
32801
78353
36761
20390
89209
79543
35138
42770
22377
81041
15138
17389
60228
22005
31931
47901
44746
23230
18376
40758
8462
20451
8935
77265
50549
48924
50086
71160
51069
84698
74060
91661
89968
36624
26648
65258
54000
50719
13426
48696
6076
26442
9852
81387
31687
56847
4515
95538
56732
74326
51768
34056
59969
72861
30601
96817
40105
31778
78907
49941
34067
54684
40952
62095
91043
16034
83064
16025
28891
53138
59650
4187
77841
27176
