24650
86683
34700
96557
82769
49846
35729
76209
95150
30631
8533
19998
5724
4995
56269
83404
24574
99488
46223
44819
54220
55076
37313
95225
94031
30060
2630
16815
14427
65488
15821
1747
63477
31436
33234
56156
78259
54343
16082
95751
34178
7744
53512
43198
16616
67266
99947
45079
14086
50022
92132
4678
23319
21720
39869
67989
48343
69270
90490
9742
35793
58794
25461
14626
17357
14497
44654
75058
57662
98390
86753
16105
75598
41803
58695
62475
81407
69351
49486
91661
88560
72977
93253
54099
9172
59962
50101
20932
653
75192
17828
38380
41022
37324
86770
2470
16957
89423
75293
9136
54242
22448
73704
11288
14681
37291
34422
9918
95785
10494
74236
42666
75749
77170
61932
66690
17212
74892
72025
79763
35544
66382
39338
42405
77856
79573
47536
13835
31745
26231
59110
28590
4181
70226
43129
46083
94213
76703
1261
1034
79134
62900
28916
82905
41594
57005
49074
61379
64161
13311
12696
87579
95741
68830
95743
4307
95998
89918
94641
83635
2317
50992
99742
5387
43045
35356
13283
50560
39033
8189
28919
29692
27106
67863
43022
57031
89761
64846
37521
93212
63749
97652
74581
47534
81903
4953
54276
83112
25154
63119
9371
3537
45029
73319
34824
74699
30036
11092
18043
40248
24956
29915
67784
6006
51608
56785
53019
59625
88199
15554
15288
44808
60534
57895
16798
21757
70439
28116
42470
72805
86978
85700
6407
85374
33091
40845
64691
35770
73302
39630
45559
84057
91284
56660
59554
825
78412
33877
52828
58600
62005
85192
72218
27592
36633
69937
85391
27359
9063
22562
97273
8319
17451
4309
