67606
25347
95456
78796
84117
9682
32419
48741
74055
95521
66623
5285
22562
99238
37459
49949
71360
3715
45075
48573
47197
19977
44425
28775
14371
29387
91445
58130
55038
94599
75294
24880
55657
98117
94311
25863
72982
72242
38686
82571
24012
63275
32208
12556
21005
20593
6839
50790
2883
53814
31868
94550
47532
51796
5390
91724
47784
76148
70921
38143
46745
27614
96688
79034
83800
72545
19097
61827
89546
47506
16532
44458
77290
66562
79516
77670
56517
53403
25933
44747
49344
94209
17915
94630
98341
66263
41626
82678
21381
52933
25840
83795
572
23905
66405
34661
26544
11646
31575
73126
92675
30581
69265
7441
62274
7718
22243
32305
38701
26935
80989
30491
48738
17116
71265
13463
71442
94190
93053
92582
77021
57936
6366
5810
46408
57401
11330
16375
12838
69719
25852
80927
87537
86324
91794
29113
92427
76146
43951
58926
30804
19259
80787
45677
68051
4728
63684
10105
41385
38688
9949
8963
48494
19694
98739
49719
6183
15052
69267
25980
35832
10045
26811
98063
87327
61518
7841
79889
55801
18487
12823
21079
62400
28762
93901
44126
11713
54588
35576
4837
4930
66375
36256
31889
49035
6953
63699
58602
97699
63274
10287
1518
21618
33304
32362
89902
40323
89517
58496
6684
34913
70422
37650
62155
12435
91847
15724
77064
76192
15875
1967
66021
78018
6008
74872
39706
14277
51277
85536
49841
50707
2290
1168
39058
38374
34982
31832
90260
51834
53658
11404
67788
71090
67240
68402
4054
38864
65208
19765
82730
1998
92780
7769
75584
97192
58281
93691
17397
82623
2012
16882
39719
31741
60259
35016
2405
21164
2242
82877
74083
68308
11788
20557
93575
54942
74322
96399
17358
27874
69042
55674
82469
4149
31793
24763
91173
95222
35792
44225
67870
55320
40137
68286
52129
1502
50991
88130
55926
26988
82022
99813
2709
43640
44496
24771
19311
63426
61733
22834
65848
74079
1637
20294
72182
28288
30505
92390
51538
76156
9370
81078
31576
86045
8944
32726
17171
93046
76308
59564
56346
78954
42795
35464
29650
21891
13462
60893
94405
12636
78069
60062
22848
94932
64060
22782
84848
88882
95050
54650
69971
64915
98037
45281
9935
85838
32461
63081
75207
62335
23573
82455
71962
21309
28307
42517
69928
42236
43369
80996
61271
45178
82053
14967
54002
79446
9723
22469
35522
95313
77652
53946
36744
46375
1321
1560
22583
49531
45242
59642
71559
59560
86026
85621
77855
72300
9468
29810
8177
25637
80339
10028
35200
73
33020
57603
574
60606
73401
19137
28742
63777
74993
74741
25102
87290
31192
25383
9524
70422
37784
24604
8846
80629
79323
43161
85360
92351
85868
42738
74254
39971
67476
34346
33818
62121
29303
82251
45456
51979
81930
51550
