22815
51940
38087
3330
68019
64333
16179
22698
75347
19925
72262
62896
61752
25605
36719
21571
40642
53642
27263
96314
90945
53145
80912
37524
51141
6455
88246
2855
90627
17798
29203
10908
35107
21970
45496
29358
9029
47791
96343
75657
22438
12010
53740
84287
71432
16573
35025
58717
33331
78421
80907
61178
86866
976
10341
5177
21866
92865
36004
6539
12437
20854
86846
79312
54635
24194
17984
46299
25862
53997
1027
66857
34944
90527
33976
16082
90415
51714
36036
45851
2494
30244
92247
49981
787
40471
78306
54048
52507
52056
71579
90280
78339
99721
56479
17449
67807
94160
94521
53860
98043
57318
12834
2704
46695
85916
41646
20127
75656
14291
81175
68600
29498
60737
80062
61581
60547
85774
63116
55243
48734
51939
11409
56781
87279
55358
79053
310
23771
9537
90463
62160
94922
94904
91339
82535
16658
70533
14587
57045
18696
21377
79968
72735
24253
13663
28397
66119
28294
35016
95398
2767
6555
69954
74468
46564
73928
61432
47782
50514
71511
55153
21697
61636
83456
3209
33963
8883
6393
54172
48984
52902
89415
52257
56186
85215
67186
53071
41504
45088
76625
87346
76781
13023
73478
413
48346
26768
72311
90926
46583
93135
74813
42013
658
69333
46422
88121
5862
34592
81135
88048
76979
42098
15728
40577
57957
55308
31249
85260
19396
91889
33594
1756
21005
24035
57160
66011
17211
64846
30118
84772
12233
6353
83328
55936
87106
34705
75736
50570
8889
99116
82350
5234
81015
82877
61738
93755
95517
91707
59810
90618
70849
23078
63139
36770
71215
80231
825
73561
6755
28649
87249
52871
74288
13963
67242
8719
47279
90804
93094
76744
94771
61750
139
39064
32974
84845
35604
77864
22539
925
58500
77167
98467
74151
11412
97513
49389
52136
31933
80847
53065
43834
6106
24444
17157
54764
89964
75485
40294
918
33304
19783
82369
31449
47023
94993
95483
24806
99050
72468
23731
47897
85853
88223
12766
52651
81726
30678
93497
52383
77166
91415
58603
11016
53743
26107
69910
44734
23735
7002
85537
70736
30293
17380
5290
21028
15609
34699
64855
75804
94930
27504
49236
79069
71710
99115
61978
38681
91483
8310
75173
86785
47788
42620
87126
71948
91643
86147
26534
52481
21270
76568
33209
36721
52501
51674
54754
20854
85882
73856
64060
18497
81062
70528
29965
17862
11710
12690
87490
98430
59046
56800
3938
92652
50433
97437
65689
95282
57974
39582
38866
10694
30544
36422
22431
89241
20456
3595
26811
96923
22269
69823
82519
55702
53447
64089
2234
47593
77646
52510
14933
72477
74559
65228
58258
18373
83307
2713
97344
4182
86252
93060
99103
72087
24173
63989
34295
90415
58150
99562
80109
50500
24743
42384
34768
31245
25905
76275
7804
68590
54860
223
51781
50807
85859
86699
138
32177
92877
27719
69354
95973
60352
6368
25434
64259
62186
30671
76948
31103
29388
11242
48733
36502
79432
76405
91624
78537
25848
14214
98893
33237
95665
81014
50009
81951
4762
40150
88970
62603
31455
46356
85754
13789
58146
34101
24355
18705
66771
83766
3924
59485
37186
76996
23362
33913
60207
72264
97564
8382
79382
27478
14049
20357
37768
58527
39741
13124
75598
35730
98527
