94950
62547
3022
89550
8666
44886
73370
90476
82693
79869
17230
80621
51026
70508
98434
32466
39097
88590
81269
46440
97356
640
60963
73417
80579
48556
59565
82651
64306
56723
12692
7058
21820
25713
57320
41693
21991
90202
66547
14279
88338
43268
92164
50811
61715
16708
4724
98584
39323
89635
49296
92241
40765
17262
19320
7443
93805
20852
53845
50227
44794
25913
4927
4888
62239
20917
47734
34260
98437
71393
68595
42779
69430
70850
34658
86451
30404
89951
62635
72840
80776
54992
15610
58857
82546
2749
10288
20135
10555
91687
23430
83330
78541
94546
73998
49046
88907
6811
73375
79425
49116
61037
13574
40103
87868
46684
99601
39907
4266
4748
4160
16887
19760
8161
62570
87512
72775
82453
41647
35994
42213
52962
2585
47620
25456
34287
42501
99186
63455
59535
75927
71290
36773
34711
72614
77928
93813
53907
88321
69629
18090
41886
64368
96299
37630
35324
81251
38029
40351
63953
18673
27997
43506
80184
9212
20902
95234
43756
79487
88053
52491
84448
73682
26374
62647
83018
41229
11478
10768
76295
53389
90625
90150
93047
81747
78327
2043
40795
16024
12098
25658
32869
24465
72456
28346
7015
98985
87679
78686
36564
12880
73023
58724
44236
47801
61685
8735
18277
84025
60782
25535
59516
52015
90546
48183
89973
28404
70291
48871
44097
12111
47805
40910
52613
35394
53444
10247
27482
87462
31657
40130
50900
43152
28396
49393
18887
30882
14198
25905
68880
30903
72682
22214
41738
79142
3052
94475
87455
2290
99417
48287
31660
5622
85420
99611
4430
52189
13150
9638
89925
14087
65972
52989
52766
6423
48074
56796
40211
6747
7413
1139
48627
54418
83074
79967
64094
93384
49828
32787
37811
75459
93057
60863
91608
12129
45309
86852
77726
2858
34439
5797
34479
71944
25931
21183
15370
17702
14098
39030
56021
24331
15735
57058
48011
4877
67029
13328
10862
61616
45062
38095
48846
23805
82969
6352
57391
39705
11065
68169
85111
19826
3031
41442
94061
32978
55130
37018
42580
21778
23655
65265
70751
78829
31381
7902
14617
72002
2618
13685
3750
31591
35108
41208
65380
7239
71055
89662
98023
11321
71914
22576
28877
32392
96875
29394
13272
67417
36406
63607
3046
96849
85085
81504
97672
9766
34770
71081
26939
56243
45247
47274
13325
47912
37416
33653
85761
35571
25590
79598
58004
36750
37397
12105
42580
15347
39055
84372
97939
3987
12617
51343
91482
94146
65468
90031
99321
27366
27204
11781
10729
23791
45455
37020
73755
63098
50776
60470
89212
37058
19496
61844
88064
40744
68096
52980
4917
39222
83494
43018
87608
70657
92276
35660
28153
64391
83678
37222
80838
95101
11425
19404
21911
49792
26338
50838
5810
57498
46446
4071
23612
44015
34884
88075
32228
50543
46156
14235
42113
70322
64826
99090
44099
49482
27589
80764
61128
45676
61663
43587
38619
59870
96768
24199
12133
19582
6766
23353
84343
2074
72270
97298
33879
84684
43705
26786
82959
41426
35273
17629
85108
57621
14383
39220
51081
92424
23724
16998
90039
38086
97583
14050
45542
62
45333
84137
51542
42467
15895
49411
28279
69570
28235
37055
70033
3560
35744
34315
19323
65235
68831
10551
26418
3506
39425
3358
41997
29550
34582
256
18224
82378
78900
32105
74823
9830
12835
12013
97743
2883
60113
93482
5710
69159
22867
23744
53229
98110
73895
11762
80616
73043
88527
20320
4955
86515
13567
14597
34741
84178
40218
31211
52860
92581
61676
51795
91015
30497
49686
44124
70953
66327
16375
17356
93331
61245
13780
783
69565
45945
69829
82313
80886
1348
66056
64004
74283
38841
88630
55475
48122
71198
91448
14288
43898
67269
56910
56024
62986
80873
91746
21012
42264
6447
66690
23699
6562
93277
54857
46307
61651
34621
53369
46645
46514
32407
58068
18920
83056
73460
97083
19906
51251
56362
51614
48335
42603
4000
39846
66869
34163
58615
16330
63462
73889
14009
47333
11445
56648
50972
60928
89850
57482
66631
33532
66529
25847
7844
40285
46065
319
61758
39127
92338
76772
60806
42420
30261
78471
23660
47511
1364
35158
85619
58802
56708
63874
91931
39615
91397
54924
81764
56031
83690
35563
90388
98540
98262
26395
16986
82684
23311
87934
53997
97249
7796
26452
70782
845
