63449
49946
18047
7764
88303
61470
96608
35688
90614
5982
51045
81789
90343
49628
68390
99754
10672
66075
87399
60380
81922
16593
83770
82558
6487
28298
89007
82522
94964
12760
58187
20621
74441
86404
51828
39786
62896
61471
3398
10487
56033
14297
93008
38362
25068
4200
97672
13184
90478
19484
65318
68973
86621
96364
41434
64583
11272
47361
66831
1233
26688
31638
31047
94803
99967
88064
39269
73223
21375
49369
12597
9685
75109
21606
23283
2662
45519
18167
27422
66835
59705
32349
83442
60319
45555
22149
53686
69683
28740
18531
55039
20371
68691
59889
28135
60458
92599
57899
78154
99097
62801
69962
17950
81450
88542
77761
82654
16860
59278
53553
34425
60374
80444
71327
54041
33216
39934
59697
99104
86830
1903
97736
93551
64059
11568
17502
57575
41139
5750
45248
59389
20667
49390
81957
4058
12683
55933
40286
62504
69138
59616
41999
63366
56750
68614
61985
56503
13958
93076
77719
77884
46962
71091
88119
71760
32373
79822
28366
37187
83653
9404
51801
88011
44075
44246
24533
21708
37001
63828
27225
53335
77652
46779
87594
38581
15395
46602
21656
70777
8819
27922
73275
86708
56453
70653
20171
17479
63003
58320
58949
31926
72902
18121
57429
74164
32322
22580
91896
48355
79808
88528
48516
82994
30247
46533
61849
57107
67112
18246
64444
77488
97166
11096
87552
40498
31383
47602
26894
4436
59550
22220
52329
60703
8497
4296
1623
83180
58661
78283
61595
90122
23173
60713
77159
69940
47439
85253
99182
92541
82484
60542
96581
79560
23627
96643
16840
21147
8106
37645
85941
57994
80537
43146
29874
85948
81291
13695
73832
58189
47728
42415
49876
40694
25835
6140
95796
83461
85662
71409
35393
39669
3740
62117
63229
61320
71964
52375
41250
66724
89897
55232
58068
15189
78992
76403
58564
49765
73408
30193
36803
27738
74500
88563
34061
45688
53638
73454
8248
26549
4161
39769
83640
95884
72096
85808
21850
22091
70534
26966
10362
59636
68293
57906
478
34723
73988
71524
69873
13530
95894
33284
85477
66825
96751
31447
22784
22460
85800
85349
18912
55867
26555
3867
4881
44322
6831
20146
82050
60853
22811
70885
27522
50131
20331
606
99682
91019
9245
82911
44876
8578
70270
83711
80286
30110
41680
93702
98691
37100
19256
34404
13282
24229
6451
25204
92283
40876
82718
95662
38455
131
2448
48806
65021
76498
52797
36670
4218
99663
82896
79682
76937
35047
15718
69000
41873
44268
98544
75837
55260
28061
14519
18722
55179
69642
40093
29631
89378
20073
59811
9707
44128
46702
94272
69170
252
40866
23416
49213
96608
43617
51546
9734
9492
28276
17892
10527
26233
94943
48046
92031
8122
11371
6924
78578
23034
23997
5519
66695
6874
37561
64398
4997
83401
72300
5983
56034
37128
88736
39086
7502
86235
1615
42331
38855
27100
64496
44532
24176
22276
88282
12170
46737
90116
22439
24687
5494
38226
47050
39668
83221
56882
90515
34808
2988
19491
85563
15548
6788
96991
77271
53521
4755
24870
76811
22887
52607
44779
82627
60708
84527
1831
78407
48155
19433
13504
67110
85641
12248
47912
31389
36402
94103
29104
41541
59128
28944
43032
11234
5105
7628
12799
12641
60389
27131
81871
60478
22968
23087
