41353
311
38657
94413
51784
14709
18204
55274
70198
83226
38423
56421
35539
86985
14784
77534
63997
62503
50383
55615
84967
52
86620
76716
28970
92983
15981
88489
91691
428
4702
25941
78003
51186
57105
32657
49443
63134
62012
95957
87073
83038
74356
64817
49066
35699
77744
804
25418
98174
61542
7563
14571
90907
23595
60155
98772
9718
29539
42672
62156
20118
22491
93472
33897
93790
68110
85670
7511
43298
94027
58861
50758
72959
90719
68822
56521
18056
59602
312
58084
84357
39754
30202
99767
33870
39639
93340
20031
57658
26045
30360
53871
88970
61121
31351
10267
63283
60953
9170
28555
15263
27895
29404
86823
78408
57745
92688
56707
51116
85336
2938
91682
44327
78290
73307
34200
82423
40966
90153
49573
52882
64448
40217
11996
14435
5951
29736
54950
24314
31260
68920
3516
6422
30375
97243
14334
15339
7583
46837
61933
69748
22180
65452
12494
85200
4792
51417
39670
11439
55839
52184
35454
55094
42526
19038
65946
13769
12632
9059
65076
99604
84988
48774
15844
83058
2897
2777
80449
55453
66880
10383
16067
28008
13291
74114
86635
22729
955
66241
70095
47105
76649
5599
6098
97094
7960
93842
43286
80445
92624
81517
10857
72810
72627
8943
99936
60687
31183
86390
11560
95461
57307
31744
15593
72949
9835
6921
32995
33802
3039
81289
77028
66679
45012
88402
14800
38504
17848
73093
30761
85701
22825
12189
66376
51227
50525
46456
58792
94149
5628
89345
63591
36383
75562
22742
24882
85974
22890
7083
53015
150
32545
70713
32936
46571
89678
65857
23815
48370
39121
95832
97461
67139
73509
30733
14638
21202
34574
65316
30527
59851
87461
6120
58636
61855
59502
15454
29359
21713
31083
5885
9923
78302
79166
98951
20332
7114
73351
76844
76832
78869
9438
26177
46281
18670
77429
12086
36393
41385
45398
90451
64969
95119
14324
34343
85775
64793
43791
74956
40662
83431
79735
68940
36066
52272
4998
8265
20466
66336
70964
51748
9652
18649
32254
82635
94826
81834
32436
36391
13918
13530
93573
32329
48498
77062
31262
10048
74057
39073
74415
48904
10546
48912
45331
53239
53508
88217
11039
37634
99310
42129
38220
42775
95950
75711
31849
66226
32089
4044
65438
79900
34749
16859
52956
10480
32006
8661
64345
17990
56104
14183
72229
8243
44474
54225
31194
73841
12586
25212
24211
99680
72755
52664
2328
38928
42954
7110
391
81583
24017
42338
53253
88644
96370
41780
76334
4910
30026
41965
86444
9234
95608
29914
59767
71852
85078
61455
39537
79731
395
54426
11979
38874
39355
19704
58996
9544
9684
56209
84157
87553
54325
19193
75526
24082
44316
94746
35944
2622
73664
30437
37417
54529
49656
37207
28952
82927
9735
23559
41143
67340
42410
68791
30286
1333
15583
7552
34913
75211
25622
17050
60452
92119
96854
63664
73512
77348
40552
30941
8893
73706
29545
52881
37826
27584
96056
61878
51472
61960
37392
33866
72466
4501
59552
63576
84849
3663
69931
93105
60070
62227
11936
12559
85388
76748
67343
98507
52733
55873
30290
71483
75627
22495
70182
14681
34913
73243
57023
57874
55809
54434
50512
36647
6920
2228
58758
18518
27618
69017
38117
12624
71199
628
60731
71184
47333
5984
82734
65139
60731
78148
89659
43601
89622
21425
90616
38446
43482
81545
79360
61575
67303
31411
5744
51707
6589
50297
17147
94659
81970
30726
96952
21713
19541
13955
43195
61087
54043
77943
38932
17430
47011
91762
87969
43602
1745
39229
1060
16824
66317
58803
74993
62454
37083
38053
42215
87376
87396
19781
55952
65108
27939
59066
99503
93763
14058
68275
62504
72436
89641
54083
38530
64864
38014
86588
30093
69466
72662
85495
59942
15758
39777
16850
87422
54724
23836
99724
4504
12240
15425
46558
73949
18801
92035
78540
83161
39130
45544
36423
43589
75343
48325
72499
56485
9288
97983
44811
24491
11006
74614
2365
50856
6378
481
91044
33063
82984
62087
59849
48093
71048
63865
51691
40297
50748
94942
32188
70164
618
94477
13948
23473
1232
8307
15142
91950
54967
96110
62414
54988
59435
93769
23101
57969
60337
52993
29005
68634
1758
51191
38977
75768
87841
93895
46635
71796
30210
22612
29915
74141
40999
54251
72423
66569
98278
97837
89480
39830
2376
40920
27872
26853
1225
91980
50614
50000
25270
97170
74965
88519
82171
99923
41366
21438
7322
67186
52612
20235
91058
53861
13906
23875
51505
24117
25715
81874
15195
82570
13257
17199
54936
81412
45545
48776
62834
22781
81694
92308
61665
64512
18049
46258
43759
30686
21414
98071
19474
90226
79269
33230
83882
66246
65875
19709
50142
11779
64829
41510
44680
8130
40630
45573
29396
51019
47861
69755
41462
32880
93213
71860
10258
8374
46666
88592
12358
6610
90619
80022
85368
32575
74726
74418
394
37117
3007
42144
88725
51683
8857
65673
32477
24277
17346
34356
13075
56235
15844
88333
59369
80767
10635
40570
45370
18455
70888
73787
96306
54513
73269
93375
2558
99384
88026
1788
65227
27748
57768
82640
92772
64098
57484
96930
42618
65853
52239
56376
75088
65184
21411
54004
22265
5577
41430
93856
77975
90945
53859
77158
48730
80034
94830
57323
93328
3086
69632
73197
86301
5879
6009
98475
5058
17687
56615
98417
43163
18450
86734
87413
98958
27238
86996
90932
45915
70742
17560
