1120
33594
3292
28719
73802
44316
94944
77006
95001
23375
62726
98983
49463
92821
91338
70153
23878
2911
30079
19273
25264
96797
15983
25820
40092
13376
11696
78942
35216
58710
9689
44443
28025
6392
30047
83754
99498
380
97249
14492
70185
66696
21899
50653
99936
75658
36665
8247
17533
72632
82440
18686
48025
31112
90410
69698
72633
4315
32573
42703
87558
41220
70103
85858
70634
5675
76695
67615
69689
33727
32191
22633
82568
74798
87895
8139
91204
14232
95753
66772
10016
47436
37538
79056
44692
21952
45078
11898
72057
24881
66103
61601
731
86197
57413
17066
29135
63308
80927
97885
92433
77590
10452
63991
62086
41638
85969
28583
76739
8881
66063
87336
12515
45311
26732
67987
16459
23781
81088
6699
1897
84758
79810
23429
67590
56048
72242
28581
54132
61982
87
76430
14350
81703
38358
67252
68793
63353
35336
72511
58497
23214
55876
84423
52594
19836
76135
54779
45894
19001
41056
10612
61289
47928
97773
22328
54650
74321
73618
63473
63025
21966
83354
79861
76091
28147
64646
74030
74074
22499
36488
42284
49885
94757
20887
45788
31910
99977
53452
35269
51572
53559
46460
23810
70630
47965
17043
33968
83617
8117
27151
15633
34144
43100
62480
63822
14873
75772
61009
40675
790
91880
71114
72047
50033
80379
83099
98137
33343
90233
93298
12495
2303
6936
77971
11262
80792
34931
77603
30065
93250
787
39529
54310
54727
76897
60157
30787
30810
10911
80363
12922
82152
82018
29026
35493
22424
75109
18045
86745
77804
5573
62352
22888
66239
44145
20414
91644
5222
63048
16013
26832
49985
68123
12676
53134
4591
62157
45519
15228
34983
37035
36580
78254
64267
95067
31853
46350
76504
64653
87894
91047
73213
45528
66269
43295
37467
87883
93339
91917
95002
38365
83898
34293
56195
48632
41970
70002
85586
91391
53914
2452
11499
61627
28490
15543
21902
98680
55264
96597
51470
27847
16788
52509
85224
4041
14910
85094
22349
17473
60949
31869
16667
25936
94680
34124
5040
14027
43050
14155
1503
62747
57887
75121
19486
98413
76510
63725
98447
47698
33501
39433
26815
71684
50145
65224
83770
68014
82972
62489
25329
94442
25002
94457
91772
52041
28100
62843
72326
39980
