53395
80869
12920
51334
38822
57511
54735
98153
1414
75167
89036
80276
58828
84573
68983
57092
13001
9879
44161
87410
50670
78549
28837
57212
31890
58249
66393
37844
27401
24564
43923
95917
28950
57278
47251
29357
98798
35825
91263
98880
22722
79085
33495
32895
55521
18673
29359
17926
79950
68472
69126
72236
24814
34059
17695
95587
75459
186
31248
74738
79996
56093
24356
49484
52276
77256
91436
19922
16082
84654
26747
34959
33489
32532
54387
62704
37662
70706
13029
82427
11655
78916
3523
18467
77967
45276
33084
24217
14878
56381
60765
48812
59556
34593
85046
17478
52957
29568
39518
54483
66152
84008
75664
51299
55386
44249
66979
77443
35785
15222
30507
12793
10012
65912
47860
65095
23862
45471
12921
62246
41960
98013
50613
35510
96211
69475
30109
23253
1130
1516
91231
72074
16895
51439
5139
70996
84252
74991
26969
57906
99085
68383
73998
48340
24196
51212
3131
23818
98999
17611
79979
67568
78568
54797
48242
86835
85865
82512
25203
79215
25384
24070
33399
30275
25874
56759
16274
11740
13236
57729
19095
24477
78067
23347
92240
25923
82157
64949
69200
7289
8546
43139
19063
95021
67776
69939
35623
2651
61825
68436
63785
97860
73323
97498
89846
90777
43754
58251
99726
44130
74910
69613
46311
21193
87269
74222
2712
92934
95795
78213
89575
38039
10479
19236
91609
18700
84437
93081
60376
14231
72574
4457
9294
9204
94090
9527
17356
96210
40843
25418
92305
21353
79135
72839
68755
26102
81398
18118
5343
3335
54464
51818
79207
96868
2589
11721
98867
95241
62273
82520
70567
83170
85278
16430
32407
46827
4348
82692
60140
36774
50724
85775
70856
46116
42398
56920
18207
7414
14402
52563
3195
11585
7325
12329
15187
53977
68478
68394
58079
96041
14737
77506
8215
75258
16596
23070
39021
5294
77532
39517
51762
43616
35596
48878
61408
45172
91542
93604
54011
36534
9899
81378
69241
92749
82648
24072
73570
47974
70192
78562
44121
19764
69731
30887
7897
35766
2476
27877
21876
67282
73998
51191
43413
18230
89377
10922
65829
55966
90396
35247
87191
64604
71628
7507
80484
58584
94986
78936
29834
2391
84029
20415
17173
20948
74291
70340
73392
60539
41774
73045
21798
53227
60985
37549
73479
19578
44928
77522
68889
78060
11941
91287
10843
35122
83156
50870
41292
72964
62592
46099
57997
31543
27526
12000
92318
38482
58298
82414
91096
94125
9894
86317
84959
59383
26414
26653
51500
34656
43567
8554
77270
26831
34591
59601
88132
80056
57990
13228
18167
24103
94814
83049
64695
90133
21622
98640
83512
32009
59895
23859
85992
25732
61798
956
67008
60798
96429
24360
16789
64101
7463
36704
64888
43189
63648
95429
16118
98927
12048
83247
81585
54356
35420
81725
12
15286
15169
40083
56101
54615
85509
93897
74861
49674
45244
98451
1679
28548
2702
11964
86981
43028
60169
21038
82904
20688
6417
51698
61012
89594
51430
51823
72033
27109
10634
23341
91239
4459
44351
93268
1445
95201
88368
58196
63089
96261
96766
97776
61639
42652
28732
81501
46753
51225
17665
85054
49847
51568
82384
89201
46769
22869
49601
14618
91412
16334
14884
56079
94342
53891
11855
49877
62328
9435
74814
50624
5379
10746
7430
85359
82866
88377
207
82024
32632
32733
25679
85556
90737
68453
54432
16695
88174
87447
66741
78080
39666
57242
30347
34206
91562
35421
6368
25662
92009
50301
77392
80475
2814
98389
66208
16257
36066
39341
91422
72715
84586
81583
28490
29337
57255
53058
26121
98853
67036
43984
15851
12423
96231
7632
75399
91335
18436
48482
14063
61738
99925
86755
35380
13707
71031
76376
8348
12193
26126
89626
94919
56753
23542
59951
