52549
72244
70920
20949
84534
13842
34076
95968
74259
24930
89090
83483
56191
70143
62647
79787
29275
22041
34129
96704
45141
65902
86908
11557
47049
30318
35024
35203
41200
37790
12448
15288
45885
60133
29187
27057
30530
99224
1455
54255
43989
717
55584
78103
26203
90215
97168
51438
85927
32570
97626
43051
30125
91209
99848
87617
33391
83812
88248
32077
109
45830
45337
50667
41125
67751
54803
50420
78428
91149
89309
67873
869
16371
42382
87628
13378
37247
97206
84353
67931
81615
58603
9878
28147
61094
82182
80379
87072
66717
78607
1036
25945
56180
82153
98670
88827
61378
46446
90684
75613
78870
30374
76608
14956
61909
76513
6014
76038
36616
95356
475
94677
81972
63530
11280
90302
59840
1277
66834
39186
79732
12966
17266
89690
76852
16814
90056
17352
34167
27642
66470
26842
22186
67768
45461
40257
75565
77343
58801
39821
57942
97888
56091
92805
28583
78300
37517
33763
42171
46304
5772
7427
33610
68164
1544
51401
78327
96390
78437
40059
45649
94779
91068
25321
56924
833
4459
42032
5464
40029
51300
76159
58693
19063
80758
53310
54800
91625
87641
30603
34326
722
48088
88990
3308
5446
39529
39540
29766
74093
41493
45734
32930
33016
94756
12675
23186
75247
38391
20788
81397
87658
20811
60741
50556
61900
24364
85108
57453
86324
93708
90105
37927
16101
5539
94448
33213
1682
68758
78091
34308
2031
34710
62988
12754
50386
5973
91173
93623
62623
74059
65648
10972
6774
57071
60067
21247
93234
38654
39161
60769
18937
77600
84963
27821
71758
92956
63444
71041
54068
94909
77673
2180
50090
31867
76538
39620
77269
13842
34478
57008
12370
99550
73325
37984
74285
63790
78483
22999
41283
20042
45749
73709
93071
92493
83986
7244
54614
66010
93805
35320
14599
62226
5426
99431
72881
71568
11553
68255
21020
76202
91542
93933
78599
71959
73207
57601
65526
68622
94967
54522
30670
55061
85680
79106
96152
65154
17137
19161
31222
39223
9851
62289
66332
4299
52330
90202
74423
80758
53972
82898
15832
89442
2710
58274
80700
80044
57465
78330
49724
82155
39208
54568
96948
54129
24971
84198
69982
49608
31989
24157
2668
53319
6507
59570
67887
42356
54287
71281
75043
6318
88631
72952
58850
62322
11324
30253
57865
13191
93938
56968
38753
2659
96563
83536
38329
80935
34250
33159
95846
22081
6887
50740
56440
60567
25017
52695
25780
80814
93720
3883
71534
28840
9082
51197
34763
53602
65818
66994
31576
91382
4562
79997
70698
87025
84577
39287
74197
91174
9879
45531
19674
57162
88187
16380
96967
69403
27460
11192
2569
78617
74373
45955
49492
90085
7780
65509
77312
34876
39901
93057
52780
52533
98516
97320
98127
58574
19883
70848
96402
77127
29347
24644
83272
12751
7871
92711
43061
6103
70990
87759
19291
17830
68700
5258
76783
51515
89474
42950
35559
29318
35484
61052
71148
40787
87945
43581
42319
40001
75520
17786
24384
14377
41583
64559
13785
79870
32605
86606
37681
88693
19669
77789
58246
18323
59058
50634
87186
94106
92387
90329
5958
44586
32529
5734
84353
68299
63890
72054
66437
68209
52176
93279
87021
14000
97284
3201
13606
81319
81070
94850
94579
32846
23191
66982
32267
97454
57187
12275
7121
84802
27560
98863
40206
28006
92576
80435
23784
29965
12802
59378
38290
24312
11131
80037
37750
50014
59595
78007
24991
11060
93090
3645
71290
34721
45503
52897
19861
2239
42808
53222
71300
6572
65410
10121
5322
58517
70518
63609
50639
64984
45488
87092
1962
78685
8376
79539
60455
30273
83032
66292
30499
77460
32272
87560
78050
47472
37821
40558
48465
32936
45465
3385
98826
16551
68361
187
48426
73875
82558
1400
41890
21105
5798
49535
11185
83892
26442
99708
29489
13826
71087
18516
93057
58683
58333
76049
11246
11174
97594
932
70617
21749
22507
66615
68473
97337
87040
28637
92597
23926
12075
43073
171
87215
81812
74884
40464
55851
61200
49393
28630
82276
67266
99457
10812
13193
38523
40901
97836
78329
24789
15914
56213
41112
53805
72058
45529
89097
99564
11509
32720
15537
30173
10030
83086
87725
53064
16703
30364
18594
6474
17134
67944
95324
55753
19928
20379
9831
25513
90079
2800
70234
89762
85468
13284
62114
15115
32766
88246
687
54658
15124
83119
34384
83414
90614
99972
64255
99100
17714
18005
98257
45964
3137
26786
75908
39033
10437
19725
15101
97292
31889
49997
72950
27592
26702
74791
73358
92074
33993
7146
7060
64768
26172
65965
38427
28929
6837
19172
16527
59434
77067
21461
96213
953
27707
70103
75424
4452
32660
4336
82335
53302
13844
69752
84667
49998
89829
1985
65142
99667
39181
99455
90415
46796
77692
23466
86755
39312
98295
87145
2199
70611
17288
61342
51258
73433
46464
94988
14735
49446
18938
79057
64145
45972
26545
40937
11747
26043
90793
11967
24019
71920
13475
74520
10406
88832
54474
14742
67112
10659
51712
93689
81727
46537
28515
35447
39927
37666
35601
37523
37318
84416
38124
34993
17129
92086
39003
45
61796
67379
4125
36162
58036
86531
72402
19173
38397
15474
65018
27525
7701
38609
84481
21779
33369
16812
52516
9505
48800
58150
1690
11000
77391
61040
68181
79252
46199
48655
16613
18149
34555
43879
55185
69224
13755
76191
7788
97128
74602
699
50900
46240
33208
11251
2228
60835
15493
89713
48897
81267
2496
52135
3437
78068
45208
90436
7148
37839
37119
44102
7606
45589
85932
9791
54672
49644
