72611
27773
73358
83882
66545
90619
83835
70578
63489
29068
38615
77313
57254
45899
95355
71103
93897
68516
11988
76011
70787
87283
18336
63634
56340
81385
87499
55034
30186
19295
93081
65072
23750
60206
48673
16360
62822
16152
60472
27270
18475
3738
23300
88416
61164
50768
39984
91271
44244
92448
16776
55181
98289
81553
20670
94726
1438
72329
97710
56879
39476
63739
25122
16116
57130
60799
24142
52284
17477
27677
49359
58767
68692
74699
23938
16847
50377
60066
92727
16916
10617
34620
43849
44080
28199
30387
76968
57984
2415
931
59469
59325
38287
65367
94822
11869
76688
53735
2793
47366
51717
86394
73135
42700
31057
69929
55282
90556
23945
39310
61610
43223
28934
85713
30694
55844
43733
98733
48350
2443
63799
41027
18167
32659
78769
35225
15152
57999
65911
23107
50532
70912
72700
29980
60028
53952
52571
39870
82290
94191
11313
36009
82041
18018
18715
47072
25019
88219
49494
22248
14936
27821
83489
54945
40261
41723
18879
92833
92849
52506
47472
43049
7800
92822
11223
33979
68124
24627
98185
38359
75044
27813
44011
67408
95574
54262
60836
33588
91925
32840
34505
7072
63878
65888
45406
10567
6939
25602
76551
45903
71366
5560
59466
16190
7227
73316
82214
25070
48819
81448
43567
9012
72230
29742
65625
26483
97244
32164
71577
52069
97704
58976
80671
94523
87164
17636
9083
60877
33853
61826
70166
46789
62195
80867
92334
1719
92342
40743
50686
60324
36439
17868
96052
90206
41561
3978
65350
4781
66134
74613
84363
35020
60776
29989
6735
95562
52138
65919
70538
93618
86169
94561
32815
3698
56911
66676
85917
59716
14572
17222
45716
34171
1567
46108
23594
39602
80540
90145
14291
95908
75333
80958
23744
61109
30352
17331
80717
70670
21149
53045
1316
20577
35321
23459
63003
50652
91380
65393
33366
66060
43113
84554
48559
15891
73265
31369
7585
91779
78220
6627
82969
21481
19934
24793
81773
7237
33217
57070
48530
21394
55428
42495
86978
93034
70471
63121
34129
97025
51344
21279
37426
8291
46272
63853
36364
54286
57079
99727
60463
67966
66799
57406
99867
11296
46926
57606
48672
12927
70348
7657
96526
55561
82978
69971
73237
49011
4858
46757
23962
29868
80918
44173
90274
89062
21861
15446
3664
85377
82929
47173
8260
28080
28514
27936
16265
58800
14934
94084
24082
40401
99544
82164
85829
83492
7051
5699
86399
65594
3820
1212
70857
60871
30589
99635
11301
33488
18156
45778
66849
89102
83845
28796
70876
72945
47277
59614
1851
13972
28128
31031
25886
61565
89193
20735
90946
83736
96357
20925
85183
27203
90226
76740
33371
47801
76389
28779
73998
50026
70591
84161
42236
35158
84703
55727
75326
55943
4885
99497
82472
59866
36153
3491
75597
11905
84346
50144
37902
98505
25394
81226
25339
60707
66390
76164
38632
72340
84640
97489
45916
84546
10757
90596
3673
40902
15006
11694
49548
31899
7360
3253
83807
4904
25632
85718
18169
66856
19979
77122
41039
31165
86180
79855
82027
88628
19837
3956
97925
73937
11949
35138
54313
14306
47769
32353
42512
81237
3404
21615
74241
29828
12093
53643
48451
95414
65672
10780
88377
3832
10325
29017
79476
3463
7448
81803
18588
4526
66446
26334
81110
69889
91882
3094
14369
6741
5
89692
96748
85874
38783
5987
28484
21893
53884
951
93652
57109
7740
96677
89475
59647
58277
37713
19675
66677
98677
5770
77932
54533
16142
3331
98409
99258
80527
69432
3974
94656
37096
58819
33835
51182
98588
11460
