1619
14936
28069
53236
7632
79471
30444
59887
84147
12857
86204
77238
63
73301
34421
7159
28712
59620
62
42215
92637
93944
62120
14705
37967
90410
77754
64478
48875
21153
20019
62248
64245
25554
85649
50031
44364
11964
80246
54762
61789
52601
36694
6308
24525
88610
26453
86357
47892
94037
26351
77810
6897
16325
67193
80173
15183
75522
54766
27279
73967
17590
36478
74047
60976
505
94194
68146
97660
10085
5950
8010
19203
39500
64360
60345
94715
15272
69809
38348
324
51924
59678
70133
93212
65595
27413
21875
43100
61694
57427
52100
27297
71178
57173
77514
33860
69755
28878
46424
30973
54177
27094
65797
8330
9897
39598
7371
95979
62378
59284
47536
19107
22445
26416
59974
47325
73195
54774
58516
52213
9875
65351
28189
56196
63450
69312
81998
2012
26322
87447
67322
38182
5580
89083
61677
80980
82272
7182
10161
79877
47862
90997
35019
45724
69670
2139
65492
87466
85509
99038
68880
31249
86652
19969
14073
27452
81051
73846
93275
27192
12840
99081
89866
34291
13504
62614
17179
16990
53411
56612
44350
66970
21324
85757
78060
6999
38326
21643
43429
93922
37
37321
37780
54841
81005
14784
72047
56007
83173
36640
85782
94578
21777
2450
89936
9249
58026
5104
81782
56640
23823
84869
50223
81574
76816
694
74990
21770
90509
26027
32964
9997
15647
77164
49267
14458
795
76918
21257
52795
4770
69350
27928
70822
73699
21187
85897
31019
24777
27098
28150
9350
44182
42794
23783
9501
80950
78143
5789
97820
98550
72479
10174
93703
18078
35124
7002
85973
97392
17509
64194
80428
17055
35995
47464
1662
38197
55994
58997
34005
4733
49523
3412
44998
67471
47733
31424
29140
40023
53787
67933
18619
21879
14084
9430
97701
8795
26140
30997
51842
80496
52262
34319
92724
52919
86665
23218
24124
46549
33245
32447
19550
66468
93767
90880
77435
6542
52805
66459
47976
4960
61492
71887
64707
94738
863
13014
28043
12619
88008
6555
78399
3739
44706
57419
