3379
89764
11165
57074
18869
30419
33820
6419
85801
10614
88664
27648
78508
42895
14615
27865
21570
28592
38062
97311
58569
42504
43581
51019
57407
6393
53274
48446
9409
36378
90580
19670
84493
33515
69844
38760
19049
47624
92525
7900
75629
63895
52466
64595
10650
98823
63535
5074
78616
60703
2053
9235
11762
76526
31393
9182
29761
80800
58443
28051
39897
34440
13668
22032
84217
90372
25194
22624
30473
48345
7424
76668
12369
92783
58907
17182
71246
86514
88267
52930
62736
68301
3738
36162
57616
22949
96397
89664
28796
57367
38721
72492
29485
45601
90419
29120
10529
60291
81627
64607
8076
44757
12270
21572
58393
81346
40134
14810
7036
52580
78101
2701
95391
89946
70957
39188
20029
27345
80194
70949
1908
81459
32191
