72870
89479
27067
3705
75323
7101
43319
44481
76323
25920
21350
21564
20329
62686
33327
5427
20031
59262
78140
53892
31283
52975
25857
70795
9648
51116
79528
88749
56971
80065
11720
83695
22390
96917
35103
54553
52682
93994
5062
84256
38117
23922
45995
16911
22195
20689
14917
14888
23951
29500
89928
63396
67191
42079
94463
93298
12842
42582
55814
42035
66129
2577
23712
19194
90828
93615
28281
1615
49171
89731
50592
78846
29820
72611
34567
48157
49301
74860
32579
40407
5302
18062
58350
52049
57115
10664
23818
3943
75803
73664
26180
94016
80796
89850
65108
37051
95361
75218
54245
61677
80560
31845
6737
26515
23551
11648
69405
47870
35437
70131
46430
24773
47722
32442
33491
76950
57643
74029
68892
31330
50205
70033
4695
21877
72649
69460
69761
39808
36725
29689
69418
63365
49511
9312
2621
50996
57542
77724
66153
95908
65717
73632
87048
63557
72526
4074
81702
17477
37586
89354
30664
65624
11296
48165
80038
60995
17243
7400
68899
43687
19844
15597
31855
81616
72624
46674
19521
86942
81411
23863
62796
84972
70188
9891
31567
38668
73474
31146
59999
66304
43452
81214
26407
20052
14748
61245
7714
45845
99881
46227
21942
67047
16601
13307
43411
83541
21821
39211
7387
58633
10008
576
83560
47426
58427
57850
63531
38494
47190
99547
27787
98519
60278
53862
25587
30870
16887
13573
27540
56563
24581
20271
95217
52878
93438
58405
78229
44194
48978
47351
5032
81080
71182
19865
74119
85856
32500
14110
40882
86578
67879
98886
16707
90075
46688
70601
50722
55751
78748
68540
14625
8518
68875
39563
21462
3619
27778
59267
74183
46166
93117
69800
85567
72242
27065
75263
1229
59559
79416
1955
69160
42263
87539
18777
79001
24384
14522
61879
67697
52949
82787
61456
52226
28791
87747
18019
34226
15506
8085
95186
34328
33668
43253
34031
45175
35857
26327
69149
42906
4381
37769
59380
64207
98547
22595
54083
43180
11462
43136
70630
47110
53118
21866
99023
29936
16807
78363
2116
63933
94017
85395
94609
34355
85735
2663
57531
2364
30470
3055
50861
90911
87519
81887
29678
88808
52674
69931
94356
79809
7955
4227
48765
75066
94479
49924
50071
16656
39504
33026
59745
247
65666
16271
64354
65085
43063
38412
72133
2086
72903
34264
54117
10138
98222
55008
95218
77877
38285
37364
52614
56028
26514
12558
66827
21728
73761
63853
41952
72267
59279
75921
56270
4822
56655
66815
17498
82026
67410
20894
57930
97418
41955
13595
97186
52066
41751
95330
58222
4726
34182
78416
87125
57016
43849
42312
13812
39145
90937
24847
95105
75039
45393
6409
12198
5166
29208
79749
2028
99706
94463
90150
8344
38121
86732
63053
742
81236
84325
6179
57344
49077
19015
87356
44268
87461
5173
42563
33610
62836
50619
35297
29315
88455
11020
12083
74550
29783
52143
37107
38258
79628
67768
45351
85576
21528
10373
46783
52497
94614
25893
78013
13633
21203
54528
20905
46297
88364
77532
42567
98886
27449
25687
14992
67907
73756
77235
47482
10362
48944
74520
25474
38534
21399
53842
3871
72783
26710
11925
31096
10768
85067
67789
97510
99353
65288
69307
1226
5731
28276
26353
2876
35587
95735
69431
86911
63354
64132
26340
81599
88782
13094
79061
39145
98905
43470
76883
26737
55718
28757
8321
57336
20878
90587
45495
17511
278
88016
37636
25888
83920
574
56218
33316
26794
9478
94465
26472
1526
53543
73724
42355
34119
24706
31247
56660
54012
58920
34282
63720
345
13599
49712
81086
62433
71555
78813
71203
78830
46848
52881
41856
56392
57235
20829
73323
4043
60666
81311
42185
77876
24771
11064
48904
4843
97328
35732
34887
26021
32656
29628
48915
96019
31415
80258
44064
71501
83014
74357
73696
65534
94379
70453
71961
12719
65586
65677
1406
30193
35662
49529
7242
17371
56598
21438
94535
94980
66834
48326
89561
8861
28891
55269
77390
55518
68271
99698
68532
81370
40908
28173
95499
263
29346
8506
65506
30138
17164
79944
71116
4808
19828
46498
76011
74899
84083
37812
92549
18969
642
33
62670
64589
13473
46721
14490
29847
20934
32069
67874
17592
60011
68714
39498
23857
65446
12730
46705
52631
46455
49141
94902
68707
27864
8308
37811
64845
14660
84486
16162
26478
14755
89648
69283
9002
97405
38631
53937
99839
42693
21860
88940
72024
74590
89068
11261
71602
83262
45832
83082
17957
98915
99743
31358
24887
60498
52017
32083
11300
16339
5708
38956
18543
42806
22369
49339
10392
66590
41672
68212
8638
85805
77178
91245
99796
6147
21695
18703
32917
30215
8664
14203
5777
90932
36579
72468
31532
51611
97678
24807
21872
89274
71095
55142
48223
60793
13684
93713
81764
69041
38954
78292
4499
17515
74116
28661
93808
77099
63314
83437
79833
10940
77018
95731
91415
52468
11698
10289
36134
86950
24523
50166
12837
53013
58444
41365
98831
94656
23408
12379
55688
17965
41964
73742
36559
23728
86617
31816
22987
36369
31905
9399
66630
14874
93597
38320
31796
76469
69262
50660
16158
64426
77943
46168
24116
4130
13806
31278
71371
94497
49660
10587
40408
13986
59239
2452
24369
62366
45882
19820
4346
55164
15429
21735
86481
36846
47605
80793
39415
35600
16354
53909
23138
81249
6168
76325
45806
45717
39128
4448
70960
86725
41094
47391
83500
39318
94322
16342
52823
70134
11461
24870
74587
39848
9573
96414
70177
32506
14445
68481
22367
8433
28143
95375
6756
60246
18451
7115
90736
48578
27372
32540
92029
78324
41782
12979
30604
51948
71209
69032
85627
82023
13950
65187
71338
33554
28616
34770
63638
34503
75582
68973
85633
83141
8481
37070
22770
92817
25095
60621
31552
79927
94737
92515
49042
