6491
93158
55809
59386
74472
8133
94862
84063
94237
83649
45325
59853
18311
54390
5935
52404
34504
96361
88647
42201
53375
52221
51815
21522
10751
89125
76791
91220
78453
24632
78011
84338
22647
21563
10001
85422
36543
70716
80387
20718
98065
24010
31745
32229
56517
48949
67779
29758
31553
96374
8242
21536
56429
78679
7897
31644
21524
50555
50853
58778
48194
72793
85368
32814
86629
20378
89227
86519
81265
77006
94099
70224
16991
62486
74678
68722
71798
64937
68933
26290
50640
82510
98059
14087
57204
4356
23683
26546
42214
78716
40832
42493
59582
58159
49600
4196
35692
52288
76371
23225
28287
9278
35599
98785
25266
38070
19970
37168
69159
21233
58655
82839
31960
32094
93087
57699
26088
51436
56444
29722
32375
8002
95944
71953
82778
4226
23830
95674
35920
90605
53653
12688
55358
70040
21394
68684
28046
55711
8759
18339
14293
13595
90196
75668
10637
74896
43802
52278
18634
84337
7502
82792
38143
51550
78664
62794
44349
49605
91590
99790
16875
9606
55475
48458
14167
6913
90382
99614
60618
75125
79321
4800
79198
43983
3974
90679
89594
60194
47839
98874
23527
3386
13838
71800
97172
20466
62372
47073
37652
3360
72045
29426
54535
49845
18202
10483
92591
29526
29583
82799
54012
55350
39897
32131
10021
18462
82428
24034
32234
44463
65383
55905
73022
43554
84542
58005
60134
46001
9686
97446
17299
45312
44275
9937
5788
88054
78851
3716
52406
60020
22701
37556
87498
27845
81065
21967
88388
84966
81435
31912
40532
8576
33170
68287
59937
36755
18420
83367
97801
82571
18433
3137
36735
86744
64520
46486
73439
56020
404
4716
71589
54558
35433
8794
97940
21423
52503
88881
72246
92998
62743
96027
74136
63900
36038
77712
66525
48390
65203
38850
39845
49695
793
33856
345
12311
11744
84010
14484
31342
60026
32363
5581
2588
95901
55765
12397
63436
33718
78884
68364
56592
14956
70311
82328
48329
36954
62247
48041
2871
55949
6661
56353
760
83777
1137
14438
57899
72345
58595
76971
13967
44831
48045
67323
56481
40930
94326
85687
90781
8847
97498
95873
74874
59853
18851
30496
42704
99265
95446
4542
34724
83868
24826
46031
13456
61253
47361
74600
65644
40531
87761
55808
33689
96453
29179
8880
49391
85540
22058
28800
25962
41127
2017
6160
43883
23893
65774
24000
57429
77921
83616
88698
89824
29905
2110
74648
71467
13195
76308
65881
33648
3568
65182
85180
73507
96308
93065
88953
78510
75516
50963
15287
29456
49162
38055
74567
98824
81995
50103
49328
32903
86862
46373
71196
46846
19895
75849
57762
76255
73309
69832
34509
85318
86608
78976
8368
44471
7612
44744
90785
75862
76655
90883
20761
26045
34989
45319
53956
6807
9895
2730
85470
41546
45066
5933
18392
10737
62311
32767
95619
22438
10431
9413
3130
15833
4144
49062
65114
38431
96407
59880
70459
68641
12170
33690
16620
28367
54918
82512
33262
23673
72186
96113
23823
92552
67717
83759
87786
65017
5325
765
64114
23379
27510
55638
74760
52747
85253
92402
54507
77154
77798
13597
17111
73583
64024
10293
90163
18607
19183
3755
11630
72069
16837
80280
17777
66654
14949
47480
75666
76161
98325
113
14986
65849
81538
57151
12165
65758
55467
98613
25907
9612
45629
71702
58557
35379
96020
56168
81666
21456
98410
12677
54679
56998
43087
37190
30204
35630
18937
76590
3431
79176
60025
12703
95814
97582
12631
97743
8817
92066
93438
54242
13276
37723
92974
68458
40642
58048
83040
2106
10966
1098
54933
23642
51977
50333
20344
14525
22042
51289
93304
9809
56316
79076
79576
92372
41210
92396
49378
69506
58186
3969
14640
60520
27806
24211
5329
69345
50828
39455
3425
75280
82735
76493
69447
59228
7537
75757
11814
64347
51773
25812
8995
89659
44748
59906
17605
82860
88848
21002
73581
33039
78500
99814
14464
243
88131
71406
82428
18226
18041
9752
1117
89340
83410
31743
99037
52142
24535
49109
50798
38060
61338
71434
53762
49980
92968
55299
75226
87377
98378
80454
45780
97109
53651
80702
7801
8843
34846
35876
54269
65547
17116
62211
50551
87206
27715
87913
592
55809
47231
96288
53069
11203
96543
50619
23358
68421
12533
40245
75665
52311
63222
44017
70441
64246
47208
98094
7714
45819
65805
52730
8396
8912
94039
58061
3156
41861
37335
73656
93316
16445
95923
24153
35548
32632
33022
92580
42951
60791
80841
55922
57347
6165
21411
50377
67656
58073
2957
9514
12286
90469
67950
91204
12040
65171
97283
87982
72611
28965
6560
62572
18958
31067
31317
35471
54585
85913
92345
84680
64368
1919
60686
13308
67235
84568
84424
70214
50859
70396
13820
64776
61819
52601
38750
61287
22043
76000
84409
6932
6511
31796
77519
21631
52894
67008
61789
62265
59556
27761
65710
49594
97259
77048
10043
89239
85142
26173
82236
92337
56835
94600
88984
10779
60487
68926
10759
29272
63424
42404
63960
47383
45847
26392
56793
86094
36097
72174
81345
16456
73542
74257
98337
97379
85477
71313
20515
95542
12769
11194
36995
60731
79943
64426
79464
3959
38230
19851
30481
75049
12138
97911
36951
21417
54862
36588
15804
19814
11964
83114
50208
15577
2007
42610
32955
61674
24640
20656
57833
63054
8192
