32945
373
70290
21647
16207
90122
25051
16627
46875
104
58300
13559
85185
52185
45690
93369
98729
87548
72216
90492
42287
96226
16843
84442
67355
93448
35421
99922
25371
97664
76728
23909
36208
33347
45974
58039
35843
92006
88311
92880
81839
26850
55653
34283
85264
84418
68371
75931
29458
91386
71270
89720
70420
7962
13015
50328
40164
23040
21076
26552
46232
94844
88929
77938
55827
57121
774
23603
92505
81692
49081
78461
56317
93373
72807
32172
3269
51584
44019
10609
8249
42645
11623
42114
97637
31705
61663
33059
7139
95152
66474
98991
90134
39869
65838
1757
28926
53432
5305
65810
30933
73439
43975
63751
28126
9033
25779
57246
7129
25138
84257
60136
79183
90450
37328
56265
18568
65538
64998
88532
1023
96322
37475
21997
3796
98081
98852
57406
99891
19063
89304
79422
249
91704
16185
12138
2341
53109
71834
80163
49228
56185
70591
88829
4525
53733
69506
51384
84481
18055
47690
99803
26782
18854
68020
74322
97861
1770
50510
90753
29870
5938
96791
11607
85264
85275
71759
14711
51648
29396
47300
41103
6104
90921
61889
43805
16256
13745
6722
80603
48403
85701
31878
61951
75053
71836
2386
16545
75301
36965
47782
48616
60444
45301
53177
12302
63957
90188
41383
11575
49898
16567
38572
60709
2218
82465
50919
64374
99607
36434
25577
62992
65564
1609
52886
32936
40555
89734
7604
5323
63472
47091
37338
22036
59921
68549
71038
91218
41238
62451
74704
2958
14433
70634
12851
83693
82136
5993
28007
95871
57843
33625
21670
7809
41195
44074
26358
94921
85746
92127
24306
96007
32864
32339
14842
46978
44583
89280
75305
7097
84210
79030
16004
79070
90239
88520
6455
1137
11361
50394
43891
63228
46169
41112
51592
86326
35904
28702
86265
11747
33207
481
93082
72351
67049
48716
39160
43169
16759
72351
72546
40858
76340
99024
32468
69284
16682
75436
14133
27311
4326
7341
86744
58886
65587
88729
19654
14547
97898
8872
7733
77882
16847
53143
45519
23646
3872
90561
14796
69417
54871
91551
50857
29633
38712
21136
20200
94277
55517
43516
58826
64458
16865
51414
82165
98083
19051
82746
68348
86786
68096
56873
31814
77311
16067
41442
97907
70649
59585
17692
44400
18322
41380
59386
77005
86918
84304
49109
50990
60737
73669
8360
6557
14479
45559
87485
17986
87353
94179
6152
4429
44124
63461
58355
50962
97452
28529
73512
82676
91480
47045
57905
81641
96962
80856
8924
92580
34977
50092
70139
83169
74086
30547
92359
23003
475
92952
91044
28115
24792
68402
1233
32645
45049
22257
73418
89111
37899
44926
57158
33870
44131
96031
37487
22832
34440
12933
57481
57316
77259
45074
40461
8278
35061
53564
15533
63176
67643
48164
67405
45851
94696
221
29299
21663
85132
60059
79529
93813
61920
56708
58357
84098
88986
34782
60575
59328
98987
19835
67457
18832
6272
13599
62021
50564
2920
90618
61847
28314
65897
97390
82339
33373
90111
43363
80031
44880
83160
20158
97948
49122
75670
47558
91259
36348
88412
94803
2400
35775
59206
51008
71818
11362
57587
40272
40079
91507
7479
96982
25031
80467
70030
62505
88509
28795
40732
68308
8937
14494
2113
14562
40493
51461
83711
85346
69291
40521
11009
32707
94216
33601
20443
78411
3185
40545
27888
11376
91747
45664
46835
36532
77011
80669
62313
69704
75056
26196
63865
51115
59116
38196
38290
20519
54767
38136
30031
17733
30076
75482
79265
56094
47441
20189
10172
65819
88403
40042
74180
96136
11496
11654
72868
51122
86677
33143
22754
21424
68140
88228
96120
30094
78408
54584
64574
67718
2326
646
65325
90361
50868
10469
50846
37711
90151
14061
26475
56419
6972
87212
30919
50416
16855
83369
42238
67285
21013
64454
42386
58899
88556
8234
86362
35752
63553
2818
75921
58459
95945
99465
51256
32495
24908
25787
99358
57135
31018
7484
94358
18190
21884
94973
52472
78705
57911
75541
74189
57951
47344
80617
85401
86694
21123
13514
25981
50123
98049
62130
93204
20300
80993
11310
86863
51038
67717
87620
75376
5120
57437
14844
76681
30489
11474
52555
58765
34321
13346
7604
8928
49777
78904
91591
14626
12521
37298
56126
75141
60786
3505
17882
45598
38348
95064
92763
15097
27918
7242
15541
89911
85355
16266
80722
52280
44590
3101
21432
4221
54133
85901
92725
81855
95021
71657
99530
40303
47253
61098
50296
93211
46871
36409
11702
68525
69355
19468
2559
11348
22455
97890
87144
82133
68261
18561
