61954
35425
80641
92966
35394
48322
31920
59361
46814
88779
53239
64903
94083
96831
86363
55129
24807
30476
1914
83587
95099
72525
84523
34536
37581
230
70411
61139
24649
67803
26094
49837
81056
55439
40484
90481
69792
63913
48862
97940
17610
67293
57967
17899
28797
85829
75889
31244
10689
53660
35498
6866
2071
21669
92344
69912
65716
50238
33751
34809
13144
16079
34588
5823
78835
40325
27068
16263
27702
75843
47456
69515
96339
9006
59790
52648
35081
91771
36896
89328
90985
38454
82100
13077
83024
43386
74229
27039
36466
64140
64884
63524
14193
37731
24696
54662
82701
6686
81859
60382
9492
37376
56880
52837
98745
43408
31892
90806
24129
29302
74357
76444
48451
87407
2512
26536
89292
82951
15077
2374
867
83243
16616
59177
55641
26977
99178
35081
97813
84070
16634
68886
34761
18590
31521
66585
60212
57144
90645
25905
69387
54552
35905
42743
65056
67697
51545
84908
5859
70393
50350
6466
78217
45896
49732
24181
94913
51031
58486
41016
43014
16959
31657
45273
84381
51409
7397
30744
96971
43899
96207
91575
55581
30118
81180
49544
59073
8780
69051
6732
45931
44716
21448
78322
10009
22174
75240
15871
49331
82320
3300
62818
42262
85908
6301
10849
41697
85832
30783
63599
77543
17414
71456
30392
82422
14566
13191
92823
25986
40555
90884
30506
3744
39176
10597
2441
32891
85149
57191
77424
27670
43503
31259
53346
56474
27392
62479
43716
7449
1257
34684
14917
16537
38963
35541
27508
17451
1889
54380
31257
21048
52637
46470
96845
26433
50473
66946
31543
30370
12833
79292
11939
65912
52181
87109
93563
66210
53714
49613
15291
99223
90161
79459
27706
39253
6075
10514
17299
48995
32804
22241
675
55038
99149
38209
58255
68979
95712
75285
72900
97043
47242
75668
12326
60751
3429
28976
89807
35728
59732
81798
30307
58277
38411
52847
66671
10265
28608
9088
50913
70877
96575
73014
7640
12465
91542
87809
63433
86355
25342
20513
51859
60914
51211
73015
26948
3034
94311
31818
46930
36770
79708
11882
8160
54819
12484
21261
35360
88977
78818
49225
5344
27425
27775
4998
4311
54423
58966
15050
44463
69577
47006
1912
34159
94505
98235
71345
49602
44631
99369
36063
544
58605
37132
55880
54387
47805
29174
24852
80776
53436
79054
20078
48763
41901
3098
72372
20136
15488
99955
81467
70507
81731
4517
26218
37476
49430
43745
94736
67564
6572
51838
10443
10133
13322
98853
66485
70571
45677
77591
36139
71012
58753
31370
28040
52633
77169
42883
16865
49419
66336
69845
54999
33652
77548
99819
93367
72149
72065
60981
68778
11471
88933
48624
91977
8828
82904
24015
9977
83961
87319
15667
9082
45785
89539
28081
55116
11724
43195
64733
37498
14460
24028
33687
60096
9845
71040
27797
75168
12846
97151
63581
73464
66579
62312
50952
23667
71406
84015
94092
54802
23999
46315
94263
24056
5507
60346
7860
98759
86751
70571
49285
3355
94634
62857
11171
49660
10903
41381
64882
42839
72975
48425
58263
4129
95468
72473
10296
47911
9638
79737
91352
94525
28111
49653
87253
10096
78595
78
17005
2759
76850
81037
51902
92064
69225
28939
72654
57676
24246
96320
3416
22158
11676
36165
8939
34610
80539
71363
63063
69816
52611
99420
87387
68144
58692
9746
98176
80736
77684
85505
38624
28692
13766
66283
89666
68116
90062
24299
84890
98812
74658
37865
77573
27743
63931
57713
60518
94882
31583
98182
82376
45783
56263
82023
23527
14823
30008
37856
22607
53231
27429
93373
62664
59200
38773
41012
77681
39505
38427
33971
43482
80123
78944
68089
30573
27603
20861
3698
56872
22139
83451
12328
4013
44323
15197
7733
73018
66114
44435
94464
8807
20739
52331
374
86701
43236
45008
33581
84673
52146
94732
11529
74934
71095
50690
16374
96926
87627
2428
15881
5357
32816
26564
57712
43184
78142
92478
25732
62774
16872
66552
332
85780
50468
87960
86418
83658
86379
25946
66353
68123
10025
88133
5508
71493
43979
31856
96269
37669
90959
4298
33762
16797
793
33318
63702
2225
2480
82901
71990
99380
22019
64701
92182
55997
11993
68446
37294
90623
43315
70921
39497
15935
22895
89025
1040
85635
15966
30580
48034
84886
31715
27506
84561
61721
20770
70619
53627
89074
22651
96327
11568
29699
46064
76475
66118
9709
85386
34998
92167
97476
29468
62322
14406
16680
39680
83750
44397
61200
60219
71701
35556
72128
23096
75161
85309
44200
43689
65049
38401
81517
7180
76357
89248
35112
5884
93662
29623
55745
78111
76738
88032
9932
28074
30970
93563
53772
27014
17194
74369
78806
42116
20857
43785
69336
85597
87366
12742
61964
94265
66359
54100
31551
65960
52399
39255
42016
45193
32500
16264
53236
4720
34259
69705
96174
41456
38145
80902
71677
33872
74075
33298
32328
26507
95339
6987
40773
57950
29446
93157
42709
91438
42282
19543
49058
90177
50956
99887
39001
70884
12534
55266
36140
85607
50420
84177
18805
56978
92261
71685
63791
1355
81649
24518
62650
17829
47618
95075
78287
31519
27641
54486
16180
39317
82687
72268
69952
40847
99689
20143
38059
39560
67538
81954
55988
68129
1361
73582
46301
56127
97472
51249
21051
92577
83804
50803
18056
61685
15672
218
77022
62394
17137
23041
47658
68343
8586
8284
26295
29020
33456
85360
95161
21086
80610
75516
56686
95721
28067
14137
97461
77524
97848
67876
51635
96775
49623
84113
48234
50322
37993
36677
20277
86677
29777
48352
35576
2715
45037
21771
96207
98694
89201
53159
23473
1344
2451
95862
96512
26814
49120
39855
30639
41303
53345
45532
37564
26237
50831
98855
96318
66311
62045
60164
38295
99639
83422
27898
70081
15012
10386
54211
90574
31390
51396
81043
42220
77600
81325
89059
66404
12372
33231
98813
87732
58587
40702
56924
98326
7136
43844
70504
28299
9192
84246
78892
775
31275
25842
26026
17939
96908
80112
6503
96004
78511
89249
60321
75948
22842
95835
45740
23753
2739
43397
55727
80425
52812
81755
10054
80327
11774
85722
83857
37204
64329
35947
49910
11824
22233
55650
80902
