53128
96269
34477
36694
92890
50373
1040
87344
43820
54783
17222
41249
52402
2049
48613
20055
57700
27471
94165
71905
73202
72347
98094
8724
27347
14450
64463
88649
76546
67498
99498
321
10713
47454
30308
70942
79707
97820
8448
80935
26468
31983
21910
40390
23147
17723
75274
97494
32671
94081
71316
73173
81780
25377
9281
94971
18135
96122
66241
85682
17763
40208
53204
65331
76209
2018
20809
30007
14814
75361
51162
61442
26623
46819
59850
61047
92396
41794
9387
76630
71994
63189
89070
41573
4299
67114
51929
37314
24990
98009
74904
78410
97006
25692
99687
77774
5626
67907
81590
33406
32849
73281
95674
30768
12430
14228
29172
87963
51103
56629
39926
15151
40846
87695
38483
72904
58234
1744
26999
60114
7948
79622
56718
29366
50537
43077
69491
91098
27028
47372
53333
33572
25955
18416
21037
70316
68466
66379
4689
11462
37532
89575
33699
59623
60526
24243
45991
49671
2133
62004
76446
91894
14205
40975
55825
20394
59706
45630
76760
71430
83100
21598
83634
94989
26391
48674
41945
46697
14389
41888
90095
74161
87887
64174
40435
78772
80711
60163
33889
57017
53185
53740
75403
62888
28972
21260
14624
92761
78077
1564
91829
16957
87771
20818
76416
79065
8560
73316
84877
74228
5748
14220
90983
98931
76809
79521
62262
9006
64650
37614
65987
13499
85352
62982
5689
13442
25166
57367
37813
952
3706
96322
36141
7958
48650
44097
15312
46761
83488
40516
37194
7750
51497
83154
19690
21051
92482
92197
7977
68391
15200
66268
30980
62758
42906
7353
82668
62721
13660
90267
61400
16922
8112
40308
46029
86370
69507
70660
48898
98406
57100
52230
1361
85041
43930
13438
52993
29037
21091
75303
77522
76601
95397
85428
45125
99682
97507
40919
4160
19969
19341
65539
78993
91251
98903
8620
78574
42919
24275
76081
48754
81775
39954
87481
38437
97813
95002
48618
98401
77267
87870
73714
78505
98450
98365
69682
1605
90177
46948
26229
17954
50286
29155
4369
39887
71099
14800
34474
89044
11910
71810
63849
80742
88919
18932
81509
77154
81237
11301
30090
4448
61948
20960
61566
11763
2023
7813
22444
3620
43011
71265
8819
16917
17989
30062
48502
46639
41660
68046
11323
99646
87269
89657
21539
97751
45584
1756
20880
19431
67476
27608
92938
61499
77406
22934
43492
51269
47294
45274
91660
81553
20347
75368
70501
75944
47698
35760
1237
94514
38111
6768
56845
60845
88373
27912
14857
4028
98007
41601
71968
20797
23516
21812
84541
26081
30649
7450
21664
93161
4674
55028
22981
27827
86938
21428
31409
79168
36224
95358
28583
86335
87366
13747
38261
38426
11168
8135
24014
1782
50742
92986
63115
48509
73622
29119
88839
63850
94796
78171
83851
33684
14003
44351
84616
99578
49076
96513
37291
25603
93142
79708
3525
52112
19454
65875
32406
30741
54734
87074
96525
40271
23907
94976
201
88214
68090
45099
61740
24339
58345
72865
10388
98259
85246
78145
34337
95056
44521
44699
31950
69230
18020
62066
8572
71780
59569
40668
93392
85659
23715
70421
31957
81569
85126
69740
80838
6149
55937
9679
81764
70409
18605
82542
30678
91954
26284
47356
91474
50180
54162
81250
21871
80589
16763
35476
30036
2264
56573
93007
13472
21747
3715
44385
60095
78369
12900
7630
38471
69742
21405
45429
11684
68505
34014
67247
79079
45687
31527
66049
47654
94064
83442
58173
77895
35170
91821
84907
90133
18898
10332
57298
75900
3617
4165
9758
12923
98720
34360
69935
51958
37390
89811
6793
75464
80365
56966
97902
75408
36779
29845
93352
13980
61355
59338
68606
25164
26043
97279
17332
94152
55283
17685
25995
96282
64022
87407
94748
75284
51008
72695
43595
85384
9086
10009
14933
76478
29828
6227
66071
22261
37138
56627
870
28435
94730
77671
76693
44667
892
98925
70006
49094
94234
39982
56544
11077
71632
86144
66949
76378
44590
97924
56572
69061
73611
47265
63639
43022
54464
45365
26299
276
