38008
78121
34734
59744
94619
11072
82684
19717
85781
80034
85108
61082
80396
67894
66170
82096
47477
20128
84017
22956
18778
98672
31461
52940
33119
24870
84969
24723
20033
95814
85918
81869
19128
82528
9048
78562
43650
1188
82291
20149
35311
54424
70393
60222
28233
98771
87174
82327
19298
36990
70986
22971
62636
92536
8771
11344
54534
20885
15232
95234
41236
37471
58698
13012
86675
90720
82714
36094
17503
63586
62161
10638
88551
24626
81325
79657
50058
3698
56828
85530
52060
43889
20517
18150
51748
6091
68957
31833
96825
85732
55403
27135
52946
34054
28263
124
97883
59266
46750
6217
96463
1085
36398
20292
35686
54429
67329
60959
4632
47573
35621
67016
4505
19599
407
42242
42667
79837
79357
14590
19652
81542
37274
43427
50804
32056
56481
42474
33576
91057
36585
70549
76249
73070
46995
17103
40291
57107
71613
65630
13063
47178
91604
34525
42909
55597
94749
89488
78941
20792
47720
4640
98117
