73335
99122
92652
46207
80184
14373
70075
16941
23517
39478
91636
78416
95729
69661
56340
82268
38114
62875
11785
68718
13570
76409
67578
52770
75502
13745
4928
32140
63664
63090
21627
76506
92427
76043
7650
84936
76625
86734
90526
24687
7035
38016
25737
47879
85091
69947
53598
3269
56452
60524
97123
88634
23866
4236
3864
51489
54071
40643
71353
84126
55596
70327
52126
63654
94788
54109
86295
4797
29707
77935
9279
62434
89245
93676
65913
65722
60635
66330
76803
94313
70902
7181
3066
40870
91639
24650
81520
59223
23723
11274
83301
88355
40874
48094
98795
91633
23678
46745
17157
49047
14761
81358
42238
67730
5513
58396
39578
73356
47332
85075
13761
87719
47578
24087
30711
40387
63097
41430
91198
20894
62937
42139
2678
12085
8384
20256
36192
65088
4131
27772
60462
49068
55655
72796
43256
91527
48074
63676
61928
83829
60881
3541
13751
6634
5157
81508
59149
91710
16818
51327
26696
68236
99527
1169
58313
34486
99638
57023
50939
13327
88120
86497
4873
9081
20699
84620
61904
89715
86177
35211
77330
40308
33621
46359
32828
26739
99721
60511
72566
80109
44841
22922
39736
30722
40533
18413
63017
88617
37287
71897
28222
13742
62862
90223
33935
26900
91175
27086
18203
42415
53612
23680
76258
19848
85598
92681
40055
93539
63569
68590
49283
79552
82990
62588
89203
78278
80852
41067
94188
59032
24122
11804
97544
73742
34020
52870
68250
45714
93298
6007
70633
85688
2873
498
85523
39649
66639
61276
26306
15916
95301
67135
97907
62547
91668
15062
49784
97681
74832
58800
16248
79278
90218
47758
51161
45410
84620
64877
60919
40638
76398
75603
22902
5869
47065
97535
16570
92160
86791
56301
14051
54917
56027
9386
55264
137
11779
65938
93571
89516
44720
87026
93988
322
14034
72092
9206
22056
86123
24096
74185
91121
19862
15647
80194
80700
84842
90130
64392
2253
68471
61190
92919
41018
62826
91719
70971
72218
31364
24692
96142
8887
67892
25495
93366
42178
61259
45959
13960
32613
6622
95972
47429
11172
69928
41160
56924
85265
96879
89684
75164
46334
10101
76190
89453
90936
15770
37576
23985
2969
2966
63335
42822
81911
31776
45209
13993
75354
36540
11610
33317
40446
63997
72389
95765
60697
5946
38351
53967
98772
2993
12270
26578
89964
66510
92760
72737
53333
42316
79974
80685
24965
77874
89669
24623
32352
