29349
55184
43720
84721
60688
50470
21805
74198
1112
2331
90974
42938
31382
32040
77158
58815
79628
67847
73883
17187
53895
91326
58271
27647
51146
86789
18408
87006
67310
47277
70085
86261
38334
56140
20318
71383
2555
42296
51398
16569
71164
23519
69464
39208
53525
76114
7499
32774
19600
4616
83266
7208
41877
1575
70843
20246
74987
62882
21265
98223
74183
49644
35354
85245
63819
80726
10631
77186
20823
70953
63469
91932
45854
40166
47926
71783
24795
16055
34826
13451
65703
41967
15901
43777
45160
80743
2200
78022
70422
44021
47068
50729
78919
41533
31736
75214
79643
17172
99509
87060
62878
63760
84863
37395
80205
68249
16933
89389
18557
76503
40724
24258
3331
96300
62977
20451
9084
76483
7048
63278
72664
31383
44916
83128
80692
50824
76507
5534
14989
22126
69772
15022
65266
94963
90977
96448
42087
30067
22243
35140
81689
7182
4063
98787
55756
56678
56065
54623
17207
98642
25661
68230
99041
21739
63779
96120
34691
30549
21588
29796
61916
97060
29950
62574
41138
96007
41240
4079
63660
94351
12079
19398
22451
28118
67223
87368
39928
58471
89352
87593
21098
86287
75435
88994
75322
97792
39659
25268
74396
39461
3709
47881
7088
35821
35719
14656
18432
76693
44241
45238
93995
19437
66557
82854
80756
26303
57354
24337
23628
10696
71863
63868
89611
40880
58534
54829
89455
27420
31785
94030
5034
10553
68800
80632
42245
93826
76589
93546
81180
52700
8261
44408
42648
71761
52171
17809
7588
38561
71656
88565
55862
44197
92265
43396
31389
37363
46941
17437
63778
82945
17131
20110
75823
22704
87919
6854
96975
2931
72588
46958
7660
40113
68426
2378
67746
73642
64096
24553
51684
33225
95424
34087
85600
34864
41887
81786
33644
37275
61194
54737
31698
38144
77381
92827
87040
27379
41319
22590
61136
74102
91538
22439
20363
44021
41846
88718
39046
30165
69437
85645
91476
78635
72946
59958
90293
9155
64783
70884
10600
52279
26064
53158
3634
79362
94084
9504
38117
9068
425
53572
50110
81751
52279
28912
6604
92853
36278
14801
66858
52949
80054
28459
94849
68167
45426
57472
6245
55948
97784
423
15402
53472
70155
61451
76373
64550
60963
80942
54161
63074
51667
38348
93565
90123
41118
50554
29040
62962
76162
14873
63076
93564
73283
24412
90144
97419
60974
63576
93679
17750
19414
88048
81345
13875
92380
75622
35521
90743
72737
55998
30932
63586
51054
32210
33475
8358
78061
32778
84340
58894
99371
69371
85913
88175
14497
53413
78997
55578
73752
6566
53332
23226
59308
59303
77295
58581
48212
82806
