13272
64106
95924
42555
94044
36305
65349
81632
37894
67388
59676
49702
13813
57902
21243
33002
50144
51723
81085
48833
11492
39004
20732
42477
83367
8154
46524
10956
34858
47621
35434
18658
88168
86374
35128
88707
48403
88032
3830
81217
61062
29917
8432
26432
41212
31434
99328
55535
42639
6780
48751
33178
8672
58473
33903
92759
55517
43891
59486
57953
86209
70965
70309
51518
36671
21042
40137
56535
48140
60113
87820
38121
88709
89499
66649
36257
61328
15270
40813
30304
9287
90782
16891
92037
7019
75479
38019
65105
82955
79861
80110
72803
67979
90873
50050
58043
93901
39316
68590
59557
49205
66096
32615
52754
5999
36318
86783
6576
30396
47300
49678
5751
56550
13107
90316
86047
51123
3019
49814
4469
12224
52514
84488
48799
39056
88952
60697
8661
68811
73454
4499
19948
69214
46356
88134
14431
37724
9605
38872
4193
73039
26524
77964
99596
60169
31513
19923
47292
17889
54092
94092
49402
76081
54204
71536
67941
45566
4263
59093
52167
42120
92489
3928
20363
43333
79676
71010
23699
99927
22922
50422
19264
68480
13438
50125
33592
67303
25893
71606
49954
58248
49395
50922
28202
82345
26760
38458
52749
30999
83389
69858
70634
15405
17624
11710
9396
23233
64149
13204
15068
44018
91573
16272
81579
53448
79257
35622
86270
87467
8691
79734
49646
82267
9590
86561
83751
64177
96654
1548
18177
98197
47679
18955
69959
71115
93558
68491
86047
37120
55611
20771
87656
85086
90740
12258
24046
41926
36420
98782
68890
5611
17032
50943
80365
48735
72763
80851
20300
71820
35869
41863
67219
11236
45556
34380
7785
54120
61302
73896
22559
36993
30583
96384
72726
59155
84563
7443
3989
43592
25292
75105
47907
45086
42905
83093
2368
10659
52388
58553
66027
73910
59605
53521
4581
91580
26811
94992
71899
61990
33530
22023
36215
58181
26309
65171
88909
42547
74916
73326
45618
76243
81222
45821
84165
14072
7360
10392
59423
92522
60419
22713
30844
76251
12487
63373
74431
23410
45851
3344
15247
50984
59385
59312
19438
87352
78757
24095
59704
19903
98898
21173
54251
62413
42891
54629
30181
33458
12925
37018
40834
75700
48109
40419
10378
29032
35727
53186
63591
42016
43306
31893
15382
18552
7816
65096
31951
89777
31022
77158
56900
92332
71225
42195
49045
74583
79508
40074
3815
31794
43829
17222
49785
7512
65216
52447
56005
54588
34330
64024
12563
49274
19711
73588
59532
31691
19710
55493
44166
72188
20605
97642
10526
5032
85382
64350
550
48231
94730
72470
69833
44931
27880
75094
71626
87948
88630
47520
53115
73949
19451
9668
93783
51121
58812
19155
41126
89362
56944
27834
3169
68044
79414
67467
82129
89609
16405
13561
25865
98763
57716
2616
76105
59293
14833
97177
92936
23366
98996
62685
8318
2733
34346
34494
26984
13602
9619
76546
70053
46583
5459
59983
95959
20482
31007
29035
88096
85681
94364
15913
42169
9704
95616
70262
47999
88733
82704
56663
3248
2604
74047
69295
98870
51529
21505
22677
19909
4968
5431
75425
31110
50367
96067
44683
58512
88835
3712
97893
33556
53831
10061
97306
67634
91792
89784
49271
81599
97715
37173
51414
96543
46151
41589
68903
15038
36706
93762
99246
67242
1627
47735
61260
64343
83074
73955
29918
12933
60662
14271
55261
40488
57067
93295
53994
44184
81595
22367
