13869
98098
79350
84888
70198
85659
20367
98557
84002
71042
67301
99001
55151
87827
52935
48060
19573
64084
31630
92593
59792
86211
8577
54072
66258
55071
53663
79883
57665
39855
26568
15344
87458
55734
92049
23668
78223
53427
26325
39066
64264
59767
70123
15224
72679
77859
38170
10416
57566
82880
14367
72226
65747
67978
66205
69250
41188
20412
63538
53026
84337
3389
59683
67547
30905
9478
99743
22402
6195
21326
18670
86536
56305
83187
80815
20078
49463
1377
54216
75694
49528
90442
5740
71972
99607
43274
89606
62043
25778
40176
23214
49931
68319
94793
29196
86142
33380
10802
53363
47506
17889
53110
99253
96496
61354
45192
14052
68546
15929
20495
48604
61007
7306
89434
68588
16274
18928
17541
5655
43377
17908
70183
29123
61595
91745
4109
73258
1193
65865
59575
42305
95724
78615
37789
98874
23534
21771
93886
84585
76662
17529
4710
58052
49019
44585
17195
96904
2402
80961
66319
87216
96626
36454
74658
42955
29749
73446
69977
69525
71573
92701
65196
12561
6632
75536
84672
41883
9227
86273
47015
53416
29508
26769
1619
26248
39635
29607
94671
87960
92158
53470
47321
99956
97847
52790
12546
67516
1492
75263
4401
71825
26251
92857
99723
86422
54721
62648
97835
55416
47915
81335
57952
65026
50787
48943
69072
48867
86110
9177
41291
64488
20319
1093
85771
97904
16622
67388
49715
28404
79362
88015
15103
41750
71758
92713
72619
71716
90050
25845
68042
39094
37396
5748
7587
12704
23417
70822
59286
94353
38695
26801
33910
13756
95492
79976
19849
5825
4706
4251
58264
13599
56190
54912
76958
96270
50255
3719
17656
43174
6514
87168
81063
78167
10846
88660
54241
93517
91656
13972
31009
50092
64207
90680
810
19612
8066
73837
45362
81383
52297
24369
68569
2731
12598
30442
26475
62482
9297
54654
47177
85196
44538
28831
58734
18209
27600
63513
34249
7751
71569
24963
45100
75181
27336
34924
58601
84845
38763
79669
60409
57986
36633
70990
90378
31835
43372
33033
69178
40525
92645
37606
35527
83804
49114
32202
2055
38975
29050
25627
10163
18131
30877
40931
8593
18533
85965
65635
92002
24154
51321
33890
79990
56055
82043
51135
94561
39872
11322
86231
31498
82135
95216
34704
49538
67286
46756
5391
3850
5046
13273
86896
20807
89694
37360
1222
52603
70849
24062
10590
91921
69402
2347
45892
91775
7936
84139
71615
97434
16865
49404
16412
34194
83564
21394
61525
10430
3521
81486
96150
32325
81887
32637
23244
47046
85547
33646
68277
95528
82980
90738
82450
96614
41254
38068
88374
53349
12669
21325
10932
35123
89324
15799
33846
35131
36450
7832
33858
44827
81025
43473
30303
90527
42087
28692
24208
50846
42725
53256
54832
37750
47111
72230
23991
11656
7692
81127
54799
80367
83686
67909
11975
68331
97196
20011
24300
5496
77269
10151
1256
13537
12968
46518
12171
51743
21682
7602
77313
63421
84523
36786
41541
61202
86460
78443
53520
88426
31814
79625
11791
73937
20748
9919
5814
28785
84699
86272
30069
60951
68426
3368
7274
57715
83338
19608
50021
84371
71810
65084
24249
47877
48059
98903
7015
170
68269
55134
5518
40224
32922
4799
63787
32924
41535
62703
17624
7658
12283
46358
20974
99608
59899
89022
43307
44524
91067
14421
77402
44863
88288
10376
82904
25696
64296
87984
5364
54071
41517
50969
9677
40950
27149
87973
13831
56089
63588
98022
3629
96577
13665
67529
28751
3783
93948
25029
54909
20227
57765
20636
24104
7612
39408
8318
4151
68994
50179
34388
51027
85027
1028
80340
35092
71815
50559
14202
91405
95476
16283
69771
97950
89275
90832
53983
58164
38830
92830
43091
14170
62197
20700
93368
81691
29781
19427
9151
8010
22075
713
95954
39078
67013
51399
30477
13812
34177
90749
66590
43999
74397
50102
42488
68878
87811
86159
32629
76518
2900
48086
52703
54663
92494
99924
70798
69292
