24176
19509
76520
30129
68051
3617
98474
89713
58932
39017
39641
33333
17590
27535
65816
30774
999
1068
63484
39774
71376
73950
34438
91382
2411
20257
54795
4101
26861
47407
41631
71263
71300
98456
94956
69602
55812
12507
360
54820
28494
94964
1606
3683
7476
52137
39813
13090
96505
12786
96164
72554
81679
35760
5582
24291
50186
49323
49215
26984
7540
33603
60224
45525
18357
21570
23926
15232
5415
11359
6676
113
3017
18261
9876
89371
4506
33369
14838
78687
45844
77238
94254
80186
46349
67709
42486
38631
60027
49390
79196
97530
35126
44166
80006
13701
71797
56144
86229
3710
57217
18516
97413
59462
52695
14845
96217
61963
77922
89150
99068
78347
41414
21825
686
36714
38438
6794
87229
7966
82887
40778
31117
76229
47313
62793
32338
91717
39660
55296
32273
94842
60808
62664
65905
27196
68093
3246
61198
20762
37094
26884
33352
30346
14316
14578
15615
38789
4281
51028
95819
78487
84519
67760
4556
73382
84026
77963
77290
64319
80786
21182
7387
62314
72232
61761
86717
7856
34932
82934
33607
11592
33258
60572
9306
1518
19540
96870
43589
72427
37345
33955
63446
215
13787
15986
79500
5165
8039
9491
16314
88693
18913
71238
66773
12721
93744
99179
42675
15772
72353
98995
59660
68965
61278
66071
19956
99261
30859
28407
28483
11247
23030
51033
91878
33835
57561
1882
29799
12744
95532
59837
57585
4514
70234
81911
26757
90028
44301
43023
72912
93087
63606
84505
31211
53834
55881
58978
7870
67258
69021
2034
94897
75426
42122
24034
32753
65419
62016
64409
95491
60548
3597
66736
97487
16138
35875
34749
10301
37443
88783
29060
2992
98444
99309
35357
31725
93052
71855
25495
88363
63224
78338
76796
69144
73902
35704
65644
41166
55475
35399
30215
3872
86772
24199
5318
76478
25652
30818
50631
32416
5815
41900
2567
54109
90098
19009
78335
36032
80883
54702
48223
54041
36035
32999
4293
50745
42864
92902
47909
88509
14552
81421
93304
3292
37953
62084
7473
10367
35791
23046
26614
87320
32880
139
48570
98774
43067
12053
76951
70368
41318
7583
50580
76457
75774
94540
88022
40674
86640
5787
58888
3280
40484
92691
2907
71296
25793
98131
29789
47987
1474
83277
92604
48464
7129
12761
70398
45879
69864
72340
75272
59909
61906
26200
41652
18344
95976
7721
65140
77770
35911
42443
24938
23895
95577
6743
26934
71759
7976
63382
31016
78862
94898
91727
9026
98802
9247
13019
10207
48935
34921
99104
81964
24861
37905
50763
42667
84644
69866
7379
22563
7177
22005
38230
9511
55910
44857
89451
59112
69971
70777
6683
18105
93022
75222
10995
94796
76993
87414
15082
87161
62882
31257
19360
79937
62402
66011
8539
20975
19421
422
6134
99578
57893
73830
26686
94979
55433
37229
99289
93217
46857
97424
47497
53285
37196
32554
21054
47540
73690
66981
17932
85995
66040
94562
43927
61052
65347
58133
8838
37968
8518
69349
10752
11144
97820
13472
28193
25084
85370
58478
12187
25790
48873
83567
70333
41005
59391
51068
68468
4146
92904
87189
37204
70985
8835
92238
93764
40769
80439
92349
53605
17667
17992
92399
94371
40788
6500
45984
33659
91196
73193
13808
76580
38395
89222
8352
73913
19969
17634
63994
5909
13789
49090
31726
13436
14637
1798
26089
68601
45121
23315
43844
73110
17228
50205
68875
37104
92292
92430
19906
63801
77206
64748
93823
34868
5056
75889
26441
85951
38673
61913
47614
26820
50390
73066
85708
44685
95015
67925
71377
96243
6673
57580
21447
54457
38140
5986
5120
55289
20875
38579
76894
20145
70155
49722
53843
14412
27874
75960
21923
62012
5000
44754
62790
73909
43743
65886
19275
45355
67452
30406
26573
6866
3503
79933
92557
57020
8841
97876
38211
99168
56459
71412
