33838
3145
70039
4118
12168
4857
31409
78362
87833
68009
87622
11307
34568
68153
15194
70898
37801
7421
24128
12351
89816
86437
3993
20122
80709
37307
4085
62795
57205
13575
48890
78496
40340
71968
30961
51642
26444
33465
30892
92947
4293
63273
95403
90341
9174
89026
2522
85738
52054
53051
870
33858
37261
36597
75370
99088
17713
96139
55367
33573
42940
68572
60149
86968
26646
29708
96214
15784
78664
66627
71558
45092
38422
49181
63086
52061
63414
67839
26748
46232
518
6437
94039
60633
26474
33769
49769
40969
43303
75309
70868
40953
75635
51415
13241
47791
3345
28283
40323
95611
86972
96551
85773
36268
41168
95799
44391
59957
61084
10129
45720
88592
23270
96597
55558
30034
69450
5472
64329
47605
75446
85954
81606
12448
20608
52119
45070
73683
48949
57090
75449
25804
72023
54751
67081
2890
85249
24867
28086
34387
31673
18382
40189
30292
8266
29537
18630
17530
27250
86883
92349
56965
86842
99360
90900
11343
39967
2753
82609
55607
54854
10632
99260
10000
80204
40300
8645
98345
24801
17972
59366
32639
45316
96765
68115
72884
25162
82329
53501
57125
66244
24047
55463
44179
93747
50158
79828
28841
19310
44778
59799
17593
86045
2856
9480
31792
9105
36672
31212
60339
90092
18120
37860
3383
67897
5519
67248
6596
58858
90963
71643
63815
98355
1718
82291
19915
2330
61825
56754
30481
81355
92137
89119
71364
71982
70279
40435
77109
28929
94034
70737
43978
24357
56759
16649
12400
6731
27069
38646
12622
31502
40968
30535
97716
51905
44993
72440
63295
69361
15777
67121
63763
33384
71683
33201
99068
73807
36343
95180
37746
78441
20213
16212
77806
48122
67538
71224
17679
33231
92033
49698
53257
57958
73944
35876
57092
11225
63957
97315
19692
65784
96710
54415
22806
99538
76432
49771
82271
81366
80155
13477
6940
45156
10558
50240
62855
71229
7095
52461
82839
27455
18943
66662
58684
65268
18527
77564
75193
29363
98775
52146
95891
79125
4519
51313
239
22334
59528
59604
38298
50431
63666
6438
9435
74385
55507
73771
22584
65065
8289
9523
54476
42695
54322
55069
20657
71877
94462
66385
93853
42561
95607
15335
31174
30257
11610
22643
62366
45019
11201
61082
66055
51205
70538
97460
58068
21211
84166
39136
43975
60878
40605
26320
55317
78394
27213
55060
73019
90427
53420
6834
59579
8885
27146
39771
12055
9590
75021
44435
99692
62898
89536
84755
35613
29540
64336
58753
35651
66057
93185
12924
13284
65646
78121
37448
77050
38543
70940
46360
54765
851
10315
65101
12577
78916
1490
44951
71704
87973
20155
38621
92690
87328
79560
15596
25715
90221
246
35645
63625
13457
74909
54494
54766
18392
12806
27747
39254
16846
32819
81346
43306
27076
53875
43478
8660
46861
62573
33814
89791
70220
53423
46801
70448
83026
69912
68947
49037
47628
65584
39461
2430
54606
41180
92392
81554
36726
31342
50198
47209
16418
29753
46802
86820
33769
45124
73293
91546
66455
73513
88678
54654
45206
50826
7556
94866
54667
62391
77063
57491
19484
58612
67396
83981
24929
66466
60352
3444
96073
45670
56362
42108
95693
59940
73418
94038
40936
98479
77417
10845
78941
10614
82828
39920
23617
27491
30086
50001
40401
99176
86734
96819
81071
13714
92725
70597
91067
8959
77179
7907
96361
92124
71288
93261
84611
7020
83195
7969
40831
20253
81804
30074
49385
92818
41268
70307
14389
34558
4953
49776
62037
27655
85159
21487
23901
99081
93994
7319
19751
54693
98623
96068
64742
89865
5273
24001
80322
25950
29181
40332
33992
85527
7613
53944
13452
89919
19882
58769
7284
26992
40464
58244
85456
13499
83843
2494
24983
85700
7642
42035
67612
15835
35360
87532
96943
64483
38531
78595
7908
20562
85887
56306
14656
20567
60201
73374
64995
32895
51504
325
77149
92816
10524
76722
21123
10974
41969
56196
66080
79163
40946
54324
89393
79629
79018
4612
17103
39363
56726
56821
69725
26869
78619
12109
21169
78357
1018
11399
86706
26449
20540
7168
82201
99800
78280
13411
4033
90131
72907
2212
91502
26667
90397
46717
42664
28642
77531
24618
43275
97766
3339
19887
28803
86338
36778
17033
79146
63630
96955
72648
54313
17832
92391
56991
18531
39599
22623
10510
34908
84932
97777
82980
93587
62204
36949
89904
65343
89518
77590
19426
85220
39147
29879
56882
87188
18094
95169
47321
6208
35998
8122
11597
8366
15570
78025
20970
33441
26283
26065
69228
77023
88210
94534
87199
5117
1073
45464
84953
61565
88217
17973
66962
90064
60281
16715
18717
72775
81964
20534
10661
76581
55010
17636
7330
96414
78263
24195
30304
99933
24200
15168
29936
30511
87877
91478
14447
16170
61034
65026
58588
65811
56456
31318
48491
67696
35365
56838
42977
2972
60640
52142
22879
28866
40272
33557
81068
61566
3824
70093
21775
67752
64536
30812
49205
68452
38644
65517
5554
52534
15391
71713
36562
83449
85710
78229
52820
16773
99979
83346
43851
86102
67739
50923
38423
57542
71752
89668
93486
69802
18951
99293
63811
30859
32988
17550
67044
70954
79698
48688
69051
97082
94071
5550
76513
9932
23853
92643
95612
3754
5642
32505
3205
67063
97566
40979
21113
48085
45985
42625
80885
94651
43401
14725
78040
83534
15772
75876
4150
57615
7387
59811
19599
94741
56269
82173
33680
42769
555
40533
11939
54958
51893
41898
66838
5182
98439
5966
76236
55972
93984
29950
52552
20154
18950
85613
48910
8315
58423
93699
48281
41668
92060
6498
19336
73799
6191
61223
