85752
89547
67233
44374
72113
59082
53107
44248
48920
67150
52065
25908
23383
86369
59266
53464
39333
54707
31169
44134
43483
90560
84585
67786
40524
72716
2935
37695
22971
63898
96428
12349
45746
36612
17106
98827
28224
43817
9965
79234
42932
38286
63743
727
23765
6783
4532
68764
85609
87290
32388
24357
66019
52161
44618
81570
97267
11155
75814
64236
84477
59171
57372
25356
43190
78162
19100
10628
19729
75615
21159
21119
41087
22674
76231
66267
21007
57308
50605
95358
30653
64926
69413
80844
1917
31235
49766
99969
29984
34585
48691
26672
70353
89377
8876
81852
40734
99252
69893
51258
67142
16389
39428
51760
11139
19544
64594
92686
27520
20395
81969
4866
96100
1727
39505
51004
2042
25673
85020
82618
13603
26567
95320
82258
61715
6359
72309
61665
66255
11514
19563
85145
77951
83627
74906
2645
69535
35375
39143
57908
22227
65084
25616
14374
76749
79215
28175
30445
82259
84914
10670
37604
92387
94901
50336
69216
75938
48356
306
51763
56658
17012
14025
10120
95222
43232
84048
46288
48135
88675
10887
72742
30303
90156
7194
13000
84194
97681
64060
23340
76645
39100
42668
94232
3654
23899
68976
47044
47010
67886
18790
94008
43654
79496
44167
2518
21610
97189
842
51016
5497
95170
76536
97313
83986
11470
71866
17321
19009
76353
30664
61615
24487
51558
13573
24338
44453
6443
86505
40138
76676
47484
34848
78069
61331
58278
54113
57111
37628
24
19516
6904
36526
77159
68952
47370
27859
17532
57314
49833
23510
23851
52353
65385
98680
66495
53321
45107
90789
37774
58942
9023
56091
94386
99219
10572
84846
52746
71928
49316
36446
25302
41575
35583
23652
6400
61893
95641
77876
12233
680
44738
93200
57489
85013
74117
52632
67744
45079
16936
42930
8026
99194
3870
44760
68815
42631
80165
90955
23594
29244
90278
46499
90845
78469
82850
17406
46292
12314
64306
52333
33147
88036
64963
96573
43111
54369
46772
72847
97303
7964
47693
54806
664
64181
52876
69020
86814
40743
47513
21750
38481
35240
58936
2253
64970
24336
10655
86815
56041
51273
27913
16028
82084
36560
55661
73946
77093
61392
79976
7280
56139
2559
12140
34080
65148
2534
98178
26929
79478
45918
21027
87313
20364
47130
88657
15149
14878
45312
40024
71766
36539
95168
32962
86985
2473
68592
96826
5843
7516
32814
83786
45854
53372
4788
80204
51028
7491
6556
96539
82027
86724
16694
65184
8345
51667
39180
89185
86529
41492
36987
26297
68510
7365
92013
14399
98185
39183
39126
68616
85736
21073
73871
12763
13175
31429
8553
53960
80992
90823
7776
742
75807
49714
18328
37612
21720
48925
57209
83702
27471
2180
45522
66415
5270
71404
54308
29261
79242
71560
74990
12772
61512
6588
22907
87507
78273
89969
58503
27381
84376
64579
48255
91938
57216
4506
31616
50375
23092
8213
37375
47395
42191
80654
5311
71278
34166
10758
13151
35041
22121
82284
6703
55611
28596
99137
39285
49140
72945
39442
77135
65365
59327
74848
30990
29521
50096
45560
99680
67016
96006
16946
10785
64740
44340
2574
70086
95965
32037
31178
615
49480
90053
72917
75761
76185
96887
27745
93824
53141
19484
63195
82771
90898
64582
1681
60956
48069
71364
73717
19051
82576
13976
90151
15386
95825
80401
56442
84706
708
15068
48653
88251
85747
94188
58206
46886
95446
9952
66798
33825
89665
48022
79944
83197
46540
72205
18841
55518
60298
2149
33389
54480
10922
74452
71148
40778
30097
36854
91941
679
12766
61334
9746
99225
19951
4354
90488
82712
91121
22449
2039
83314
10431
17688
78037
17340
34929
43862
70662
78705
60071
79971
21256
45387
91103
13350
69714
53355
6931
88756
72556
9040
44483
4031
48613
17553
18221
36010
9579
99497
93847
36886
32928
5593
99500
47188
58990
12122
27298
81160
7312
978
50374
7810
67530
42423
87149
60884
40945
45995
20030
40004
29410
86998
22633
79188
76781
17514
63014
42309
67657
81887
32986
89831
47044
41341
95067
33855
93718
60345
87358
69753
803
7223
99125
30288
37737
37298
54589
54273
35461
70487
35674
63910
3488
33918
46877
34882
46461
45809
97046
3402
90836
36119
34096
41126
80099
81973
68937
90741
38017
41215
90165
45735
42311
7362
38854
96591
51274
41623
30772
75926
53997
4029
24751
85148
28715
3487
8826
36728
64220
14137
94048
13892
78366
50553
11841
8671
33465
31208
7070
30749
92739
19197
36290
9776
15157
46098
47330
45538
37472
71873
30571
97114
36485
89805
10091
