7738
50752
65195
94299
36897
19393
32858
22980
24175
98253
80426
79394
36697
47972
39633
2419
58702
66191
33328
26640
26899
76367
57592
12934
76367
57999
52900
67843
7804
56797
53721
54125
57762
77135
58156
99872
86786
68354
97621
66791
12762
97389
67096
50378
73185
76367
62559
99971
59064
63238
264
41238
67024
32232
3147
3704
66531
50705
71862
42788
18883
69067
76135
52829
66678
22155
45443
45018
96661
24408
24683
41664
29179
5601
35057
86910
47654
99330
82065
29432
57703
80969
7558
36523
30312
49521
71715
77496
39233
77105
64283
78749
95216
48024
13699
31983
23415
21953
50491
70281
73137
81449
74648
71879
32084
21146
90879
57205
20821
39728
93464
4495
61153
65273
10251
87288
94009
63046
77520
31913
54087
5717
90469
58585
6237
30273
90289
41282
3313
83728
67333
28412
2520
58724
49379
81282
69943
87740
99632
62105
73799
7540
25183
38716
89761
56682
17299
45738
99933
14866
56357
70591
90231
62945
82648
13743
69997
68
43747
32360
61787
30280
4075
95493
213
89726
76751
19813
93608
8614
75683
68235
83348
86257
70991
12933
63203
24591
307
64186
46588
89343
29380
71559
49137
17151
46011
93475
86171
21520
80497
64035
6613
49808
311
28418
3522
93343
62744
98831
90972
21725
24515
14934
97707
99773
34544
62824
46840
20138
55739
85645
84079
62271
50355
89720
71977
70830
2914
75840
7567
74024
78253
52745
58287
5257
67491
89855
34834
33513
34295
80974
84117
12858
10452
73382
94279
92466
20259
95993
5864
57718
35836
75093
50523
9453
74438
43305
99538
72399
68350
18846
38952
45196
83811
64852
26166
69122
2989
44234
15970
10652
37452
34056
72947
75667
99788
84600
21461
88007
83586
75529
75439
68975
25746
6379
14681
40052
27799
11915
61686
17499
1138
35302
11332
65012
28116
27871
15366
56369
65608
35680
60803
80770
54489
73106
53112
26875
72273
45899
96699
69295
6888
64609
41400
93200
53052
16239
21458
43872
41997
17115
47344
94524
14894
21789
96546
87621
94562
43702
72764
3912
49009
65143
31943
53635
18043
47017
91992
52959
54282
96393
29408
45673
3110
83087
4082
6501
58510
46736
61952
96865
54497
98863
28598
44313
54322
56423
76696
91598
40933
35116
73792
81281
39201
33614
33045
76118
70644
79651
43340
93884
49336
69925
97842
82113
34244
22531
69748
14170
49679
26008
2652
70804
68586
94212
61290
63897
87476
59429
84380
32591
37941
53308
18591
58354
30737
77500
93258
29840
5578
57149
74349
35703
43868
63579
34786
33137
11929
93732
94536
18897
98931
80434
7821
58647
55749
42433
59510
57053
63638
35445
12729
43852
7106
28314
71169
1241
58084
80104
62121
34270
69285
28153
57218
29293
24944
27990
13925
35332
3013
42399
74637
80301
71185
60707
77759
61108
6482
53386
35604
79498
87631
71319
24646
18964
17142
97068
58366
34600
13264
27369
86073
86412
71723
6622
7506
60436
24539
11950
46622
46556
38436
79244
8443
99432
5095
33718
85304
55657
4075
99798
45998
72653
34322
41794
21157
83156
51277
81258
64440
12397
49995
43874
77865
28491
35414
96349
80592
67950
92613
88845
74129
54306
86085
85265
96999
2209
35924
63681
61442
26264
9233
77566
9004
38377
91569
50041
16737
92290
60785
86324
360
62992
80255
98041
24075
19233
44660
76126
10349
34397
2824
65657
70739
66569
81877
60400
18525
38478
88633
11944
45879
65840
35608
43014
22010
12991
37387
51310
46107
1760
88637
68372
93872
53531
65465
34966
52057
90563
48337
74608
1477
36690
24852
79228
48415
95883
44948
20679
53670
2377
60817
23236
26703
81593
92851
88659
46823
35153
4489
51244
27498
42470
80025
30585
31607
11154
63150
22940
39503
17391
86706
27496
20296
7160
49587
84056
75019
7981
36133
79989
34815
14791
89413
9830
16142
99885
16549
28430
7546
25632
86768
57388
93531
24962
21206
3465
39849
21936
73503
24342
16254
73575
36410
34043
43141
44747
36271
86641
30346
11312
17221
38733
63004
74941
92598
35389
62321
2626
39156
78111
69436
76429
5727
53367
12413
26535
65850
14119
1576
99367
9715
78584
13286
91465
94977
28285
72105
31105
73504
37140
93694
63837
75243
61754
63307
67400
47970
4191
46701
75561
14931
50171
91863
90061
5380
31746
49625
25557
32898
9425
11496
12136
62441
20848
93660
98331
88747
14668
18318
64956
79732
15471
22512
58953
90760
55608
78891
76336
38763
70423
61666
85859
87369
59775
11992
53327
32595
12258
22989
71172
54142
35146
92038
24226
61306
36320
7418
71726
61631
7696
56883
1125
13202
79368
94938
71213
46101
3992
5430
71127
90559
71925
5411
48916
6125
51931
71212
28304
216
34489
46591
31135
80632
30659
78437
54030
53755
25837
27416
68118
20967
80180
45866
54046
25753
29587
61466
32396
73368
53429
48572
22074
96834
26901
7716
84818
