33492
91662
9221
85354
93546
73908
27787
99799
66706
95333
14883
38313
16714
5368
21921
21524
46870
22861
19791
15711
45976
99384
84210
77120
7630
35809
33739
40035
58520
17546
483
34140
85357
50371
56633
2470
12539
36339
36087
1136
7135
19987
17016
92158
51861
3150
47499
99380
15844
94541
95144
26907
11919
31543
23796
34245
46380
91697
94711
48361
74335
15085
25157
5149
46218
57482
71428
53044
77032
32513
40885
40370
79712
76506
2523
12402
40760
27064
59467
31666
96899
31718
71119
65730
96820
2764
62772
81798
40492
28400
7615
94265
56677
41856
47768
15745
19325
86743
47826
89540
42846
1152
61166
86671
30125
4002
64130
2316
26356
58245
86517
50025
43923
95456
68222
76565
86895
96093
80205
60193
38242
20389
75843
52461
87931
5939
15765
64438
77049
20112
25754
46948
25433
40562
5223
84439
21942
71739
86662
74260
50030
30774
9749
47164
54673
64758
51870
48423
25614
94249
87866
13445
71768
59665
63023
95571
6391
23107
49195
4255
15309
92540
63384
55724
17349
89779
58462
48642
9158
19692
53159
13101
87471
74281
92707
73368
62101
5593
8331
27042
86279
36391
14955
42288
11275
3471
40156
89154
64675
59625
80831
85883
88441
71574
13455
29716
28997
38514
80803
8223
13613
94233
16198
39513
77626
25610
13060
93775
17196
10487
52004
11798
82949
71140
9770
5907
83807
1514
56617
33051
76799
25364
88758
2095
24730
27892
70686
85106
22794
97537
46657
49724
84771
99139
77868
77822
4938
1130
6506
46569
70467
6354
90554
91623
61938
60508
26447
93693
40480
27020
8789
13716
30131
8068
8943
10725
51296
10922
64921
97584
40177
31832
86191
65339
14450
59202
82101
34207
8742
26635
37854
92029
82479
75195
63846
27959
98077
16639
45018
94905
20482
42410
66440
29488
93059
82951
17551
81472
47711
62549
24340
72176
26443
16114
24769
91508
22817
71585
84783
97132
33984
56822
81844
99983
57899
85976
57961
14759
44903
65529
9258
4928
35157
71481
48941
31253
58275
1190
11740
9999
53699
733
26783
25535
61829
34585
47477
25161
75968
52740
76680
21280
44114
7331
11018
80391
85970
54911
56704
89628
19240
63045
69324
98698
59754
53166
29892
86422
45821
91031
99023
24350
38289
2841
63519
27955
22843
9650
88860
20509
95416
97234
50066
42398
56356
47488
3831
91595
93324
38135
24373
29066
2987
17299
41827
70499
38888
68887
46802
76325
54750
53948
69331
3954
64082
91388
98979
86105
15500
12889
22143
53432
96926
75685
2071
13280
96989
36565
38638
77038
31399
7683
38055
78264
37273
29947
16424
28570
69224
10736
42065
70818
95772
86279
48142
5789
8117
28584
201
85480
21938
12159
55248
28743
75902
40180
82946
20022
97018
20867
2197
38858
68484
70551
7671
36749
29044
34978
60580
43928
69861
11126
91924
19562
67495
47084
18062
72993
59251
94675
45062
31320
76583
96280
29547
89758
4421
13180
17880
1268
21469
22077
44279
74743
64984
51242
93674
22995
78262
98853
58331
47656
31613
1746
52508
81228
52376
57996
4973
83045
83055
66849
263
35651
75351
81154
18684
14451
73464
70259
98228
61014
35095
25283
16726
9763
89106
61241
45445
78589
1692
42318
12694
40175
10816
94076
89489
92984
25892
54789
14708
89094
47856
93961
50599
97579
50143
34271
78125
84
13427
74619
85541
42391
50820
13028
68306
78026
40232
61092
46542
9904
62676
57476
69714
48487
3580
77806
38038
81098
73766
46985
62646
63120
32710
36068
84540
22146
93452
89098
12377
17791
11995
993
89804
77597
23348
96586
68859
69792
53367
14845
95329
32423
16715
32358
29984
26478
1848
70681
544
49071
10951
53037
72662
84034
14989
19805
55663
2482
29636
76200
47680
43012
90813
50754
92333
88426
22791
42861
49977
42064
46678
93772
72784
33540
91802
72301
28874
77758
31574
48640
76704
19330
82328
45140
48459
28637
93979
53500
51976
40686
86869
55407
89892
62393
4208
22615
87667
78326
77112
87711
8588
44509
35794
72695
49727
45240
25857
62389
38064
30999
89287
96736
94806
54146
11014
19353
62221
15683
81921
97773
22234
76197
7055
69817
70267
35513
57432
36975
28302
59776
26122
31648
2443
59208
80962
80088
88493
57507
93769
18780
35956
90640
32254
88215
81268
28426
49981
99434
31818
56343
24114
70668
84534
14040
75137
88343
23970
57219
50652
78416
99356
24270
3845
20737
22451
28561
12260
54628
99528
13095
82442
50316
44842
34461
79053
95212
74289
30428
96442
51198
55427
26516
39428
49207
90362
65529
7053
50735
81140
69739
68411
50451
5805
65002
53944
7010
21163
81144
43845
86574
1684
18039
84697
56583
67779
23281
70881
57408
29393
3370
45806
44553
79460
45939
69685
64236
81865
51857
36315
27942
5485
89586
15607
5585
70590
75126
8165
39935
64855
82506
30735
52342
91345
87655
66462
83419
73836
20192
69009
1139
51411
42409
51886
21817
69400
77166
83599
4966
63544
