65253
71238
51763
62706
69416
45819
54944
17740
54892
40126
72943
8396
19342
81295
77714
321
7480
22346
65311
48436
46837
67675
79024
9804
77054
3816
35553
21428
34459
39443
95620
31312
47976
14727
20650
67329
60071
88250
61930
24696
51211
74536
84742
17148
10028
48493
90702
77541
83123
99177
18990
69273
35086
77830
52722
76572
99566
53551
1102
25086
15221
22523
44250
92586
42777
25277
26724
38354
3458
30588
75493
69842
93313
65961
71958
65342
75278
57738
71105
17167
22435
55536
63908
60721
6212
14911
3640
80063
77649
7624
43499
71837
26381
71945
34535
20673
52302
11792
85125
40863
72169
313
66276
64959
31845
99298
47233
18450
81240
61038
39580
710
37670
3476
25298
75597
19413
68545
2327
20973
82116
72943
11124
60263
9747
17283
69706
14757
17395
49664
83235
87313
18147
95630
1227
25432
35197
36070
16988
17276
59798
90140
25174
88268
73090
77771
56490
94752
38012
52688
471
16132
21343
10756
82019
51413
73030
80329
52081
92178
75705
39518
62324
53862
24978
97232
30793
30594
78251
21537
64511
4596
45954
33770
56975
47811
29123
54484
89664
36676
89613
82161
41443
19539
93711
54938
10116
26151
9097
91519
13008
23988
51958
37445
23727
71593
31878
63012
11574
31916
95348
59784
66166
16214
1836
61209
4798
48183
86038
91206
51935
39584
68731
19432
93774
7729
2378
71807
28599
47697
18106
4602
51147
6872
96991
72505
47008
41115
6939
21561
76744
2434
16165
91116
32733
31760
77263
20509
93742
61299
26087
37134
97446
12116
40989
82432
91822
7324
93281
25904
59502
22325
6382
67628
80036
22243
34194
78771
54500
53264
87227
83591
68984
81322
27686
12836
33239
28221
4517
19269
58229
23024
54158
3979
75598
40363
55742
31094
89783
40178
60996
35449
77451
82439
9757
89718
36561
62338
88834
83994
35818
83706
1361
89903
42050
19904
20589
30769
16642
94715
20396
87599
33152
78568
54634
12255
70244
45941
950
70854
684
4997
94707
91789
53433
22013
72680
97177
99741
95475
97823
58974
49432
87748
39640
7364
75211
29076
64678
9079
94423
7032
90354
34300
60347
14054
10915
48362
92151
34552
9551
30445
84282
74279
59087
52799
59440
73954
6663
87860
6127
73002
97247
68954
78104
50446
28512
84653
20220
32443
58651
18322
26510
50742
2451
97533
79829
48551
70924
85662
78427
85330
90964
75316
94500
3929
46227
9953
77463
80371
53036
50557
81859
58879
54239
61155
96056
61527
58579
10840
89868
65895
63095
96906
46412
31096
10604
22771
75
65856
11237
67146
81370
45068
40508
99728
72811
95135
85317
69720
46736
63206
69218
2467
74613
77912
21574
90871
10549
99981
29398
77967
45619
94441
19730
3754
91587
51177
9365
93832
87777
24592
14869
3393
25850
53777
96104
67021
80351
12843
44904
83077
30134
47623
74619
88905
77334
9986
40856
51664
86685
60009
37147
8136
40912
91870
2631
18618
7579
81394
42947
98045
89779
65812
75780
98119
38031
74872
37674
67069
96137
19959
43466
8900
89511
67890
93714
92100
77845
91344
71656
76915
75019
1233
37406
72641
32536
16156
24696
52668
66872
78453
17803
11288
18692
50408
82151
68113
38992
27078
84602
60835
15155
7277
6745
67580
86954
93100
71113
51111
99605
11700
39859
99054
39416
50587
98067
62541
92279
77232
91118
62060
3851
30404
82556
72579
1368
2263
43228
21075
6397
23273
35576
18971
49023
14025
12528
56244
67430
64828
25490
99983
59598
29674
24314
41838
55394
79673
17940
18572
42477
99841
68893
44606
77756
3338
12915
54943
93117
71242
27979
30301
56286
64264
55409
29881
94184
96287
33060
21695
15974
65692
50640
77365
38268
54710
86474
16452
1809
4118
24435
77189
67192
66578
47200
64637
25351
63866
63756
5796
16351
4117
92887
95750
19895
64436
49359
52573
69687
88647
48224
84858
66077
28955
39188
21741
94662
31076
77733
18104
67832
20848
95269
29344
65639
67272
1985
61069
47400
22171
17924
38342
434
95674
42268
80905
25128
23811
82865
67836
79285
95856
5360
85120
67297
16958
10285
55035
52927
15492
79905
18893
32235
68018
41509
25682
26457
59832
64109
43481
71387
56464
61428
85298
52814
18617
92501
8073
91493
79240
47311
31459
20803
25807
33857
21660
29170
51720
25912
99505
22894
76630
84648
33484
51753
87108
82372
80327
13663
25788
11418
9479
21061
70800
1774
21880
36456
97047
19951
14333
88014
3934
24172
47401
53108
60494
95062
52677
18007
44140
38862
41582
46645
36942
74848
28318
35674
62000
8268
66221
36244
39676
20418
66924
54054
55081
25767
61613
96504
85583
44503
37332
22088
30289
59661
