78791
96832
8192
92944
61416
80886
9400
92133
30758
33537
49776
53840
54977
64144
31339
3496
61228
19460
64417
24696
57354
18544
59359
11637
79036
9556
16018
18455
62871
39629
29772
59183
59787
13477
14758
38252
84717
95859
44048
89561
99966
70427
32017
92191
99171
11674
9966
99350
21354
95088
86313
19081
92668
20856
22628
96388
33288
64329
36347
71492
23256
59256
80057
69716
83145
66062
73733
86689
27700
46938
65251
43498
55535
46323
21617
12175
19795
82214
22561
77805
34379
333
3836
73915
47239
21595
44056
34700
81400
46687
44579
13882
19174
58788
24027
19123
94582
79464
14872
54523
35913
72226
65685
28828
96924
45913
32326
90637
91887
89996
17893
19315
30016
64158
66280
36359
77395
37771
4115
60512
89689
58481
58165
57682
27898
69632
64745
38641
27692
9732
63133
51035
14205
50607
26226
68306
74559
68993
27933
64534
94021
63756
16709
32643
20178
34628
86386
36585
63449
58321
63482
5458
43943
22413
82937
73429
75861
53139
72444
29010
65860
82549
60548
3700
89882
95917
24455
15125
3113
26587
30571
87566
73539
26870
2795
84955
88254
32073
32122
63911
26341
11105
38857
47403
73518
84739
62620
20490
68411
45906
21812
84992
15811
29076
71565
62335
27103
19149
25521
18383
59609
15005
91755
78111
73979
20959
59058
53904
30518
10446
70546
27201
65213
95124
94324
47845
5572
57116
24107
66278
7205
99135
7945
32374
2550
66719
17284
87096
78571
96863
24391
38758
92729
46581
65143
29912
19578
38463
27307
38892
33049
46204
30997
51991
92868
84324
94539
68577
35039
85217
89537
98688
99186
58135
53300
90991
26794
14881
8151
96389
53579
76045
43145
21957
22319
10944
43223
26493
59076
57395
2866
73633
5359
75136
64540
91251
10311
3869
26692
675
52185
40469
44509
34416
22043
63191
22816
58824
25571
58213
50810
33117
90787
98441
36864
61115
34662
52973
88452
59628
42891
41080
11961
29524
97820
10375
78692
32059
97513
42482
70039
10235
22103
85980
12351
89235
26331
38080
88285
49379
90538
13375
91034
53411
59364
93038
37800
82713
6715
64109
47888
27160
62261
81453
33250
26835
4735
93336
51952
23591
90910
78730
64950
84903
24708
55067
78765
63250
14730
58093
44106
75933
70480
20392
25443
12653
63341
38746
87965
83970
36416
28915
70517
43583
84902
97647
97397
95562
51094
5622
97228
63824
61742
63508
52359
75261
70841
85175
88390
17629
80701
1845
8587
19195
3124
18400
37605
16163
46161
5984
85912
82636
12051
35965
46432
62928
94441
8386
52885
17230
83677
16531
34385
1307
78074
42660
59511
77941
11685
94931
58203
93058
65384
80988
25324
7489
66485
70448
80535
14585
35332
6564
21092
92772
69865
87681
2488
21900
62030
3262
23552
30496
38705
96609
56685
80192
43942
17617
89734
14045
60925
26651
16148
4773
25447
77641
74211
31978
43469
63448
42124
59183
55807
13358
13891
68796
19298
33214
17155
18963
9810
85621
82862
17021
70195
28299
19379
93832
74780
79790
81113
23119
59300
28255
69109
76386
72809
68352
63005
88308
45984
33718
90883
15791
99553
25609
2483
46760
67726
36564
23635
32250
11556
21246
76539
55399
57449
14171
73145
15757
34090
41494
64594
99540
15161
3975
21887
49138
38657
98702
21337
10865
12611
58444
37935
58971
88403
42921
53777
7771
3014
63446
6054
54132
73119
78363
2800
73490
9479
17279
11739
93286
2136
3325
95968
87995
86904
51989
60329
15968
65411
30652
55250
62399
1542
18625
24376
72421
43413
17421
88370
81334
41405
67834
50015
70835
92579
25354
24380
53394
72831
36767
20227
51002
58835
5544
88036
75239
5685
52900
61992
70156
66258
66882
57339
63875
6577
38893
57877
10374
62201
81941
37097
66655
29468
63232
99100
18019
34825
91304
87456
27783
44299
5941
46871
35068
79281
33332
2585
56442
94854
52607
32930
34414
74251
88228
92237
74199
22605
18252
58748
42065
63494
15861
66379
89216
95489
28007
8936
86489
67833
29796
69267
37348
94471
26776
16127
42473
25543
93825
58844
57918
97234
55256
65106
98247
78391
81789
83432
88608
93331
65821
23925
3215
42296
54949
95266
89300
13083
85960
80993
97670
77036
4278
2940
14492
63826
92244
92577
97423
26553
71319
12913
30666
89206
34652
87002
92886
88683
41273
52830
88291
63758
49541
7356
33385
80204
38391
26579
6203
60035
76045
55220
58458
70212
16368
96519
36726
39509
9878
21362
17830
72367
30713
77877
29101
90925
25328
75964
77440
85852
64674
41870
87359
95210
40614
89097
4540
9004
24386
54618
29966
33762
17573
49343
89368
61795
52737
23232
49726
15368
85583
43555
8105
18284
87760
41548
71840
83555
68641
6973
5752
70249
30545
50749
15506
340
25388
87303
53498
16794
52021
89825
31333
94606
97060
29250
89943
14461
46819
58573
7232
53166
35957
15051
64386
99018
40353
95826
93164
55113
50303
21479
98605
5397
3903
10437
22834
61912
23723
7721
65144
43537
13713
71769
91324
33375
19096
46176
66584
39104
99731
23089
46500
96149
21626
56576
44602
2647
954
46441
18950
92324
29409
64321
5045
88328
83889
77723
50667
35238
25025
88481
53791
30910
90049
2345
25831
34114
40375
72120
82633
61246
32105
83363
43866
29363
91040
53350
31148
95200
70661
53950
6045
333
10888
2613
23194
11229
20613
38823
73303
71684
58571
65653
92899
4879
6900
72054
68860
92309
87585
91360
31756
3764
62296
79721
23774
62239
13310
6156
61449
36371
74915
62162
20116
80812
62673
6632
60781
9631
74731
62001
13474
65157
64906
33744
17185
18573
48132
35890
93739
19326
2082
1350
2649
34700
84770
86860
8229
8629
28747
42613
81441
38271
99614
58225
50868
15211
49591
58976
86266
17731
93849
60752
31105
72904
61346
14323
31236
65272
89481
59689
66362
13864
6715
70442
88268
62988
1945
96702
15023
95341
42066
79987
5441
53474
2635
95888
40701
46057
58105
49148
8135
23193
3468
87745
80587
75833
79692
