59403
51104
82257
47260
69220
44839
80737
98445
15793
32861
89899
85420
99318
84919
92551
59637
84146
848
54620
76432
47303
95253
63447
21901
78693
47214
7282
96630
152
60716
14672
83174
65991
78795
65656
51503
86147
30675
35970
36486
2485
67079
66132
39102
71110
2551
73398
58480
45116
44727
7143
62267
81931
67991
90206
38590
72236
37569
1191
27689
57705
26224
37973
99862
20565
29347
25104
17692
42345
76502
19422
17860
72329
88236
30386
79236
67754
10380
66023
9621
95061
35843
6532
88215
74160
65809
9225
53382
72615
97611
98196
25731
47537
25953
78550
54392
41243
58828
96797
4698
61484
32778
85754
14617
61691
1582
3673
32202
10755
56381
59927
61115
34225
13163
25672
66951
14478
23157
86874
48873
93081
54513
79276
48626
29644
13357
86881
52966
71970
56420
17758
59437
30614
16161
23385
31022
74424
10749
59392
64734
46599
66602
41897
52061
61840
15587
74520
11689
61028
73747
33364
40938
19966
67029
27500
86338
36172
22855
19731
18243
7491
3308
8354
5816
46917
18290
97123
84832
22808
31172
91634
33165
83699
86370
78873
81932
81788
65018
19652
80689
99657
82448
57940
60428
89931
14609
37322
47747
55060
68822
59864
97848
78636
89787
2969
1822
32509
73325
27260
41206
33376
36071
25331
23405
59511
65314
1771
76864
17944
79673
18527
83909
12876
98601
26434
66546
6099
18193
60147
56910
55772
27468
50381
23209
65909
91780
91614
7244
50356
9451
44508
29648
89225
48428
13155
97024
35635
98634
86426
5746
75874
68974
8409
37026
73334
84146
95094
95425
53156
64266
91673
97071
15881
5804
56778
47190
92501
17469
2605
83430
56795
18527
81308
2868
10949
16995
27992
45963
85269
73402
26713
57322
89730
48320
93427
77597
26476
72239
84306
92250
430
32832
99062
74652
31489
29108
15764
37202
38699
89154
69162
70239
69362
30001
23895
873
84136
22858
69628
97953
42542
89633
6046
14421
65755
16633
47567
38980
25253
14426
61907
37284
12312
31041
90427
59408
33243
97652
76238
94086
43549
1186
41099
36770
84502
78780
16421
78026
32418
33764
50188
93616
47865
48624
367
69955
94052
80419
49564
95793
37963
30190
86551
10445
57165
50200
82355
86858
75454
15219
78099
69997
98975
15302
72056
4902
89592
27894
4539
91270
20297
26275
91175
23371
90372
32129
78260
72351
58227
92476
96403
98607
34807
83453
48558
92437
41359
6657
87278
35090
35641
9208
57526
2222
51857
30716
38962
20999
17143
27203
84082
19574
83195
7446
54107
45818
43973
41223
22911
50236
93107
93308
76906
16619
7939
41291
52620
56419
1183
88711
9662
86915
28930
19257
43335
11052
45463
72119
65900
46608
23487
35245
40789
16518
14352
8470
63363
15255
81570
93689
85234
88622
15259
56572
72928
53278
16293
36803
30037
20300
85407
85472
72703
83848
95163
58704
3832
16934
12679
88171
33501
29381
92836
47768
5779
32260
74486
48613
17013
42115
99246
62722
38556
85663
90810
91265
34142
5687
85546
19259
75515
41823
92307
58001
91674
19198
52132
55415
35891
99832
21494
40827
60480
61946
94429
9001
83042
40482
67051
85117
8258
87963
52659
19494
29824
40663
8249
38675
95660
99097
70289
12162
5561
72031
86958
56013
90238
86737
42149
74247
30862
86018
64990
46464
785
97393
28550
24551
12854
34797
10736
33187
67505
12652
39433
30264
40386
45410
92338
74291
63328
15532
38169
91258
13598
34368
1249
98200
87972
88645
1716
47858
32570
92279
76435
567
41437
13268
94701
92511
83438
92944
49891
91494
80566
29812
31001
16135
76579
25543
91020
28853
24530
62890
64756
12027
42159
41162
89887
82967
79814
86445
30936
36738
47913
50717
82125
37004
11469
63511
732
10327
67337
1637
22682
4359
63473
64662
39672
55986
29466
30996
34410
6378
92529
82882
60254
65124
4188
87837
27240
5061
59069
36361
10434
64006
18664
89640
26410
60374
71127
88745
81466
56099
33815
10680
97193
66270
67464
39310
72677
50810
30420
62864
16843
86031
69526
81328
41398
51669
74087
47719
86266
21080
78868
84270
87499
44004
53982
44716
17447
36203
44570
60228
24626
83938
121
46675
46979
47809
96003
60258
16817
37587
12108
3090
39219
28285
75462
47663
52626
52182
97562
75432
52678
26829
13534
57182
32010
81876
47738
3537
44628
38583
47832
91813
52355
381
9358
82376
44981
73640
32476
11888
6181
86694
15782
38974
25348
21407
84409
22484
85253
95134
61196
83411
46693
49364
33867
92154
87811
84741
97984
60833
95500
10661
77299
30178
82207
11412
4443
78716
42891
50085
59342
29008
20659
12359
13129
61595
99256
40926
27684
67728
62583
94707
91025
2189
99376
62562
45816
7425
99216
72739
91717
29936
19593
92662
22051
97517
5873
12967
37785
42308
47324
59867
45920
62653
71039
7269
77858
11207
49583
21669
87310
77960
35932
92340
11139
22155
58753
38180
79071
4822
48648
3655
33254
82941
46525
25646
31286
18809
21731
22763
74560
89118
64203
28058
66970
21429
48362
3168
52913
77408
55697
73828
90709
2609
62207
76710
15019
15939
78053
88434
53990
76574
39795
