25119
73867
37227
49907
55541
55077
44414
52612
30298
9189
35623
380
2711
67332
9379
42082
53262
49853
51190
26888
89347
4297
17034
81085
45539
60392
80286
20757
54023
45340
11780
80253
63030
16087
69947
65025
48442
40222
89718
37287
69045
9005
46725
76620
3115
67104
88548
80758
59406
9581
32608
30226
3003
81638
43776
15815
92961
35606
15215
12940
78450
57984
15358
24972
3988
29047
75469
58174
92503
50452
29152
55377
178
6219
19109
58292
82641
7908
10793
417
9742
27562
20501
55345
52284
6053
35121
67832
13033
41632
81871
57617
45908
49343
82316
33093
76782
33598
73169
11245
93680
18558
94117
66517
14036
95457
88968
30625
94362
94133
33043
33412
34702
19208
18894
49451
98538
70977
72514
1272
82459
43446
74314
51760
6956
12596
93550
44189
63433
86713
36620
51677
12168
8375
57646
22952
51066
46881
9773
57864
84260
11885
59653
55081
15460
26345
64293
43358
90053
68085
64330
65458
26293
97255
8419
7793
88410
65594
3374
16712
76915
63679
16133
40855
34463
6084
66192
61753
45580
34308
1913
61645
28907
33002
58877
21586
85504
10649
73177
53665
13115
19727
42295
38488
58143
75746
25991
23181
87928
58136
56649
76010
50312
71275
79255
89024
83971
62257
14076
77049
22858
69212
13293
19899
35309
16106
87691
67686
68919
76929
6786
61294
33418
37646
1503
73502
3959
52393
50634
73873
48327
7730
26452
68890
95012
9636
56853
1163
55682
26855
44804
94384
61049
13933
73249
61918
19385
7259
4556
69966
80935
31798
22370
64697
26995
90915
50827
17360
72252
1452
13410
74581
47663
52276
72444
22002
73772
37982
39354
10639
11928
67462
1101
5193
85628
475
93212
58097
14212
51977
56274
70681
94528
83359
74900
5219
21377
82524
32975
4951
8796
30177
78190
93069
52233
53603
73469
58335
11339
67750
37815
34496
61515
45171
64743
95064
85829
72619
61604
43226
83771
92072
3822
42128
24104
14373
61750
195
86138
73334
87126
71529
54370
61261
88755
49434
6953
59680
13946
94365
46430
34312
65978
64210
36272
13657
25098
12005
69209
57790
53907
82365
69372
2440
9135
28499
68357
36677
19274
36684
36735
95272
88094
54046
18621
59202
78337
64532
62584
15921
76814
72660
54017
41265
22273
40677
33575
77366
50687
65719
5435
56618
43586
26660
70130
31833
6797
43795
49946
22593
18065
19432
91333
81096
29079
18829
58498
54327
44891
66699
78599
76160
82692
66538
68917
58075
32256
8071
45250
1370
28825
43020
18857
27351
75448
17366
74288
12212
42238
79811
47244
10770
11921
52862
32731
3142
9338
49650
39532
97897
1821
18494
28606
64811
36415
7083
45856
82539
80359
43436
10743
64604
57966
8298
71394
84780
49772
85676
13455
44029
72152
13965
14296
79673
24278
24720
56107
68852
50524
35859
69781
80103
39215
75781
14746
42677
60621
23339
44171
62511
85066
63103
45834
18443
71455
1559
10361
40121
91973
31595
2239
32893
21150
70478
88588
55873
32625
9203
72695
37830
94650
30206
68324
78588
91142
76765
54479
96340
27474
49508
54527
11796
62620
14887
506
8054
74184
76927
62931
49836
72315
54037
80461
70013
75342
30292
9433
41822
79386
2264
62847
33696
6698
75695
69935
62070
71059
56326
36900
57457
53737
33905
23226
58434
66532
76181
27360
38112
25063
26423
88287
83056
71332
31956
70821
44280
96952
16610
56904
59287
3308
96849
92655
4850
19136
16174
27242
48406
28492
54197
60731
82244
36535
27426
47099
71799
93855
61599
61275
25281
97623
86564
29831
58674
787
33526
51672
29884
46379
74410
67197
42885
53788
92090
10002
97709
37717
95512
15227
12003
42090
79355
81466
59657
30893
8859
99543
62256
6308
25792
84578
58956
41811
2906
43527
42875
86008
84988
43106
56179
73683
48474
72746
10203
85743
33050
63928
11471
95806
51955
89010
49511
5812
92079
19855
95069
77492
69501
62258
45301
60208
85854
99780
41465
79471
24509
14780
8628
18462
88808
40486
26132
90187
23956
29537
19087
86186
79043
26183
52677
22285
29541
77172
93881
3938
98140
84731
27886
71161
71668
92157
27267
58807
33334
37203
48079
37192
62140
62422
90897
52587
6867
20237
20876
52295
96869
18472
54510
24305
79818
60104
38291
42910
71226
49402
82195
11522
50413
65424
43332
55182
10346
81285
8471
74578
95754
88436
93463
87409
35238
25490
1822
36746
74729
36421
8521
20281
58679
90584
92879
62655
14577
91449
36945
19486
93557
57312
10621
6037
65628
69327
48249
91261
68264
73204
2182
85911
54017
30975
89546
46360
46247
48278
85046
16160
1992
85634
2834
36479
93426
61694
54845
57784
53102
62500
97263
42877
13840
12282
28994
91240
13637
98718
91629
60457
71339
61805
27416
67742
7152
11122
30659
81220
15712
71447
75960
26169
8106
45329
16585
35738
37370
60743
82110
69647
22781
78979
61848
42178
58781
1094
89318
23980
32515
73493
53103
82605
4683
17388
40165
38039
13247
44152
49210
43252
24207
38943
55
