69047
39210
90512
84240
71572
75704
17733
40044
2006
18201
92904
79796
86611
26196
67923
40304
64916
2423
24825
28961
42695
61606
77290
62532
37553
40928
51699
78277
61953
16769
34014
56559
51075
91060
98910
19108
36989
49935
25782
10999
61275
24733
76823
18628
78459
11689
51750
35698
63256
11205
24406
90915
56109
92216
30282
44428
78021
50135
98077
18072
29586
46238
99325
92093
57867
43358
93188
62122
59822
699
52849
12302
54494
61001
14548
3566
34308
94914
61632
13264
32864
38753
96909
89981
62502
38752
90463
55457
45958
94506
3363
20670
10
81524
34844
7601
47701
90201
51786
34011
16697
29119
93154
93788
35568
77854
51704
67781
54406
70357
