58100
65288
67583
36606
21440
33517
11007
88066
76364
9721
88363
67534
16195
88647
47771
68820
16527
73114
91967
44005
70778
24808
46470
99388
63062
46642
82375
27618
70211
97632
42437
15342
47633
52006
45487
74204
98690
23398
49205
71728
360
61904
96503
68900
71708
64589
9332
36923
48155
12196
80514
58868
71863
62385
76353
29232
90200
48714
18583
17169
54808
35288
74202
75262
91340
95796
94289
68191
51372
77852
23142
33775
48343
72565
67898
19583
27498
53801
7278
20410
19403
98287
50363
29431
31954
34798
41610
23454
79380
95695
99633
80464
21987
30945
80799
50826
2321
9236
30266
71318
9055
95693
51341
66004
86031
67902
388
28853
27631
78163
35583
29210
24537
92794
28962
49166
17047
11767
74461
29505
76384
48187
63625
4219
20856
13531
10013
93225
75281
986
75230
43300
14794
33842
76164
38678
48412
42710
3521
89244
76404
88323
95898
11522
55590
77671
76254
52244
35874
22784
28485
43587
50325
87787
80087
81339
18814
94944
66697
33424
40046
28771
37975
36422
25650
90733
925
46396
53976
54834
71722
86882
77131
94892
87853
40
78283
67103
66416
18198
58676
38739
73416
57440
70240
87992
29399
91246
25783
29989
11409
49927
99639
71778
39131
56043
81214
12567
8627
2295
84352
62133
38420
6178
41862
54179
56129
31528
77397
64293
46219
80268
17389
46818
45160
77774
96767
1360
58561
12130
73954
2000
17643
16476
9250
74526
13069
48920
82849
3712
94626
29683
64170
69498
20258
74070
55367
31649
10950
40783
23945
32779
6477
66143
31264
44729
31149
1814
99015
93812
40598
8310
62778
83544
71200
24270
96929
28179
91788
35980
92749
72812
7379
28799
16487
88329
90657
18446
22588
30007
8855
22487
33269
45231
77651
31294
40078
73452
76112
66624
10906
93005
74980
39983
83380
27846
91162
5713
19251
43635
51170
89265
28087
44062
25533
22121
77618
83876
63718
81389
63309
95821
1138
33799
42925
13228
21425
83287
53308
19097
55695
42841
6295
10018
74605
44662
11808
56896
16863
18101
17875
15147
66496
65553
12361
50785
16200
67581
98443
77418
24163
3638
48631
21890
96654
4568
78612
86291
40765
13832
66309
25631
67451
8971
84035
30571
98390
90300
29031
15928
2041
8805
94779
2024
30839
6616
94481
91701
72477
86748
22178
37986
20088
15000
9750
64628
68094
22472
83775
65237
11142
69605
6592
95448
45495
6199
88717
11641
50600
17399
22206
6990
93044
46221
15151
33926
81982
32257
34456
85443
98036
30149
7929
74068
24161
64181
61411
10976
74418
98714
30184
96745
40635
37214
31665
84859
73986
47891
78368
87702
55954
89336
16315
10900
96851
28020
24115
99590
56121
2387
24968
23112
43852
1187
59440
82425
70014
79499
3164
86983
76773
85343
13385
52947
46634
48950
84562
86239
76047
79852
21029
35720
34199
68291
23181
93623
65031
35081
89846
91756
85979
8915
30990
40035
44807
50189
4399
33244
23878
11979
29760
63602
17306
60917
2096
31712
72755
46193
46887
4446
31024
15158
64938
85095
38669
68
49166
9124
42912
99634
92114
2830
73908
35654
21581
1173
30444
52512
36087
5962
181
50669
74825
43158
40199
6156
67598
85613
54016
23569
15334
17042
25626
90643
83968
97843
92314
67444
2947
28463
69712
19185
39257
67040
97811
53837
12466
16646
61033
45306
35977
42641
41583
70988
58926
34080
67825
1611
90759
31139
39149
51856
14989
26930
7664
5568
84718
7490
88125
72432
29249
82203
36743
28715
99459
53713
24426
13535
85735
8168
81213
95151
44974
51532
66753
82094
957
98980
92664
44168
10149
70956
12375
84723
99075
90707
63670
69635
11305
9557
25996
2826
8534
26817
1445
88355
32263
30219
81819
84758
73165
47848
58672
62086
52856
32232
13251
5835
77442
22159
21087
97204
48780
15528
79865
47888
29508
36750
38608
74157
10282
14388
11423
79254
80445
92248
67703
41803
57603
99801
98905
41792
75181
24956
21129
3460
63474
70971
72285
49436
47338
94668
37410
29044
25375
63714
16196
6146
5725
29000
95820
484
50394
49880
15942
35361
191
25081
33894
34445
95986
83875
38752
88999
57891
47763
26928
75892
75305
2667
33820
6415
20030
32812
59338
61266
69028
19372
75185
88219
54225
36841
78356
81828
41282
15772
78733
15443
53558
14686
19852
39703
66025
41890
25359
96589
21027
87534
42884
30760
68455
92465
11422
76676
51896
95855
88350
48275
32446
3301
80867
81557
87341
99374
25376
83478
75421
60708
89042
72830
11555
97553
19576
9163
2442
54808
30415
78775
35387
35765
94914
70299
78213
90200
47909
83347
65383
59710
13539
43301
34370
36158
96196
14387
5825
3425
71518
65673
32573
42193
11291
75755
66114
49433
94496
38367
14713
77490
27711
29391
66245
43693
28464
89100
51441
49201
89282
15532
37637
46686
32436
46159
73080
8972
88938
25841
9561
88743
54430
71965
70791
49666
6044
93658
56542
69034
11171
47670
60845
90949
30152
60131
91654
84981
22965
59055
3061
47893
22713
33422
17950
84443
88592
21234
70464
47053
89272
43414
32292
23318
7004
22519
78862
94366
60310
3424
56456
34352
45692
15878
54021
10694
33454
42171
56491
15357
3314
12621
17999
98824
84675
88643
68591
74710
6361
17997
79273
90127
10984
14694
68874
24419
95845
7321
39773
54663
88158
14833
89890
31253
54812
95723
56386
57317
4195
11293
9539
27898
73170
32978
47808
83419
73802
54581
19904
28945
60512
883
49594
2698
48425
57986
34538
71478
90394
97063
74860
39555
80039
76329
12924
13787
10370
87983
82789
80707
95725
91205
29474
65594
8135
31149
11630
60554
98446
33728
51704
59494
82197
35440
29893
95290
78136
91861
49621
49631
19046
4392
17241
70784
29894
17504
87610
4246
65616
69265
384
54650
78402
57420
36087
3201
6803
48672
8921
36153
13293
