47005
90732
79815
10057
33058
236
78822
22578
69574
89431
17866
72487
43078
89499
54298
56475
40569
19497
80837
90814
68181
74371
19233
53176
2391
84503
91608
6855
15146
59985
39266
24294
99742
7135
15432
62025
29858
17483
32619
13252
19410
16579
44031
3875
28698
11591
9710
2827
19573
60868
82755
14363
450
72153
38248
23438
20744
32177
88353
98881
29476
96197
20887
47960
33646
80453
28862
78179
12745
8439
31418
28563
47908
69792
55087
26851
77378
43722
18954
59588
70392
40943
11199
16178
94304
16788
57136
51987
23527
12134
33624
11866
30422
94410
93055
28840
4745
52954
78296
69700
6213
19811
59451
64555
38495
73194
33845
26469
63581
79425
45758
31325
58893
79198
30721
13192
17458
6942
86111
21496
81771
87266
35628
76728
27528
46128
49688
79931
56333
60675
40730
27467
31606
90365
19860
81843
89565
67950
99733
48770
48290
88332
44439
72436
93486
65445
91867
53809
33281
39338
38409
27813
43055
6642
36162
53081
9954
98673
47776
43459
92416
81072
38273
45148
84538
89316
79276
49209
29209
5953
56314
44125
84430
61244
93183
67020
65236
87069
19905
37941
50046
93644
22055
65363
20113
31066
21643
54766
26406
94350
92039
51124
17221
25130
50328
32889
58667
85932
11254
39084
72279
60957
73183
49818
60074
35595
26085
10213
46914
56491
22129
22963
37907
87960
2311
50058
96349
90231
69890
96128
62347
30257
24438
26232
75050
18449
69982
57084
76886
78363
5274
52584
56323
96589
19463
6281
72942
92466
21559
44418
11908
39504
28474
44213
64634
68885
