18892
8350
40995
85189
17209
27402
40186
93350
84140
94616
60684
89789
30411
12769
11450
38281
69026
77803
85916
39428
42319
37106
32844
94941
15565
97056
70477
67460
69615
76059
83174
67537
57507
97709
34903
7674
75116
27282
12267
63527
68926
7790
23835
86766
30543
32069
74269
97121
65120
31735
63609
35409
5599
13090
99801
90198
6001
64260
76686
17577
11366
26337
33972
55032
3588
1275
43952
88464
67572
49307
72250
62508
41916
55816
67012
42672
65845
13878
39280
55278
27096
89254
40236
34609
59909
64061
38554
59797
84727
66795
87188
16521
69226
46212
63398
3059
19222
60335
24445
44923
98223
75405
82694
85347
80530
28784
60254
54297
47967
58994
76514
28142
72827
59545
36872
93289
57983
91216
17742
86012
47525
35263
47187
55156
84916
31811
34323
57921
54771
7919
99875
48150
29842
47830
50744
34118
12574
34522
92851
441
16423
25647
39859
92151
36241
82255
14513
15112
92172
88585
320
90560
98190
19921
9255
44239
12224
54449
626
34434
17367
89013
87409
38091
84170
95527
60585
21662
68941
60990
34357
30148
79613
17733
41864
84545
96441
29057
48177
94622
64071
3967
76719
81015
66658
89134
28404
80713
91437
32583
4761
27381
85068
92521
43765
36608
53840
60500
90362
62016
72897
35066
38959
63803
99530
36827
31321
96776
63773
91281
7095
43895
27881
92992
72240
6195
29749
79640
68983
55577
47287
24690
49495
43671
60171
70711
627
45427
75347
