58734
10689
46094
77920
63203
24990
95584
24496
91882
7192
74404
66129
3349
93341
21879
13728
24462
17656
40216
85233
68355
11310
92152
44275
5792
43377
19473
77741
50188
91622
45191
95950
82181
74140
25145
98155
42720
78998
71684
52211
91201
63574
51649
33521
67715
45108
14724
59254
53380
36318
77964
2950
89881
86198
80832
4435
51381
36231
27053
67561
59333
76596
1157
52074
77003
39306
474
75253
44642
77802
79251
21847
68828
50655
28264
29295
52371
75863
81658
82991
79246
41075
33084
25926
29578
5020
84090
51900
58347
4431
81213
7883
96418
48072
28111
54218
13242
54682
9214
63210
35899
43885
58639
14628
58268
88826
44794
31026
38565
41847
98372
77755
93772
68509
753
55735
3462
84688
4143
40509
20617
12934
83542
51843
91861
58284
48808
98580
84226
37297
36706
3579
52861
798
15813
64065
11245
95929
22518
55085
82565
31340
24324
9587
36344
24147
24868
51540
13676
54143
55234
83771
85288
86870
83436
66172
11731
67928
21923
46200
59209
95324
51928
24257
80500
21647
8887
62827
7392
41160
49678
7577
57470
71392
39255
33919
56198
83236
96841
52252
69548
61900
16267
96112
8185
66896
92724
54929
65568
62667
5477
61177
61965
13503
52010
9783
22900
74213
63559
98446
30922
95408
74986
56123
38386
33025
29792
5132
64098
62218
64136
8276
3315
23140
4785
32375
10450
27807
49737
2671
541
92370
6522
16916
6588
32120
33789
76858
12901
32094
86138
65298
24122
15982
12412
15860
61461
