89278
45365
35597
67171
4678
21491
94495
30466
27316
93918
20403
864
26945
52153
14532
39376
78964
3852
38453
56016
37091
77167
90
20855
1758
50874
11696
73752
12508
16819
78789
66488
36189
11107
74855
42305
4635
153
72252
1371
45418
16284
77703
11495
95269
32738
13576
73300
18547
22218
9997
25421
41552
49194
76746
20522
13148
70575
19052
10122
13836
45323
17986
83224
94842
48786
20620
56130
40594
37615
81939
665
84559
37815
38596
74162
6798
51546
11816
98547
19291
18827
26613
69379
8807
26060
84874
36434
22924
71682
15358
19215
44792
5771
92432
54594
26123
44432
56268
64942
40086
2090
36426
181
51396
81532
63333
2930
46957
87011
51352
52662
62277
54836
6035
27466
4224
92260
59081
48490
50107
17339
9435
72672
61885
71765
24070
42316
78125
11457
50989
44712
50046
6463
20413
73563
26624
63633
42479
27960
10471
85652
99411
42577
77065
95659
89818
19086
66494
29966
23192
88947
79917
28228
12915
70252
94185
10811
93504
76296
62350
88239
82683
1579
46956
64699
63426
73010
42480
41995
97190
12673
96692
54065
36573
60768
97915
1329
51264
64243
92575
59101
78083
977
24273
42442
99342
90100
61688
53893
51855
49
34447
32665
88334
85338
36300
84657
87575
20340
46932
69629
14802
69709
59011
71512
68838
28674
13100
79077
0
5996
71102
69240
71868
52982
44634
40882
78262
8976
68230
941
24883
2551
85697
56960
3318
67545
97584
34731
7838
36006
36576
15006
7398
48456
80139
54304
67319
97111
82117
96792
19918
65240
62566
12332
60242
64409
86076
33742
85958
56492
31775
30134
45906
28381
84658
95361
74134
23106
34779
11649
90308
58995
6130
32901
61168
20967
94484
44328
98335
54736
14990
31274
11136
66524
35539
93310
10471
82195
99170
91708
91303
72370
75545
39479
11946
84745
69342
96080
53705
90837
42415
56248
25607
64130
93216
21601
38133
84684
35174
50598
73157
12782
18984
52117
6473
95082
81304
23963
33816
28576
71498
33399
16854
64876
44752
23028
22482
42024
85622
1878
67002
66688
93988
97045
86550
97902
88938
39307
20326
7697
61982
97998
90072
89929
92793
23121
95671
84359
67041
23547
42160
71691
79337
72647
36382
51606
25034
43673
95516
82209
38703
63559
98915
10035
56166
48128
68881
54042
50998
93791
94991
52202
33991
77178
83103
74187
25492
33828
34223
71573
94408
53587
10081
38227
72070
39669
2312
69624
40818
3534
95220
14218
60313
41798
86233
67248
7287
73645
10910
70450
7159
32449
55760
26043
1787
35714
25057
21218
4720
34071
12796
61645
33853
51732
25879
42605
41119
70961
668
28278
60515
52169
77259
57695
45144
21861
8398
40733
87224
22618
36998
13617
59700
42951
53594
31843
76829
28550
26691
88442
92854
51548
45027
52841
79357
8932
17831
78894
33228
52714
43312
18798
37290
11171
50612
19052
98551
82604
80613
20306
73756
76100
74504
47591
44674
23269
76394
17064
86018
55864
73404
64982
11336
21951
18139
58833
78538
51128
81273
4080
73164
33839
19183
4118
14984
32154
98206
676
77485
49523
14272
66834
45415
70657
99245
56908
19132
46468
59626
98484
69364
56244
56946
69961
92163
38129
17882
33844
8050
2548
37858
58538
16907
60344
64397
90498
57032
11196
73156
91621
27651
19764
70654
39193
93768
10615
15734
43166
68438
5430
63044
51484
58308
57422
60190
86977
68956
7617
18906
42864
91896
45303
93225
78013
20828
57047
58061
3836
72496
99440
30351
90789
44000
84100
17497
66406
57446
59354
29860
53840
65107
26655
86870
80230
75140
40232
58968
47186
38621
85031
64448
44190
80580
59698
16759
62387
98635
4160
22990
79776
53632
72079
86127
95253
63139
52467
