84397
16524
10509
34352
32593
74238
72955
13833
94207
92079
22620
67369
32851
10590
88924
3580
81072
28756
95200
68466
70755
34314
94840
22955
6457
31884
57564
45902
50935
39320
27332
55887
71633
2253
76948
16613
13480
59111
49744
24515
20288
82707
9371
97101
28890
36819
3359
67093
92316
7486
16040
83096
53112
22755
43934
70819
9131
73898
68670
5025
54900
79501
24180
79098
52623
6809
46695
80259
66133
68602
63340
30132
17473
64752
46081
65295
84037
66280
26392
64021
74395
13172
81436
45164
47162
23947
73710
96498
79737
87996
4272
108
26340
89938
42294
10565
70776
2635
99918
69509
7236
17057
70999
50221
46467
50912
57463
53958
41051
27180
2696
17389
58041
57195
40244
55189
36303
24137
69408
98072
45118
73788
20105
386
95736
86021
7557
19954
64816
33053
9383
9252
2634
83653
7676
8255
50354
74127
9239
78347
34257
43672
75182
47034
76077
90517
69631
54070
34252
57594
56819
21897
12599
50055
47019
33858
40664
16073
37002
74300
11631
77697
5660
36065
33087
79575
68502
77265
47283
58206
35985
76460
27299
13027
42341
1411
19575
89281
91234
12804
92163
23776
3885
4803
35439
13989
10501
88122
14790
66595
24563
24386
51289
86947
74820
53673
63438
66025
53719
31572
18470
24836
11934
77800
33993
4586
81053
6265
1713
97803
16876
40636
50190
21318
78483
15903
75972
12696
87676
13653
62776
37138
57346
89196
68566
44675
38979
99044
68068
88563
26262
68283
92936
28596
5696
33720
24202
51079
64771
74413
12274
87393
64884
70984
96016
80726
10001
88394
94598
49616
75707
65716
58763
91558
64566
29004
52879
3037
42116
30396
62042
1100
88378
24073
80201
99944
94582
92819
57802
43884
30633
32962
75745
1055
43788
29369
98817
60231
72042
66165
8285
40904
57457
46351
1693
58485
30303
94092
44395
31356
93480
73047
56739
77376
9823
89335
6254
19074
66209
33276
51833
27553
80268
21794
89440
75397
51932
91444
53488
39975
45081
49900
40632
90965
95955
59646
35165
6623
17158
72837
37022
19293
55179
67025
53857
55212
16771
62710
39858
77990
31767
89985
32965
26073
7417
66056
62504
71643
64863
11262
77274
95544
57449
