81245
39405
66915
3483
39036
61657
29319
47452
95485
67246
62705
42326
54073
78243
92041
87654
56695
37411
53954
70695
28772
61973
44434
87131
57901
18552
97159
97476
21941
62431
48769
32849
77429
10698
1588
97003
80866
77543
21607
49402
83725
27160
71254
31523
99329
61703
7568
99338
10918
7037
70409
34335
47187
46255
86989
81880
11527
41742
32487
4077
27030
84349
3611
90919
18503
77232
93716
32604
64820
2246
61278
67029
20181
85352
69636
39117
29088
69510
16071
96915
98288
74491
34124
12040
61426
56450
30834
8520
99845
34591
51723
82194
87739
80768
29727
13850
68994
49588
3284
2823
56941
77104
48921
83225
17526
63681
44890
36996
79540
78402
59576
61595
96910
19050
72770
10281
92243
72638
91753
46435
14240
35100
10242
38340
58901
11475
69264
78790
76125
85516
12380
64897
85330
87188
21485
90492
51108
39311
84044
83140
96032
60450
54704
80457
92423
96557
83569
6160
34153
96118
97238
30156
21198
67861
97750
24079
88533
19696
32329
36213
15347
33148
12801
42600
60734
33184
2843
86910
54943
468
77302
70302
23830
97660
20210
63235
59056
29014
27198
9961
17259
74112
53104
88540
36636
17343
88697
82161
28103
13379
64439
85789
8360
10217
21549
66608
52286
39947
72668
92241
43295
43430
6520
89034
37450
10357
63370
27189
61322
12125
91152
32202
13334
98083
31880
86335
81032
60216
26873
52875
42644
4465
50807
96570
96162
46023
94885
84841
73368
49911
22335
77484
33597
48028
85565
38261
42605
39195
25817
97323
46211
53051
10103
8986
24860
6157
80880
5237
16247
52844
21336
90784
60341
24065
49967
71686
95340
17026
51141
97337
94108
20413
79763
30860
54169
85115
86168
69941
54395
96039
81191
40776
6001
71467
9832
54520
82275
51687
73488
78420
70108
65338
2639
55526
98110
85295
9704
95329
42824
17282
56272
30144
20859
76714
88272
43868
66065
24341
88950
25077
53881
57868
64973
74251
92902
59757
97259
74331
40124
43069
41814
49389
59605
58445
55005
42886
63610
58859
19121
57758
7322
67394
51517
19337
91151
25468
38222
75263
9305
93404
88548
83030
31671
86249
32876
39279
44961
33984
50317
47633
40837
27909
49847
59085
11273
72552
34355
92526
38003
96271
73086
12602
93944
71475
41824
13007
14910
94433
86394
81306
68151
83016
664
64278
83946
38525
74076
47057
62607
5102
56404
58516
49127
57680
5731
28307
39351
49738
24322
73527
23370
70384
10925
13386
71644
77257
14503
53861
13890
47646
64735
60953
6903
22058
16401
56953
86738
54345
49581
90638
516
76176
50564
10411
72280
76141
56492
24142
41329
4034
6906
76771
44464
91520
26348
16993
5668
60731
72208
65630
14721
20034
4368
22487
36287
53049
63502
40920
21847
82219
11809
68972
79673
17113
