98074
71488
64058
81119
30277
48387
25205
14983
18845
18195
93830
42934
78837
74178
67464
35964
27117
53974
11623
51593
89898
69752
86973
14183
66716
66181
71647
26936
3228
60886
79065
791
95755
95474
72242
27712
53437
89792
89926
39265
9880
59750
84376
65351
17879
94623
80120
35356
20991
88975
59155
86842
98097
60700
56646
13834
14122
42594
62606
86090
72195
39825
12765
46400
22493
28707
69636
31190
94465
16877
49353
56979
14525
22997
12052
52712
10990
7194
13990
23722
81753
83302
18396
74983
90246
19053
25225
42307
36913
75148
64161
20381
30781
25864
94405
17474
81576
99713
14494
98361
2731
1058
91129
61990
28727
97285
21229
84597
67057
89919
17625
23270
90712
52295
90395
10413
17786
28916
74759
37064
22984
86018
57238
71440
49276
50300
75880
67374
19866
87183
35576
13342
47046
82680
51355
90048
91984
30338
85988
50006
28466
14980
60061
11560
91134
30063
57563
27936
5941
47303
95957
88695
50820
11337
42989
91716
25938
30091
29461
43564
60010
61523
82580
73689
57704
6192
67006
28037
5552
11602
99070
6996
88104
17348
72957
44294
26123
32430
43069
44179
107
3532
62515
57264
12351
80494
11775
2494
21950
1650
35020
69245
67031
47256
866
59566
1652
77517
93128
52808
25741
20412
64156
44511
77157
36750
48295
65323
47430
39792
64158
63142
2859
55221
64934
17730
79775
29500
1614
28235
39299
81917
35607
30737
78684
94925
52926
99347
64832
2871
53554
56100
41124
53822
57002
99630
18786
25294
7642
42568
25334
72560
69436
68980
8060
68222
69220
38679
60497
37054
58141
45046
69019
61306
32783
78648
89242
43501
3458
31121
46369
2122
73252
684
4972
73786
73852
85754
17158
72011
46632
27371
21724
6802
31767
87302
28657
29009
36288
80170
81400
40043
82152
80527
71079
92682
49575
82951
6320
24743
54074
99611
3353
65744
17418
45246
34427
7199
97338
9088
49510
86152
16537
37044
82477
53084
56441
67365
65588
95919
63421
89160
59772
62135
65540
97771
89866
22750
47883
47005
91697
98425
76196
84622
90440
76490
23180
73594
46676
65502
58292
87118
47524
17038
48294
52603
72218
30022
65963
9826
50391
98312
73997
25211
16878
61925
46128
43355
52706
96068
66854
78759
67591
67808
20920
1137
21819
98034
8161
65670
76476
92483
7902
17472
43832
71882
83391
3961
86008
92282
23170
4777
89741
34262
20810
51083
19770
69372
4236
97060
39921
28561
6757
70409
33424
36188
93797
111
67773
24679
65749
12634
33976
28777
44705
43547
66551
94312
54297
36611
10815
68752
72667
80842
71662
79840
28469
66828
45292
94581
64796
99907
74589
79702
13144
14272
62514
36556
76520
24369
69393
53662
77841
26301
26865
18883
63097
39108
77090
8355
27306
23375
59385
58653
57111
40943
6278
18370
45236
63452
6372
92348
46578
9886
59975
70444
22666
37335
65141
93357
93418
30442
26676
29849
52795
96099
86020
90552
48880
7767
48722
46348
45254
60572
6961
92800
40186
85290
26524
72255
42778
46086
46242
66225
16565
98844
22280
47362
90936
