58858
99509
97755
9264
98434
30266
63826
87934
54716
85571
47926
76401
32090
23195
38404
46122
51623
98292
46085
28656
13967
46967
57861
47575
67967
86388
70183
28865
20846
56768
68658
91940
75543
13391
57039
25523
50857
23044
97051
77017
82656
57538
13776
36654
22620
64814
98919
81016
85521
8354
12791
73395
13753
46118
86994
59236
57335
95869
22121
82008
63421
82744
38247
92453
10025
88467
9018
60279
82476
27740
23927
41770
10593
42326
51680
53987
27931
32442
36473
79694
67710
73864
99934
32884
69500
49603
48698
46402
48589
15154
84462
8324
261
92495
10216
95606
92534
69522
23029
42721
98747
80985
71122
3075
95145
51364
41201
47054
13728
25308
50046
96714
11175
13768
2694
82379
97439
5663
77150
14398
78592
60639
32322
29739
9508
541
7081
10718
30483
14702
87806
98958
25439
46457
77268
2248
87554
78846
13929
11437
29081
50794
71980
22022
17894
41373
29810
11075
34081
80990
48173
18908
80663
53642
41207
44035
77386
84221
59021
35210
65830
71837
22720
51720
37926
10006
77066
4580
82357
35835
65239
44447
2352
33921
89354
29919
43226
77672
84674
60597
16079
38597
79481
99882
60924
10446
67160
23954
90351
83076
19214
26100
54073
80241
60484
18130
4206
99613
32337
76481
75050
18414
78063
56860
12958
80911
19959
40883
1430
39753
13344
80525
35567
53120
65987
3839
28258
19331
93834
18841
63844
90198
15092
45400
12265
39706
20512
47433
76295
56401
6363
47076
81617
90580
33820
4811
67939
9281
81927
97261
4288
79932
75804
382
35650
57267
49940
17026
57458
61485
43162
96938
76200
52820
23877
96829
46295
60577
78923
16990
53321
43927
54889
92494
94504
67726
37045
55
26416
72676
33155
20631
43938
39742
22971
63289
62787
26255
62767
87323
82084
38753
12548
94558
90861
42771
32338
89185
74034
41413
13089
91364
5613
39026
85283
6878
1469
1974
78061
20376
49560
26699
22369
46406
23184
41275
85470
40327
64633
58186
6566
58880
70366
7919
96383
55989
78749
98143
30002
34529
21267
25085
90795
40472
97800
62063
63122
66075
81661
30027
47659
80184
12106
63578
18079
52575
96812
59159
49590
28618
77493
75809
81716
63192
32213
96248
80883
59426
44431
37413
77257
11303
68060
46875
5605
16209
28541
70362
34275
52103
61028
72738
64991
67852
54100
40055
81767
17580
62624
93622
44349
46476
2779
8779
48553
9265
15591
40020
4053
24211
159
75483
97954
55179
57390
30839
5058
18458
26240
1098
66067
49301
76109
26010
35016
5863
47714
4234
60370
3922
26371
803
10875
74656
95734
43889
26491
20944
5289
93740
30188
63381
5977
63170
62350
78225
80083
4569
4110
89020
5145
79424
35074
82246
57628
21765
3441
33903
1556
56606
46516
65695
1433
83918
67931
85798
52397
5362
30778
71907
93971
21020
72376
82717
78490
44548
2054
24059
57488
68566
60609
23607
60357
88008
96105
83375
41711
25724
40220
53495
67251
52053
30330
46673
11607
75930
13306
36850
28565
73442
98673
41890
27042
77213
76173
97313
87842
6984
