75137
86686
90577
71133
282
44868
67591
69631
56072
81620
41435
79523
3755
22359
84069
612
97881
35106
15904
3709
35234
55178
53182
2970
16077
2282
57297
66746
70177
23742
18430
41640
25949
15680
37647
14810
14047
84131
49348
61491
48281
33583
13522
66203
33750
25241
21352
64135
80669
51154
23124
32986
82840
44337
59107
82903
12881
97477
35388
57505
54273
39641
24818
4476
28944
54472
80021
73407
16527
58672
65286
25503
23688
9425
1082
87958
53999
40984
93574
51236
91180
17276
46521
62588
91868
80049
40024
57303
54707
36530
47519
33128
65899
30140
54828
66087
95048
20974
2327
21894
64113
