86922
46915
77723
44688
53522
18119
25643
72899
67989
52665
17589
11306
22210
83140
89954
8202
51611
92765
45384
52851
48719
99824
92567
13612
69524
51402
93513
19158
79443
58910
73920
41286
71736
26531
95742
85462
13540
65619
27526
20294
82912
53443
89844
55855
22143
47303
2834
36717
79021
56535
51944
629
87567
87952
66863
25557
35036
32396
67312
69489
61174
18602
41543
96285
4592
79300
52737
17565
16366
57116
22885
20074
81657
57983
89706
30949
54183
28049
11185
88066
75546
64025
27604
38595
42020
7409
31608
27455
30053
97708
15997
64995
34898
12022
59730
45716
27950
42181
15437
42605
42926
29881
94380
84731
23192
87951
35155
39671
26754
48982
20678
22031
74025
1860
75945
68424
60978
19691
45926
59033
32591
35692
62502
33183
88173
66711
70525
77339
92009
43722
19879
94202
7378
7522
31010
