10559
60883
27938
43345
79547
9349
23538
98726
39186
73915
54083
51392
20910
24240
86349
26495
85097
81080
63883
47725
96597
48741
73776
12772
67074
77343
56050
4287
62671
82367
88408
28649
92403
57351
64832
89212
41191
71450
21453
55332
41846
78547
92539
45489
7723
1340
32115
39450
20358
46349
63405
9855
31264
48319
80688
73539
27693
27418
99075
92383
25909
44733
8298
75025
5157
75081
53471
64179
19194
96150
39308
39900
83708
30892
81977
40931
6851
51377
63780
15979
51290
5734
83896
86493
36538
86886
52830
80993
4768
47578
16108
27935
759
69288
85233
62307
58909
60358
99455
83274
31717
63395
51087
89927
60951
74786
90978
12159
56812
9993
45844
78478
29838
68069
96532
58039
25620
90501
92200
49941
34549
44257
10678
69078
56227
82027
76308
66207
5619
36750
45027
48296
82210
53362
33835
47682
61734
29200
58685
83448
67657
73167
73584
94382
19066
32084
30739
16743
2647
88291
52532
71738
67084
45636
78878
63335
45782
42655
77271
52555
59840
7612
33518
26133
11146
34769
42833
67602
49953
39326
30483
23934
49779
10992
49136
98692
61524
96081
76374
76886
77672
90491
32633
57517
53240
85369
52243
29186
10590
88179
81186
47444
65265
75758
23550
92108
6391
25820
40192
97063
83447
49663
54637
61388
11860
33911
23019
70463
38874
32281
35852
42905
81558
94658
60897
65233
29620
6232
43755
66348
75567
17835
48470
17318
59589
88851
72818
6351
42515
25831
32030
11861
54422
44101
85332
23274
55381
62192
32730
82321
26746
10567
9125
64107
17115
46885
73255
60863
99029
23106
34715
33040
94345
98066
37440
37436
75403
54278
24251
79848
53616
95523
1073
47783
72753
22981
32114
30183
66465
34086
75784
60171
61693
42789
36975
18663
57836
22608
58147
46315
89075
40811
90303
67039
89738
72609
5576
19035
11625
88907
9454
93687
47341
35265
76533
56093
27069
40481
45080
45390
48559
11175
21746
79164
70883
99519
55310
62248
66977
45397
67466
64792
33407
50617
3519
46435
4162
53891
17269
34565
14527
57733
89912
4691
46142
81473
76757
12432
51252
68681
78940
95553
12044
26356
59710
10388
99343
3226
29480
57382
83317
70369
60379
54714
51782
72988
77104
47741
60480
47806
45105
56867
39847
89916
73489
89609
3373
3144
43004
46292
263
35572
46818
49539
86320
33502
61976
95109
41692
118
94699
51913
70623
17013
39926
21277
95475
99981
23941
69821
37588
23566
74415
45410
92081
46696
3910
25943
10126
87500
65832
99721
52399
46802
70753
99846
62958
10434
73684
65141
95621
47299
27062
14158
59411
97689
6103
81582
10999
55535
54920
15877
44622
46966
27022
49228
56316
67272
7435
63984
50946
26123
37028
21519
62307
57062
4284
1035
95978
45373
67132
43853
9965
79070
93794
46136
77956
65894
47519
23551
16260
71470
50526
72096
76587
57183
43461
34812
73886
54547
36373
97771
78811
38778
30925
49559
11248
40468
30378
56095
52195
16241
64847
49909
91223
35852
49078
38563
16133
44120
12027
44626
15026
32243
95354
61323
24274
64105
82785
30069
59388
327
8985
14843
64098
57188
24799
80739
28876
13636
79719
96802
4096
44008
22612
25887
71641
30939
87030
57125
68276
84413
86167
55619
53397
13857
97316
30008
32587
84524
55289
10025
87745
81236
93470
94934
6600
35891
4255
19267
11196
72995
95097
37742
17436
48925
50530
29351
93892
90161
81963
6643
57396
28253
42755
62345
98570
1626
29162
8933
37352
60445
64024
17872
71356
46802
75973
35549
51708
30073
29430
10916
74379
50065
17764
54322
55297
48407
59991
41179
69912
65565
11558
50569
82863
30737
90169
26627
3734
68414
751
25477
91530
90073
8598
15645
46300
43153
60433
59868
62594
77603
37055
69648
31902
59963
68730
7175
92444
54236
10407
5034
16617
71124
48074
58503
28602
4268
39008
97677
3624
14848
43467
34512
20613
35185
34538
66330
77990
35440
20667
38543
70582
35083
23600
40541
62854
58666
62640
54798
57646
29485
45658
50644
45040
58677
49492
80029
8030
63791
3619
35529
21137
50132
47392
92512
5079
73850
51970
34296
1635
83339
37592
84398
38718
12215
4363
26772
42292
75520
18252
50883
72896
31265
64210
41857
79025
25056
4739
51909
7064
24944
20225
15285
99294
76220
84024
45227
7334
69499
30742
68937
88698
93503
52666
36613
40209
72069
24013
87278
32297
2957
9229
11157
10872
27218
45198
20031
48042
18718
93664
56319
31139
47864
32336
57078
79719
97263
38519
73602
91242
52601
46440
97165
4272
99755
28217
34333
27847
16379
86238
57403
43685
93594
85243
29363
85613
58202
69980
13060
3132
49546
90016
43427
54692
80031
41204
99861
12338
69980
8349
30539
50702
28499
70828
63158
63876
32531
31352
20685
40078
71637
72498
41749
49942
44280
98345
30337
54651
99012
35877
71584
66596
42771
33897
91512
90614
4518
40324
8031
76903
68878
1124
97706
95087
69718
6355
7140
99119
42978
15326
79886
99584
56249
48674
45452
88782
1134
63013
23091
89773
68579
63454
33155
14656
27990
10638
89463
48779
9342
12395
17440
12443
37525
73269
90093
35611
98512
30158
59211
33743
97239
41905
85728
82571
23325
14255
90063
43075
44042
95980
76325
46468
60660
87779
60387
89792
88776
16363
11459
84046
20867
244
7025
69395
91479
28970
84538
86710
90347
8195
44581
47741
64801
82974
90366
23469
33915
99179
51525
58704
10849
40562
12850
68013
59330
26291
68334
49986
95010
84443
84099
5389
77449
36011
27599
38945
23978
87087
22938
15328
10317
97427
3103
55578
64132
33471
38830
96352
35096
36566
54757
65958
24999
51767
18903
2809
20955
83948
59443
35120
53402
96816
32099
68622
94663
50856
13183
59436
14309
83490
70819
25202
60438
53078
51342
85870
68398
20890
92021
51933
11733
91512
97896
87279
55516
36115
63540
88506
71438
13436
12460
7986
16688
72135
29275
8869
56033
12943
36969
18640
78597
35469
17729
74468
46881
1205
63447
23111
27587
39357
60460
15718
73141
38517
35044
70328
62982
6564
19367
1840
34451
1188
80592
63297
93398
81481
6623
24182
14846
