96048
19510
181
47786
16302
78159
73492
34707
3031
54375
60255
70775
74473
34878
72637
63008
47601
2573
50761
16009
66937
78139
45031
17352
32189
88045
25004
25954
91907
36781
57287
91145
17361
80448
47826
83306
72999
61515
46335
37564
29133
32966
48383
42730
43465
98841
71376
86128
7236
13260
62018
6078
55288
5524
40361
32614
23776
492
83175
80534
89160
55905
69314
20949
78741
49572
35016
3136
19947
51341
66664
87820
40991
10460
94411
7785
48727
31765
61828
12617
60368
67705
82643
34934
23930
81158
74515
26109
8467
5107
40037
84475
23160
38854
9707
48068
62825
65990
53646
95283
64922
5675
89713
54418
68022
6490
83939
17447
31876
30480
61606
82835
70209
59485
40411
70564
32755
97770
60309
83449
79946
645
49500
20951
16905
19902
95493
2235
65936
49605
89145
7382
65774
27306
18989
45608
17429
29576
78184
1550
54569
9447
85747
4473
77784
65644
36907
85765
10542
78680
25219
51077
27223
35026
71303
59249
67339
36183
4170
95133
53425
92696
81731
1511
2553
9471
81915
7847
92512
97728
54636
34088
94905
6985
5493
25061
87338
35955
87835
89113
79267
1058
84651
75009
38641
26703
96512
30180
23522
25704
96063
84493
27690
79423
17278
91623
62246
43096
97300
64507
31509
54013
62349
60988
94412
34970
18925
75732
91332
73065
71310
67771
83464
35141
92768
98924
63399
18046
87781
93408
47719
87631
61271
56435
72853
2102
30486
58563
38722
86743
46644
27331
46443
44983
13311
23831
26388
95433
90374
63691
17542
26371
10747
29635
71217
10723
24664
14136
91132
2911
39821
57514
2768
24479
4640
86217
1229
64178
99866
84659
18601
28209
95355
79807
77070
77195
76802
66455
75299
5598
83790
9164
28309
74045
30445
71596
77832
73982
72666
50301
84905
56751
83926
2512
22754
17076
98900
49470
15968
77895
46578
21298
55224
18563
80425
65244
29529
89111
46060
12531
2386
14227
13805
26668
95615
42960
4730
10684
73448
4707
7919
96873
90256
79643
9638
81233
41375
66261
22016
14747
52248
5026
77529
81554
30287
28357
89261
61611
62090
13926
47901
52702
44546
66748
4481
19636
14359
34493
11134
23274
57723
18297
9842
10438
30704
23157
84877
80431
62601
6998
17075
70242
23858
67083
30436
19338
2237
1359
55403
36634
87207
36673
46063
66446
26748
52612
16969
335
39759
19207
105
79838
92401
35469
11481
67852
47152
60807
55361
27993
71871
1652
78140
50381
23430
88429
75410
71412
84560
46901
40815
56380
53738
41032
1535
12638
13341
14025
11595
76941
99277
93733
19635
44
51879
8999
52184
26444
41946
65241
66873
97580
69852
59576
67886
26982
74610
35745
48588
91637
87101
63212
64887
20390
94072
17122
68286
47963
83941
42278
48663
63926
75015
40171
40122
13233
6610
6339
39437
96461
60691
4103
63423
13029
76334
9486
40171
44397
59175
18238
21041
36902
91968
56460
11
95121
42290
45168
14709
13442
27683
59920
40484
2834
41651
13594
65691
30852
10373
41332
49581
91068
21941
58908
30456
59334
93140
58890
26163
17514
55970
58300
22866
96769
42473
26561
6888
63096
28299
10248
41846
85611
18543
54853
85335
77052
64678
1919
63653
79286
17211
58832
56483
77642
85475
28009
35088
6851
47456
63348
57714
67575
89352
85343
17137
25315
59386
71689
46451
77169
33939
95484
43657
20963
23445
28439
71066
70949
99886
26323
5972
83036
33782
59770
15514
47551
59108
94490
41424
95596
21043
66123
1450
84492
16144
34876
48308
90949
24016
34504
97082
3274
33451
95054
20082
17954
54332
34192
52323
62007
11758
16699
56541
62102
8152
8034
34422
19004
98004
92716
21172
32152
65468
91266
55982
61887
2194
82454
62491
47432
70308
29992
68294
79726
14678
86803
44689
73306
6186
69218
2834
43734
15799
32266
77653
79738
6370
68155
36967
82717
80688
80361
76031
13016
58528
52305
70738
48821
6786
49771
83488
35491
76782
33573
52247
93311
25996
13702
93447
15972
41670
21705
97951
3417
32228
35041
22411
62335
39661
71532
94263
22520
84642
35020
74841
16547
5059
35711
88142
57473
14416
81400
49739
31162
24398
46862
84735
96217
61820
83934
37131
51634
81984
56357
65614
45350
73521
27027
27057
33849
84399
53674
67777
90576
61310
7204
84629
15809
93473
40397
35920
98331
94605
70704
88904
64580
56008
6422
35408
89195
44118
73241
30194
59490
16324
47647
77700
66453
42681
21866
98610
84743
20846
61635
72008
2886
10058
41337
27756
82572
36824
77481
82562
76959
7695
34886
14172
84446
43171
52616
86421
27207
54708
42883
16741
57969
52211
77309
84001
52202
29536
5866
92554
10530
74382
2258
56428
61776
38891
26390
20699
86430
86595
61225
71952
64274
22587
21727
55030
67618
27295
30770
40726
62795
69095
45784
64497
59776
20326
14762
1141
82921
13543
18912
47249
90299
6847
85224
14316
10872
19319
84110
87581
32463
96749
98157
74189
52982
34001
