25876
89255
61172
85041
28584
7297
37637
53725
24369
62026
37142
26549
98934
33065
12601
80000
23750
55382
81935
36801
96747
71706
15924
33673
34150
53365
72070
36084
44853
26825
33192
42864
90017
63081
72386
56115
3414
84947
62649
8417
73429
79675
51503
78918
29220
83336
81361
85391
14477
11017
71764
5017
26723
32527
73578
82427
10467
24632
78199
41243
57176
29167
96418
40441
65615
63469
83501
53349
2111
90006
74915
61961
39595
61754
75365
14514
33529
584
27906
4081
91870
9152
15903
77936
28682
44610
34837
87353
95896
65545
84240
71964
52593
98003
72552
40369
66162
45133
23030
51430
60842
43026
11121
13181
31029
97910
13970
163
46515
48071
4641
11851
79565
529
99
70298
63210
32258
52507
51043
50588
14948
29010
59639
23159
29876
22711
93205
45258
28690
85564
30401
39204
84771
3489
39184
45501
6142
26269
91609
12784
55022
31016
66742
95479
61324
43433
55456
29052
59728
20307
90523
69503
7783
13768
91929
99537
60075
48948
42706
48454
49904
10673
88400
85785
49001
35556
81864
42952
72621
205
53367
7020
83847
78223
58315
71676
14589
91273
72907
10132
94590
23693
98466
53884
7463
33089
20736
4650
59017
63517
766
73722
12321
84167
40404
53097
68940
41926
34613
26704
99623
3296
1076
93269
17761
98874
23221
60261
69672
38578
65972
59163
22926
3461
77164
56870
77114
20246
63791
98077
27852
99209
50649
28527
38031
69267
30310
2535
10909
52065
24896
15546
86601
55804
66661
27910
71839
53962
11108
87693
3738
24045
23965
70352
60126
12701
58080
27596
88255
53725
31413
46035
81934
11667
89448
96335
52757
58245
90518
78990
33803
11535
65557
86606
31396
63849
68598
81733
46154
94100
82232
22266
12170
35709
40216
98982
40787
83183
2835
56481
51396
86656
81123
97738
25198
89722
3930
52772
15005
90195
49475
6275
66125
25269
93443
49823
44823
18841
49439
94900
23497
99834
54166
45324
34897
96923
31259
54126
70792
61244
89898
60610
37681
91609
17495
40770
5419
74122
21353
74755
64293
32015
65489
44851
88560
79179
10640
20194
97675
71445
31463
94384
65170
81735
75012
87078
74615
11167
78253
60126
98423
41078
74566
89359
13345
96588
3722
57484
99519
55319
20092
73704
95779
6784
27542
89862
65256
18675
68067
64367
77191
14427
76053
78684
93375
95292
13929
6239
61683
77740
36561
58024
85205
94341
27865
22402
11058
58909
51819
91728
17864
44424
14337
66615
64250
19543
62407
41026
11392
73551
26801
27671
51833
26926
44090
97811
51563
738
13299
23168
76425
28333
76181
31383
35381
30638
26726
77369
6179
47559
533
61243
82961
78669
44684
89997
25893
77245
9775
96324
60950
56440
66401
73286
80904
3588
5510
5894
70943
97295
76383
29168
13644
7726
55171
35868
17295
70102
66132
42792
78023
94903
81070
4954
62477
21558
23972
82593
96163
50870
43082
55655
69529
39384
1862
7508
86632
68363
47404
2746
65223
72938
32868
763
36571
28749
76823
19957
13573
13472
30542
99578
42525
99384
95638
35442
66963
10866
27182
42344
48364
27920
41167
79240
36739
50216
49135
81211
71874
51592
81305
41260
32328
16338
88290
48994
16656
33477
35776
68087
93784
81617
95805
35294
71366
16900
31412
37182
99542
46489
10280
83313
88023
46079
26634
26823
2667
32336
53698
81702
26882
93394
24707
44664
38736
12654
76977
3879
3554
44228
23497
99613
31646
61694
55099
19607
34714
22762
58920
37154
38087
7499
38198
75289
39105
27805
14903
80594
3494
24090
72658
17161
29820
76813
57206
32654
98559
17588
91768
98664
87772
32302
94967
54314
31765
55960
85587
7495
71836
13766
59337
49878
68393
38068
93378
58611
46713
82222
62306
37626
69651
81902
75969
77771
47679
22661
53101
50234
64394
33776
63220
12745
98056
67621
64741
73319
34390
74352
93944
56011
49462
88015
13980
52924
66833
30551
67244
29175
34441
40872
21076
17193
66499
17557
80966
48151
46328
5871
82236
88893
80209
28256
82926
93198
18443
69295
10284
38854
98552
1488
20755
22630
34118
3271
88709
80365
48896
69287
70760
22627
93549
24532
6276
83946
36813
6759
96175
55823
88911
70031
69859
81415
95558
88398
56403
42990
17616
63403
81467
77940
90015
27332
60385
53246
73074
17311
44669
27429
90949
25409
48231
94829
42999
66020
69788
94027
55875
69093
9527
15691
18119
23590
70537
72713
48735
72745
78314
82410
16922
10504
