96906
41806
7953
61313
61305
13279
86480
20777
87374
47504
84831
11184
71250
66608
45989
17796
88187
8207
32052
90766
59128
42367
43492
49923
35948
56719
49701
98866
81266
88399
73656
4889
73990
11752
13563
51569
95167
16714
1379
90267
65053
18762
24677
38190
41775
96518
29933
64710
44460
13047
75871
15791
95988
23300
99824
77491
45525
22550
99520
77260
59975
62103
29691
13181
35829
70034
26715
90292
92663
35739
57106
59584
92051
47684
1923
28357
94258
35334
40527
16170
66506
36246
77830
53983
67309
27581
42087
29905
99414
94112
87632
78903
71611
24961
3254
95244
7920
16128
65290
97660
10017
61574
34244
28947
4424
59415
51057
88591
5393
37979
1879
81405
22524
58900
5015
84820
26594
60440
86161
61573
29565
82506
28003
32500
9524
72893
77419
44765
50559
28520
26632
99853
70837
14153
61884
52694
5941
58828
85349
17529
13138
11094
60391
64913
54235
94051
64752
50373
616
57995
90013
95948
41238
73662
2582
7582
30747
59701
71888
75105
55841
98098
75582
62596
21794
91486
46220
91604
36722
65567
54011
37839
37250
40783
26216
5044
83145
66411
40317
86686
83498
8355
30830
41688
32900
42942
8920
16367
85767
43267
64479
62194
59009
33597
47177
74253
28402
41470
74120
3057
78868
85732
45602
15516
83963
12358
97131
19432
88614
84868
31790
83776
75161
87907
1590
29095
91028
63848
54070
21289
91557
47723
59685
90227
87956
27021
30227
22026
84232
42511
64962
83731
15908
57156
93637
8361
29067
17158
66466
65264
56562
13970
94495
21078
60894
20891
15434
99843
7296
26840
84193
91269
8302
31461
50456
96182
71303
55281
77681
44284
68556
82144
41117
41073
97320
98237
13255
73920
37813
8417
64451
92679
96639
61351
91924
15251
16479
59673
93573
24797
56531
82500
26375
74861
47735
63335
35010
94045
62105
66514
59015
32189
81310
36737
27574
23466
90575
42906
9249
54273
45890
44589
79768
15209
15833
97036
33827
22117
8920
24092
13561
25719
52159
3455
71726
66634
86654
39804
70292
58022
38078
65856
1538
52364
59694
39960
82072
43606
70418
78091
33279
4812
72612
50496
53864
57253
19606
20460
66144
50507
43534
62395
39030
60544
26865
4490
65105
80922
19495
49407
61364
8325
27170
32562
