1931
61266
68975
24915
37067
69398
31407
47919
58452
65547
22066
59862
70918
83415
2991
79598
56314
37741
2206
89544
18132
42060
82124
17477
37843
3791
14518
9346
86064
30025
23100
27757
98169
65329
47766
80545
75510
49563
85399
55781
86324
99176
95557
79367
74950
50009
81231
3285
24460
93158
48016
87212
18250
30198
18520
66400
51911
38049
69895
86138
65295
71509
13740
28953
2753
73878
25203
77118
86413
97407
61030
1931
66710
53506
48417
28233
9009
17521
67451
8860
16196
974
85558
25003
19810
47896
62164
62799
22137
56297
55128
6908
3554
32544
50734
56425
12863
93486
70930
86702
57579
1157
55895
6902
1383
59336
25494
62413
49687
68891
22282
79369
14718
59280
89676
33932
81179
34261
5232
38269
62938
72150
84330
80695
2315
16228
35192
57669
10888
89843
40370
87785
57734
9413
10013
90167
83467
85990
80623
91142
67441
53512
43717
37572
63898
8447
67547
31081
69081
859
42031
93461
47909
77176
60991
40473
13775
9609
6946
46183
79253
57103
93949
50389
63650
32593
75923
93041
95662
41579
96866
64534
96076
92427
63108
28303
71580
11414
35595
38573
78756
15204
32776
52258
72347
97595
16613
19727
52573
73913
19050
75099
55928
60385
66917
43281
8688
14718
65241
68855
2944
89120
89791
64551
67449
86308
24291
46438
55877
89827
79438
65313
74051
30556
37212
3308
97145
64783
66734
56113
54777
3898
26691
89581
31600
92124
78623
70475
37917
53925
92650
16519
31044
52267
18393
24256
67533
89842
21989
71289
18634
69581
6156
64517
99187
72202
53013
64875
12810
4160
21601
44971
9246
7543
73219
51892
17423
21865
76221
7743
36262
47067
38048
48239
34229
80929
32457
70
90783
35006
23091
79980
75345
74514
24244
63014
44360
43711
26040
45186
28122
36246
71736
25506
77445
76725
76240
26386
65770
62156
19518
33543
38542
55433
30540
73940
77348
38589
41264
3078
44251
11521
37916
39036
68315
28515
40899
69151
92336
31283
63182
64288
55695
35286
32869
24201
39631
64448
50507
44727
8752
93283
58824
20591
73872
34703
39904
44268
96606
7078
67383
66290
1350
4427
6930
82739
46303
99672
34261
12579
12789
49654
7026
92936
17681
63099
66539
90730
53890
4288
65991
67542
40624
42170
38986
17940
16451
95739
30796
74707
64686
39815
54249
40577
65617
91343
42178
66143
38692
87245
76162
6655
48398
7972
90645
18813
82998
568
53021
2348
66138
40569
32224
74435
80629
79161
7174
68768
52426
4307
88388
95726
19584
38110
92736
56975
58260
45224
63150
33453
34214
22020
91429
93729
48172
2193
68562
82917
47985
66324
68147
15736
75532
29806
35680
64800
57117
42127
5726
37340
49332
97959
42109
13370
16955
61401
30548
15401
49175
55909
34128
77451
75337
52370
53447
57432
29346
5265
95709
33974
90148
61030
114
23634
1948
49857
19681
66688
93764
35062
76237
80508
51794
77076
74852
92169
34104
65780
21910
34619
27182
34360
66667
34931
72169
3378
76474
60003
39237
30946
91652
41122
24661
73511
65319
80126
41121
9506
63738
11171
50010
90645
16938
66543
57535
60450
51320
3514
68680
76239
15013
28209
92063
55013
69471
68949
94902
72222
88334
75100
71721
77335
27335
7516
26420
30565
91868
82081
87235
12442
20280
42905
89326
45911
99181
75489
1102
23225
35536
39578
77250
533
74283
38068
92697
1668
33489
33794
58279
66282
72065
52784
9250
66019
44648
81497
76021
39003
7883
96892
6107
42234
2549
45661
1710
55415
34524
33332
92807
60515
39320
31671
80438
79224
77889
43103
7586
95018
21709
51672
18257
33841
47142
96562
63878
68022
2605
88581
34966
57952
64824
70266
29886
81764
56749
58858
130
94470
6568
98715
45092
36768
42092
28119
93425
36419
79867
81518
34230
97261
12359
21697
56012
60401
25225
47979
62349
62324
47911
16797
10503
19098
67665
