22358
67147
2761
3610
87658
19861
92055
20068
81775
46423
3459
46236
72146
27121
18384
80776
58955
26347
97394
42971
96082
91224
43530
87650
87386
51914
88782
10989
95397
81315
22017
29082
76862
71737
41109
98027
75935
95279
97877
60908
45598
36332
10927
48830
66825
87080
3355
96851
14357
98602
39377
90587
50623
87919
97329
49716
53453
66052
2845
24851
63294
50633
59006
79146
59862
74663
24244
60140
43685
85438
9711
13056
26309
61464
92613
87869
58213
54761
46547
95914
70891
31042
13607
87491
11767
65206
86073
73091
94408
66366
84985
90600
56005
42015
18872
84074
91129
58707
61780
96413
63365
42016
35573
59406
1762
26357
80511
11522
47166
3547
18243
7105
18496
57013
94368
81494
23602
77822
16799
33496
50813
84981
25937
17105
81965
43213
67712
94124
85498
17260
85367
17596
24551
21390
89910
73902
37021
3451
9540
46292
123
81048
21482
39702
49785
14132
19876
43428
82288
69118
30009
54360
96344
98176
82965
39644
81901
62182
60802
73345
64590
30335
31731
90599
45691
14670
57741
20793
63739
36186
71089
56374
54491
97189
94888
24451
38727
70689
34113
25578
73624
59649
91443
29090
97230
96612
99845
45323
29491
43771
34663
64480
88462
26132
96182
68750
47654
99226
32611
79883
57656
95166
95405
10829
1411
14877
40298
76919
30995
25264
4472
67709
50202
21736
11313
32555
34413
69391
16412
36890
98333
27428
66495
48745
34962
88357
65043
49938
83590
49104
62185
14607
95639
51180
49993
6487
35003
77429
9598
20530
34453
40521
23744
57843
39634
3230
86017
46901
49482
21325
11070
50188
87977
88044
10548
88815
64437
55853
89477
95424
30660
85203
55294
98997
83013
51417
36437
86335
90842
29679
2583
24949
13099
47911
16528
85606
26275
90101
76389
21319
5330
82595
31149
3704
52236
96937
58740
18321
19524
40112
49142
6422
31791
5579
78900
31014
38454
78451
77009
44261
74831
44865
26370
99564
9520
8967
16225
87177
33876
45556
33686
53539
7486
24899
70718
22775
68842
83171
10719
58934
80872
64272
83917
40901
6889
93858
11267
65848
74461
20682
93836
54308
27329
15713
88167
80137
25818
22384
95980
79097
37152
96067
41654
66543
45134
51978
70248
18246
52269
57304
77526
34951
14835
27587
48779
5647
13405
96171
83719
18112
2634
80329
43578
2675
61643
7879
17273
98499
20411
46489
11107
73703
79944
79534
86857
48914
70581
20449
87400
85272
24701
43761
74650
95480
84286
48996
50351
16808
92251
2767
10015
22808
27579
15786
10321
63288
46207
76607
88453
82883
67968
95615
53235
87542
69354
89342
21536
57541
57044
3853
59963
74474
42759
31188
57568
8282
99185
42661
89941
83708
29618
80779
3944
84478
70148
39119
61821
84212
9359
90705
27494
88825
27946
82785
22548
51573
63615
46210
25528
44319
47311
35806
76892
89006
68142
20583
39103
80301
67378
80728
51330
73684
68501
51638
53103
79700
77859
