364
17852
33840
40227
69771
11013
4763
49476
16241
66344
13086
38519
75624
67452
25455
15768
10940
61432
51378
78975
96597
59023
74968
51486
95753
73662
2731
6800
87251
74055
94466
35328
49689
96527
82214
21760
8333
60395
34561
48472
52493
29870
5848
84106
22147
10785
58451
53728
73701
44704
17487
98333
30829
32817
34818
64310
28996
24704
95530
18193
71323
79718
84612
33992
88720
75033
40915
42707
58951
55232
52973
84092
79927
95168
27091
7333
47362
89264
14842
42663
14646
48504
75622
39244
50114
38627
90002
15030
572
25472
268
6845
48301
71649
67206
91459
1387
25722
94784
84560
49431
66983
43580
35325
84681
91044
22163
90306
30553
97812
63162
26587
44828
96801
84194
3950
91598
41007
84727
52042
38455
488
13725
79971
25331
23958
59232
86611
28337
43507
98361
5724
14263
10162
95666
12194
49172
15794
50349
97933
9949
7169
31
34955
76128
39468
20738
32426
73474
31244
