58369
76428
90668
8892
49972
54357
55302
27166
64215
24217
3782
62105
63539
74656
2165
94261
85189
23083
46513
21980
10271
25949
23483
67669
77758
42364
99791
29760
60269
8516
24169
8870
79424
39932
14594
86292
60039
38790
19974
97448
60049
17864
36105
2822
33717
65025
41248
30687
37304
46086
49400
41722
3312
64171
93863
97396
73438
33227
36059
30898
90675
29809
82492
5462
8108
74432
39851
54130
27885
55715
81844
5050
81233
42663
17380
94655
8559
45735
45710
21070
22684
42476
78810
13700
57546
38985
4495
47686
41354
15734
33869
14698
21868
32551
77283
56691
73123
36792
50775
47264
45500
4197
39129
23683
38227
62364
19657
76155
97597
56167
72249
55190
54084
64840
29138
5303
39004
27162
768
13137
89240
14809
85930
82012
34985
77433
68874
35122
86923
73162
89696
67137
36739
53051
5274
37018
40816
73163
10215
85526
85017
25426
27524
91798
1207
92224
61252
37236
4161
39037
84857
46785
88310
72070
49167
23419
96684
12752
16577
2189
2859
62647
67988
36060
47019
19055
50092
64168
46143
98348
72228
97510
935
14842
54944
23743
44375
89410
57593
40869
61040
64515
66952
20665
16932
68441
57668
98859
63646
72749
59071
81384
81563
83623
3548
33171
89132
84530
40409
41317
2347
51800
76497
38834
73258
4323
67827
26142
56493
49340
40392
50931
76874
74168
5459
56365
99193
79704
42917
84020
85160
41658
23089
45115
27112
55045
21366
98080
68770
78765
55273
51417
45148
87894
79565
7275
72521
26524
73759
24340
73430
98799
64088
520
40817
77
8130
38909
20413
71787
93856
92347
20628
96353
50529
15930
32891
78154
88717
17385
86185
56146
25538
4866
87191
72266
33967
69560
53098
84434
34131
30909
70507
65645
54903
30599
73862
52927
16928
3932
96912
48670
77530
98626
53666
30247
42792
86787
77764
32348
55508
1951
90162
99831
7414
4345
26504
50358
46167
1425
49776
62857
12814
72596
88023
57909
46001
24267
52343
10014
10507
89640
30902
49910
13019
8052
36582
16775
32720
11141
45398
86524
59306
32366
63689
91745
12052
57804
89478
4017
11765
42087
36598
90530
87783
25222
1441
25505
57518
68362
29527
57287
87108
70172
39221
76089
81965
33850
95903
87916
56479
14537
22594
33417
30804
11169
23327
52016
7273
36512
47469
84793
66815
17922
11371
21216
79733
33913
65004
91775
8063
15048
12419
27563
47696
96545
78537
31802
88166
63420
74259
24976
65162
41553
62227
13468
54506
57349
34578
29890
48818
59365
9696
68598
90883
26982
72281
90101
80445
97358
35569
955
64409
90253
35459
52518
38067
69651
88654
53618
38481
25147
40957
49191
35624
20983
62787
22780
59989
98560
41424
90102
94672
6745
74926
35166
28692
14259
53164
92802
63074
54397
18727
48699
67288
70331
23517
38202
50975
14746
35756
28600
65993
13993
83167
37560
56845
57879
48703
29056
32323
38523
34368
16395
50126
35389
68379
12874
77677
73313
31276
50839
18260
94659
87834
78839
96460
42392
68757
58179
89023
66533
82912
49859
58689
64178
6247
93187
41424
94989
26865
6709
56067
95032
46809
88920
36292
45475
85319
13092
42311
3460
54113
51776
68319
3876
57723
19479
72050
6841
86876
71011
47713
84168
71174
80758
55703
79056
55731
42849
50825
92047
86969
44918
17828
32397
80384
77057
48743
1917
22659
23811
83217
87037
81524
35110
79888
38282
84305
65872
78626
16214
10519
89232
73345
74640
38009
4524
43232
72102
80164
67733
50977
48254
75336
26105
38937
97093
91236
44971
12469
61652
55929
78152
57696
67364
44488
96350
2591
60133
25852
91961
42663
14265
42613
77643
2981
4348
75316
98930
54319
18838
5927
23717
11268
80290
87988
63624
95060
16413
50821
22439
29341
17863
21150
60419
23067
76353
29610
43474
44451
71386
49828
30536
7542
63368
85279
37005
18944
82100
3815
21203
60049
7660
50291
20164
91542
96379
84158
98623
1371
47362
90273
70065
40189
34648
22199
99462
3293
55776
99936
71916
48449
53345
36906
56615
98053
26655
82805
59502
13733
17352
39664
19784
3646
82697
37894
64701
89601
74835
13358
5630
30659
77882
28000
81338
7542
54220
43911
85506
48671
83753
84321
35457
2965
46023
81236
82938
97687
64081
76275
12661
87788
7960
92633
33851
14981
77043
22253
3558
9118
55914
25578
83352
47966
33296
85341
73629
40982
71598
6278
26994
73572
89397
47089
95291
95811
43646
33119
19222
67300
79925
58100
50973
84969
34472
50350
2239
34656
43461
32795
76598
35054
42234
3650
53028
15380
87490
94877
40890
11982
76781
16323
42962
39179
61107
94714
7397
29639
23833
52428
34806
64840
38544
87420
25480
32891
80437
58289
27458
74428
64350
95935
27781
12026
23026
83887
37114
66854
77025
18815
25667
84053
39919
462
72946
71742
33585
48529
8419
5234
75553
82654
24782
1825
77261
80090
27371
10929
89888
905
17037
36084
40499
52354
89953
95797
11600
56086
1463
3671
10824
15287
20442
57091
7404
47209
10793
6697
68819
832
87234
1051
67031
59359
24056
3195
4081
2047
13507
7306
90028
52305
66720
30473
54576
24658
14062
43741
28779
72316
69403
15445
74382
97282
58934
70110
99815
26596
96972
51940
24974
24920
26861
41901
17950
78479
56796
49979
79064
78419
42370
95418
37378
99460
71020
93939
83587
98773
16360
65661
24908
18521
79675
53153
20235
86384
12646
41970
63882
36187
83589
35375
31750
7311
77442
24167
73685
85529
38403
23602
64792
19535
26195
44208
80807
80790
92526
40096
82629
97510
1511
9177
43056
26258
9319
26699
24780
73200
25184
51381
31053
1651
59079
16404
97792
37761
27355
40104
16803
7654
50278
98772
11127
6339
51630
19178
18221
35145
61502
29546
67142
12829
16041
