28513
13824
40480
26842
22881
61477
18773
14252
38571
42813
41067
90897
47392
92087
49425
68920
1401
51759
90259
24110
7350
30672
91426
49704
48114
22257
61570
67206
2560
40357
54114
73456
27991
30620
18587
84729
88997
20429
42140
22053
47034
84923
54524
54766
20448
67785
25265
26643
74802
53398
39965
81069
78244
97700
89475
59343
41457
44666
78187
42030
81164
75737
70094
29902
56590
85104
93112
74706
35670
89775
98640
86945
37637
43949
33672
10976
83129
268
18907
74341
10569
38788
92325
61288
30884
61085
16178
98124
20383
68094
19115
67217
86116
96104
65736
95000
18009
80419
55972
98934
27601
72919
16362
94230
77298
4628
90252
13398
86956
13344
72524
77641
73361
33821
9169
8177
30325
58319
42056
20764
74374
67678
32622
72656
91225
60976
98534
7207
28922
80231
92915
62550
38654
41636
53018
41341
2769
45962
62717
47264
49978
56967
20933
17424
34363
28913
33883
54659
23068
93974
73788
13295
49358
43543
14538
46786
3565
31294
52864
53582
32964
17477
39466
84731
27063
33385
81989
42161
80155
24299
84243
20634
86098
7498
17720
19818
73342
15600
82706
95780
15960
42445
61541
86671
34985
75817
19473
78186
21534
10001
96520
57128
19061
46273
84663
82191
33276
61915
74534
51043
54895
192
38619
54806
4969
23116
11363
72458
62071
90193
26755
65232
19433
9801
23427
33200
79008
42455
19901
74891
55317
86047
44863
85946
41117
30229
51713
7060
53499
24911
69862
28102
97387
27506
79631
19221
40539
12764
16820
88579
93955
47326
90695
60115
16454
48042
24141
36195
15246
29816
2281
49157
54292
65081
81742
87229
2189
94846
28489
1454
40730
33537
39161
62292
3037
42834
92414
51049
59319
43132
2629
94193
51836
86062
4154
24941
74366
30155
3223
78177
74566
88189
35293
58031
89665
55505
43222
17443
61932
50960
65721
34875
22853
77446
93269
20815
24916
60419
25541
55447
76454
22780
52175
84386
20630
19673
33137
19790
10283
24519
87092
10341
3038
59436
10367
41058
47978
48996
58857
85233
59674
9596
74728
9547
60374
73849
37585
80997
74616
30260
64687
59309
75419
26753
25499
54699
3822
40168
87045
10800
15755
95282
58757
93363
99401
75709
7267
32340
26893
75712
50098
72887
77020
38557
18804
27033
28681
25720
68386
33906
43800
31816
26241
29781
12597
16124
91248
58106
54747
10268
83243
21773
29424
23986
31549
39509
7288
95510
88032
5036
38034
24280
62039
54589
46148
86085
76602
10971
98242
1957
96904
17413
57284
41765
32302
90910
78280
1525
37596
52326
20949
88612
58185
80011
98552
99267
24562
4036
39885
37547
38610
5578
47657
45318
37568
92990
23472
81087
77428
84803
43049
98992
7577
50753
85662
78769
20375
35354
72462
23149
50552
97374
8454
94787
32980
73727
97112
11945
66224
85167
56083
58168
97170
75502
25162
92257
9183
42475
63936
39289
5189
20274
33638
37648
37765
1225
98981
24319
14520
33678
10737
55852
74632
94547
98487
17630
2396
77211
48784
80823
47015
60849
64100
703
27516
48571
7069
12583
80379
83686
63470
3741
88993
50839
34435
30650
21790
25199
13229
43447
91161
1
22973
2869
28303
75735
31673
10900
90065
71606
38741
4057
93651
42878
32581
79519
25938
28978
24788
96489
39961
2019
46582
83945
23140
10243
53675
94044
44545
48331
82915
4752
64736
79909
78275
22587
21156
65926
83991
91702
92041
78603
33242
79858
25075
25383
2472
54874
37389
80837
85568
98402
92125
86053
39296
34049
50495
48587
74477
90501
98544
74473
28223
26053
71803
57394
90594
69766
13972
28267
72405
75663
25536
72449
18209
28338
67527
87833
58460
11517
72816
81409
92125
84990
76466
22846
65808
98798
39818
1839
8712
26019
96930
46472
35058
12298
95702
9673
80688
86183
26990
7815
48361
77854
54476
45311
14249
78369
1530
22686
70621
88696
70441
63420
69972
81732
20125
38876
65611
89525
88171
43143
83938
98593
4728
75018
89979
33452
9943
10185
83764
73804
83693
87864
78503
55543
81903
90185
89856
53626
68897
18233
45804
11528
55762
69283
95455
52877
83578
47099
66643
36758
68813
2566
38226
47309
93571
93758
38201
25108
82359
60167
89916
70274
53884
707
89673
82224
97860
74338
57947
91856
77699
43665
57258
1409
92886
79654
99283
86532
89499
63473
58224
36688
95050
43868
76668
18582
7476
58412
93659
81879
96316
32281
35741
88224
27521
27688
48879
77909
66292
34240
65676
87179
68188
94067
31858
29852
5778
20076
9609
97810
36354
83358
45478
28367
49851
24946
54377
93581
58676
41934
67141
95534
91225
63577
8538
94859
38361
18781
53051
95477
25399
71833
51467
79083
4830
75748
51029
12564
69353
79909
79043
26445
46039
59504
48456
71598
7114
75231
72221
73231
46630
80131
20173
46398
81977
44425
25321
53593
5197
43275
94672
6451
29103
24406
83449
82214
20297
23921
37760
12850
74277
29021
37231
26033
23605
28045
34247
79532
46304
12171
52725
16521
60512
92040
72433
42004
36181
71178
44970
96949
69603
88335
91481
67158
83714
36196
36068
86103
90244
87834
81529
5994
43942
6805
70279
45294
35766
8712
24033
12636
73842
29655
95977
23858
69752
84823
80755
1932
74990
20485
78849
80075
76749
76342
40654
47732
11793
6059
30754
67526
81149
25188
24573
85604
98189
976
8885
25996
3715
38074
88023
58237
57435
84133
69785
32962
84900
60808
75335
12428
76654
76792
126
34224
81293
51185
39836
7680
81861
97484
64379
84407
87832
35925
74766
58411
90084
95418
35803
20900
67668
67667
37540
22286
46280
10191
82544
64843
80707
94639
46912
27016
50820
13320
61511
86544
2015
80034
91826
59966
16441
27301
40289
14763
25870
89717
24120
69871
78613
13741
49018
26181
19240
66548
32483
32077
5686
66505
14127
38886
37781
76172
74093
41530
77117
59836
34537
52037
63681
49001
33796
99016
7314
22204
80856
9444
26686
7170
4459
45882
22057
97850
7163
97640
86614
65016
82199
67142
23703
74646
40494
65555
43805
3847
60583
94487
90819
45948
25909
42639
21941
50600
16247
59845
81890
79745
