69649
52965
54458
53772
26411
75633
17196
16878
65763
39105
16644
28864
11842
22541
44733
14960
26835
846
32207
91668
20341
58869
77910
88481
57025
82326
6165
16580
65255
8049
79212
79021
67907
76351
95166
6205
98749
14558
81387
25469
50074
76090
98009
73163
11250
74821
76040
58975
59354
38201
20506
38138
64237
3635
3136
5881
38474
17217
55937
98437
75116
41120
84233
49297
8222
93545
65574
66351
31249
96047
4776
67143
45206
61565
90558
60927
68514
72318
10960
7407
89764
21209
59518
87182
16132
34016
96746
58156
97708
29739
19042
26722
9924
92446
94257
28887
92853
24066
76393
95875
21146
3331
86443
91134
35548
39244
56147
27954
10581
42552
57561
99216
62260
75771
49971
32932
70607
57597
9477
73906
3009
77469
71377
742
80365
57322
82870
55449
5359
70756
55994
54512
49699
67325
97134
74511
59489
6199
90366
26654
56642
54983
76265
41692
5342
83018
42904
73721
85870
73288
18854
69786
62401
37980
19105
96077
9838
47840
25705
13987
71796
41681
17548
20636
17637
17938
82732
25715
78585
43018
77214
88475
48407
48286
13262
86592
8425
4877
75211
22933
20666
34463
99934
38029
29287
8979
19429
34306
70463
37581
2237
9851
73904
68410
22597
89128
16779
9853
94969
89213
58763
89
6522
16607
10846
