73337
42402
22925
94762
7141
23750
58167
83080
81176
84463
30287
21603
72149
74218
47026
35801
86125
53199
84297
33949
64514
57344
58032
11398
75405
85885
26455
16378
66309
22732
45853
32761
23
93589
95908
64974
77542
4539
91796
59638
2952
12461
25329
4426
93530
97970
21067
69590
63815
1180
39476
58054
76075
44411
93676
58678
72191
79076
90149
86770
88441
82859
64639
61471
10756
82318
76157
37152
761
3787
56417
72810
72152
11445
59130
74759
38936
73671
51249
20483
56086
2415
98670
92434
87145
4937
82530
28030
97160
13236
65356
2669
61865
32618
5020
67966
70903
35822
39296
27425
30064
79804
18868
9585
93385
60614
5012
37506
41204
99587
8516
23791
55597
83687
87132
81939
10560
87785
49624
9957
51780
36898
30054
477
32990
51521
80506
24732
58865
18327
17605
84829
70601
55742
24087
23999
46734
31532
48942
43290
63394
22177
15643
6010
12926
55355
20717
83410
19502
60781
9856
49864
47873
76736
55577
49034
83926
601
14379
73819
42400
985
68033
94305
35701
5045
96690
5705
90889
26602
90480
39124
46243
84969
23260
22467
97618
18341
54394
73762
85185
61348
50133
56079
86303
51428
29629
70328
57098
16455
55287
88674
40
87675
12447
92804
98360
79362
89765
26953
95102
25925
19464
31892
90893
84201
16521
65373
90161
78899
9599
37912
66728
64382
39823
80602
26090
84621
76667
96291
8933
41090
82893
41125
69177
20987
21708
44480
61338
83673
39401
90024
84179
43427
61705
51042
39133
96244
25060
79307
65032
61213
68212
6802
27038
12167
91924
12598
38323
85030
57042
69982
51262
39078
59124
61309
80314
94482
4800
79889
45616
48365
43619
79664
72395
97176
74741
37470
43301
38722
84324
88316
69728
77688
66631
33028
82343
89307
24911
76799
23197
65943
74985
24508
4643
40886
58450
45155
358
30194
57999
58377
4831
4847
74295
30956
59868
74881
78777
61851
4487
23187
3988
24071
56896
19869
28612
70320
36798
49115
45880
77496
34836
66022
89654
63240
33303
14856
79331
77900
26764
18014
60674
10219
53709
55379
34554
33339
13244
95538
49624
98554
35453
42141
47487
92233
99979
83994
35180
50221
43969
64051
68245
52836
81750
35408
86058
23772
26627
3220
26380
57483
92166
88722
4451
17767
14233
16525
33830
64346
34211
68171
6213
24625
68345
37387
54192
78322
15640
63614
33268
14641
75359
23452
51903
5979
96029
97447
36047
30930
21263
60465
96432
82889
69524
56260
39016
23381
63580
47534
81888
41879
43065
65812
59621
25199
15282
45809
86437
3931
67821
35865
68107
41949
11119
80849
82660
14518
950
72324
16635
83240
75066
98754
95866
61698
31359
36969
28534
55514
96159
97364
45532
33188
70307
16334
21698
72878
24333
54695
39013
75746
19369
29058
70264
94260
82291
14640
45862
83838
26564
45363
2861
84065
34298
25584
88971
89879
53801
6463
27326
60890
52806
89295
35780
34609
64983
26854
21923
56813
24448
96141
81508
56632
89157
14146
49444
88755
50961
69978
78279
96590
37251
65368
12716
12483
94940
94859
34913
63234
33345
14226
88157
98416
23608
71288
6833
50057
80014
57713
46021
47435
23844
40540
37620
67683
15519
20906
62796
83175
69112
22909
25497
15309
442
29702
92661
99851
37963
29135
68410
30409
76993
86454
88552
49947
32375
13993
74966
12265
33587
84272
15190
3620
38974
24072
67596
45180
16647
90917
82890
88220
60575
53450
951
84680
75344
57362
46028
78391
66732
31033
55088
42205
28209
90245
98786
42354
24522
33071
8000
59868
74827
71166
48174
39803
47094
93173
99466
72730
32724
79233
24154
52826
15452
7331
8608
79906
35090
36534
17670
72093
34203
40598
13959
6752
79465
24864
75664
41667
84985
96341
52126
54079
84612
22117
19586
70638
76936
28254
54073
79141
79425
55583
63865
45814
68573
66712
94558
77271
53710
74819
34958
30278
62579
29523
78556
43265
31750
10623
44233
96343
74421
52623
1929
32884
60340
97777
88231
42287
97816
45323
23441
65061
51749
27927
59386
70683
30691
6322
51533
81617
85507
71028
21442
70923
69560
52581
2937
64181
60001
7866
14336
49958
25528
40298
63196
5790
22453
53198
66912
49061
38411
57806
22166
37359
75199
23687
5348
83051
93145
43145
22529
37732
45695
70549
71780
64993
96358
27878
30198
31411
9135
33876
34816
37534
11915
47777
61697
14921
68154
30676
52642
25128
17382
37724
13622
44065
80847
52286
42671
47817
42891
53542
46429
4317
60559
82373
5506
36497
85915
18218
88069
22243
36852
49002
58067
10847
14978
42129
45335
23777
16745
34544
70546
22021
348
59960
13798
9209
76490
18283
83554
39986
33978
59108
6248
16411
19271
80464
8726
53318
83142
14041
81517
4790
17868
2939
9225
52048
45421
66903
98349
88919
14994
4845
32114
34354
76106
71725
36303
25107
66940
17569
71870
83649
49149
29215
7071
50844
16007
35862
20503
89662
92871
33150
32490
39060
61483
13455
32106
636
377
52552
15338
83751
61657
41484
96638
32835
47145
42821
70590
75521
37671
22442
80822
33973
66279
23390
6124
24191
74984
11921
52420
845
11441
95609
48301
68339
39874
45967
38248
18457
96944
89392
57543
92534
61955
52297
23495
75798
1617
81381
20341
68736
7597
80111
77247
41981
48013
25728
10001
97031
46545
60090
96128
74363
80225
5289
91782
32588
86490
97583
18082
655
12364
96018
12539
37418
75150
99114
54990
88592
11488
79610
67306
78127
41650
84315
43363
84662
62637
99269
57578
83045
85378
7262
63926
63011
664
68240
81528
1498
88638
87111
21642
23792
65611
86287
84142
24781
86243
46062
43210
