88201
43681
22638
63655
11511
63517
90429
85997
6569
15610
48330
64220
13591
25862
48202
10449
16675
50387
29662
16593
84251
58977
653
89418
911
26613
83503
95057
66987
10765
21466
78569
73101
62514
45440
85063
11970
83158
97755
18411
26645
6205
88236
33002
52317
66613
37121
70110
7676
22073
80320
95324
56049
78905
6699
940
10837
44838
76385
63434
99237
23388
71314
44110
42509
36135
3746
70387
56990
5345
37887
54337
22633
81945
4387
41710
99592
82932
85083
51000
29140
38024
45882
10771
33511
99853
70014
89534
47764
48565
12105
46217
40958
68850
19086
74873
54323
74252
19775
60521
45933
78884
62818
48915
93028
70828
63463
93851
1137
18707
98610
79488
6375
48221
34308
2963
860
55582
37985
2962
84015
94187
46409
66825
95984
40744
73464
74750
74610
27347
8540
27124
55509
3964
21678
41518
72230
32079
42808
50234
50172
16461
52789
99593
6705
96884
79970
8240
84893
43890
32316
24520
2330
67032
68845
34702
21286
42178
62665
70147
20677
6175
91621
21039
96644
35276
71562
12003
33896
72445
38253
98836
76874
80490
48532
58784
50903
95802
96254
81957
4189
9363
74543
99745
59717
25754
45261
79042
7614
66122
73099
36238
33623
91315
85885
23710
86079
75523
74132
4381
43775
1476
15730
66657
68175
83364
45219
72248
35198
53958
46604
53242
4672
29658
56395
8735
18398
9704
97105
88750
64131
23985
15030
2698
51136
22674
76224
47883
40963
44523
71115
98295
88315
53947
58045
39619
56768
63761
1896
68853
81871
57855
44656
19744
25277
29217
33140
63756
10654
61858
8340
77023
84374
27862
65030
20688
91854
33566
28385
49967
65048
24985
12591
24098
4163
72925
17170
66710
51649
47654
98654
17198
45133
30330
49879
89488
71870
76403
58312
14247
42916
61660
81699
77254
59663
29117
60718
48577
4870
48246
51165
13327
82699
83425
72630
48001
26111
33486
78804
8009
5484
66913
63790
92530
7021
1713
5298
56387
61656
28746
18884
85175
94057
64143
14512
10405
85346
67544
68134
84344
16132
27289
40015
15380
