97721
45382
19180
46847
34605
87969
42404
63312
56055
81728
50162
43665
56272
40803
62175
35601
23885
19568
66581
94406
34805
58853
12135
49347
58130
65955
76659
69158
95952
12675
24283
16843
74259
23537
75363
85736
16466
37574
87913
5842
91358
7280
58795
33331
89029
54070
33070
95390
60415
65729
64748
87219
43282
25286
66907
77448
28188
42426
35864
57307
32954
51337
89532
17146
72739
84087
6899
55526
510
80550
56100
46783
55643
59650
3671
9498
32786
20900
61759
56636
55523
41437
7014
96009
63858
21980
11918
1499
2842
67657
71985
11376
97978
62897
84234
67903
13006
94078
14531
13903
62924
35211
69869
58489
90630
61054
99100
14843
56792
66663
67232
30838
90663
15236
63569
76588
80904
8188
23422
50704
65490
57875
80593
81995
50326
98157
67656
58390
30239
11530
87619
67542
35795
96511
6061
76676
52344
19814
8971
83064
6731
27767
71818
12616
43094
63806
61696
94095
6636
38232
47046
71681
1299
37887
50952
32540
82643
38206
19879
99744
36133
76093
55304
74464
73376
98303
18259
81075
77695
74681
17423
18297
21295
2837
83534
11759
36450
5302
7691
57627
99438
99827
40798
81003
65124
12164
37995
64625
15410
2158
77670
53604
95040
89634
35168
53378
97600
7908
21180
64218
73567
2151
55903
36080
85195
27419
29381
98775
58642
59100
55981
38265
94845
14468
64663
49356
7689
39932
18804
27312
24580
829
42195
53697
60644
11308
61713
80664
81136
7148
34411
23567
88973
18849
93540
81808
4249
11925
17817
43758
25075
21974
4612
13194
49392
7426
6944
5764
78653
84538
87073
80546
92725
80083
14863
2609
61138
21799
74894
10195
55324
501
32399
11538
15835
37970
42229
15754
78438
63129
79588
92587
54060
63308
82919
74251
93988
4046
99717
89105
34939
12707
66903
7924
78018
347
46743
85938
18502
54011
34250
27174
95745
35131
31267
90358
96456
80846
29282
26803
72655
78425
44077
81590
30782
41382
94378
56148
47191
17311
44874
73721
87808
42044
6731
31558
75569
52275
67354
82980
3628
77802
80821
21481
18814
1734
54650
74406
94227
24009
16444
75855
48112
87943
7828
64550
59329
15850
83771
96928
9866
19669
70648
43168
4027
86678
53807
8822
70598
96219
285
92163
37290
17031
32954
40757
89904
65434
15353
42611
39768
65319
79075
75598
31712
67025
60533
43791
72552
45407
37035
28278
56121
93702
4868
25644
96343
76280
92849
58196
62291
92560
580
61326
72658
30710
34885
5184
26448
6017
38804
56524
74479
28669
34642
12748
56647
38424
79547
3394
49590
34195
98167
44600
69935
59848
40634
15534
71994
58115
13119
82645
61421
74114
686
38290
16994
10145
13498
54012
59371
10858
86587
18594
991
61761
90856
65040
99029
17122
60923
97213
10451
44234
21245
67124
15438
64247
58064
54158
7856
39417
67240
71018
63985
62163
46082
70578
58889
24310
69368
28629
49949
63585
47232
2306
71398
49500
27817
15006
12451
69253
98936
58830
21846
57160
54120
71852
73680
2972
51507
47543
31469
84164
904
8186
80001
26440
64920
83484
74853
8843
27976
85161
59478
8324
7311
81734
59492
47643
9258
7955
818
64059
8946
52345
29791
93347
28726
93922
99444
986
85096
59836
30863
8198
82543
58629
52856
19571
24571
63108
19121
64601
10810
93128
49327
17733
27165
56578
69645
84111
11304
89270
14280
96032
58069
27754
49756
25185
75486
54288
90486
55621
86221
70189
30474
62798
5103
77456
55705
760
88941
89773
62831
75256
92169
27865
17007
28908
44599
58418
1991
67403
11864
5001
59673
86969
33212
76761
73518
77382
17097
51488
37286
44703
176
63052
82979
90457
60243
70382
75716
11723
27737
64448
41426
34585
55459
67399
42274
84146
92709
15858
20213
13569
57494
80206
81389
55727
75164
46264
39416
51302
7464
49306
67035
18878
82091
57233
84203
50166
20015
86320
24084
69402
99664
2122
68027
99214
38421
24821
51720
30495
14877
29811
16280
19863
34088
96378
62399
10415
43016
54130
44075
41630
51452
22849
10261
59741
29169
26319
33175
57991
19756
33836
74504
54887
64201
98553
30045
62684
99772
10853
11091
5089
32054
22587
18081
84730
6657
88066
