40744
66197
41912
95069
70701
34161
23519
74583
78077
94968
79165
90552
53979
91486
50029
11042
89834
90587
51825
5273
33864
44241
39777
20077
33604
66360
71152
12929
3273
13440
79237
88397
41298
75060
99347
68649
40698
86710
93906
18428
18320
95958
14062
43714
81552
3255
9990
4035
29919
37328
50793
60502
21856
22689
30954
26657
7428
43151
25880
59994
91779
74866
29532
30526
44035
75898
78887
18448
45821
86779
47695
79541
99540
3678
24887
73321
63530
15843
63678
2180
48441
16854
70497
2036
23210
79144
22177
20211
84620
59755
69437
96956
89887
79447
14114
15168
30107
98037
60071
90051
28774
89483
86608
64277
67250
42116
16800
54596
63536
21366
827
4300
74035
70795
19100
9301
24074
510
79964
17072
27504
48613
8658
25525
90564
53706
9528
46730
70681
3176
85230
21021
97078
42282
20006
36094
22009
3042
39705
1383
55925
1325
69614
69961
88930
99871
77325
65476
21905
50510
3725
19522
99565
38707
39688
19592
85249
29458
88155
72471
75842
39644
81649
26664
30310
4808
9483
79851
16894
31153
72348
17559
8972
95589
6653
22964
49624
26
43480
49305
48902
72133
95681
56607
69067
65524
27048
92544
30171
72901
2047
18272
87514
2545
78506
15412
32826
95340
17497
69716
84777
4842
93004
61105
62947
21823
78759
54679
56765
23260
20150
62432
59167
93957
74660
73266
36141
6175
84344
17203
34813
82385
4583
23752
91814
64031
28454
21378
96643
27145
16952
13634
42274
80562
61555
24181
4317
59453
96085
38475
29233
5901
79287
40663
98662
52270
76897
69224
17314
99578
57091
91208
77142
83340
46791
93915
77215
9580
18974
91402
38533
13105
63249
88915
41237
53270
80878
77918
17828
34663
73728
355
73822
91312
33240
47933
82439
11273
68587
97314
2867
85848
96389
48361
79802
81078
39915
26402
30856
78579
27386
72163
97643
22032
78738
763
25908
21666
40130
55019
71491
3477
36957
14284
69103
73782
12404
82579
59775
9823
91053
78802
74444
39912
75686
13373
53848
91074
27356
54530
54102
63826
88338
42065
74805
14272
67190
30384
50699
67825
97819
81777
86999
47970
6467
97891
5586
90393
78884
65193
70635
19241
71143
58320
47962
79181
54150
65068
58781
99259
91092
32291
95602
26467
19589
31823
39363
50664
80805
53402
2341
50393
28220
85116
97634
85955
91754
64347
38469
37880
31070
76164
46998
73082
51168
48613
20815
30018
96750
29090
3601
34138
40378
15855
68407
86030
52503
99794
75384
33496
58622
33384
68929
58208
77114
20689
8827
65337
87452
53833
43738
91254
61775
17441
33928
8753
9876
84705
81679
41476
67631
42858
2375
29236
55109
83669
82446
23768
66446
17091
48135
75565
71940
58266
45468
51755
28662
8563
17904
8268
59990
19010
2278
89051
30925
40645
2860
81568
73745
87489
79579
37129
5819
99234
69483
65337
85774
52131
41957
56665
36478
72594
47562
60159
68729
86548
58833
78607
8659
30597
40202
61516
60681
33176
78130
92795
57452
73024
71543
89981
53758
84737
28194
51530
38400
73302
45119
93011
90069
42619
86325
15630
93218
66238
24446
52956
8605
28705
41187
17637
20237
15377
46999
84129
16754
85527
5475
30973
57640
32566
21150
61016
59401
29038
24615
93616
51037
60890
47206
60853
24611
24575
16746
39661
56797
61222
19940
29902
47420
62277
50354
74346
92300
35294
76462
61155
6037
64284
84290
10813
41031
92130
77912
24623
24836
18822
44206
42237
62569
69498
12245
5680
66639
65645
63855
70369
59668
11081
42818
27555
1836
66248
88829
6888
64992
86754
17857
26907
21834
50460
49059
6366
2638
47296
86126
66298
39091
90579
7238
49869
30021
49974
91282
24277
21955
83808
13489
9431
9193
11499
59239
96313
80361
87749
51394
50816
43283
29844
74516
41986
46025
26065
57695
56092
3764
73564
54673
68758
80834
38303
41698
91584
97906
57950
39523
48058
84563
3479
80102
29495
19000
28497
45079
16987
97928
19461
80420
66859
67996
74606
55252
95592
66458
16357
5449
91552
71219
38343
21518
45320
67447
38494
46790
77965
16354
61496
