438
72912
88701
49828
43281
3676
91075
51153
95176
72085
89553
67122
87473
13959
2443
67912
64135
88767
53304
47952
98280
37099
1406
36171
4223
80875
24213
44988
97627
54117
11402
41572
85269
67213
19784
192
35069
89267
62397
79419
48145
52570
22631
57156
97908
88535
62893
2534
97549
51291
28808
70448
86543
82994
37977
66407
73226
65843
81313
84237
30410
92169
38224
7269
72554
68050
75857
94478
30951
89320
53796
25719
51967
80782
59396
29705
33854
75305
17697
25835
95319
65880
5737
26662
1040
92945
72262
65952
27256
89486
39596
67179
44205
24563
23935
61559
88520
10705
13002
29491
51550
83226
36170
86693
96769
41611
31097
39182
19850
17349
80949
57530
74719
60081
51696
23404
37366
92298
92076
72181
6322
56550
10490
4076
11625
78520
45657
29862
72752
99866
95798
23182
5702
46221
14137
99785
31091
37065
41099
30227
5754
17168
39046
31337
60643
99762
51399
33889
51135
2535
16339
99830
88310
81145
67233
47791
1508
56365
99756
50424
46500
6827
44400
6718
10301
23374
36453
52934
33516
96058
98276
67956
4509
89833
67905
42161
85492
19916
31510
74161
80077
15767
97447
37669
85561
82688
92773
85803
51231
17167
17028
89233
91752
25208
70607
57907
5219
20314
19690
21772
20263
59007
95522
89531
3237
3779
22306
93888
21591
66247
72858
77726
1209
19427
99759
96898
17885
91233
8882
78576
89952
74307
35142
14990
39933
31392
92693
40180
93705
45020
27651
27203
97322
42052
40717
5874
36442
59074
29350
76666
88643
70209
63570
89985
20980
2258
48989
35107
36032
79441
25440
65723
70687
309
716
38676
3862
16465
22468
6825
12010
50737
13235
45669
32518
12236
44077
82314
98030
34874
19512
37116
914
68940
39860
8636
46899
15985
52747
95855
73489
97478
64622
64298
15710
43749
63728
38934
45291
82077
20024
44842
35137
30762
3948
55794
8240
92620
11147
41451
49796
3424
45436
15992
77839
90630
64475
94267
89932
32763
39221
74293
94043
22428
35695
17832
5344
17798
23142
34892
18784
97446
17269
45469
72976
67068
81276
56008
78
24030
71080
8185
65395
63775
29827
96474
77911
9105
38018
55712
24453
77914
54086
98843
95061
32627
44503
34425
68956
98475
17000
18044
59216
6785
39414
6376
67409
99198
69413
81661
34464
16430
32840
20866
89326
46043
22166
45218
52291
26991
35946
34632
50063
80646
70593
19252
70833
44984
17757
37296
10210
8705
2161
32507
38885
21530
51107
35201
395
39224
12980
51097
57339
72624
52672
30082
82861
90872
36675
73117
39964
52106
22656
80205
54661
54180
82989
56064
39300
5679
50101
26297
69809
42639
22494
50322
37544
86410
48532
60158
48938
80096
35215
35882
53424
70400
83187
84193
91790
68721
54776
96557
78479
53984
88454
90072
85427
19101
23380
34247
83367
99822
58780
91291
72469
50513
43901
16142
97245
35700
87196
58993
69968
9935
84536
44574
30354
55824
9864
88767
54230
8870
86389
95412
27771
39042
69604
90572
84980
19157
65921
1071
14603
31452
9777
30745
16756
10888
93143
96704
50988
24629
24081
23206
24174
92832
77354
47147
75617
53383
88503
19318
76999
85501
65029
13100
79121
49767
12946
85408
6010
19934
21135
14162
12870
6009
94942
28902
37445
21944
7283
4985
82513
47199
53014
78584
14400
22443
93175
40064
38158
10893
72657
7474
25500
64105
85939
26644
92773
90469
60907
33500
18372
71783
13320
68506
41864
86495
75657
25903
43790
60217
28699
27486
49806
61678
92129
57851
66966
57276
6804
55223
6049
77810
3453
39699
849
74114
97602
33478
55135
26804
83548
52717
95566
30841
36223
88780
71074
59
91930
22884
3064
97428
25374
59508
14635
68288
81282
66612
5254
14004
60609
28061
18511
2993
13892
81210
51385
98818
82132
41079
976
3083
30187
49052
86598
944
65688
87967
9602
75289
38588
33158
69394
63820
87583
50889
63008
44205
28328
93613
7717
99234
71748
32372
57953
85481
24795
23452
51191
36042
35942
60284
54229
5643
40204
83776
80459
25833
70835
89372
21169
77321
98572
44816
7291
41344
52241
83169
68398
28883
18408
76089
85250
53414
99017
29239
12164
33604
71926
20825
99438
95250
17499
3007
46527
49885
90665
52933
15324
49622
69264
81590
40344
41098
17397
89015
28924
19749
19280
42744
84227
56355
31220
2538
65932
89024
81434
17704
46832
82677
99723
82645
61431
31958
7413
88672
56316
72899
69953
68651
74527
32490
46788
41894
98153
3246
55009
678
4404
26360
21020
77423
11434
68362
28018
83648
30839
96562
68422
38860
7055
80848
59625
85656
78929
19119
29379
64458
18054
32003
58612
67036
46395
42645
14423
6334
53220
36723
85781
76657
39704
92948
18726
32107
7175
87049
85239
71660
57500
80162
42556
20219
17052
89592
