2908
73727
94587
64703
32385
78769
32095
36
15869
5855
16212
66858
53064
26811
11417
82870
53121
86024
53732
53444
9533
31236
76257
2763
51759
81823
52683
15934
97562
74897
55493
43426
41866
15902
55203
64024
13390
39664
11632
7040
19751
53782
87624
43607
77867
75758
18424
48009
60468
55849
30928
688
73928
61160
83422
31009
56351
68130
23814
29187
26848
31624
119
1361
82648
19674
49332
97785
8815
63374
89060
80692
47759
66308
10490
7597
90479
25353
92353
21841
82490
65238
17031
38635
24037
83807
99566
51092
85086
89457
53216
80336
69171
15869
11368
58277
39686
80353
54778
24372
16391
77543
14480
57939
53957
34485
80131
25392
55795
19604
72334
74516
55578
74549
10266
49514
59676
48289
71245
71141
34895
68517
28010
60170
46002
35831
99427
16878
66079
53232
43100
58331
35639
68494
45336
41095
70411
62442
25691
76089
91343
55582
37758
88369
71460
93333
96161
17007
31687
53668
73869
68655
53049
64273
10545
24532
5119
42659
58348
18270
53175
93657
35714
33824
69850
33803
13948
18656
39725
33232
15986
73715
85589
40146
21179
48050
55957
48239
22324
98800
81204
47357
98538
76189
63527
58858
97582
13148
79236
78771
62973
56074
5546
18221
42794
26535
58189
51780
39528
26750
83869
39435
61313
50792
31723
57410
61921
74420
41525
94503
60098
40317
87111
25998
37725
35532
70950
22384
97467
71276
2162
39590
67431
68788
83613
36274
36564
9896
17662
46414
60941
3651
72548
70626
67163
68305
62380
96196
6051
4927
8197
63262
15287
19143
34972
52483
57152
24709
81371
64117
77178
91961
35501
44036
88184
66907
67684
34797
24786
69826
30177
81371
63178
5795
94883
43350
65245
34976
26256
71805
87160
55109
87928
52155
48625
17981
95748
83829
72540
42231
63441
11871
15234
43110
36809
28590
96747
69865
91393
90864
5503
99789
94766
75896
43758
24240
86894
81527
75227
3126
44482
87286
70901
97728
52805
67400
58818
28720
91239
10506
83602
49499
402
64444
78131
9569
21854
88593
33965
29828
14668
29574
42602
91307
46092
48354
66055
50326
98846
42980
51658
91453
95050
56026
7465
75892
74594
59038
24857
60985
44765
51319
87688
20348
88915
49258
53195
25210
2570
97696
24037
85051
917
16777
64591
46169
45831
55725
40773
56070
34070
96759
74949
20745
48286
19426
85754
23178
37722
82687
75190
73008
8313
13780
2152
75525
1314
87738
63302
76847
29453
99496
72945
52070
13354
34551
91316
94786
21636
36010
98319
90312
26665
47617
74321
79535
92889
25086
15601
2105
91110
37115
81989
44799
8387
63294
49336
63194
75344
61535
95133
42707
64847
55801
26021
31099
66764
59017
70506
64013
29273
86892
45308
70959
63939
95133
53617
15368
94061
38441
55352
73974
34507
40034
35272
97704
50436
59790
53554
54004
15303
2715
30495
24561
81518
26746
7671
26990
14576
70703
69731
36459
49650
51195
15506
4873
98924
58344
57790
42302
51286
33360
61891
75154
77715
15302
83963
26494
67529
18204
56616
15773
93979
51056
72726
65145
50431
72199
8935
70360
94760
78350
83076
10624
63379
77233
11718
48440
10423
72743
45584
4531
51027
81520
58947
93596
13967
38814
34947
33510
92126
2753
80399
22488
47472
33701
99069
97826
99509
96793
43271
34538
62166
86733
77849
72933
53096
62399
2641
99687
86926
12762
97212
81189
98139
61826
82551
92187
32056
48835
43208
82738
35741
76272
69320
18361
90129
42336
15612
97114
39253
1564
92137
86394
83060
45769
14166
84162
57415
52699
81225
7656
77383
27284
47919
57613
77851
96739
38432
11545
32884
64515
73186
3667
32132
29135
60050
21744
