87643
74690
73534
49944
78417
13559
78512
3065
16591
48265
61381
2943
61976
90434
74173
77062
42973
30041
86301
17264
54031
77536
3405
34188
76544
34218
87668
90934
84489
67884
93954
32528
79045
61572
784
91752
16112
84237
17839
16171
84957
23428
41816
75805
12792
1966
45065
85591
72760
39143
55428
51057
89318
25254
33714
10476
75481
63834
29344
71549
91457
59566
87784
39940
58254
41314
49090
37151
82279
24686
92208
87064
29212
51745
44451
64184
8753
22518
57693
10954
99036
46549
27632
93547
99416
22592
93104
53351
37035
24768
61423
4712
284
79540
93147
76769
22021
93759
52527
91878
42339
73369
67067
53168
64350
94688
73814
44100
60061
14063
56917
72647
33874
6897
29089
92173
96893
27683
65609
55303
52345
34432
82101
27122
27583
77138
21889
77849
58726
85704
87619
60924
20595
32209
17375
21975
22351
43592
28854
37951
23888
76762
5273
31417
12374
61994
180
37289
97823
60300
31933
87290
34972
58136
66897
98436
64361
81893
31397
72286
79487
99832
16860
70458
42129
41067
96224
85166
32627
52570
23577
46921
75030
93471
21173
52806
80538
58149
87816
81351
13591
28490
18590
42717
31390
53625
56158
14176
47021
66711
70531
69415
20930
64778
92818
47472
40311
82731
6517
29543
18722
54304
63717
63419
52547
25998
40437
220
12632
98792
48036
18736
98421
98330
75706
46406
28730
62106
82961
85678
36773
34561
47087
70306
87730
24775
84305
66372
83890
99398
18262
33056
64837
80791
17464
11565
70109
77885
70870
66418
60135
64453
23176
12550
30851
97353
62453
22324
97248
97261
10820
48215
28444
43919
29910
78708
8671
29633
30307
62707
75647
49898
16779
3245
37612
31638
20455
84714
39282
96841
45367
55756
55898
41747
20771
89792
81748
95432
77882
16225
95890
74897
60962
48879
83306
74751
99673
50807
83466
62442
36032
76969
72655
70002
83111
99143
31510
77283
50500
26731
52983
58521
28379
48784
91909
57139
225
96148
12219
61309
82567
51056
68014
79397
76028
64819
83061
56929
73900
1787
46638
25501
95130
88577
70582
36029
26519
93227
13653
70225
34804
42491
32389
56422
50029
16044
42479
22386
29259
43540
48785
5749
34331
90483
2363
24185
78214
99789
94855
75427
57659
52852
60440
77661
11533
42185
88463
42784
42824
19071
25809
61522
68281
67304
42341
98269
54539
11499
59744
93654
92466
16545
68158
95581
82366
84507
57063
23147
20259
80364
38056
89451
57388
92197
10922
66061
49484
56312
11290
57100
45796
64148
1903
87658
25493
46646
53659
26408
25726
66492
99544
83197
48816
23392
48870
30975
89012
75484
13963
68340
50319
83146
93553
87060
74822
90426
38582
37496
83010
99968
7017
36945
24872
17860
64895
53643
56452
53339
45431
42947
83047
23913
99335
64532
56261
46543
23272
29217
31365
44138
14928
85874
30008
38974
19357
29231
68535
25808
51931
81876
48541
12468
45294
41952
63028
78921
83838
19788
73101
75336
30644
17700
72619
62446
96694
86904
42824
29578
2135
86107
60218
54043
73153
50960
62535
98997
91489
6840
57002
4425
77760
62479
51905
35438
91109
20316
49279
13534
61746
31694
75339
86631
60115
19728
70300
93850
89547
71783
20443
81047
18267
3977
47119
658
59096
94997
56359
91493
75047
82519
53689
21927
22398
37421
19859
61343
52635
10927
57440
71546
28493
64368
94088
91361
52382
58453
84563
6276
78554
7276
94695
86234
79197
26029
56290
32068
46190
92153
55465
78524
7865
97435
28335
18032
56013
85964
53950
6081
5407
86676
12404
73925
18441
37019
61601
98068
71272
22679
54968
15337
63913
52825
8672
56147
27718
51296
98834
52192
62920
71589
59728
16141
86112
36350
14183
75046
61849
62391
68273
27400
99149
48649
16509
70918
89123
33501
42558
49855
84889
89144
99183
14170
52929
53652
5542
48203
26818
27959
98920
96415
99274
37387
52792
46210
37849
11104
21208
42844
59077
74556
25775
89423
87507
73857
