92530
4981
22967
94555
32161
22513
67983
59059
73030
69413
83175
73873
50500
35775
58051
36030
44472
14602
21142
21896
96296
91075
43331
36308
20124
14608
19543
59661
97572
45047
79085
32054
16788
48581
81186
46911
7539
19033
89478
10656
95274
22081
9504
36975
30859
33170
82383
72648
57501
93176
50437
65190
14626
21675
83897
12109
12333
85348
98173
41266
45771
43424
11872
36791
24486
24987
42784
44270
27255
61674
20065
23665
30960
36185
52467
88516
42747
30927
81799
54860
5471
47867
84177
10770
7128
12273
75594
71669
95962
80941
34113
29028
68635
6034
10283
26164
36333
38581
11296
47109
35589
29836
45342
37100
31303
97370
40995
78514
41784
47184
3352
49448
55745
74967
24852
85814
24309
62199
53169
91036
85930
85721
57590
83235
77307
60240
29784
62900
35797
17772
94235
56336
4751
48399
21081
3283
82169
76104
32415
87764
97379
96653
94122
49356
2061
51109
63018
12002
11659
47280
12410
82080
78599
73649
85370
68351
33954
46345
90151
16158
65450
83086
79345
15553
90088
53669
84716
66876
46465
7489
72661
80071
4253
81272
95238
9154
48704
52805
70589
47313
62330
45301
59881
87574
15474
69890
9798
72017
48316
32084
23873
18642
10098
14527
55834
78844
94843
77621
32140
57258
99412
58672
71373
22441
57948
1632
34164
72516
40597
94076
82389
61901
40744
67390
88273
49318
68981
27887
92902
44181
37058
19738
26361
36266
13032
30602
18817
58597
16141
73753
25028
37820
20621
69105
3937
80120
32126
22192
75098
28379
60525
11742
40682
21289
278
72897
32936
47527
63595
825
70863
52527
95936
44682
54727
77160
92982
94689
87322
65169
59287
98329
59892
74306
28177
59514
26756
78641
83128
88402
28698
23307
21780
43996
18821
13421
64656
40155
60934
78873
73515
26048
87055
87302
42801
30946
90668
6821
45073
21188
96478
56956
27613
76213
76180
20274
43798
3
64595
20827
37407
77136
87843
35853
73333
74170
37027
878
57698
99147
6291
34001
34913
74608
97215
35441
44392
69041
36994
41228
926
71524
69200
1280
13833
89375
67494
36334
50912
49082
3292
38872
4618
15539
55894
82666
28855
49653
86037
82280
33087
71715
78256
98401
70821
53346
57170
34255
11350
63578
23734
88628
21654
33878
73920
26630
67227
55566
73369
78810
12464
74576
53345
37775
70464
45803
82687
73245
85868
40391
39223
9494
64166
10727
89856
58145
5660
29186
24525
78057
60901
28138
4052
10691
81787
42848
25713
53053
27291
65971
34147
1846
37732
39611
26224
39762
56245
76383
30902
62419
49867
92042
97090
