69098
88924
87632
80752
53989
74500
82283
88142
47977
32772
81023
15397
77951
83115
72334
86061
73816
92400
19211
81191
24475
39098
96703
33339
6916
34080
67161
34054
39865
91745
7209
62221
20902
91318
35400
50143
25389
9040
39165
37259
90359
10654
56161
75141
47468
78808
79869
6532
81618
14110
41642
58896
37154
33811
48407
51011
14719
88366
10401
14430
16797
3867
1360
65472
59999
73453
90070
51115
57439
49648
12068
31796
82749
15181
48370
37025
56857
70794
94770
45165
71568
11385
53345
51067
61089
90323
8203
71844
44253
36263
55173
58582
53111
12305
14678
86593
19476
23081
14363
91056
34729
82940
22225
27122
27882
1879
86015
98284
10433
49944
84723
93558
69719
37477
67156
63682
65229
64247
71090
72500
61796
70833
51753
84792
60340
96713
99092
79965
21396
88980
44992
66994
26147
43616
41151
14398
90066
95038
49725
10831
46279
94712
74491
26393
79016
74489
1848
63358
20636
29170
52024
42733
92552
64386
1273
2157
63521
59591
11736
41924
98559
18960
50341
56275
89140
26399
78512
1233
36750
36619
