90407
22624
38605
16105
81357
14152
57531
91378
38262
57624
60211
32431
46924
26539
35729
88725
50379
94665
81827
21364
65257
38747
96726
14214
85455
96011
96887
24600
41939
50923
33862
97320
4967
88371
96740
60387
1348
56935
69865
91841
27977
1688
80441
22326
22255
39415
23188
10575
39428
49895
65687
58797
68267
34251
49547
9663
8504
28534
58782
13183
62585
31961
63510
85768
57463
47718
79128
58618
66813
95351
3775
53226
49292
20093
99129
96284
90677
52497
84233
54172
43112
60099
58741
27062
20926
135
69610
872
65412
45008
35014
69241
3479
73571
61212
66360
84964
50819
95549
39193
6855
7566
65638
35511
21641
14669
45164
52723
81548
31289
67415
10856
58497
29473
33491
66438
89241
20519
55899
71655
66122
84409
21495
58875
86621
87820
41631
70253
2923
25367
29086
42627
10076
43752
26812
25582
53112
23193
96898
9154
47675
55586
8486
34820
3436
52169
73514
16861
87999
57774
79277
68764
76375
85854
93670
63068
53955
2215
36675
89091
95438
67009
81713
4857
28463
67538
77990
32098
54032
95072
26974
43473
28028
52491
87621
99102
48773
99412
66856
7281
83368
22525
63058
77890
62367
61546
66397
97281
51673
42503
24754
36869
48804
23501
81685
42123
43586
27301
43073
15908
70245
77434
82705
75549
17086
53809
42679
89916
69281
74893
89956
32834
27336
33832
9078
77902
57071
58639
15600
95263
35005
9139
