29757
10927
54840
61538
40844
54928
55534
31221
19455
71708
54366
7826
40812
5216
64909
97922
13893
6654
33348
73962
37169
80477
24875
63951
90930
13384
47078
19599
96082
88693
17362
446
5795
8264
99278
1464
18431
64787
35804
42861
49547
20638
63946
13877
23860
12680
9050
2626
35502
63117
77312
32681
56706
21322
47283
64600
2356
6006
44458
83863
31996
36864
52050
74444
35327
34002
55337
22464
49301
82962
496
43037
99922
38707
24898
52635
17869
18303
17904
5294
75631
88991
15228
37499
26434
63692
34269
48933
90445
56698
1354
70298
68419
83812
83410
28570
60462
54184
41907
11993
62848
61469
81696
16739
35792
39887
69628
98852
56235
8681
4946
29377
24164
22060
49123
90139
21466
78818
42847
15201
84650
73784
52978
74472
17764
52108
56411
63223
53734
74605
48253
61347
28616
45545
51711
76352
99220
29627
26742
49463
1536
24432
14480
60126
5613
50613
26976
80560
32991
63871
47135
69932
8771
25028
35202
21231
19122
85471
69479
90280
85770
94851
3731
5749
30297
95908
63382
35908
89980
48222
48058
88552
48292
12132
3467
70463
31995
23719
34334
35304
32431
51427
13382
11031
96011
4646
83780
51298
40123
32408
61040
63820
86397
22913
88803
58710
14091
21294
80460
51228
58342
26398
57388
93901
33546
85780
51753
86464
56811
94010
66759
79046
91080
37709
50496
64706
76552
59661
88490
8596
74669
14440
93688
68342
90614
92295
51992
1396
73667
79900
43085
4603
72625
72873
29114
194
66862
8913
6774
62119
1938
86682
22567
73523
67837
4545
86682
23780
61880
86663
95319
65603
62455
53795
10691
86261
43001
5275
63333
10320
44937
29554
8805
91489
3538
74364
90104
19132
