11374
68786
53255
27501
94642
97767
20102
47522
84285
23188
17647
83821
39303
56080
13994
97893
39062
3817
53967
3535
22661
51474
90376
98488
34549
47634
69236
12772
63759
71089
57196
65959
35745
53150
65012
29441
10371
14908
51701
16376
27366
30160
80453
27299
10080
18363
16008
37801
2412
53099
505
99597
68681
92013
16272
75177
55538
94104
59815
82669
78852
26196
68395
85188
3475
4891
3966
54097
84192
65035
6790
17981
1077
13675
42005
66432
91037
10660
71438
21528
9379
28329
15059
179
11177
48299
34263
37498
15953
21438
3181
70542
61836
48452
3909
2553
22600
36553
35776
78108
14765
58671
51432
90467
26707
52828
49797
8299
80325
82550
71005
51340
54152
98358
54763
66496
59427
57736
38499
30742
70664
19085
55596
76751
18342
64502
54815
49457
7992
19019
41867
44424
5208
40938
26201
50031
42700
47032
38553
45744
95475
1876
35009
79672
6109
72900
93914
58435
84661
44004
60409
63548
20538
79693
53025
69512
57666
67643
38331
16480
78886
92535
84744
50874
19512
27386
59984
24841
149
19130
14942
25414
20243
26631
69812
89345
74247
25081
32206
74899
87478
98907
74137
81398
15070
84531
70625
56103
92257
16498
77694
52670
93704
29450
59531
1535
4611
8185
65208
20020
70862
34733
44773
75984
13651
30844
89272
38752
88388
84791
34987
6352
66770
74592
28484
14485
53367
20514
81302
92921
62873
68946
44019
5597
71452
52997
92081
57976
76173
4332
16696
11640
29810
418
32228
48782
50153
3037
45833
97695
99011
14048
99540
7790
21687
92797
92445
78475
82939
14718
56077
51258
64675
55679
72632
85240
82909
3607
36130
14525
13292
5194
2111
84829
75822
4598
88400
89505
55758
99208
32405
13942
22024
55809
49880
8672
49910
18408
84976
46407
43257
96242
86439
40321
52767
22810
61895
43219
61858
14789
64160
3156
55572
65233
43058
56616
18092
68625
36912
70760
24075
28037
11516
56552
45884
44263
10013
86147
25657
7093
17913
61887
10001
91398
78800
50939
5625
41781
95300
47280
12842
42965
88013
91137
94122
54897
30816
19676
87312
11206
34763
54869
48631
23933
41168
93121
32159
91817
11007
97184
17885
89925
15764
41365
3647
95626
25166
49132
33752
53034
12038
18632
47286
7613
47195
88420
31447
25874
53580
98781
60420
55419
952
99773
19658
91106
61078
13452
85732
47167
9920
29464
96522
97301
89376
92833
89925
23141
28884
37225
19237
11563
40060
78009
50916
16830
60158
36343
9485
15129
76091
24384
21276
78991
55090
68013
60912
23232
51729
89044
20543
57989
96521
71837
31180
30915
71720
64936
45172
77567
32881
20707
16723
53999
29748
71079
79797
98916
29907
30609
30041
81567
50057
88373
40070
32504
85778
19253
88953
81272
95202
4080
72921
43014
19857
40100
45924
22523
35116
87987
51366
80575
87360
12983
2391
95466
36586
83233
46387
7053
35398
19688
85550
97614
39772
33384
76372
50645
57775
96967
70473
95525
26879
54179
54621
84198
72251
82414
81974
86833
51892
29586
44742
62452
95916
9825
31538
50086
71897
28774
87159
33036
25055
94027
63524
7817
87050
8600
38264
90510
42535
59314
57184
54642
36543
56088
36259
94373
80968
82046
97029
5840
58361
43967
26755
64377
42354
22140
92970
1740
46768
477
19988
27792
93385
69269
72654
61432
62386
86875
55482
50434
12085
17580
64005
96887
33127
52360
82923
33180
47223
61003
43478
19846
53821
49260
82449
74003
28584
94294
48141
88802
39580
9429
70767
47807
61546
78300
39947
76248
57624
57170
30000
94258
40964
55658
23078
73546
55721
75173
93177
74700
45486
66688
82951
15607
7482
55350
33855
84960
82715
40561
86121
87545
13790
60902
48557
72990
9416
54115
79295
68336
87753
17450
82364
54444
20417
43105
45103
21403
15820
91080
38010
14700
55510
34580
71200
18416
19814
10958
67354
79364
33171
88144
84461
83019
59671
67124
19149
39465
66108
46050
46081
69865
75798
88668
86342
93536
2765
77821
2654
18405
20873
12460
8985
14063
62934
98899
43246
17119
20541
27993
64793
38878
8684
47201
88743
61740
28257
6160
28888
10644
1534
96215
28678
74016
50835
51785
25838
51787
50482
24819
24959
76491
49160
13279
78545
54615
79138
22135
12126
8465
72714
65672
7362
32669
55429
71949
16287
38101
54377
79342
65132
44732
90821
85376
60672
80012
17845
18834
45045
51803
30786
3316
31816
14424
20874
24121
289
65996
51630
22080
92436
13597
28969
79639
57207
56974
39079
85568
1185
19574
81547
18742
99188
99967
96472
50315
20019
49213
1210
40451
49718
79475
89737
63862
98948
54528
24238
68242
667
16621
48133
53602
63752
54171
27332
53611
7288
96669
55623
34624
18253
73833
67999
17191
18125
21950
11148
69281
71864
84831
13574
29735
52912
71875
71635
36424
70930
89453
79959
20868
25551
21310
43643
90815
78557
67171
769
31520
45196
80592
63359
45698
26321
75827
86322
66522
93598
42840
94871
38541
39712
23738
65090
32691
22315
39842
9262
76582
76763
13764
36764
68590
51522
99360
86112
36525
60631
603
35611
96378
72959
81201
5715
64889
53632
61365
24047
47126
16972
47395
50172
22888
71621
2680
50195
5336
89254
41280
68598
82100
2121
56427
47056
55774
59461
37397
11084
90054
84416
31078
11522
45659
69371
88661
71092
7526
85475
33572
32148
91117
55970
54300
93905
6885
26390
29226
96851
18591
60543
21856
20306
77699
44837
48464
15527
52809
34908
77472
29108
15544
54145
81751
46949
51679
