87066
72089
55209
77089
87203
67512
46630
82215
35533
88536
74642
67064
12255
76870
18985
71979
9918
94708
97744
27381
86545
13698
26489
83890
87019
78099
67680
63788
56128
11615
5800
77673
2687
60585
19531
51201
9659
43927
57630
57026
7484
87003
12131
79565
1440
11098
22756
50085
46365
39355
27035
70442
85052
27263
99282
83227
54244
46905
16136
2359
50479
81633
59984
19640
80139
43834
96067
48309
99971
60780
96322
28952
77348
49601
28085
15328
10851
68303
35387
35516
98859
66489
47273
94926
63112
82624
9596
90156
96838
9583
64989
28363
93346
8961
8389
93763
25944
34713
304
24389
3242
87400
85191
56709
85467
4686
54700
7108
59732
90159
52127
71444
14346
8085
80771
68031
59787
1438
83335
66146
89085
93294
41027
25530
70257
76696
87406
89295
32905
20779
31146
64662
36517
33103
44962
49128
75938
43931
28842
32513
35872
90419
14501
11094
65110
69045
8682
14213
70119
60867
63817
45532
37814
22292
54641
29791
91593
51109
62768
15946
7849
16340
17136
97283
77876
17863
15812
51647
236
76963
82356
13308
60024
85650
69680
69983
59127
21400
66912
58826
58110
26566
79938
71042
70575
21255
24856
41175
9468
38687
98339
33194
81318
74631
78711
58079
1381
15585
29258
28661
95452
32
40431
99965
60952
92373
56386
57320
43658
37976
47136
87731
38857
47092
51467
87208
