37530
49725
95899
19563
97515
86580
93400
17302
94545
56424
94098
52715
53806
97821
28466
15133
38201
21425
80676
72302
49162
50011
11689
61513
15934
5333
31380
98261
20601
39562
8061
84621
80348
58511
70119
44247
43323
17629
94261
91066
94811
30549
22364
65192
42403
49286
27183
61429
3258
71500
59515
32146
68716
68513
60747
45495
20499
21407
78128
50256
36419
82538
62211
46767
88686
92544
30572
7633
89043
1158
65196
13256
87191
73288
12801
51614
52805
63834
30201
74937
30237
81756
25794
15970
9637
77002
32046
86025
75757
778
82913
72709
83263
53916
35308
7133
92771
41744
72407
12566
91978
29345
82908
92249
69570
26718
45032
33720
17165
85455
23
2076
1250
21186
67070
3715
40615
98344
3283
81134
73654
65832
8348
12270
28350
70118
35553
31148
91240
25692
93219
74946
73391
39437
2742
85536
55179
59479
25121
558
86316
68540
19410
17568
70408
12388
2073
53371
86154
49268
28074
23933
27935
89029
54682
6170
8162
80991
74850
65461
61403
62617
78337
66423
28958
94609
40820
35946
32660
2538
68104
90761
61910
93118
89742
43849
54602
67603
66183
9236
29240
26713
49199
66659
5555
60454
18479
68738
44631
90617
50509
82676
96029
96809
15717
49097
41278
39934
51257
48751
42049
93605
61546
67964
31144
23857
64260
84758
72500
67137
32218
76826
67642
20701
14458
2334
37246
73265
23410
46810
16724
76901
35624
23371
81813
82406
48278
92567
23975
38708
48409
92153
56258
3299
50686
58691
97659
98600
21632
54959
66676
90475
54170
3551
89197
76080
34105
95651
49033
77893
11275
93800
46297
85415
27246
6040
25379
34031
43762
93288
39567
82800
78421
82251
46216
24297
51206
86479
470
99429
53936
71198
93313
59745
4644
63595
15341
33997
73719
54334
68078
58330
30808
83372
85733
62235
46471
20830
89756
80786
29599
63127
40276
4581
99650
55425
99640
86050
98290
2346
29727
13624
80706
88156
94164
59129
50916
22217
97619
19486
98374
18819
85700
5193
83863
38705
4208
32492
75202
76682
47713
86688
13186
10108
95182
76830
38692
86513
77378
57559
64612
94239
17958
20141
9144
86357
59236
44905
704
45310
99734
75772
53659
26691
87396
19403
2675
69371
75139
26408
23772
21505
24892
58258
16835
49285
1827
18455
68699
82668
53495
70072
58272
50489
44180
20920
88821
68188
99697
46990
36760
12818
39550
6951
37000
43745
1259
70079
81413
66048
38320
22095
48533
72026
99688
4443
86412
70845
61239
4149
45756
1330
66627
72921
45821
89311
167
17860
72856
53881
58185
92255
76266
68232
36829
65105
79638
34145
54574
96878
81225
95970
12540
55176
8081
16466
40409
30898
86093
14433
75576
65812
72893
73828
95230
78839
99842
93026
41376
86767
51022
691
15592
55190
50596
38447
55847
84943
84648
37053
32984
43134
26830
22185
59053
78135
73732
68643
41023
47747
55642
42079
1337
75552
63241
58454
98387
41472
4231
21005
21464
33842
74103
4777
97533
80131
25909
37288
89558
43241
37153
6883
79494
15338
83078
49407
59427
52725
14852
16654
96986
88225
56029
54083
41264
11011
70954
93079
25689
51909
5343
12937
38176
3986
97055
48990
43616
30762
97988
23999
36986
1216
42513
94553
1797
8509
21573
80008
49254
95354
68881
50317
52164
1215
23390
8272
31314
88645
11382
97029
5142
25189
43972
15163
41538
11193
25760
38236
8501
72162
92095
88050
5682
9549
489
23395
94909
75708
86199
93155
10683
51961
80866
69070
18798
31080
49091
53350
26037
1021
60385
55414
9039
19985
90757
3953
42642
56769
93759
59932
52932
96097
48122
71427
32349
77966
36481
24071
50518
29726
85837
16326
84778
19273
9220
70638
76196
84781
73810
90839
79645
42044
13442
25211
7130
44763
15258
40481
44388
4294
77489
20639
71847
1273
7432
19988
37577
41926
27041
77049
27031
5158
2051
72151
6798
65146
71879
38352
69762
55180
90097
14102
4139
71497
7247
9642
60813
57067
87860
14152
51849
94944
68800
77629
71197
68063
92534
70756
66540
1679
27870
98379
983
22012
52109
76408
42271
25331
25690
68545
2066
27611
