74754
49460
54754
17841
56986
41367
29623
56389
3669
63055
34936
56677
48416
2740
64128
59867
52240
79417
22334
67253
87402
20750
38110
4927
19156
42472
13859
21058
15657
39135
29023
71088
32197
21108
56786
78765
53179
51905
45164
53117
11050
13797
83382
62327
94041
520
48273
2974
97763
49025
34484
52308
8555
78876
18385
84805
74609
11966
10478
11544
16268
9789
23085
89440
67288
78784
84330
91952
93119
3362
11676
36786
39886
54113
51493
19803
26525
451
86584
67623
8531
79859
48410
5297
39742
20241
82909
7648
49090
33553
14356
72921
50741
73964
73676
25333
70341
91627
30430
26613
81987
16184
6233
70236
24453
66175
60558
66419
65727
35047
27618
72207
39766
21793
71128
3277
86600
41864
84707
19270
70089
42235
22901
96527
77793
29217
42449
14799
27625
80325
81695
7077
39239
69558
20173
44419
29222
27399
78569
70036
52316
50396
77671
80323
38739
75083
74990
14172
80470
8819
29551
46287
28173
1543
39513
85581
7463
34749
19901
68541
38709
63448
42011
51885
99531
62933
88769
93889
37152
89678
67359
65918
49032
54082
33863
15725
95002
47647
87715
82207
15250
10575
27564
64917
19137
36926
99690
35917
39317
86528
31013
21042
46332
81849
85314
27556
26363
66214
29225
78809
97685
39154
41572
85273
32981
97589
29518
1451
98747
85921
18849
87795
19915
14382
16863
13388
5818
89624
67387
33121
55141
20516
3867
95287
26378
32465
31624
96310
29306
27293
11194
38410
42763
93386
88371
3777
91783
43897
58593
47271
67525
49315
8388
75487
72057
20724
6382
59615
11646
33515
68190
31671
84086
88988
65530
19928
30396
51894
49205
70517
38312
94202
97462
96533
76827
82083
21074
81841
57695
46076
74860
25432
20098
86525
78764
35308
98522
95973
71406
90343
42392
61705
42632
88628
22762
59630
67633
71491
7066
60187
34885
6051
834
27088
57239
87135
35155
41213
52853
78792
20619
30454
30879
74357
80181
57745
88949
7950
22892
42302
46754
72982
66410
16726
5482
37934
45129
63824
54909
31018
8911
73696
65042
33803
18437
68733
54938
14947
11273
68704
70380
36948
65599
87897
32748
85471
64048
29360
46796
83389
69824
91869
90745
99567
67536
45977
16236
77144
24300
2419
56609
6138
60026
29460
18216
48575
82567
52396
435
14586
42795
27846
90770
15670
63426
65264
59532
19407
71153
32939
92786
94009
64163
61115
32353
49325
84882
57839
76557
48120
33800
64434
5377
75974
45578
4228
62734
43709
98858
48680
33036
15012
4734
70774
67970
40130
40173
70614
71304
69388
61390
47317
39553
41811
93157
34289
83085
62077
3730
98066
33882
40358
77223
51928
28265
41000
67134
83622
92931
36392
32707
96301
75270
13700
62805
32378
71274
60575
60938
56308
47851
11787
9052
46178
90680
4491
81836
69252
76995
5792
57887
77381
94448
41668
88804
73627
11961
29478
21744
52305
72656
88734
5650
64919
64737
2386
7415
23315
47796
86540
22355
22655
63052
89599
45116
51224
96665
90246
7403
18073
48225
90328
97839
21515
89768
72765
25235
10557
36282
78364
24696
50452
15368
91026
28086
31607
9450
27372
27661
91372
33964
19289
85886
31447
24334
66944
95654
98076
6825
9784
41390
19082
5570
13515
40244
64589
13185
6129
8214
51523
15099
74372
36631
35371
61903
72016
26621
9334
85922
40477
79318
59664
48158
65849
85206
8911
64382
35073
63471
24780
75721
93508
31854
62262
5979
85834
69477
60116
39133
91939
66125
20817
61594
85956
18762
27560
83559
31215
17359
48107
7376
70993
38923
60736
63186
39801
24350
44358
10396
35445
11131
83838
12499
71959
80100
89778
51573
55928
49794
69982
58160
63331
74095
69670
8078
63212
65223
63363
9537
93216
23999
41311
2151
65575
90481
62251
27252
23133
88537
96380
114
30478
31745
26710
9221
71638
73571
75581
43431
25213
40731
49642
4466
71363
67416
17978
44730
54756
59247
31346
20202
26415
54905
63454
43188
32948
38452
54244
43783
32560
15836
49077
7502
95270
48839
13114
4566
53600
30979
52837
5605
2046
97762
26969
60998
56510
32484
40799
91400
13074
33835
54696
45899
2689
931
49445
98881
34550
72144
79820
90842
26646
31692
27887
86175
605
69845
55816
66198
62743
82892
14264
31487
83524
34456
87323
93412
26548
75694
44757
18157
64298
24715
77975
87652
15910
93999
94621
44856
78700
65653
94941
23089
44330
33872
67832
18758
61524
7161
60189
65143
17986
95453
22633
82103
61453
4936
64323
44828
8056
1299
42207
59812
26677
57515
25721
85352
68371
69458
47708
5781
67610
91215
91174
2064
91898
72201
49140
66823
63738
18210
55097
82071
26867
37395
89428
72378
22245
62704
31470
98009
78101
98444
86219
38407
81826
703
18648
16256
6239
61985
55098
2925
61920
50019
46163
43788
26581
31900
38054
54999
41198
93130
78909
77959
13040
70617
16693
62251
21136
26352
82978
61300
42520
13873
66379
93937
39081
9137
66698
51685
44013
7108
60464
88942
1223
55230
28083
80771
79442
41881
74001
95228
40778
31576
84344
25784
39690
52499
22723
96477
36768
39042
67845
34028
461
60474
53122
942
43679
90553
71877
5250
43840
98032
75229
28348
38158
994
16814
93427
70680
73381
68255
29318
32564
84304
54801
18422
12486
