54810
64498
86382
69885
19494
36401
71868
43402
42381
79969
90501
1877
62185
18332
94472
43752
21590
50417
37680
65962
81320
97692
54803
49160
13995
14250
92503
45623
70339
46893
13047
88836
21291
31763
23109
82028
5276
79638
29841
21943
89511
69517
27263
6883
85342
373
71374
52786
43106
59029
66591
64372
67259
90757
8780
61996
38571
43294
17486
85063
8508
3992
93521
57459
83698
60559
80402
71139
99519
51945
14151
32248
71706
30829
34237
8925
6674
73997
21958
36620
56793
85269
72016
31371
39619
62791
95244
15752
45994
99537
68846
50193
74032
11791
68871
76340
6594
21585
68554
52416
34290
937
52387
41714
62475
89060
73847
4808
13892
75087
49373
88774
