62436
34276
62108
18935
38580
3317
57488
71525
81894
42420
30106
74023
62676
66240
52575
99769
54135
17279
6637
56954
98591
55171
38281
70397
23221
67968
94933
83141
98758
75062
32037
28296
55250
60040
69209
54743
33091
49652
71011
42879
46429
9324
18434
18656
49862
974
76002
17364
25712
36084
53367
13630
80663
62478
34216
46883
47519
25153
42046
43878
36208
29548
97533
87217
7067
86788
5519
57422
60905
96377
55721
82377
60556
33837
87069
25651
12984
15472
34569
79763
25196
60272
53542
61066
6288
93634
49849
86796
33967
68755
31012
8204
84900
62438
61502
29457
67611
98932
87432
28912
20925
80698
42897
52814
24348
4466
62292
15117
71411
69228
77529
85551
6635
15995
21881
45838
84547
39612
44112
69378
92210
21258
70425
93641
70338
37350
29023
79267
89188
28670
46174
20525
65529
13528
58794
17860
65128
73470
73491
21112
21894
67931
84977
54083
42366
18379
84624
25150
86042
59467
24522
29204
15179
15277
55796
30872
60441
95060
20037
52817
67705
84354
89097
99256
42075
37431
90590
92423
4934
34231
8339
56715
83275
58734
5530
49538
58452
66901
78106
79584
17389
52145
82934
18314
99912
56020
4077
35401
77167
99067
63099
66342
75978
12634
46306
40255
49770
55100
34779
20716
63681
52200
6443
90471
3487
17451
91372
41284
46583
3540
6915
21531
59471
96483
40243
52755
28050
30882
29215
7458
48811
42911
93181
39205
6242
16872
69068
89734
12888
6484
72626
81796
8499
41384
19740
70120
64041
2388
43490
20442
59408
42591
6382
71235
5800
80738
26039
31188
72790
36127
75975
71304
68940
37427
26692
4764
67526
68690
43337
52022
6321
39298
61745
23265
9139
99700
93924
29414
51256
26796
52246
69554
56195
49309
6833
54301
12954
22477
71988
67109
65412
52836
85958
50123
99479
94086
42294
15679
17565
15153
81914
79623
75171
56011
41204
2491
74806
31169
44120
6713
30468
59013
8803
46398
88037
80982
14961
40524
73594
61477
16611
83518
40381
63648
90758
14366
53669
89652
27757
6740
78130
88959
77629
75295
41247
27478
19964
23464
48711
60432
51943
80584
27213
53797
42819
35726
27288
18202
19564
15884
58382
1330
52623
12354
41218
26628
19750
34189
95925
61244
93128
46254
75999
76518
90537
5225
20732
41589
66981
22511
35599
95154
4885
12760
52175
86449
93994
97239
33312
57235
27925
25480
35830
72876
88088
50583
28523
83525
61187
41483
87829
207
88917
77964
94342
58852
93662
28090
644
30588
73042
72207
37724
16738
9257
87326
40903
37308
15468
71354
9584
74329
5559
32735
62030
12810
99656
68991
91868
72638
86894
74624
58897
59234
15064
86583
48898
4372
94126
27969
59684
79890
65998
99075
91001
96338
4832
10685
88331
36966
67002
65963
431
52430
69682
10376
91422
78273
89569
36921
15949
47353
40172
59441
87958
67230
92463
68810
53419
80918
45885
70742
15504
74512
84921
11934
78739
18527
77227
19066
38335
76818
43155
80645
56205
13336
41568
8445
31745
24623
28093
51697
51580
86559
47016
78416
87513
81292
21872
91360
39068
99523
24347
96540
88206
35805
67097
69463
28079
19943
80907
52878
91041
81535
11876
5522
15648
2046
99974
12701
70623
16901
45782
40561
90913
28130
70931
92379
61937
41699
14835
22980
12482
80797
6072
56096
82446
22946
54977
78535
89872
35003
81226
18580
64673
25632
85910
40846
79187
56908
29917
5538
83761
18363
22615
82003
84429
45540
62609
44940
83747
89607
78300
42918
7990
85405
60760
68445
11162
99102
52705
83997
82970
33109
45627
27620
98274
39523
40880
51256
37839
52065
28662
11530
83882
58247
34254
91073
9706
23662
88541
61913
44939
67205
84492
6449
85866
4433
15162
31963
87866
18208
25664
21063
97495
37709
64954
54461
6260
24048
69407
91904
80188
81234
57938
26527
33999
10156
94277
66459
33344
95068
