41290
44161
90379
42952
79648
94835
35824
83111
2270
59780
94973
56418
86905
58554
81073
42152
35276
62535
96321
18717
65382
44521
51308
15611
77925
48058
83999
19605
955
60822
6482
41541
53162
70843
20654
28104
29918
16937
55394
81957
666
4205
76587
61319
61183
72226
70480
22030
56303
60849
58813
46929
16120
30406
22801
5652
1738
10567
98749
18691
33337
85081
17343
77191
8455
12718
51822
43322
93890
48071
11197
87905
74582
65882
45939
70513
67780
49346
31175
49812
71929
78104
45584
17237
2624
6758
77437
41204
94209
15748
71816
71227
66041
18377
52878
94730
75294
28665
67332
8847
97515
72101
61644
23017
37663
90313
41497
24878
21965
67399
40078
74642
69855
18631
25726
73624
56775
90767
70817
80901
64481
98032
70541
50368
6129
15431
42517
58769
95660
1299
37637
41743
53170
5836
89657
13185
94316
12461
38607
45131
2395
52052
7408
11952
70302
27287
97901
71083
48998
82346
43287
6804
64509
62484
27962
45971
14748
74030
87847
2698
50735
74788
13668
19130
10002
11915
57726
72534
40407
4199
84390
93561
28244
90213
59316
95234
51906
62939
75435
90740
8246
97779
18637
32362
2292
30410
90545
30978
43605
56786
65571
19928
28013
98639
67385
11549
10687
21127
72376
82226
31069
68095
44692
19553
28746
18867
95793
31723
55112
42426
28696
81848
74041
73682
28017
72430
84575
11890
39322
70303
50959
47093
74940
82188
90133
7241
97954
58731
62393
94
86356
41508
11814
54652
2759
81941
33213
97605
98110
81037
39995
70472
91289
38629
20577
33169
50568
71539
21865
80389
51617
96099
78264
36601
44006
85490
76391
57795
24038
5636
24223
12137
89629
43664
39866
11291
62298
13193
37202
37322
51656
58185
93682
55604
15080
48748
88573
95898
10377
11610
32611
75739
8395
2144
40158
10577
62524
4753
81432
89472
11106
60915
73506
71558
44269
13800
35061
58957
58225
50803
23448
78068
52180
64297
369
3375
26174
92947
14951
78280
3167
34223
78324
45748
63178
95823
49970
24366
15650
23131
62774
13439
74078
91841
21829
78759
52459
52648
33591
46974
69644
62342
52102
48625
24803
57237
44987
77860
55433
30162
20663
81611
85789
8605
27351
71997
22356
27899
93372
45163
40705
5271
99320
10135
46764
46666
92467
36718
6805
68298
53080
92061
24364
80647
94069
66850
8994
66055
53087
5374
20537
63425
51733
43849
53367
10938
31662
34246
58571
74955
25558
41806
12582
65915
1850
4832
18298
35136
14262
95986
88655
82035
12727
1390
61992
67201
10741
25872
16912
44242
49486
79552
86448
75984
15631
9904
57417
77237
78499
81465
37275
59128
28760
51894
54510
26828
87601
67260
7092
7066
63667
16585
48179
16683
95404
6491
3168
58409
