12323
4685
45639
25811
95452
10898
67497
82394
50795
86405
59321
74066
79432
73107
74754
42013
96550
59379
51386
13339
89959
93438
63893
12523
74647
54451
23737
39215
68765
91122
42506
80778
97513
47261
87013
82848
73876
93655
8830
14675
41128
16464
11764
15746
46173
815
761
97087
94303
96852
38312
96310
20586
81046
91308
56299
86785
50955
75964
80599
87657
2540
98930
65492
89033
32526
46782
36500
44527
44176
43007
90679
90525
35
89313
32372
69553
37635
7442
88815
65514
55452
60769
5678
39432
13984
28632
10778
54197
65160
6322
58027
31671
86804
58907
11695
63256
7180
74524
83097
72347
90026
19572
49382
37895
87995
85520
82956
93749
80762
18885
96774
33057
71231
34009
71454
82860
87666
45643
1614
31004
77370
15077
6022
23785
46443
39308
35262
34413
59179
85909
23065
51639
72738
68549
64930
52280
42405
77753
56428
49106
5518
52495
57867
42825
35463
5398
25747
19251
41728
8563
23806
914
61963
87077
62054
6170
7269
72529
60282
33479
72661
79375
10544
7956
21238
46148
83234
70539
19513
57863
68132
51967
83766
14752
42014
17149
19451
6834
63948
46433
81600
4138
56005
54505
40029
54607
50873
1939
98746
74915
63567
31149
11965
90372
38352
63955
54142
30946
95707
90852
3778
142
92026
22879
14936
29316
7204
75563
42436
264
40084
78354
56008
98122
73816
91948
16327
7200
14497
45152
40860
14159
68537
70749
41910
67636
17598
61947
8941
72139
4230
98884
90447
88720
61909
78353
43703
94411
11126
2207
99680
59569
50953
34043
51051
89991
26569
44328
98195
13361
65217
67303
27880
69051
98148
9515
18995
44660
72832
46095
116
56985
23926
10815
65490
47716
44543
6284
22453
66282
58632
94480
63838
84798
56239
81846
33344
3488
31463
83474
1491
67915
16726
9546
45508
30972
40837
20934
36524
39182
8141
23664
19824
71068
1652
75243
68246
73903
42013
98256
34616
73347
99071
33215
26538
19617
5031
61263
17500
27190
71985
19208
27840
97145
55420
8075
25464
71624
54454
85819
10103
5738
49832
5509
86940
60112
70082
34032
60367
50704
56259
9052
44114
4162
51369
35794
78532
37456
127
41261
46917
15929
12169
18704
48064
95299
31645
39804
70214
42643
82027
79355
73868
62773
89249
51313
89109
96679
35396
83928
23625
59093
37994
53494
42369
80272
85452
52039
91285
82781
53768
58030
77363
91257
7215
65303
5109
69016
16287
27426
36833
33681
66352
50220
30489
16516
89199
19712
96738
22001
61114
15070
74429
81648
20752
66666
20548
45175
27478
15124
93652
57941
77056
41960
98120
39527
11741
33851
15107
7953
63061
33692
39949
3051
87703
80960
52567
75322
98075
88175
2619
31664
72360
8136
46191
14105
58423
78134
59083
69365
74542
92296
75204
16169
47930
44460
24157
93762
97549
49849
86396
12385
57323
93993
83801
96086
58458
71515
17410
4801
1972
45254
66585
54291
48807
75219
57081
30971
11926
46653
81586
77326
72522
32222
46421
80577
16589
6621
88273
53707
22217
95794
58029
66772
7473
97657
65809
17760
95342
60218
55579
80868
722
49691
27927
51280
36994
50259
82383
64505
5584
61397
70840
74157
9489
76458
93046
72130
57846
89787
97380
4919
76948
21938
11791
72973
15292
19343
118
91864
8924
90376
93939
71634
14259
55914
15177
82785
24052
33135
90959
98767
23391
28274
89288
13604
37660
36978
77241
52411
50643
25058
42703
89106
46241
53275
60988
98718
93909
77415
79170
66589
22512
50553
11249
64416
9702
57259
29868
77437
36164
97027
81483
46995
22400
78222
26349
31886
95774
26537
91680
15128
50262
36530
48153
87691
69930
80803
8972
1779
5659
9015
25337
32019
27780
80416
2437
67308
11636
60151
35182
91500
87419
2078
34904
20521
94396
53419
86461
945
90432
31528
80270
51815
28932
50730
96245
26734
15237
89012
66476
27123
42173
89883
21330
93425
43410
69419
88192
527
64956
86707
41949
17975
7948
92922
92036
5050
80572
27719
