83171
9804
82168
50608
48071
3423
44572
7374
34570
1517
246
43067
907
53986
12827
77666
93764
30802
80219
4528
8526
91869
95367
85784
28038
24744
68569
94441
8850
39922
49066
35763
56353
96772
86352
66865
57007
93332
81264
61136
88080
4870
57985
23634
13029
81059
5695
23543
85618
37478
82005
17172
99647
15276
37092
81868
14840
12972
12892
84155
40480
33452
6543
70172
48811
36185
49604
71993
42320
56710
95544
59590
96553
19153
97552
108
22069
9764
8468
25189
39694
16608
27668
13031
15188
55145
93917
4705
88679
84913
83450
96564
94834
26280
72778
41581
35943
85327
35689
15992
83032
79106
84167
54493
34268
34079
58029
68918
75137
84636
27674
2536
33949
59852
282
43941
93518
5959
51897
1976
16666
9438
26174
93667
16427
93970
98983
48810
22567
73854
18730
91093
41716
6557
1955
71945
43408
31910
6493
37582
30063
52997
1943
61358
16680
32825
69801
9694
29548
9394
85350
29176
54522
27375
77653
75839
87401
1141
83338
11353
17115
47436
33514
55478
87998
29920
49442
44982
86420
20530
39820
35982
42314
54238
58129
43545
44509
44438
43027
40245
78447
13993
80915
94141
69194
4234
71570
34498
97589
29143
791
5249
16577
99301
99650
66480
96765
78568
41599
36070
9577
64147
77119
94330
47878
55813
26541
60770
30722
34046
99897
17324
59387
79803
98524
37644
70667
62001
16748
87415
34611
87096
73722
9200
26894
5000
43424
1363
21002
73222
95457
96216
47771
60450
50018
28781
11513
2720
15822
15295
68543
59810
2477
29519
18504
93280
98797
25757
81052
88193
15192
27308
64399
14700
63950
71778
40418
80856
2726
14648
95565
99189
18485
67493
14748
69693
89605
46230
66832
15182
66489
47005
83179
45848
50923
35681
79855
83208
24524
65122
68399
39222
92983
6277
7937
92213
65997
79884
60343
52087
94712
65421
403
83569
90717
31174
33451
5334
60737
83350
20604
90344
64694
78633
39997
12176
43006
83832
21265
96502
62176
67594
24055
83006
36589
40317
96170
67836
75327
77196
95752
45747
46904
89300
19823
53148
32734
41296
42903
50035
13059
84902
5959
56295
26214
66859
70815
41362
48728
55503
15938
63562
46217
50735
85855
21255
20616
87157
98069
87913
98327
23003
97250
33612
3845
34936
58308
47737
95333
948
35281
61439
78811
29855
64694
83932
4232
32540
95012
20526
78532
50410
21475
19189
4614
52262
33415
86955
4942
66709
35326
12442
8190
56484
5781
69053
33627
49233
31284
80899
26378
19461
81591
58066
82113
34529
10506
73782
9034
42406
96125
15076
81480
94977
17030
20764
70653
34612
