99890
2082
91765
42553
67060
46627
40439
39435
69567
83698
68658
95706
71527
10672
59483
93120
14016
60915
66751
54447
56877
98739
56936
97181
58721
90554
90652
38098
89889
7965
77278
67646
88785
61679
13032
34743
15461
49373
87928
60898
76335
29126
7942
84834
49950
91070
55329
85959
67201
14930
24896
16881
13791
86512
66508
64725
4377
75070
57544
7727
68879
11149
84459
49942
54671
27910
71964
58567
792
26093
28014
27393
76681
32185
28868
67789
94115
38258
83700
6877
86801
21237
20321
34839
24096
65810
32532
46608
14141
65973
72475
42396
36994
49308
87388
82899
33729
76902
45402
53530
59541
74015
34388
38277
96817
44399
93411
3984
65404
10173
75694
49629
87279
53050
88560
72304
67849
96482
19396
88704
97717
70393
50402
87772
40771
18851
19271
91210
10109
99427
9770
3457
12477
97052
99127
76908
42573
398
4098
82324
65855
91744
93363
92953
1723
64044
50497
79968
75238
90040
56246
4709
45081
51443
79886
96335
41759
21343
13916
83824
89283
30087
58462
45904
84089
33390
71478
97848
73651
13367
57941
87556
13055
18217
64545
