78147
74864
97723
68880
35082
704
39896
15043
23568
5361
11592
33325
78644
31952
44
48062
58022
43468
42776
11363
78846
23212
15254
76995
9849
33922
7616
12809
74928
75349
56851
67546
8804
73074
21431
86162
78073
24376
74085
8345
59114
97388
47648
92130
69519
76654
89252
8286
57897
52302
16626
22860
2709
34489
37360
95471
19712
98696
32756
13564
69335
72791
65236
91317
18616
80511
5336
79700
73103
1178
7881
53156
72949
19692
65614
42338
57779
70100
38486
25016
28902
50905
40633
97319
91485
35606
13206
60345
90124
68361
7285
40046
32340
32360
68010
15975
85870
68212
3444
84175
81926
85152
2176
82938
98186
56192
83895
74541
78338
77559
94080
45420
54093
10447
89688
42324
24708
61615
36431
78224
67297
24440
47258
38162
76589
87698
82991
88844
59019
7450
14447
15317
36568
79607
11587
47458
11799
8158
20122
92319
47309
93463
78536
10846
95739
30169
38529
40699
1938
79595
1945
97345
14276
30535
97244
20175
81993
15835
37430
66122
78989
31577
2187
71404
46506
12393
91857
89109
12605
54257
67439
14238
249
85628
3399
35727
52246
65903
93819
59426
46548
18384
68496
76166
81598
75336
31175
49117
78220
4788
71589
54231
37154
24492
26362
51754
7
22413
95701
98408
92582
65639
62531
29547
90926
43015
25055
94347
43418
12075
45839
98783
93697
14631
8100
42536
86124
39876
80674
42570
50259
80954
45704
32054
11881
87543
92210
19142
15759
53521
97209
30366
44356
63106
92055
14851
98686
59915
67284
3594
13951
67182
87167
61791
92672
83864
54439
21471
50311
53696
45381
99471
55774
67042
31744
14839
92707
69485
93052
74235
26137
67940
38728
92855
62284
75412
16660
9740
5751
64148
9992
31960
43594
61558
68600
20727
46338
73177
52378
88305
98215
40214
51555
61253
41610
20631
46852
24414
10392
64598
65306
66658
82183
96544
52064
18387
28722
25213
42354
17424
41451
49535
10062
8216
97081
83413
77392
93186
20182
1428
14020
30252
25784
39798
67721
50077
25846
88958
60680
17059
2360
74755
59236
45451
68891
10999
67647
9646
15113
5700
4264
66364
50772
99467
78461
44693
33448
47782
44997
37370
53400
73356
60734
17227
36756
34338
4917
47903
85209
60442
22331
16074
61805
17548
24897
39963
45037
17726
17475
1859
58812
19050
65367
88690
65167
35477
47222
32940
14738
96967
63774
12328
4283
95532
59142
77030
6761
42101
72180
83183
12463
61115
21502
72183
38101
39431
94783
61209
6439
18502
60912
24271
19946
33429
29281
9477
74300
19360
84417
41478
98938
94013
23665
29763
24057
20412
60910
82638
52068
88678
56445
41051
33323
46708
92010
52529
26198
1307
80509
77221
3886
9859
8849
35028
98489
55756
62426
57417
71172
49865
62900
29287
17794
57287
97023
2239
40044
94077
91501
11346
92023
73739
89167
83500
43027
30077
97707
7119
48527
76222
19313
88577
58416
60538
38046
21594
26983
98171
3947
47289
66128
76316
96052
83296
6847
80042
23147
24588
47067
38920
14701
84225
20417
36005
14020
36255
28421
64642
98238
35825
89441
76882
17803
5331
5281
59198
3533
78969
89158
21420
663
48340
20392
23846
78947
19854
74121
3446
16293
39314
40514
94051
66233
50477
36705
80466
42849
44920
46784
82754
93395
44948
27691
85222
73628
19604
76130
70343
24158
19861
2376
44719
76316
97679
30000
97197
33403
85458
46204
27642
74896
40425
6875
50500
22668
71718
23797
43096
89313
30193
36278
1551
73383
13137
85381
53527
96946
21630
27460
8655
71174
86932
25863
76095
84821
42923
87729
5542
43343
41853
97057
77187
47959
25616
22680
77804
3141
93563
56315
63643
13363
89797
74881
81957
5653
6930
72738
67319
87191
71124
42604
26742
36043
53693
87988
67101
24143
56299
83211
77648
91014
15081
72859
3880
13651
27974
54363
58281
1381
19042
42653
55093
27077
76600
76601
84276
83385
5521
3706
88539
21810
58467
21093
7078
60403
60890
52526
80242
85111
14934
91916
88117
37727
53456
5636
34133
52132
61526
40596
76467
35517
25485
23812
94384
51998
3635
91255
78906
27352
2856
2161
30806
42570
52934
40568
11602
98671
11723
27791
72059
55104
99273
31552
78218
66883
68312
79854
65241
66379
97545
91157
18751
50273
10657
6092
99384
84986
12512
88120
88040
30972
38891
20640
93043
18758
62208
90413
24532
