74271
36948
60923
7219
34129
87882
88902
23142
42342
29605
58151
6330
86604
223
48838
92600
78258
34247
79660
3522
4098
74588
53905
51442
63571
5812
82466
65145
60611
63400
24778
36585
65105
78564
74008
9961
24213
32281
32871
53315
47050
40686
83134
85575
15029
94551
67684
35292
37975
24081
16865
52260
1397
79017
99133
74884
37835
72309
53372
88815
72117
33883
64979
68797
35150
49851
20175
68942
76576
65556
67027
89621
17133
55292
64488
19749
11989
2139
62308
77893
5261
20161
39167
58653
48901
57804
76298
94385
72405
75266
56571
63259
64649
17039
66296
2668
40018
71192
83887
37852
57713
55046
23658
12341
10006
71523
49520
62667
19811
59482
77553
85358
61929
11637
80412
47055
26995
95016
76629
54551
4919
71487
48025
25958
72776
3590
51520
77092
47949
63824
55141
24536
74831
49739
34951
14994
10957
63128
62112
81859
62937
43428
66954
60283
48063
67022
98773
13335
13150
7890
4380
11858
3530
32787
37283
96659
89698
1977
29818
32384
69798
63483
25217
11087
48050
45193
44318
38325
17271
66422
12786
98078
33542
27178
75719
67174
59813
52595
31746
37185
59398
73801
30906
31250
98408
89729
33268
19950
97442
50543
54287
81999
16042
7807
9984
97684
23454
89925
16554
26681
19785
19286
34657
64010
85260
18369
20975
22615
80997
68668
74696
80203
31073
25593
39668
76297
85402
6483
67038
63815
6299
65191
23933
33259
74185
92984
25856
49715
38924
79303
97129
86749
34193
74800
25379
34684
14013
10769
90990
15585
39616
5769
63534
77619
4591
70551
19796
1936
37249
29897
70308
33603
46675
40460
89986
52328
50562
74987
66482
28648
76670
53243
22572
56581
25766
41588
57071
69365
88142
52356
15010
66640
84284
7941
68884
89093
42982
72226
59605
50275
42708
66491
78738
3138
47627
47883
40446
49875
25602
81521
72400
80746
48396
66662
55275
80561
52410
35430
55060
72639
10841
6560
62305
20366
89367
45483
14831
66181
76987
75171
52741
97872
86151
96647
94296
84870
56179
68677
16903
87583
57581
27816
86757
74192
9598
17821
22378
1078
30799
20378
79757
25793
98826
10344
45740
29607
93008
36178
26025
90319
34282
71127
862
94039
62062
45275
7300
99285
24266
25250
65655
31564
80478
50557
78896
58673
82065
16213
90380
63580
47487
92661
8246
91166
69208
45866
42932
42095
70031
78280
2918
51322
50073
60674
21178
32919
53952
36469
14024
99900
67408
96002
49379
92448
21749
34291
9907
7844
40973
21390
93591
22968
22643
60745
16696
899
20503
83238
26652
32301
72463
43712
39782
99237
19946
34148
4449
74048
78382
27393
84870
60174
18716
53421
28473
35254
6479
3030
34629
90416
78547
188
63139
38608
69442
71921
37742
20583
40269
79431
52570
19595
33647
98604
78149
2479
68268
48941
19666
29733
3071
26085
1380
6518
55885
35456
95139
42465
98111
3478
64064
95416
8134
8511
51733
47720
98805
57771
34153
87647
33888
38516
24160
53879
18219
7690
53248
17196
14207
71916
51009
79356
95409
81074
66215
48206
71099
16149
11588
55400
83196
20879
12411
91234
25194
29633
22562
92913
28618
69729
90324
21234
82262
27114
88735
12621
25626
82398
22059
43195
50263
50436
51342
71666
53619
48352
33760
85952
44603
14940
94208
159
74850
56545
26707
52595
29970
91263
12549
6083
46021
49411
23982
55324
912
38133
80820
94970
8249
37586
85599
18833
26189
50964
26443
23419
88990
97955
80987
3245
39390
3868
18424
44157
30721
22469
29198
25932
24110
10502
14092
49248
93979
46757
19017
11139
13912
23154
34655
28750
94371
40833
56267
52935
47965
27966
21258
81965
46108
10383
16969
94317
34585
56473
14694
68725
25201
39341
92971
17195
94440
94310
16403
83258
72089
68273
26809
68045
445
88427
46991
57703
81635
88273
62977
15573
34735
83246
76289
42734
17297
13178
76426
45606
80080
52330
76224
47932
69652
4835
60611
54727
67757
50328
34892
19185
45332
79825
74222
3933
99676
94665
81769
47986
73778
44736
54247
93919
37323
72411
70093
7872
4022
7240
84720
41484
9351
68588
30232
3419
64074
62302
80470
9720
69552
16459
18803
23053
41716
413
44793
21765
3052
9628
23533
7557
21260
5317
68022
12226
74830
25028
30693
42312
14896
57129
42272
47891
83367
884
61073
29173
94753
60134
44246
18914
90732
87942
98900
53626
62536
4319
89800
20701
22550
99257
57589
71636
51458
28712
56154
55131
60179
2355
84611
6990
83351
36670
97962
95740
49758
51306
69700
11489
89437
12997
40608
76892
73582
46622
49176
77289
55905
64509
69902
12631
84258
69211
84095
39258
96293
46600
79851
9064
40750
64784
83969
28628
48817
43220
86704
81500
33254
88003
25166
51170
86194
12658
44533
51222
64258
58033
23567
77204
25477
89817
9602
82157
62998
76830
34883
