64984
44195
70202
51525
55547
48507
29375
93390
49709
31193
48494
14305
21815
39894
79705
51533
93972
31057
69589
46541
97285
18529
17211
58781
1485
66207
4246
65023
11852
1061
34834
47921
82211
74811
13142
84068
92422
77816
16333
9216
96415
84967
99467
81825
79636
92618
75610
28355
46028
73177
49411
22327
48235
65950
79496
53825
6995
63019
25584
82339
24755
53851
46343
60370
14874
87200
19331
4
75851
85323
73422
61890
60407
21059
28194
49518
33188
82734
72036
71831
17555
52153
18090
36455
77143
6202
34439
94864
23573
89068
8236
32246
41804
77558
68544
90234
16167
18527
83299
66084
36944
97591
63978
49181
53418
76586
39719
43195
52657
87847
91011
72741
27116
27967
24707
50667
41373
37498
7490
89630
67149
32153
80623
87885
34567
46137
99400
53126
54981
33183
91940
75848
43366
25645
12877
28778
62454
31788
52740
75216
10559
70359
93894
30269
13125
83923
39322
60346
8584
66003
80243
95709
30253
57082
46259
57843
46090
8751
84848
87397
29175
40759
18174
45693
39581
16211
61414
55379
27749
74387
89980
45111
61788
35435
34864
37156
67193
70228
83272
3397
93910
93230
64424
42702
70970
60033
40182
22766
23749
43577
70335
81735
68887
45604
37888
71576
34612
2664
81306
61551
57198
98699
84622
1332
90245
1348
60442
11946
78586
49102
34689
96053
3017
21535
32134
59076
57858
89906
5465
57449
14954
26922
76292
99106
18216
60513
3998
1632
33617
91179
99348
80296
95236
78551
57030
82633
73383
7753
533
72626
91520
31048
5435
46665
80136
98935
50621
65015
78299
21861
5571
29284
62581
58192
1471
25559
67185
37015
91734
20769
55878
15356
82010
992
82511
23837
25869
72257
89624
65518
21897
16588
94867
79053
7829
