73753
28142
76707
75981
65992
92025
3977
51179
42464
67137
42683
56001
87519
81795
77534
72665
40602
83278
10634
24680
97355
88533
19388
49741
65364
44533
42120
85812
89044
13463
68907
75946
76928
89939
60436
15158
63913
53643
54373
16901
56658
25471
80069
68355
4281
58063
35135
92111
65122
72230
26969
61787
15517
97503
72734
94338
84163
75934
84260
18976
19734
57942
6614
60186
19418
61076
73599
42698
2622
79991
65586
68761
27295
38690
43814
59821
77164
52951
29296
64223
63535
94798
16883
48672
10970
72748
30767
88128
10473
21283
4110
89172
56980
38166
32887
17928
5434
34431
73419
12253
34599
96548
23192
86424
72134
21072
44114
6093
1740
43628
27517
71134
17359
47168
22842
98355
906
28667
88085
94450
60585
28789
47250
15195
81169
67995
63848
56562
16074
51851
27789
46049
28725
71666
45434
86135
21713
29642
76627
27423
94948
43439
66668
54715
60235
46952
6410
35748
2370
45623
57995
98650
47895
51712
94084
11229
29045
44482
86918
75472
8713
50384
74064
45840
12918
16708
15646
59565
86552
35892
25975
49784
91529
72977
77457
71382
70953
66401
65986
95609
50506
22532
93895
47709
18778
99263
49411
25580
15339
95523
94492
71889
6432
14760
61762
97926
83125
37314
15786
9566
83046
5852
62734
29689
75217
32865
53055
69062
83147
99755
17601
16477
24788
3340
40756
61163
32367
81492
87598
11918
3392
21833
48583
19450
87774
64204
42989
1605
89705
15218
63229
61353
24420
25916
67581
4344
9523
52819
9298
68236
4699
87112
40112
39819
18609
54732
61545
46566
6830
98909
14797
99131
38083
47155
16082
80452
17262
26021
30098
43079
17095
9152
23082
24393
69885
18510
88949
16716
45216
20262
34901
72288
696
6695
33966
49909
1171
86152
1244
12205
29676
50726
29258
21113
40407
94263
18243
99242
96714
22542
59254
43865
25828
88574
21986
4748
97516
88693
8599
30740
30078
3576
13075
54761
47280
7847
95550
60696
80623
82071
15143
6941
68215
60345
90203
83739
63340
26547
60014
21952
38455
4621
78834
15139
38466
78338
91580
30871
36794
79940
9676
33173
18049
42963
53196
45285
83846
49785
15760
79738
9334
81515
84704
73522
39639
201
91828
99088
8075
20504
2972
51801
93366
42229
29407
32954
41052
48877
51754
6463
27935
94532
38900
72275
85073
69635
25052
42529
71185
75921
60911
6731
30610
46342
48471
24821
64867
87674
80699
70304
58687
27505
59635
53327
44501
7541
49806
69753
99665
15860
56306
13233
6996
91155
90781
7909
26115
98794
82723
