49923
33784
86522
24828
82104
71124
46182
65820
98798
48533
69168
75241
32941
33246
57527
19238
28161
92250
90216
10249
56312
6902
3860
77893
99020
79316
17240
47577
7198
72165
44102
96114
29731
77274
98615
72878
20494
35410
14602
7854
97042
29577
94881
11114
87404
47775
38093
10105
38062
87745
79932
66119
35525
49625
23592
3759
76931
44449
34283
81791
7945
30728
27000
87360
17296
92870
9555
98676
91258
14794
33342
57744
79939
94806
45607
90137
78388
29061
13350
75552
67391
12941
95890
63638
30698
35062
69225
35802
4984
72423
68683
26632
86834
70880
40261
43254
47671
89234
4811
61778
75890
44976
93742
63198
37155
46986
65966
61450
60488
95457
84402
4632
49776
63509
69914
14517
93579
37419
85303
43085
1772
95408
70427
35361
98288
69324
92879
61408
60609
23519
73980
49666
13355
63105
67474
94123
69049
77447
5219
18478
60926
56765
20942
71813
27695
52863
41576
40844
43354
24298
66511
21775
62240
35625
33544
67783
93765
47585
36697
49022
92007
4653
9547
63554
17650
40028
30544
37943
93380
78915
82044
73549
92479
42394
93573
25043
86818
8504
27989
3749
23053
40535
51362
23949
11460
8477
68689
24500
66874
15432
60161
97560
32296
82159
8095
63333
10551
38455
95474
84852
61398
84733
66884
84499
26306
8166
46581
66745
42544
16427
78281
31484
37941
58379
41925
15041
90159
57392
56913
10046
42030
73291
61875
6698
73736
46026
34056
70931
4684
31415
82191
33898
6013
69596
67864
56614
85555
73963
56665
41105
37733
61430
14116
40718
35217
71611
23426
8694
21037
66632
40474
27392
72209
84649
51548
40968
24190
46875
7108
71467
4761
31186
25585
92268
93596
14761
89902
28887
86501
67999
27112
55427
27257
96059
5029
24527
18584
42490
5859
69628
99110
83829
68098
94539
57420
27922
69829
83774
38989
72865
96037
31646
53963
22070
32671
80115
55286
71036
66484
55520
98513
48556
51936
59614
235
64575
71191
65645
62730
68389
79184
3057
84168
63121
41526
13386
73935
91522
55743
46619
8137
58896
39397
32541
4891
137
5809
42067
93391
77060
3146
86854
13056
30203
14665
81821
12171
63190
8851
55949
98997
88783
34227
44242
49076
123
68289
88582
51906
58340
96985
72612
51295
97027
80118
93653
69274
43772
58467
23508
86489
64645
54456
11217
29149
98376
44700
54856
40874
48118
93408
58448
99631
45046
74036
90183
51356
19245
46316
18235
63764
51292
43295
33739
36432
98524
36857
37964
48105
76547
91031
7315
54406
79932
71984
96792
24692
90138
6250
43048
94982
7614
78587
73334
88837
25688
29692
22179
51671
13910
90909
59507
8140
18230
79986
78733
15001
21671
22985
6119
38354
94832
83871
69504
16339
10878
19664
95861
81220
15129
71882
83364
56735
16947
32869
11761
60318
29787
26121
11202
73128
15863
3354
78957
79515
58152
27580
24850
44235
29810
8923
74344
65086
65252
61196
88783
21076
21295
5452
30307
59499
71461
2835
61957
75233
8136
52755
21694
9044
2132
37687
88539
26156
88248
33168
49633
52773
27029
71698
85933
30473
56431
12267
68086
89689
47891
87539
23680
74271
35558
12964
87277
23730
21695
23644
72725
43855
54494
50161
34712
90198
3874
12287
3156
56473
5230
13229
47246
39602
70827
51748
8086
11091
11189
52607
41376
89997
23512
63449
54638
74953
93158
49056
55429
62639
38935
70011
44179
99438
91285
80458
13351
94372
50002
65940
20129
2458
18061
53842
99438
4008
74055
3165
5348
82808
15471
19379
4374
21947
57960
12163
26972
6802
20875
39314
28291
71487
37401
76567
14109
31903
73273
61892
89589
72858
78200
72401
9109
93957
82593
86814
42135
48085
43937
32339
14530
11773
71492
35002
71169
92525
11832
60214
80010
78293
26853
15746
34036
25168
83591
68327
32146
56840
86228
80793
35650
52771
94636
97332
8820
39983
73006
74509
36305
64965
36278
13232
93533
54081
20701
8627
93532
35720
33050
58543
319
63782
54800
91875
83696
34413
65266
96001
32885
89713
59095
75004
56233
73257
99151
81888
44343
51161
30366
42682
40326
43635
55454
93050
46441
9143
62320
80382
29839
94423
10569
32279
92347
24340
71571
58573
7822
71116
8597
97274
35034
8537
87519
82225
12110
30956
66360
85476
53391
12134
34912
49834
27498
42355
33264
47627
43586
26199
22552
26679
92308
63806
53250
51666
32934
8873
37919
92824
35455
74973
22200
5435
45550
35999
25174
92979
45683
76614
18003
67351
29546
68843
9144
84641
12997
40658
18731
9453
81984
58887
78628
56990
9241
17397
94668
38669
93476
2270
60521
38445
36681
75207
58334
94612
92575
55879
23974
18266
98016
2169
53844
21829
73084
87564
38789
12244
90729
24232
54995
75183
58732
72455
18229
68118
27982
90654
70478
88026
98308
4601
32259
66730
94667
12139
19833
26910
74169
17340
30726
8069
10602
83585
64065
98888
58299
95036
8930
83267
29097
26762
78543
23530
63658
60039
37263
70107
54409
23272
28253
39064
29123
55098
2223
76134
47782
51112
7842
7837
16702
11774
90042
92716
31341
39200
23462
15379
80455
55558
27265
31379
72311
93914
54557
7684
41567
99270
77383
26262
69085
75559
78144
17335
42363
67520
73153
48404
2291
18296
96356
5060
44931
39655
60542
4271
81206
83661
49720
27034
58028
52965
61663
34306
61111
63079
29439
68811
70332
34076
8985
13674
25504
45313
48335
38588
38270
89878
25215
77848
54448
87150
73749
62762
10022
49118
2787
54522
18935
40455
6618
24961
18229
79647
83147
97294
62122
54165
25186
1320
99990
70336
97303
10699
20149
38866
98889
66330
79113
11111
50031
54837
22679
55727
74505
57629
41888
87097
95189
91049
1171
90585
17401
62622
54977
63367
69638
71890
17268
15673
21768
53167
46087
64412
44354
29881
987
94701
83010
9714
63642
94497
65343
86010
22352
57122
18228
52872
92374
71486
20019
57446
65812
61691
3790
97333
12902
50093
96743
6415
27696
74077
74752
9068
14535
89897
55385
36208
25054
68534
18638
50163
71840
79157
44403
56784
44379
55061
75484
11673
93538
35761
27981
59134
41497
14269
22494
44384
39824
8649
70678
49655
24603
87346
80556
53700
1922
7372
1983
30783
61929
7376
71240
95519
37864
56530
75247
43461
30968
62524
1210
47428
2500
