74996
12335
6328
64136
94698
32639
45665
63349
68112
28678
86583
47907
51690
34490
62863
11350
59656
10148
54800
92076
64217
53471
52574
88119
60137
98760
5916
32920
77841
29259
48150
37696
32846
25124
43661
91223
38169
97419
73301
22437
96501
45844
74538
26869
71910
57919
16286
23462
12942
19585
60060
3613
27661
88421
44218
56084
74785
78201
76722
31122
63654
3327
27604
29502
21417
45147
71887
58480
43271
41270
10969
58430
8690
59311
1786
30176
62073
30453
9752
1249
99175
77580
37066
49524
30655
14884
54036
62978
40901
4170
97630
13978
30791
91123
54262
50535
16704
39758
3401
59545
34888
48458
12032
23405
61249
79858
21714
43057
45548
10505
67138
59762
84610
93893
2244
28921
63505
96661
33975
3321
18048
37236
6995
68872
89544
23997
3323
57191
84024
40334
69911
65051
82682
82861
95415
81208
26444
40500
70211
6568
84900
67743
17813
78746
40669
8562
97969
15753
55431
7799
77743
90524
84767
32779
95270
51415
2200
74281
95360
64678
12304
87991
16425
54207
34401
71532
96439
3178
18480
85624
37409
9097
88170
27989
469
95569
66345
31091
41201
45666
92081
56486
31377
37080
89714
72760
39981
43125
76388
10745
84627
84244
48956
81892
16477
34953
44621
20947
55954
90457
65682
89146
21412
73567
966
41081
37435
45564
66461
78962
76219
78524
13622
43476
76051
55205
6314
30444
55265
11080
27915
53299
78185
4664
93456
64807
82635
92560
1641
84697
57179
77805
24846
74156
993
92190
83468
7410
39009
9587
30446
97272
696
12799
20286
46500
2409
91320
67516
2301
76270
33992
96250
14383
33235
64135
81034
93971
9892
51948
63069
69732
56091
85886
36024
47633
44936
14248
60355
54159
21476
41476
71622
13976
85532
94941
13121
30956
70495
76889
39682
16999
95846
25971
81170
86586
5554
45884
47733
33869
21544
91128
36087
4416
21469
18617
91425
21628
95762
14845
91817
24571
52169
81911
30601
1386
97637
31968
68179
45838
71921
42852
1605
74985
32100
96301
78050
49078
29375
90773
63473
56774
75891
56942
1862
8173
67343
94817
32665
87965
76755
71731
36369
40959
85469
26426
27213
52013
52203
57713
55059
47273
96873
89714
77228
21750
42643
73883
14284
66530
37310
44936
24278
39183
37939
27485
35967
89716
6355
18551
81214
15537
27219
54517
42076
47299
33431
59612
71023
47165
72084
70568
95911
15640
66336
68958
38613
48009
66622
84013
63394
37288
88807
28767
74604
22336
87116
17152
71499
46281
14900
15674
37004
4623
7406
72759
29057
55834
78040
72758
1391
82908
88787
90407
22484
84080
90773
71519
77621
38161
49278
86586
98220
29207
67745
49371
52261
16888
31759
68746
81091
44028
58226
68781
65749
3491
71534
30640
49622
64861
78430
36789
4532
82552
2574
61624
90462
47124
84523
25956
32703
30116
52271
88417
79695
92791
86707
37186
77234
22110
4314
3169
68388
53922
38540
16867
78091
28714
78823
28026
19872
90735
38359
78484
38671
32549
44140
46773
86826
36944
94633
42694
30368
83670
90571
73148
60330
41794
13802
77096
8954
87730
23066
56451
42169
14699
43031
97579
58513
780
22454
80538
54713
29571
95054
20319
90398
73614
85428
41893
74574
32506
18413
71293
89828
89918
94412
29575
63084
12542
89661
89886
64638
44620
9898
64059
2421
89292
81636
16729
60682
47647
78347
31473
55681
6366
5180
70771
6731
35860
81892
8519
87332
45129
65495
38226
52755
30715
19499
12827
77831
56056
98517
11870
92643
6668
79806
51525
51007
56590
78290
76313
44711
34865
62617
72771
29900
18013
48498
90039
34069
79235
61840
20428
30640
53583
36134
90284
59622
38033
97797
11854
35057
82373
95200
74924
2581
84267
27061
9203
