89647
48950
73831
34776
65589
24654
43871
20779
31326
76878
39879
36191
45331
63294
53259
89935
84732
36981
18069
85053
43608
2795
89382
99181
78005
90504
50337
91556
24245
72628
25379
29288
31862
96463
97589
25852
89155
73213
54198
70677
27310
84220
34149
34427
3235
73448
94996
43218
39545
13709
8945
37497
89456
34488
23561
81196
11968
52647
10839
66625
24970
66409
97744
34270
66105
97506
30335
25610
14892
86771
4401
80485
72815
70145
96094
93371
33059
17514
61643
96891
85606
26382
92169
28180
4825
4241
82336
75662
4150
58597
2226
12717
34326
3749
13749
81568
63316
26538
11045
31693
46753
58013
87237
45988
91243
67317
63790
86292
58252
8711
15279
87623
29288
29482
95822
18008
50348
74637
87725
47929
27915
53274
44109
11167
79910
6673
60068
37310
61390
43017
72693
12246
10771
31969
86908
15764
35456
92620
13604
44317
9866
19566
34348
69179
49847
54149
63546
87836
9581
29504
62341
29933
80996
48289
76604
35064
97862
6260
13737
81526
57451
54504
13673
1103
49951
97624
5071
29854
40821
54216
81321
12042
95108
29320
78340
9363
63650
25449
8227
76503
39820
31644
30918
22207
28360
30665
75433
67608
48315
6246
78175
38792
68419
90049
5871
70453
58752
16394
30482
1847
50141
92776
38463
29545
58700
36172
20141
2426
74320
47627
39632
73311
90746
16632
38297
45624
86311
89213
52391
2022
92672
83672
31762
9140
13381
897
80882
46876
23587
24278
31768
19038
67005
10831
46034
64424
48483
24779
50123
99172
