90372
31075
73273
67874
23918
82006
24494
66401
59617
50155
38894
73057
27915
58723
33870
39154
37995
72503
21348
94479
54892
37104
99357
44743
80394
33139
59468
41101
65702
13933
73854
16633
52118
15049
34187
73615
12777
40155
64054
22987
33355
89858
1349
86330
99491
94311
26143
68881
47351
12495
2358
40856
42767
67680
63439
89544
11617
50005
16252
37108
62395
42165
54581
22357
39734
91661
95973
65570
2611
87505
46301
58103
10760
41593
30209
16301
70998
29568
31397
84029
25629
34494
29654
81144
46596
22104
96959
33561
52380
20736
3959
44229
43566
1959
30374
78228
30125
96652
71225
35556
78694
70149
52465
46903
82637
28550
30776
38012
43270
21051
96251
27640
31940
8427
42626
95117
82964
36118
24125
61984
38917
61704
23475
36736
3175
67567
66543
46985
60665
70907
89005
51721
41151
3575
86459
68437
82459
47020
47621
36710
72474
27393
92210
29465
947
21379
10864
97078
29626
10248
46728
38882
65145
60805
25535
63792
11107
77733
8749
40713
45808
70765
12664
43723
34841
54991
98076
8980
22138
59536
85466
76393
92982
91629
56045
23486
27084
86339
46850
79862
92075
54619
61835
29327
91327
80952
11002
19808
9004
24586
8829
97905
29340
3137
32802
89006
72845
74796
57902
29028
60487
75199
25143
71379
25639
2066
37851
48939
88033
14531
19678
24657
96380
7799
87434
60612
75277
33372
67662
66680
52845
44572
166
1419
64578
29341
17717
61395
30598
46310
13604
35073
63740
49681
68543
71071
59048
94459
24314
38779
37272
13550
31604
59861
51332
10097
672
7640
6300
92380
73057
30588
78879
73089
68175
78009
47064
87087
26777
34613
34728
65316
25434
55058
39515
16614
33717
63216
42865
10296
43258
23577
47932
69712
17676
78773
86334
70064
36313
97138
46445
75916
76960
27186
3439
98109
60869
93424
26676
41627
4010
6545
8601
51966
60560
5210
72235
19508
64594
92850
76662
12546
67756
39703
72346
84963
27778
48299
37125
40867
40820
49792
36161
43915
66052
9277
22605
19746
69312
87123
19803
21126
65687
70032
90763
5690
41811
97036
24417
61082
69083
43175
14235
49194
85713
36521
85729
91897
63755
93560
17558
88517
55809
54343
11519
96067
40714
68854
96937
68098
84903
21248
2209
25650
94028
78336
56237
45682
49841
53538
92666
79177
78678
93563
54417
52575
3511
21273
25547
62458
92632
14350
75430
10820
49586
60712
50411
39548
66251
48426
67147
99522
7505
40371
1110
66588
5277
91191
92772
70961
2968
87236
32919
49443
57550
9798
71558
40202
53613
46976
98485
79092
57714
74363
72075
21837
4396
94343
62689
73485
25819
30940
93090
6832
33476
17208
7836
95718
80044
58809
76522
62719
78248
68621
71757
79213
83089
28094
64437
55638
85342
91838
63647
87381
55812
9971
82120
38695
25852
78378
58832
61230
55310
60102
99317
58418
5597
80017
94800
50984
58816
83362
11370
97623
93303
83869
34855
98554
46118
75533
35299
48901
48614
37779
38174
71285
53252
76591
28174
9582
55130
43366
32880
93258
34778
92772
68547
36715
58554
85220
44026
30536
1238
9677
45190
94325
74936
10472
9377
95677
86795
12533
39367
30277
48954
48542
20809
25114
90545
46473
48965
28641
55237
39229
1513
32863
15863
14644
22214
40190
60967
44320
73478
6092
92167
93992
68847
66833
23367
28706
59051
39485
13824
38439
34941
36574
91389
26355
31593
74041
62782
48494
16456
68401
80238
16758
55970
63955
58919
21611
17192
50891
4900
52831
8056
1901
57464
65861
96875
27314
63684
3080
73068
7349
25591
97094
10727
92450
49767
13264
25840
83589
41130
51486
3904
22882
67919
74375
77435
7628
10248
44477
8612
53054
53027
1677
91131
81078
36238
43104
23035
50611
86617
27031
782
59276
13213
75512
94985
51798
35707
16497
60560
3296
98093
98449
78772
77983
19243
5433
17444
83804
46463
80355
78535
94177
80788
64152
76154
86654
53185
60448
16439
92211
38000
56061
84546
14698
33024
26514
17107
16587
79543
41217
8169
1030
14596
15451
82992
99783
96233
41450
23872
10808
53927
29161
92919
32115
38592
90665
56445
49485
65291
11441
87527
9225
54722
91885
57241
19096
35482
33349
79993
187
49937
60668
14382
20876
65967
80230
85412
70426
15391
79621
42343
47065
5800
86246
89183
50654
24886
44433
57554
76601
86042
58309
70085
75178
80827
19003
71733
72975
56349
27119
78960
32859
46023
84579
75881
92280
99419
74439
52027
85248
18968
88058
34656
47069
71717
10649
72767
47930
43837
40596
72017
43131
88302
35347
62931
51805
54068
88777
30968
60973
43576
62014
43911
84870
54649
53039
96066
21480
1584
21294
89535
56139
7151
85363
47723
55180
77075
61531
28005
69407
89121
5348
87982
61951
74499
72114
81093
89984
8654
56551
21727
52880
34187
62514
39579
89568
14705
45938
61647
61774
99639
72307
31085
34962
85963
27633
10268
82515
75607
82571
23659
30920
54409
27435
93205
45535
85130
33991
66617
99167
35925
68871
70996
92595
94274
2241
78948
28958
78876
23557
18127
54166
33839
16346
21670
8054
71483
70082
27972
23810
61064
69327
40658
25911
82223
74306
24516
39290
30147
67974
7888
81191
25931
18279
14850
88130
54900
82386
22162
70780
56927
38091
76948
25607
63554
25185
84612
27348
26290
41674
92820
76601
84498
19056
64715
29370
19126
40252
94535
850
99099
5679
52349
3949
79658
66958
33245
35400
48758
56356
42460
3956
90736
56477
88464
64993
7604
293
37289
95113
8762
65811
56748
37678
32569
75346
7581
24014
97744
24627
98398
16186
27507
3096
35279
23096
75187
19381
37697
57235
23179
60967
36762
47435
18033
73734
667
19958
35846
43711
32167
26120
91531
13433
75206
48654
8672
59911
97397
97457
9544
13232
82290
47
93658
57714
73394
848
53460
69378
91035
77438
54065
50254
1973
71578
67628
81673
26795
31266
82513
56129
37630
24254
34201
9860
25604
17970
22800
88095
57251
83348
79582
95567
32715
26369
