10098
15504
71751
78389
34377
66972
58247
28425
21726
34863
21044
83503
81112
6107
48763
44527
47181
53518
43121
12172
82657
69640
97508
53604
87456
29515
53611
21399
46145
36458
34947
44306
35348
84738
42390
21615
79775
27044
25057
19285
14887
99559
26214
68138
50935
31711
46295
56393
71975
45947
4824
79840
21203
47145
41310
83798
43692
18195
98368
21697
54363
45388
19183
10395
8290
27622
35610
80004
82753
79307
63777
62551
69119
39322
71174
91117
45966
22698
79182
60289
43308
55595
64421
93713
83878
97399
27951
59692
4930
58393
80867
90023
71766
37649
47224
77799
23571
48869
17003
67752
68862
31748
72268
64380
99098
84260
7114
61063
62516
76476
98163
64877
60256
86235
1064
82072
44241
38131
57682
29804
12235
30200
65815
9790
48191
23200
22479
90813
41796
47333
98135
97718
90760
51188
99503
86011
39033
16762
15412
19762
32461
61095
90917
89705
18169
66129
117
81387
32442
37089
44870
9408
15493
81992
86870
76616
44142
77256
200
68554
45165
64531
32607
13038
32868
96790
2219
5684
36689
20924
60412
10103
99382
49072
25064
41977
80179
21950
871
47011
86516
31341
36915
14427
78628
54615
87525
91185
94353
43813
39361
24230
25078
71988
57387
82326
15464
96630
99940
30271
59966
24428
61615
35520
67225
14835
37565
33151
51313
593
67844
12887
90591
19376
47386
90084
91127
13633
22502
89802
51390
82220
27723
24755
51973
90429
90655
84710
76339
91025
14001
16203
22113
40595
59742
52419
72474
34345
24071
58113
73997
25239
90417
82105
97270
61318
40958
65428
10765
24224
32484
