79564
85784
17138
32067
37035
32399
23919
95465
30029
80874
246
49974
83008
75684
71570
44752
25243
47677
78332
83609
75009
32450
80315
12699
37926
4636
28988
83772
2499
4232
37341
67137
33271
68658
96559
9143
71654
52347
64748
80570
88779
63005
97757
38402
462
73321
72402
27080
17869
27971
93383
28989
271
63081
73617
47009
60133
30611
66936
50699
73547
65094
4825
6108
54097
87531
92210
23581
23992
32859
43561
15942
38006
46812
44120
11772
56495
82295
80251
27139
23252
90622
33114
37721
59082
57220
67356
19515
87795
21247
88963
45329
29776
29526
34580
69676
8009
3457
11777
37572
48010
73586
13181
25448
98313
91818
36755
30197
8274
57128
13421
73297
71028
24768
74483
1819
78888
29014
21834
53963
25372
15309
94441
13910
92258
23467
98941
43648
75781
5398
20789
90065
65758
53706
15761
90272
59199
26277
27779
78223
58705
22256
43735
32047
4713
14300
37410
31156
27424
1589
5866
23
2810
26342
21405
42586
24006
57091
6420
12907
31205
54378
99978
77665
73726
67758
79474
68463
17845
12557
51739
56335
93382
23992
26548
84644
71373
28404
76589
97331
79701
87875
65602
37367
9414
17831
83263
57622
31604
61816
9470
60308
71478
92899
2305
44123
53463
18830
65164
71908
18383
53151
83179
41802
45886
87732
57736
42544
