78625
13033
53563
11226
77932
58034
52996
85595
52611
6040
20969
12486
60164
43937
25228
99299
68780
41981
62692
24850
47785
95353
51499
18042
28303
85140
632
21816
49927
97996
61996
37574
85381
53369
53035
33963
8591
33
70095
41334
80685
22235
97494
34531
47458
3138
48444
67275
50081
87085
93227
18961
79153
86336
99013
55131
54542
55688
22095
41301
31108
20368
11722
9481
52557
92014
33152
75878
45096
10706
32192
33841
44679
1616
74884
30824
40757
82125
30025
19224
90247
22410
41783
21429
51955
79016
75756
97819
95861
76095
84188
1514
59257
746
42473
28054
91147
57031
92882
8960
97365
57018
78047
96679
31268
10895
17378
67013
56554
74420
31038
47019
24526
95007
32287
42585
2643
24697
81696
27373
43031
5277
91698
16418
34184
23497
10550
21473
97936
47983
28205
39657
91138
11792
93532
38755
43405
82288
64842
70917
67173
35775
47432
65560
39170
18104
62556
38072
66159
7424
73968
44988
84507
70477
65763
52221
60825
47825
63600
87157
98436
57034
36214
33694
84033
2797
10238
73693
17308
84835
81579
61578
7555
82872
86162
72796
41600
44976
86429
67443
75104
30167
1534
87883
6701
32149
17768
21060
43785
72793
98993
13795
44372
38528
30431
50669
76533
44704
13279
83618
17407
62507
19150
51851
37811
67034
5779
27293
603
41475
57641
48026
47744
8207
31006
4161
34696
20844
12511
75081
46083
92508
27771
30423
7035
42428
73590
82601
26168
90839
80893
22320
32492
79909
83508
68754
18874
19402
92166
87814
46069
67552
10818
15525
34564
7169
85906
69788
81840
38385
16044
45408
43827
76772
70420
10284
40278
38427
21658
95082
86270
84692
65394
42086
12308
63003
66665
4537
58322
85673
54551
11711
33132
37883
88410
61461
38270
81544
63780
9299
83789
96596
26006
69655
54874
34305
41793
1508
44383
28554
94238
99015
93467
39781
86118
36307
88509
15098
49603
58993
71209
71831
23537
86486
27238
82752
71143
56710
90641
51165
9816
74847
18875
22179
48618
1019
29271
40090
75644
2250
27879
53606
21473
97976
18825
81795
78774
8248
28485
33457
964
7815
49220
20701
19939
5094
12091
20085
67031
62033
57366
17974
78969
95339
9965
77749
90215
99959
57813
34783
87210
82422
23896
6234
74366
36944
99104
90234
7688
10487
60492
64531
36919
77208
95842
67147
3690
30301
53569
7496
84803
32420
70675
95553
3872
87754
32192
33787
37068
87943
10195
54731
29938
57516
45859
32079
40864
76248
57810
87771
13406
10128
20823
66887
42741
30525
22974
20862
20524
36808
22461
89505
55337
22472
80840
38566
59148
75805
18878
85753
3762
31931
52563
1805
37321
36260
10201
42450
44929
8647
34132
47107
1110
66419
77217
45675
31792
16463
95349
75777
37327
44570
61653
64505
4104
74448
10311
97553
9927
49379
92205
30924
34965
45889
38784
31342
58304
80897
96853
53696
33830
62848
57879
45311
20578
52977
59556
33048
19484
60989
15420
61317
16973
67876
58257
90898
67286
47989
22593
11688
42443
24114
72968
30334
10884
26544
15354
54180
78928
1104
55699
12126
97184
8375
58357
79739
35590
38178
38316
61254
60615
20689
7694
18664
75801
41293
99045
85964
49714
17830
71810
65224
78778
73213
57896
35434
26385
42270
19945
14538
36522
4910
30475
79082
82628
89890
23168
76278
55423
70801
8759
19356
14205
42288
14710
35407
75334
90697
96217
60812
28711
39605
31631
8284
32517
1561
39688
12212
45113
93642
81080
72966
97330
76572
12218
50154
14908
62351
99847
79530
15393
16830
65066
23690
49584
34628
74426
33691
22955
95055
41865
13926
55065
49240
50098
69214
46335
32980
74299
99371
71136
47683
77175
40103
92426
54292
64139
57745
87908
26579
2944
87701
41988
73306
14178
95608
26990
17248
77704
33387
19613
36385
3860
76540
69289
10713
62499
85400
71053
42855
36278
13692
14798
8112
43464
82067
46434
97241
82411
33241
66794
75355
44540
69539
13076
72612
58667
92470
84771
96212
82735
81431
69791
46185
15770
51883
75063
49500
15408
61845
212
79469
96481
99041
32607
17150
29668
16263
31135
68316
55951
33461
68048
44506
93560
2711
74486
48073
40907
5346
52385
1780
30371
39583
49143
19810
40332
44045
45814
82652
90040
52970
42992
48693
60498
63520
40017
48883
48574
60442
21376
55312
2392
16367
74019
5045
888
28344
75386
75860
33207
98314
4496
67435
37501
59084
99884
92994
99690
35527
88737
57382
90239
89236
42164
39025
77851
98598
78658
67811
62291
96735
75993
76766
