84367
10336
14678
97809
26280
81070
5866
99785
25139
2576
3250
26801
36271
98710
61616
54720
55726
65814
98071
17737
1987
10445
58767
62832
79203
26673
79631
14268
3425
65718
83019
53470
36580
77494
5099
1347
42791
67928
37462
1323
38015
99296
7999
45826
82881
39656
83974
2101
12417
90427
48276
47047
198
38154
39242
17897
89632
91814
73494
70796
23773
50516
96014
60506
95282
57604
17844
98737
16543
30653
79654
97223
78939
89739
92624
87165
28525
17608
34561
53783
881
8080
99966
66676
85957
30557
68162
56339
62830
50864
41496
8317
88008
6535
36399
39166
52216
72225
47986
82429
46607
368
85774
58228
9893
73211
24930
98273
16767
7913
4341
58447
84600
26724
34014
52603
71878
8127
97133
58547
75017
73586
27554
94599
67486
2782
63788
48743
5711
92181
41272
36799
72593
32936
42340
93504
61180
23418
87680
91683
68216
71080
7430
71999
47861
70091
84435
48348
69302
27573
3607
26589
69963
30405
10683
58851
73581
28433
68511
26079
98865
66726
30648
85650
70541
52292
51273
18780
24583
66233
37722
69573
70472
80731
94155
8997
14140
47565
95598
58679
91886
80766
95382
33960
43916
71755
47711
56644
92235
43520
20783
96513
41960
1046
87277
10374
52461
83164
86275
76566
640
68524
52073
70880
50449
65994
19118
14108
7924
80952
13865
23177
33871
52940
41809
71278
33556
63967
51498
6195
19553
25361
41928
72050
11405
86560
64474
86606
40743
46274
12471
1718
76790
75159
62912
22511
27938
45965
18396
86013
79605
69196
46721
24451
37990
79830
56093
20735
86951
33693
59839
80035
7506
48539
73949
16300
52556
87080
98579
66722
66189
962
78427
72212
20474
5233
51012
32764
48735
58473
32309
11663
14272
62725
88078
77863
7922
54108
65561
48044
55649
67870
55593
17651
63351
13152
41803
70772
25280
80420
66505
9332
45683
78402
61235
47606
85238
52879
19422
29629
65700
91959
2588
1327
16681
51371
74898
67628
92769
7916
52933
10803
60242
56069
19406
60712
48376
39723
8865
99393
47664
70132
75907
35545
84048
46434
94740
42932
41780
82213
2943
65185
34079
47914
69481
30817
25203
79298
19685
33487
95093
77610
46842
55432
12240
12282
20981
22849
24909
32710
44530
90043
7059
40107
63757
29154
77728
32641
88340
86293
81693
64389
53220
44766
67165
12245
94447
17835
43083
79861
76447
99966
69128
96746
61706
63248
72315
62743
89943
29812
31882
27290
57738
69549
80611
83660
21753
3055
53530
58449
24492
27445
56584
75786
99595
30684
2356
3553
20514
77154
91047
67613
30240
30659
79127
42509
22582
32914
64211
58422
65599
88162
91881
488
12286
90172
69514
78201
83338
20014
76834
284
75752
15701
88233
89494
81139
54385
17576
3928
25977
82236
99814
14882
24362
37453
63323
32196
10646
30224
61130
75548
1937
62420
68579
72585
98294
79388
35099
90177
49144
35732
40808
47513
23642
44319
40607
60538
25371
9300
99727
60146
40684
64783
82077
22791
43450
41619
63585
37167
57867
38513
71297
42427
55390
17780
17112
91687
37234
76527
39646
15780
15573
27362
61495
20512
48445
97286
31729
55692
87158
14933
78153
78916
5766
17197
34450
94406
24174
77922
97868
19007
47115
31795
71252
99327
39712
25845
75063
41644
90933
60783
53077
40992
27143
80359
56092
7347
78410
95231
92924
28397
55923
74020
7961
11868
66889
68425
84933
17399
27135
49491
73276
4072
51958
34422
10679
81258
55333
55028
27641
58582
49906
47582
94301
69363
51293
59296
49594
95955
62852
26197
78126
26117
47573
44601
93475
86055
74763
97539
76014
21659
9211
4050
81222
49937
59887
86914
11465
92685
10057
33283
75374
64694
85840
59993
73559
68049
55903
38885
15182
60808
63725
89276
11716
15184
93210
30166
95310
23263
71549
84241
94880
95238
10382
135
82842
78660
91771
38921
31306
41641
37108
62260
79717
58170
33575
76139
25560
86805
89098
18713
10784
50065
24140
18156
46953
10668
5457
27227
97161
36648
34340
44871
22003
99258
77636
92528
58931
15160
86157
97193
60259
46442
34423
29374
85573
69767
32597
48742
86391
25380
51732
29623
70284
22705
89185
76517
78355
66660
21048
52659
14774
12537
10653
42220
80033
63269
31191
14863
96432
85748
20276
78885
83911
43254
49370
32932
71168
88858
86381
59120
2420
76842
44475
75345
85918
74803
79969
97605
85577
49575
89194
34015
71111
19283
88036
67099
93235
47804
19988
38951
26807
35776
70147
27681
32497
58383
12907
23318
3747
76494
95928
4178
22585
72614
76488
90859
22527
96698
40456
29601
85679
53259
5757
54138
70943
8636
40406
79084
27010
53838
36511
27039
31702
10240
3482
29052
72054
79172
93345
97597
62907
52592
82495
43577
83985
96792
20127
77300
37227
58292
85129
10617
42166
59431
23170
12791
71282
98554
32681
51457
12081
38354
93823
28648
71978
96340
37182
95828
31807
75557
53824
89968
49945
3963
5514
76525
20556
81964
18631
33825
88928
57163
1920
78354
59867
46249
87241
6460
70577
54081
7492
25456
33988
17757
35060
43019
7825
11684
74186
4140
85590
67345
28147
52105
11029
67666
27393
83546
3978
70297
49819
84259
87362
46532
39121
97679
40377
89996
14938
63802
89009
23731
46647
79268
18050
66342
69724
13942
17652
78801
68748
6708
46131
7806
5850
32576
88286
76790
62178
94337
75525
10829
98227
52691
57812
14583
88178
65085
47906
33995
40705
14789
49268
26208
65326
91628
46836
42972
6300
92729
39641
30585
34673
