57202
64862
5080
88729
18458
15573
41402
27132
899
20916
28431
22613
49029
2570
4755
23737
43292
86799
85935
53360
99233
53352
52801
7641
28343
55405
59886
72821
64526
49741
64632
32595
17461
56158
22028
18883
65530
34207
94785
2681
64642
97789
85558
17692
50364
36964
37075
4920
92364
11919
27595
76138
6920
3252
63901
51695
19055
54971
77980
66062
66704
52600
18560
33254
86996
96255
4763
57921
45516
64487
96582
94371
32584
28591
20484
76592
44576
60173
1641
90584
99905
44127
21475
21670
2093
79150
25506
74169
15005
79852
35441
49404
5838
26642
60773
85068
92988
96573
46246
35252
66704
62224
70580
1117
89063
40125
58877
8683
45458
95278
88436
86875
58898
66679
33809
18363
16902
72571
68103
76810
95804
26629
45880
86250
59853
10572
89826
63395
39153
34260
89518
70930
80770
65090
27885
44960
22613
52218
4219
13924
23666
45941
12665
56614
90734
12515
40706
29897
69815
46723
43539
45502
25648
57899
86753
6507
70809
42996
16037
30010
71757
78539
57684
70477
74661
84380
32954
41294
13393
99960
78755
90445
60369
92581
49194
75331
51645
75268
92497
48014
44198
12874
74470
69127
84217
96016
90249
65184
8947
80078
20790
5242
9603
1348
59423
98883
74333
78721
21670
9459
82516
1234
55672
55530
64238
13833
96877
59617
59597
12927
59757
97572
35841
64338
89076
52504
7755
41389
13032
26860
30601
3691
35513
57736
40642
45789
55401
97494
27265
27775
99161
37661
46171
68373
10861
35222
60180
10266
43005
72852
86905
57794
21905
48436
46213
84114
57279
55390
15503
52770
86099
15910
94538
44419
30502
33827
20037
59332
59760
50223
69466
74704
3700
97372
77580
38749
43302
61361
70530
52269
61099
60199
27972
14284
66422
22087
17582
94909
86997
16302
78272
67636
15423
7593
26223
13265
48216
50124
16745
32213
85439
27196
68477
48599
85860
94621
42689
55885
38538
94720
99844
14530
7216
90193
21583
45061
15436
33795
70839
44970
91926
48650
40837
29824
37144
55707
42962
40693
13667
4340
56200
20099
92438
55562
95131
8693
1618
95073
32548
24685
70140
3113
24445
41832
53949
86863
61756
95565
13545
50866
76578
145
37742
14022
58988
79929
20298
47545
58267
56396
17968
80375
21743
20798
40981
48387
17814
3849
738
14875
1724
79776
54605
22224
7866
5461
86108
69094
31048
5147
6073
73860
20607
44787
7315
47056
39640
7463
32585
49704
43669
21947
53307
99798
44048
93437
37476
46182
55563
18524
27757
8168
83777
86930
81279
5313
1297
13120
12774
95061
30164
49561
45431
31758
36623
10544
13103
20488
32207
91561
18273
7074
94404
89570
57284
37813
5718
10219
59962
54072
63207
94797
94270
43926
38271
11459
93283
61766
65648
5910
41288
7107
51027
80677
92329
14900
17348
59784
53043
66806
78395
42532
13972
19314
6327
38733
75652
40005
50797
14001
14175
40672
63257
23491
12426
40148
45085
30223
52414
95068
59852
9632
78984
39634
9406
95640
70623
16165
81232
13660
77800
48010
88768
70184
48653
87839
53704
73786
87346
70054
56296
30702
90628
34905
31347
37462
6699
91324
24589
54777
3640
85946
54604
96148
10802
52969
18001
35381
37143
47783
60952
90306
30409
77515
60024
87427
41910
67951
18571
12839
92544
42658
28286
94782
48693
64364
30032
33485
76184
82314
4382
56713
46595
6887
61190
85696
44793
14673
3509
80088
94786
13887
444
73488
80816
33823
56127
95448
35577
21514
85652
10194
27956
52319
7268
49623
88639
3382
41319
29499
82696
22478
87874
49357
17533
75009
43618
71585
85936
85801
10208
61852
11732
74566
92277
50634
86252
88494
73110
27501
93554
857
15401
49289
76361
65967
73743
53738
49174
40298
68857
47074
51783
94840
17453
22239
65783
80657
57258
729
62251
17549
42584
89059
61945
75296
64880
5829
70236
17537
39384
7693
3160
12594
62711
58997
27341
13460
27150
8689
46973
45619
93949
46005
76182
42492
40117
36833
34724
87187
96851
22686
81115
54561
86058
21515
4281
62208
97550
60689
66232
25757
87757
76616
42272
52878
86092
97038
67073
55181
93651
32258
48957
