97782
71611
32728
41356
57964
72314
34335
60386
84736
15362
95328
23474
16408
73234
9422
60420
43916
79867
86630
41560
83096
56762
71982
58256
85241
91774
96464
10277
27530
78745
20265
89551
34892
14859
31243
81203
32427
90207
59036
88401
5351
32932
75545
44787
20875
36273
25860
18817
51825
96496
48467
55070
34329
55238
61398
82301
84940
42363
77847
24109
94068
45277
51390
91107
75729
39039
3331
94351
96915
99168
59338
64164
64317
44463
67463
18648
12914
52759
94075
57357
64593
88244
66673
38815
52153
6183
14863
99207
15891
82365
70357
49895
64286
26685
90476
81745
37488
37866
92225
79638
32654
96627
54063
8372
3808
814
93178
84355
10500
81414
73754
37272
15535
89590
81371
65006
19869
28723
38156
66395
61947
11173
86717
2868
5898
35661
35878
79035
90571
79039
68824
85922
39758
90996
19534
98213
4537
62856
85513
76715
7733
65194
80942
41355
27790
54678
49137
26532
7203
62013
24216
96334
24975
51712
93866
54480
23217
94010
75988
88407
873
77946
89624
61378
51562
76936
14809
98462
315
10226
68024
35774
32571
14760
71346
79100
97403
264
42546
46987
93883
43586
29111
54611
11859
10154
53218
6066
52264
70610
7136
43677
55595
58346
94082
83027
93166
94024
3569
88902
23598
10994
81397
97455
66662
51923
42925
26650
95581
70853
92421
61634
48804
19652
91402
35425
79452
12373
58946
79369
4575
99462
735
69227
68116
85053
40115
97484
62726
3623
3984
69018
54325
14229
54260
19187
68403
13760
72030
66929
37659
20656
55183
37511
35792
38985
3318
77558
73875
80621
58954
5132
51063
99187
79033
72349
32759
68513
56684
51076
10215
90261
65378
66648
10853
15974
71517
54216
74407
11560
93366
57795
31760
80820
4433
16357
17783
68798
54085
79223
56132
81207
350
93517
82068
67030
38929
57815
71065
43779
66453
42448
2039
81571
16966
44384
36651
70079
72720
67027
87490
99397
3961
74058
47231
89406
91894
7443
5479
88388
92548
2087
86790
34915
198
38934
40405
76189
71184
55430
81829
56439
38700
8436
91427
57313
29150
21751
61228
23513
74684
77134
46392
85422
36425
71341
95187
49237
95833
16667
13484
31210
41617
38547
34629
878
70877
95628
70095
54959
61665
79982
15641
75739
11608
98410
16141
86459
63475
87502
93248
63438
62283
52349
1106
91980
55544
5651
81064
884
65047
10907
15572
16804
30172
84496
75283
47558
77684
97211
66541
12011
70906
72964
65024
28042
129
80006
11582
64518
13782
29636
83622
84966
83541
28731
73926
31327
832
90205
19642
19249
17083
9222
98210
57515
31208
6492
23260
29064
70819
18067
50590
43266
45882
15254
65203
35018
38943
5328
45690
91019
97932
79270
39580
487
88845
68727
53770
91731
79078
27772
54685
61027
43367
43132
7757
77751
24442
93629
73251
87002
98000
22317
78231
88963
45126
9792
83790
9675
17726
15070
80300
61296
75866
45994
2529
8355
20349
99438
1812
64551
80315
8121
88322
75526
18660
14935
11375
83135
1480
78740
37927
19941
37979
94419
46969
77291
90136
58179
85340
64850
95047
9105
38427
21983
67053
19448
64536
28510
50788
69366
3773
25394
87765
12006
93394
22708
49913
57137
73413
8221
81706
88363
62180
31195
79046
85217
2750
26548
89893
80614
37333
47367
71039
13729
35993
12279
73538
14470
94327
3879
2981
15661
13187
26420
33084
33880
11431
26710
10216
3242
86569
15875
11422
76823
24806
1232
10969
64300
48879
87743
43522
52329
59567
9210
90406
5624
25375
65787
47404
90439
56282
5764
76212
57901
13770
27568
22621
86713
41648
64707
88591
91088
60596
4229
77233
17461
57716
98051
84345
36905
54888
67662
64562
58720
77773
89444
34606
14220
99070
16924
43787
2699
70649
59535
75852
8525
82964
31670
58048
75920
42182
36805
67075
96578
36471
55490
87101
64405
24398
50203
38215
64128
59562
22266
10807
34980
89332
47992
86012
62387
12368
66134
85893
56622
13409
67346
54132
70717
96263
31968
67899
49939
96812
69044
81817
58141
52608
60829
27167
80543
38351
47606
98011
22549
67310
46645
41831
33349
79405
8546
28416
70178
50287
55147
28211
29602
2319
81521
76037
19507
53750
47243
85488
52790
18747
71752
92031
17895
62609
31291
94999
89486
38333
50133
65067
44298
88582
43441
220
9826
42493
63529
92667
1362
1458
10208
73406
968
74703
97467
74908
35697
40459
81092
72786
80675
64977
29792
3428
15166
91380
70138
71574
14005
76825
48052
81620
34338
1054
20850
18419
70738
48424
37821
40581
29924
24191
75551
48412
33805
52982
37067
70149
59036
86032
88865
11200
42149
76146
41930
95870
33510
95798
20284
10413
21130
21858
69353
72402
21148
25380
54698
82447
44700
51106
7964
62048
8262
56387
74388
1265
62064
71344
46520
45050
41991
19641
96810
32476
10961
18953
47462
65743
6055
78687
46621
38939
25860
24142
50136
10354
14015
49898
14159
64395
60951
75575
49985
77178
88747
12930
16929
20573
59402
41145
13573
15046
82793
51806
77068
38873
28328
96117
86658
17374
93926
64612
2995
35051
93621
30373
59448
18355
97242
86099
13846
8020
91297
84464
43107
80502
53666
43133
19759
90950
45205
33604
71809
60913
40916
61362
79270
40517
45562
34800
69148
26008
1143
10316
87881
66465
43766
48566
17271
74312
16031
23800
98743
9830
8472
92853
23333
51301
95657
45630
83044
69966
83053
25924
89173
75423
93812
41269
81101
18153
89860
29351
89075
28650
6884
7487
39161
58875
86795
21110
91631
98152
83635
8156
78183
81312
58387
87406
78911
8567
83640
94154
89092
21468
14305
27255
58657
25401
13373
67201
7691
65597
57520
8284
30092
51156
53159
22401
93825
60084
6655
60676
51302
8711
3274
34961
81847
51911
37431
78410
93317
31933
82898
15964
12428
72443
9459
84466
80454
52518
51143
29832
78465
20393
32704
40260
38397
28473
36129
12404
79708
11713
53792
58183
59778
60214
83948
68108
47452
8492
22509
5429
56441
73053
54098
94307
64472
51110
77414
49457
96531
42467
31191
13709
7759
9521
15247
48993
9324
8876
84712
4640
97437
60651
24405
74829
6491
96598
66668
47925
51204
59336
27421
60171
55278
34418
42853
9014
1806
63660
377
48793
37739
66514
71999
53380
30538
37306
88423
76758
37591
79473
61989
9786
75837
56350
51276
70342
8685
69656
70657
93410
95488
15364
