53344
32101
5565
31943
61340
16995
40456
33044
62305
19600
11815
71723
12983
8267
40881
69503
91887
94754
79717
51792
43432
33360
71570
34782
59256
82058
3926
91426
42900
2313
74552
57010
32646
61342
44472
17015
61089
99459
52265
89937
26551
35459
46230
73763
91897
55001
81698
48567
34207
8929
70389
96823
53766
15613
8317
88213
52827
33258
55800
10716
8953
80556
68685
44173
89325
33527
66937
81188
79001
25625
76417
881
9606
49832
9711
22730
20168
65203
30038
41449
13661
6610
91225
74200
44779
77962
64186
43754
46354
49133
48480
80845
10133
6450
8672
45011
75755
76044
31424
30966
27789
36508
71009
13215
5056
89596
88572
77552
72650
97178
10836
16056
46168
24860
13374
71874
48906
37534
17512
23602
70624
41496
3280
30286
98953
49174
50173
30083
94311
30654
87263
78260
78434
89397
48931
59285
65303
9885
46527
62217
41602
84680
64474
77682
61358
5084
59592
40515
19524
34886
21360
88751
91101
76898
79851
19323
60483
12238
82562
79925
60519
9302
42573
3226
28702
82526
76148
80547
3313
90172
75548
93836
55041
39267
40372
17817
47150
20398
25760
37715
61240
24406
91861
59027
44898
81085
55987
50185
37829
72820
45008
33958
11638
96764
55802
37635
6868
33939
4081
90534
55653
34075
86359
85317
68278
4320
5143
39997
13466
20433
7586
6806
96543
46650
20545
959
31052
73980
41460
95988
10922
72811
87674
90343
51166
15564
76199
35424
54837
12876
4645
78839
98340
50923
40715
71806
12988
82426
87733
81052
93617
70881
61798
8938
22396
2664
73697
93668
33263
44904
81591
51109
58173
76960
16404
96985
76216
24446
53276
88504
32963
99980
7817
75670
39503
12564
67352
45695
70761
49607
17456
71640
19146
85890
11024
74258
10737
58464
68791
40041
50034
2056
69079
76000
85941
62033
54035
35492
93345
93843
64231
88720
68026
75135
49262
29487
68725
18812
65046
92347
21093
96544
57925
13883
25987
62433
78462
74065
68461
83436
67213
6257
63435
22390
4241
80782
52256
40935
70681
94656
27423
91267
81219
5483
51557
99805
70448
81330
65673
29272
59554
96970
17127
44893
92450
51075
93231
87492
24024
66536
39566
65062
61177
78349
61557
60631
2104
64560
21476
42053
65957
2087
88047
59885
50415
98147
2822
41033
26548
81104
76832
68118
29133
26706
44459
9592
