2220
23042
61197
2407
54674
81285
7061
84623
11232
85547
42082
52858
62503
61956
60542
98558
6003
89534
51664
93847
30238
91579
18872
76212
61420
53161
47721
31721
18861
85700
15964
6164
2748
98523
26764
6831
19480
1334
34399
37550
85670
15991
51338
16830
60414
50783
93343
58855
50856
6245
64341
45752
36011
25938
39780
60090
7391
23007
74087
32155
10217
24336
7212
23340
65260
91082
63606
95885
87157
3970
33172
2539
74529
70130
38318
99012
38365
87447
73528
47648
600
98638
46096
15612
88653
46904
92214
91344
65010
88180
90540
61409
64746
54395
86954
92127
34118
4928
35257
42010
45129
56111
24418
81975
9206
31582
80765
71335
97262
22123
15087
73652
26439
52355
99566
50507
46058
70178
46186
29345
91024
96935
32288
46906
24657
94399
2431
68166
30397
78612
92908
55965
78134
54995
80332
97444
85197
64152
75684
81233
41305
95576
97131
32762
10618
56291
58831
39656
84551
9590
76092
38804
66499
6234
72094
38370
71318
98236
92085
24740
98737
22215
69244
42390
26836
28631
91357
90562
28309
82563
83022
96869
26768
84567
65948
48957
93377
35029
10202
67825
3591
56664
23725
31767
88692
89771
24514
92554
99633
68551
95169
48524
23566
72538
2647
97925
62395
46328
19530
28828
95741
70554
60363
88602
90757
5260
9451
42858
88331
32060
19114
52546
18529
13924
26062
22811
79017
95286
24059
57820
45768
98276
70375
49687
71877
90797
67239
43879
56704
706
76750
179
17909
97106
5960
68343
2330
70132
70963
29970
92606
71282
92399
4517
18991
75484
23474
26212
37466
80652
65575
88160
48143
14713
87506
69774
53083
46683
79205
52432
96800
62506
12739
9247
21491
86712
16135
77825
66360
83387
45955
41075
21191
54258
87293
86148
44271
43416
74053
69496
90325
42029
65010
94897
76270
21895
78290
75239
97728
65816
35818
77107
88702
63494
8258
90572
94206
62749
97916
11982
87349
18645
61269
8586
3429
33405
27039
32779
9840
74777
39311
80827
7953
66683
9379
34092
66335
52379
15269
24815
53912
76451
64046
87384
17561
43121
8109
88238
59356
66358
40853
3844
3950
87052
30705
53594
22179
53968
7097
85511
27455
22048
60856
82876
57640
20567
60568
42496
2882
43587
38287
69514
83541
31569
69528
13816
7370
71604
14243
77629
73431
22099
17851
15367
71586
14527
59109
14252
40108
76836
41952
69782
82879
95671
88990
97952
15216
25443
10063
37486
8944
20634
91291
82823
61853
34181
64403
95023
96810
22517
29126
11181
15168
19431
80494
14410
91271
34262
29150
17748
92804
6951
21005
19966
70665
26803
65009
79160
93240
26274
70469
40153
36490
73207
42532
15821
1693
55866
17759
68550
80063
67440
29734
31917
8602
84799
61582
69539
9536
78071
98382
45013
14147
60971
4452
30918
24025
84590
57782
19857
29436
12533
34711
78448
39348
97580
77581
66296
3700
89855
35532
79839
9849
38429
60231
65916
11537
96002
55446
60540
66997
79875
11069
45007
9959
77321
84164
96904
13453
12315
81034
1199
63964
6824
1654
99938
96276
59815
74911
85443
94643
8517
53024
49235
69565
45373
67571
23122
99427
9340
82036
29745
17157
50204
56047
59824
30727
10726
67683
11589
75785
73364
94944
66682
83504
4394
57337
25717
20399
36266
887
10262
70480
25321
67944
92888
21192
75554
88461
12666
85417
49793
40102
73193
13330
39620
70911
65698
56276
95508
45544
39000
58983
96176
81815
12748
59745
1079
48132
37118
18861
98243
18423
39255
35451
11295
30756
533
68077
41756
73236
37979
2345
21054
56603
94449
57944
34786
30454
20776
72226
69270
86291
39720
53538
93000
95841
43024
77923
3576
2130
12317
8796
31504
73845
68170
93432
57650
87052
32397
78911
8488
68262
38098
2587
93799
24714
56810
70011
32438
66447
32179
13527
55943
11797
73670
33091
39662
76178
88247
25400
85226
38929
70910
46937
47043
33988
15312
42656
91919
25524
75202
71336
7402
8250
55147
30086
46056
45356
74092
27066
82131
25639
3227
44905
5206
5844
23913
91328
1372
72017
47458
2388
33969
4722
65534
94707
95041
7382
76027
41809
61963
77282
42511
66112
6629
14329
32860
57143
73468
39921
42386
55108
71651
93019
16235
63303
99725
14407
33850
7278
30704
