36820
19791
17523
10126
97576
7578
66011
18578
31342
58809
65084
33394
36628
97319
85717
92258
32085
35197
40668
95442
35404
16749
90892
63697
26978
6108
64409
88567
2219
95133
44828
11586
24843
20207
11019
4701
8106
42844
53338
31048
15952
7143
62567
32980
83236
2367
96855
80269
44082
69599
12670
49912
52705
83564
8928
48135
82276
65593
89831
37955
99663
86166
49323
44400
4936
59148
72044
1817
41833
76511
83999
20777
92166
74939
66409
96798
31352
13420
46703
18775
53445
27198
12023
77469
76114
7412
72706
32381
13600
69549
76763
19681
66179
30651
45156
18112
97361
97553
14469
80759
69972
85598
99796
7904
38775
76539
54008
83185
43106
71017
43020
25043
81667
30333
88568
20233
55658
21598
86597
95196
98569
93616
47621
44645
25482
60070
71713
48891
81773
15211
43916
67773
21283
4654
31046
71551
14349
60211
35592
75038
15528
84520
73412
87996
95986
75286
89185
87718
35236
88998
41118
49129
89165
42793
1835
51237
12503
31441
19902
92469
76036
37
27193
27882
1552
87735
13979
38859
80275
32227
27090
93175
42888
96995
33294
53624
29895
25974
37802
20326
16787
29968
58017
66334
45797
91992
60740
29150
19202
19369
22859
92337
54844
31384
62989
30186
24500
65709
42610
26088
50418
56532
1029
7857
48263
31247
56153
30363
95696
13753
40402
11791
65109
59278
62678
94334
20618
20630
24647
38555
82535
28307
51376
57550
11899
89455
20230
1171
94981
89026
10569
32890
65447
37116
92147
67695
8535
45300
27932
50322
34550
60051
53936
80619
12192
6309
35944
2240
54619
56898
55291
55488
64448
41430
353
33261
96725
8657
93626
16229
55292
59863
80918
49245
39913
96872
73014
1892
11113
74992
55151
99175
82729
75778
62266
76579
22450
7283
13629
65999
13276
32084
19995
54823
83224
99255
22944
6461
88940
68040
8699
10395
12479
39801
11138
95420
73055
88159
46759
58834
96486
80431
59836
34698
61716
29149
97195
8800
9572
76435
6817
74362
64120
26829
7147
22346
58068
23366
9670
32842
56221
84976
41965
82410
14658
56623
41637
71533
20286
38281
74580
30169
39011
43426
47228
32441
20408
85230
12224
48603
41900
97261
5718
11883
24895
95765
72226
61110
44991
45611
64911
29876
8990
94309
93569
69145
91321
73053
65288
67035
28961
29068
28008
17300
60922
83241
89194
37613
39031
71052
29499
80198
48771
74215
94102
11507
5130
31681
45853
22451
25296
34696
16086
50691
42604
32667
23302
22481
32001
25174
98145
73778
51687
72957
47003
64506
22992
27744
88199
3777
90381
85481
29679
3031
48912
33724
82700
90817
10068
17226
21160
32141
85755
41650
93212
62368
81231
10239
95788
48485
58659
50901
63489
29339
89824
21255
26548
79646
71342
98848
82615
72172
52363
45181
42593
38682
14531
13404
83968
3150
53855
21214
42928
64312
55416
43663
16853
37579
80410
98349
88419
9729
21665
24371
90530
84614
65573
56848
18066
40062
11786
81164
84964
39991
13016
59231
64399
24094
35602
49285
12305
8092
97545
77599
68997
90735
36899
46685
18278
94302
83052
10883
13002
28674
5850
22468
7230
12514
15531
25448
89737
52708
44444
41383
1935
21650
61933
73341
98027
88295
32905
25359
7059
44896
38575
8489
79879
79639
47569
68189
11124
57930
98336
71338
46101
96847
45662
25663
13660
89054
86198
73660
63209
14662
29250
99159
13360
47646
64969
93934
99506
35697
46143
3831
93372
52400
60544
37953
67230
6723
96430
44118
70783
14174
23857
54319
5456
2617
89740
11272
54866
11568
26738
72166
55420
12906
10587
31228
33315
9755
51715
41677
45135
67253
79396
57594
53866
5842
98275
47225
87219
42453
95437
48303
6396
8137
54649
53840
65534
95467
67360
76662
10952
73509
22898
45313
60276
25791
65311
52383
68191
43878
30418
31046
76276
23712
19142
22676
6616
1189
85354
4038
79236
70086
95491
60848
41496
6418
63786
21124
22011
36558
10820
54496
87521
17189
96643
24414
23418
82940
19242
98074
66695
10314
48419
52937
81733
34600
4860
82095
17076
87900
86264
88251
91001
95505
96061
38720
42091
97257
47848
55711
1339
7361
24887
67407
73578
80464
7636
43257
2878
69945
20315
25672
69259
4971
51167
42797
61932
64144
27970
76481
73137
70580
8119
62768
4645
67285
22255
26346
81391
808
85440
35162
47636
3695
99964
45113
99351
37895
87049
82601
30270
42946
69202
46720
9077
58313
44294
29637
6050
85421
23953
65876
38104
90253
35408
84369
51072
42559
72389
8486
27986
44641
57602
80219
4509
92838
78416
94607
7140
2535
11837
39292
64128
65589
19516
2465
41447
73381
68463
15069
56106
38531
73134
20840
59170
39823
91330
24936
92836
48401
60342
36291
25145
2758
52709
52729
87287
85732
48680
49330
63535
99458
34483
36081
91262
82361
99069
98492
6525
74365
20261
26306
17487
94935
17121
48986
88932
36775
56918
97935
32467
67696
27665
63116
54022
28838
77510
61991
45091
29644
16397
76157
30072
11679
83216
61508
31565
1669
54887
58108
83231
15741
57691
87200
29231
82155
41022
31873
70700
23364
67142
17039
70220
42562
24966
92504
60102
2090
41179
69929
54947
73892
59599
54950
12447
93668
20129
98190
24737
44457
68195
19651
66131
26215
80988
22828
60090
3945
6918
81063
88504
32804
16606
93471
19205
71053
45798
7639
96857
13113
81873
94016
75546
67455
80619
20407
68374
19290
1418
47111
76461
33320
91897
53955
95096
24134
12684
77952
95547
6955
89555
93687
39878
13983
6856
33191
33508
62898
88041
47883
39436
81502
52516
15651
45425
35009
79642
93115
26038
