63739
22278
28438
45716
33205
69807
4410
26168
96128
60976
84839
42387
70731
34228
56801
27764
19984
64155
20165
15711
50836
71195
39553
52986
2807
87570
43742
47138
33658
68368
16924
39766
31738
16193
50962
93323
29192
16142
98867
3482
24177
37165
12614
174
36883
73231
48500
17660
9845
63780
13344
75671
68985
2258
57040
34876
51667
46966
29821
87143
60779
80560
25000
63789
74102
88148
53424
67700
2647
354
57494
64024
13855
66163
70151
96726
19402
81855
86778
36057
96004
89986
36798
53283
2904
12888
11895
17850
7313
19200
96654
8121
96768
31105
67926
90160
73780
83889
72032
9540
34608
40515
13420
48566
24769
87513
85932
10626
89756
72733
77217
45250
89292
87097
90647
46515
47844
90049
99300
78711
50281
50284
6002
76133
32663
46412
29482
87515
16953
26419
9250
61855
66546
99466
74150
6832
21597
69155
50079
56546
45930
22555
72203
81852
42162
91744
92304
9040
43885
54546
20365
76686
14804
7527
15371
34230
95602
26349
33369
22182
13745
5877
74522
43028
51486
93019
14357
94235
54446
38376
69715
57076
39997
3523
14826
86588
37680
69044
80901
55066
71226
52899
40124
40421
29426
52548
52401
70012
59217
22987
35789
84957
19045
80656
36823
68721
52315
27920
40604
8516
33155
27405
89895
16147
84662
73333
71963
43371
20177
18359
58784
59802
67420
95066
13019
13815
87857
68976
36812
87661
65048
25472
7395
98312
78069
64324
58329
97590
44921
67821
30018
9377
4771
99474
3720
20145
72192
89010
37908
1041
7186
71036
67639
70498
25856
45315
88381
77991
44022
65007
35339
26315
67637
34244
29667
5901
75105
46869
3174
49639
66085
57435
76674
14270
41091
91324
33630
7228
78911
18576
7314
37798
56745
77491
41210
92617
58744
77577
92121
28006
89292
87179
71793
80372
63671
84105
98371
72679
78362
82898
20278
2902
86537
71549
92491
48861
78807
73489
90084
87720
68389
83068
85264
91090
91183
53907
82833
22176
12078
90551
34703
40219
45241
47499
90682
37901
90346
97252
62677
82578
50861
1435
32149
22164
5835
67295
96573
54348
3169
69334
56841
91225
67670
89650
878
66516
2769
46809
95107
3759
75923
2380
12317
7651
87528
28784
67655
49583
23919
4421
14488
97847
62920
61908
47483
32358
35897
3276
61671
80856
6192
72737
53160
35330
81097
44515
50810
38875
49982
21713
19901
64695
1038
58993
61336
50064
2983
45208
94648
87635
29062
36755
26152
29546
60297
83036
39188
12918
12110
37196
41438
29598
35140
87455
11070
58506
86339
45379
63911
13832
74260
54871
86898
51642
22269
71210
91016
48965
26250
70443
1801
83901
72474
23832
42515
29043
15137
12286
84437
91777
46180
30385
61461
45437
30695
71573
95228
38747
97522
4760
6074
86594
32589
14645
31081
59351
86238
49055
45480
64956
89012
79829
43744
80415
92874
75516
59692
6228
80513
35788
80080
57850
62979
51926
1452
18844
14419
39999
38927
26012
67262
41552
41641
42779
61388
15770
50190
23438
12067
9384
24290
39342
3716
58041
67228
58535
65652
79909
78461
53188
4562
81800
63851
2928
11700
35581
495
25547
52425
87495
79450
77691
9775
87702
58923
81619
17414
76898
75464
79241
68140
92977
13246
31404
87308
37743
29007
14389
37438
97709
36974
99422
32722
40242
29201
78233
12225
67510
97737
13034
66844
17699
64603
41443
5720
37437
82621
71581
19040
92865
24838
41578
90326
64712
87829
90241
36080
87905
65803
19943
83450
2657
62770
42826
61230
67260
5148
33081
71305
87895
8795
27222
9518
76498
65944
80695
94481
94290
72024
65427
97779
24111
29891
72657
10312
7947
71035
46610
54768
65477
44141
49366
78449
44548
91287
1754
93445
74255
66337
91978
17554
34382
48389
59011
66153
4912
65711
75358
93350
78648
94550
52429
54990
87643
69110
242
78911
6735
3795
82508
64960
53936
77858
18814
4312
70044
95239
27713
64262
19704
67646
98265
80249
2198
51784
3138
52740
68367
1840
40141
29161
5658
1940
15176
64809
8059
58832
63335
38974
17932
76201
72806
5619
35017
9406
81718
91206
45419
34375
27298
93200
65048
24207
37736
16928
14340
15860
52628
90476
72497
25590
90180
97095
15145
32375
13410
75401
19669
64153
93113
2731
98799
63554
16489
32974
74276
20128
83998
7265
5325
97912
52820
27437
20212
95598
54656
81463
99631
49213
91602
98896
90823
11245
98293
60085
23451
40769
80325
71896
21766
21375
39591
95595
7516
29363
88775
99470
34529
7713
41098
9055
96041
4771
90441
95962
76045
44073
22339
37111
6850
29417
95055
38567
70751
67422
28208
88709
77918
17028
91504
50863
26312
25009
13680
25280
67959
58346
85662
74674
12958
78211
52577
32607
13000
88335
94324
54836
95128
63790
90408
33974
81553
19383
69912
79926
70247
10773
59989
5340
58379
48794
52605
9387
68748
13439
68630
28384
44965
12399
93187
35158
85835
89246
11413
22616
96307
82890
89828
91592
30342
53555
68347
71456
25029
52728
73802
46121
40710
95154
5583
32777
76611
52174
63553
6499
24987
44081
53236
6616
5864
52874
27098
30958
91958
79812
60597
27391
50162
55853
86917
69412
72160
60744
87132
77446
94719
94770
38583
48288
47311
28584
93822
16412
25798
82979
83567
67528
11015
26003
16724
77967
51072
36816
49960
45302
70520
40
85352
58879
53582
25133
766
80782
59408
40165
42823
9143
70126
76171
70589
52063
92615
22171
14644
24008
1804
21266
12794
37004
13434
79497
57670
31511
91915
60395
30881
99406
66871
72579
98696
29494
1767
8595
53281
61128
51023
15125
97584
42525
93171
67787
60378
44622
46958
95487
93625
97667
34504
88479
16938
72082
46827
2334
38017
42890
26095
69714
47575
66277
74225
59433
60438
43124
61584
7018
57159
47518
19725
20589
31587
62342
55470
49336
61775
14387
94731
95999
98733
45650
21907
79964
6730
13470
91742
48376
26898
57894
88951
57693
24459
67489
43532
28434
83415
13488
98080
74173
79300
49627
57604
14371
35418
54463
27590
90831
45030
5240
77464
88809
63926
68655
52565
35237
14136
79956
80107
10981
50990
64432
72658
29633
35286
33892
16190
97249
10019
83186
62694
57485
20899
42863
