62554
18211
62714
7798
57528
41569
31778
85355
10769
1730
90664
34602
40671
46397
64790
87444
16033
57903
48345
8900
84695
19533
94198
38807
12884
43859
20397
3566
36009
91229
30228
23803
56463
40480
24405
75170
41540
40988
63813
76578
97826
10479
25923
77495
7887
55109
89409
39104
9150
94588
95309
10905
73382
83437
86321
55769
73830
16687
55453
69635
11685
89143
72856
47359
47746
46338
83112
13291
78140
62826
81670
76451
74985
24594
51561
52545
3600
5593
8910
47685
25510
30636
86456
23371
87875
71576
40161
62958
5476
44494
89171
40760
39254
16417
11394
98615
63415
78156
33014
60729
38988
53488
47933
79551
73832
50222
55414
11756
89908
36923
47280
19425
79400
27647
61762
4642
21468
42
12789
43518
81403
98363
35978
73585
2535
7748
23951
35907
66760
1911
18187
65340
34451
4018
31500
14619
95420
76837
60371
30811
24442
82891
3403
96501
30016
65669
66227
43747
42734
15124
85137
44827
78466
30616
47363
11931
27199
29039
40619
62084
12799
8678
49653
88598
21442
67149
42037
99696
41845
63819
77882
22953
65772
93233
16613
15595
619
14301
51782
73998
45478
20827
26345
74780
90842
25622
13394
19150
48872
61376
8086
97677
2805
42842
31590
13842
39884
10157
8966
89195
55655
73095
68001
55649
68510
15382
26167
80933
93515
52665
19019
56416
46864
24382
79805
33942
51366
89235
20766
14711
52899
49135
93032
33394
42310
80599
79620
26386
67824
77672
90357
83339
36665
10321
75049
8040
24722
2003
72210
97938
89560
83246
66250
32367
77913
48520
49166
8552
40653
40443
10651
10822
89888
1396
64458
12536
97865
56860
18692
45493
76420
47970
6708
49253
78233
16814
88116
9134
19607
28274
93473
46860
59827
77205
47882
29887
5397
14022
62492
69396
4800
85210
78160
84425
79845
8106
42744
82810
34861
91098
41001
81786
35514
61653
75306
26252
9790
47494
16337
73607
70950
25511
59966
11161
78757
33378
63521
67817
57953
83119
39845
57328
76447
165
75957
66923
40744
61919
43357
81199
72539
23588
40428
59995
10620
91553
76028
68315
40989
85827
52913
88916
55707
40332
43997
30280
97900
46408
49813
85447
57017
51537
51881
44921
71171
28192
8455
7028
23849
18252
55242
26289
27869
86469
39932
17393
24203
64502
52077
37539
97253
83205
79889
52500
49003
74061
8317
94457
93676
55185
66876
52420
94595
12749
66956
86847
87317
91486
57319
25339
60630
77320
71231
43861
51221
38838
36450
93043
27439
50768
32274
13393
97443
76202
87773
58487
54636
31919
45782
28751
13542
95262
13744
99895
74421
56078
75866
32633
54373
14509
58710
12484
16586
54687
90357
81229
74079
99130
22971
73995
93328
18775
50282
59626
96355
91086
31595
4108
57272
35262
41994
66681
65223
71585
89987
56605
35963
13293
18777
85945
37864
63126
22139
92068
35434
25473
18117
91928
81800
69140
96169
49778
91343
44596
98167
45177
64270
47960
43149
80482
9283
25302
45449
46788
48287
38216
81676
80437
64960
50269
52403
17721
26726
68593
12857
87313
16140
69340
64025
27539
33677
94937
54750
56364
88200
34879
95244
9907
13573
13479
48926
79622
55311
78874
92701
77784
77942
22233
68407
87497
15837
75791
72283
27353
13468
54250
56063
26283
32031
27328
99401
71340
69722
77890
62525
31762
5183
7876
66848
87376
79762
17822
38521
97770
66777
86277
12181
29115
28344
68824
94579
33705
66042
32445
92054
95297
98907
77776
46468
71547
