79956
69711
89340
80442
39461
97938
86148
45923
97892
6773
44673
4209
42417
91425
35350
7809
42097
97229
72093
31414
60531
16222
43846
1219
87812
8960
94284
83746
71792
71986
34084
28560
616
65861
85490
79296
84623
4733
56567
87424
89790
52589
38247
94694
69296
18268
20551
91541
70491
96617
82898
24330
13169
38971
60587
59366
25927
38508
89640
29760
71701
45764
36864
59120
92528
73616
32666
3981
8297
44703
1458
8940
51130
17346
27515
35896
81624
9763
96491
67144
59067
14986
67583
30309
99292
49036
26976
76823
23697
62330
41696
73576
55762
61225
77301
57198
3264
63228
48160
4324
77587
66919
71891
31919
54414
14931
46213
86357
56009
11874
64632
43860
39800
98900
57164
30768
13485
45523
84772
13998
68127
72328
81542
26115
10001
