83386
22789
2374
4997
95734
49546
88853
96914
71742
24619
71994
62525
21509
90683
64906
35174
62294
43227
89378
25741
19475
19081
98556
76736
64513
38880
34081
87325
28012
81419
57944
28720
88670
26651
18372
74661
92922
80144
33382
38283
8843
28913
30232
5432
8745
79552
91149
90734
7748
21039
90698
6017
38198
75500
90628
29149
98460
65309
15392
94297
2002
58166
66530
31368
81449
68719
32003
61053
93674
19694
95623
84527
99707
26434
74630
58329
7369
54003
98914
96821
15147
81861
536
16730
72725
44841
28254
56432
24628
18867
92735
39909
40112
47819
76538
34492
93711
41236
26911
87916
50312
75916
81163
62979
63499
93230
56875
74506
89638
91982
86183
36631
49218
78558
88952
70436
81134
68514
71813
26773
70866
6828
57724
36650
52803
29359
19397
9051
22271
95352
32475
89143
78449
44263
3308
97724
98580
81528
96224
79553
6878
7992
25567
99537
59397
57776
7284
29352
12260
48809
14333
96101
21931
91154
70584
61495
11020
6260
23588
34984
62310
11558
54520
83138
60305
16753
67530
34333
16534
91663
34303
24501
81922
9983
86955
98303
30586
53090
56076
48637
25822
79018
16566
14766
75373
53072
52223
86091
78113
8699
1510
77631
1077
5643
44774
88691
78406
31646
53624
39639
90523
66429
39741
11997
34155
28563
52906
69823
84647
20825
2533
71060
61648
82597
69077
35826
15625
15473
48772
94541
97737
18529
19524
28196
82861
97322
36966
67463
13536
5585
66924
49672
7072
62349
63404
124
90335
4221
40977
84033
95739
36847
66571
23159
22231
36600
17923
35809
21652
6228
77222
24148
48041
95471
34354
79590
19192
56232
70283
1634
76305
11427
46333
3978
61024
3846
43071
78685
23908
16277
59217
21459
59613
90798
90542
84491
95992
85612
37921
29262
88552
48912
43080
22969
41417
80439
87185
64973
69277
635
72575
25097
749
91563
46216
23286
56524
62270
42874
65901
64409
93035
83991
94651
42324
15125
6745
73276
7000
47091
30812
45830
36203
46068
49714
23045
15436
25048
77361
56023
50402
81264
53947
57466
5821
41973
23650
77123
65873
566
21865
76724
52471
46124
92408
41704
5417
54495
64043
43287
7355
11613
81538
71068
99510
7579
81267
12034
57237
59646
34982
28640
35994
40423
70270
95651
54335
81591
58322
83399
42823
8365
95271
69002
80766
95001
28069
45937
35492
1945
93333
1159
82810
39049
76968
65410
5469
19262
26713
48879
86764
1297
1661
28299
13305
20505
25048
67287
53736
10790
52678
29235
35097
54698
75197
1245
33895
60349
59756
86370
78960
42000
69007
56034
33369
11133
21849
17844
98131
35519
46802
80134
61038
31496
48484
48494
9620
83297
34548
31734
37064
25000
70152
1167
19712
90117
54187
94573
42924
6620
64072
25711
15000
3718
88456
23071
40816
80065
13391
53858
68567
72855
27631
80445
92004
63723
66918
47718
77462
67377
74001
94603
30908
58712
38197
57683
44851
93636
81434
20691
54806
97229
66477
39897
38151
88890
30076
76109
28593
55641
31181
48122
70701
38796
33351
19613
36548
53001
68691
55077
45550
38745
68632
59325
40149
71361
28886
70602
75290
66022
99415
17167
24261
43301
46629
63797
809
98092
79152
