8144
71919
2902
80122
63178
98369
39212
22777
14538
32314
90199
17053
8768
66961
77430
31983
18604
65676
79900
38044
81117
87238
56322
73738
68585
65424
52151
71962
26423
88254
30595
97790
5624
33197
24651
99365
65380
3857
33576
92602
15297
2597
59649
94600
91436
8414
16072
18146
73460
7288
97800
62834
19593
93200
58698
7599
15137
14076
80283
74274
85332
27528
59323
9243
54943
94592
52961
84024
39986
29632
16173
18613
27993
73626
92428
84853
79741
69847
79078
22811
72882
82814
5047
21980
9529
56168
92101
87637
71424
85035
39959
73386
62970
99633
68174
68200
3907
62497
46433
70713
35076
9000
72172
60803
82380
11811
1118
97446
17095
12175
22975
39169
563
73219
50985
85350
22769
64535
13297
80790
99303
25513
85717
96795
71388
84044
74286
87332
44149
83811
60880
83895
74982
83915
18136
16079
40215
81496
59061
9769
86714
47919
52782
79574
61572
13705
34330
69379
23872
9994
73998
46208
93305
24322
66837
98025
54515
2657
57230
27225
68223
88833
59223
31872
68421
19560
34871
58122
28398
81649
25574
7095
48988
19520
65375
15879
77840
6491
91572
6252
73749
51954
69493
33728
52822
56244
58196
76546
62332
84557
809
1625
21076
17244
21493
28992
62191
11136
69563
11661
94857
4317
55712
21019
59132
94472
43163
16794
53337
1323
48588
93694
55231
36289
98143
31621
36544
80450
73934
67059
21231
26623
51286
41618
60565
89891
45333
91294
29695
67974
5575
11772
44559
87168
82134
85691
53216
77862
90077
69029
32062
50553
26686
9547
65641
98781
59968
52535
26965
89794
25712
35262
41899
75074
22397
21916
43501
7197
66724
99033
99294
76161
97491
78188
67461
73745
88550
16100
97213
98780
42469
60348
44586
39828
64724
86316
59547
69339
51494
35540
9555
96076
94404
2705
69769
72469
41696
66583
26747
27868
73408
29671
63233
28863
82537
52987
29483
7810
73363
64384
64234
46961
59091
14380
77680
29991
41092
20141
8380
48268
12154
80654
2622
74894
8176
18573
54330
663
57592
24365
457
95134
57283
27669
19592
70164
3524
34455
70206
20267
17708
7853
82811
54418
77723
47580
56735
14286
96869
30391
73408
35650
58103
11328
91238
87158
14301
49899
26004
46837
69607
42549
93201
71906
90773
74682
32040
78273
89798
77826
79627
39937
96978
53049
61660
90080
27915
61842
51679
47875
10072
80248
76586
41756
82482
36722
74476
70322
67818
72831
36453
45563
51228
66965
41579
7770
88751
83213
13112
80808
91723
37661
45171
70998
20061
65601
25802
49179
35408
81828
40752
97513
48691
18964
31938
69255
30227
12674
9726
69713
23918
80159
81578
43544
18184
17086
64527
70527
15841
44771
46347
32663
55732
64681
62332
77532
45646
45850
82585
58650
5623
6448
81108
42613
82690
18547
18660
12919
27242
39202
53208
37898
34040
1247
62429
7661
70079
87156
88478
1504
79564
93134
44276
21025
55375
54113
48492
75064
51885
8126
70348
96776
66923
35238
38238
50574
66696
24062
7696
49246
46553
93531
28567
20665
10837
39965
67804
47999
97800
69231
25427
49428
13449
38263
70483
63643
16414
63226
9833
63778
78325
57223
10727
88786
76930
14413
31713
95246
46335
29901
27331
44235
38173
57052
38630
32751
27044
19085
55954
88029
49506
24812
2276
55893
57933
43137
85715
59889
31254
78268
1316
29975
85899
54331
10079
97553
17568
56568
14117
65185
22342
93849
63740
39079
87456
28100
71580
7956
22200
12141
47127
38639
96610
67947
49914
84442
69294
88512
74421
53422
45093
55748
34382
46587
65859
50247
77790
69417
49056
58973
36102
52586
92657
34461
66052
97792
38287
66696
16781
38093
9613
64336
60169
30836
55060
62993
90520
23001
76017
84749
22167
62994
14068
33360
67992
8858
72064
33081
76025
5178
38806
93254
68165
8885
33846
36117
10211
14103
23775
73500
69882
71096
67259
81874
13390
49955
70672
52480
98813
89424
97058
2571
17081
82602
46114
14889
41055
92184
89799
97396
76712
55485
5764
84250
47209
20436
61255
74576
57797
56470
58771
