58365
11533
31942
31803
6536
61532
33311
52027
89529
70140
4166
16277
70749
42391
44055
11764
23063
20850
16231
92773
81177
99246
78863
8935
70518
64976
17136
93674
25800
8248
32237
92675
38157
84691
57834
89738
73130
52841
66790
11859
17925
70242
22151
91846
8474
33609
58981
68259
99679
44126
587
73623
42610
33676
76305
15890
62335
25694
29193
41003
15494
8227
80458
19017
14573
32694
82771
90335
7013
73661
84012
42104
28197
91210
8677
41163
9556
16349
69351
49415
94667
12548
99262
45069
61570
81069
82294
68504
15227
10784
48502
56045
23774
54522
17051
79311
32417
27875
81158
76171
59506
94556
55477
73586
16236
77803
86630
48828
29084
11863
74494
85914
10738
77404
90240
4919
83355
98775
50309
23969
38554
59335
10841
10518
80965
29978
28737
65876
42493
56644
78874
95364
26938
34871
55009
15820
77412
20416
25565
68920
9876
80877
59700
50474
87718
19678
31334
24418
90263
7724
17617
91255
71840
75039
42372
32823
48545
66217
81056
61503
42808
57923
86050
98693
76545
43402
34107
18217
64554
16959
20660
34680
58903
47974
69431
93089
99286
38972
84756
48055
35162
50116
74869
75730
45475
80011
4164
90783
46942
31372
53656
62660
97829
58901
10756
80941
38659
26176
24204
90033
41496
97663
59847
23208
46650
16742
73597
6864
70016
16581
81823
47240
44557
49619
29594
69157
79209
27039
33378
72483
78584
26045
37519
58333
65596
42531
265
70341
90290
50623
93666
98680
66265
86112
30310
6472
74419
21541
25912
97470
23069
19244
35612
14001
22363
55507
77545
63261
93513
15248
63164
58491
32313
70775
79727
23040
34927
8975
40970
67981
27107
70009
10683
44010
51626
49622
76131
92846
8452
60725
67373
3802
5870
55653
33948
42291
68949
92281
20214
36109
73171
47972
47902
72095
55724
30054
1913
57021
29536
96941
34243
15978
46311
21394
67789
93279
90024
85052
23044
87260
36396
95959
32087
75241
40608
74511
72940
67044
73672
62772
70417
58241
27140
38595
44146
46228
29574
42697
82914
88918
98023
12536
99734
68084
57244
71145
1233
35423
40964
62148
94215
21478
68411
45765
54133
84096
60110
39266
30299
15530
7538
91816
1048
15345
10112
57631
69456
15799
39374
40271
20489
52422
27358
95702
8635
25622
17354
64119
9603
92479
35032
69128
2676
80504
87643
74980
53585
82902
94338
79226
1895
48422
2472
50161
38487
30871
32322
19246
56797
60488
94852
29683
71903
41986
33878
66265
82676
85223
95739
27009
36724
2828
44881
1458
8122
5429
56591
98579
61720
