2642
4392
20057
84927
21128
93959
23982
63867
87565
56903
43302
63685
24097
91491
34322
38791
36955
81833
21355
5190
27903
56675
1715
29913
42730
40394
83413
71848
11813
49373
93679
1708
19564
99381
32032
54147
13628
52976
34398
4827
26176
30139
35136
17010
92057
57243
59960
20581
99860
84062
84490
79641
90019
2841
63272
84516
21275
62173
6689
23295
13507
12992
52230
99574
76041
85874
28423
2571
9279
52580
83170
86575
25395
11768
91021
37157
86125
60137
92547
78069
57856
55500
65351
16451
88977
82149
31707
90973
28922
73513
94031
26500
79247
67517
20347
62948
33184
5855
15802
87433
34905
39410
47692
31303
92690
81399
26529
69006
52376
65761
16767
94646
55715
78503
51570
13319
