75553
83214
29734
27606
70745
72947
82955
74622
28713
70601
47580
56483
78771
66377
61858
18301
85166
43266
51886
17891
90047
65536
24691
68922
33615
48141
86204
82190
24023
44787
22359
88994
64191
24747
17769
33051
72831
35706
96860
66481
11740
15584
19064
691
19516
8235
11103
5622
85341
71078
72818
19821
32202
98154
14771
57555
5076
12589
79396
60319
55324
7616
247
56777
28805
23388
76130
79313
66465
43561
15428
95975
3540
10805
8965
70877
91464
78839
97368
13928
94536
7458
43298
87695
44790
66053
25001
82024
30839
97428
16500
8808
33761
4901
76512
88791
61366
49303
6413
79789
65507
36770
82289
79894
31236
71768
65844
12105
45971
10671
42842
17472
45981
79005
97052
3423
30613
96578
36917
53144
56604
7460
92133
30876
19757
59416
79458
99764
70428
41713
54355
18602
33324
55298
67885
4929
40583
66630
10110
13389
25800
5594
27773
66909
9896
23319
8772
36906
70104
3428
12427
66307
83836
89894
98752
63005
87142
46854
48526
52012
33473
74633
15961
51643
31595
98486
94757
30596
18413
60313
55464
51210
54140
10417
85242
13650
10347
4955
83975
29555
20670
2772
1207
87964
65234
61260
60896
53831
5369
40400
82244
31035
95825
83241
78352
18314
98980
3021
87047
56037
77866
42922
64789
81441
39704
84183
9557
29706
64894
41018
72846
86395
96906
36116
79983
36243
22657
91501
3148
19341
52724
99019
63095
5173
55547
54801
12063
51188
96147
82607
35471
47587
64822
30063
59731
63904
8615
93391
72480
40388
82180
56865
8092
1645
56015
8425
6861
20038
68884
88477
90960
6084
63840
21492
10618
64080
52084
42512
87298
66270
62378
52902
4776
74090
84995
61288
42548
91851
94793
24413
3396
82970
29707
79305
41547
68926
98884
81219
5664
3232
29846
11129
41528
45525
20707
9214
56645
2001
42141
42908
29470
95304
27799
13068
37201
18163
60305
11915
64023
94685
24888
88234
95633
46225
75640
36876
53274
55668
79329
33409
87056
3999
18132
41583
58318
25553
60185
4989
58010
39626
75316
92947
6832
34130
13767
76443
38867
19383
63797
9449
15807
67427
8944
32529
2418
51791
18322
33828
38574
93431
35404
17194
75391
57640
24170
20565
23185
65405
29622
47097
28854
32855
79636
2134
78175
46669
48049
31243
91367
47399
19276
62097
39934
45752
25070
49265
79101
13069
52071
39961
10415
47168
21772
17136
9658
31194
58802
62728
29585
27982
87433
42677
56434
63777
70885
30554
7868
41834
81671
93709
15805
34330
75102
4302
8606
38973
5610
96262
23345
52718
99557
1958
19376
54481
29087
47349
79980
76005
76304
97336
73086
9914
23865
96608
41368
60740
24326
39310
64250
10918
94612
88403
33083
10776
11881
79801
75029
74359
19048
40169
2778
93834
11376
3099
93842
54597
92011
68995
68552
19345
34520
66211
72120
87030
72330
6735
98873
5775
62531
25407
7433
27798
99138
60477
14008
25474
26403
50983
41153
42033
36840
61869
97478
58672
69271
4544
77920
54073
86162
81975
9116
18897
91304
96860
70437
4092
74077
66707
14530
3384
89292
77220
89958
72599
31377
37793
72806
8402
23007
78221
23568
96512
29201
68146
99481
18929
35310
35896
94142
91305
11640
32164
66987
18309
10740
6537
65962
96856
198
31367
69673
56963
48236
76066
92088
73705
12290
64673
30333
87506
57403
44455
36910
36805
60537
9907
3784
99171
13348
45900
23326
26618
53998
21681
81927
1828
22357
53439
27479
36450
7814
31321
6933
26128
18107
26697
82324
80699
66312
74416
68792
48067
42036
75317
14787
28800
28584
6285
29801
53957
20907
75223
25719
43681
21723
39
56811
93182
63214
11561
11758
24211
6508
92091
20549
58031
91451
72429
72358
81406
39414
17445
1300
51804
38293
74365
8440
51632
51209
49774
25486
33031
32742
79508
47627
37782
90932
41206
37607
45399
5567
69668
73480
34649
34092
71130
45582
74652
39751
80400
32742
88283
27794
22469
29457
79835
34647
91825
48689
96799
51154
17178
3727
49475
7831
15835
39608
73089
63950
73910
71312
7743
39023
40445
40045
14139
41234
7831
25093
35657
78625
1189
84276
78134
56821
68098
80165
88273
58749
58862
56741
20443
75427
60983
3795
90461
20505
24503
12255
63606
88744
72079
89678
60792
5711
96168
46621
42151
8968
24566
80151
58030
74867
57009
20239
47640
58916
64827
18463
5353
77140
53587
5888
60281
18736
94931
45628
51292
34312
67821
28203
5764
79900
38506
54999
43511
62545
60281
9070
45760
73056
18377
66775
53225
28102
7839
48838
92782
29932
64292
20341
63724
83954
66022
3564
11117
48446
3060
32924
43540
62684
3707
13822
7249
43702
73806
24746
95639
57341
96542
18997
84389
71798
74272
54053
36758
