96724
90020
10073
91036
88274
68134
85824
3081
87819
16619
14941
14995
17140
64827
14754
69598
95779
99291
27495
95524
24293
80941
27061
326
92680
16400
33726
22041
44430
13583
97308
95342
61868
83745
62469
84173
57025
84525
68286
41677
45941
15643
6741
98559
28891
58641
43868
70292
54748
15821
96151
48189
95831
69066
61197
12959
93922
88380
59171
61412
12008
11096
87495
80274
15464
99458
37694
6034
16122
66510
93466
37444
8931
12556
35577
30801
68391
11469
62204
33923
24239
72765
29510
56499
47910
93067
22161
45959
11137
86935
59784
60868
78287
32594
932
74658
34709
41535
67678
36197
45963
76175
26490
13328
5867
14198
17744
27581
36794
84055
59094
54891
30424
18698
60041
76641
63027
55906
83818
86780
66523
19995
59262
78303
3030
23433
38762
60694
47041
92883
39388
76823
23828
72165
35866
78899
6250
39739
67650
62126
15444
66069
90997
30520
37804
47730
70046
30882
29723
44262
87598
9304
69774
49657
59440
75195
55404
51302
2172
16606
2274
25524
78162
18926
77338
69732
47716
40451
38330
91994
83993
27919
22614
68912
74324
20077
24397
38458
52611
2779
9172
51750
40653
39829
84937
95808
85853
79171
76162
19534
6981
32091
45300
40580
2232
17189
92801
52515
96768
31588
83808
11006
72493
55626
81815
12193
20560
53103
83974
10643
72761
58074
19029
9209
72257
82650
52194
1994
13455
45980
64522
86375
55776
98546
10802
52944
97083
17443
69464
42927
60283
39762
58043
3764
69007
60220
79779
8860
7939
41763
97504
94982
3651
67851
34798
28407
32359
48761
98788
74580
18211
62426
54055
75692
17378
72669
5758
74826
51624
24624
44434
89447
79934
2166
11730
43299
11964
82934
24838
36655
53056
88966
96896
