20209
48169
48814
88771
25694
33030
20826
13223
38523
42957
52811
75847
12178
73869
76792
99735
91567
23222
89355
35090
50243
6105
14813
59910
82416
20974
5397
11014
12518
90272
45556
42759
32142
5176
92135
54499
40264
2958
23149
51114
54939
36478
71731
38944
16891
79620
22319
7633
89586
29881
4203
43576
61236
69055
77700
64826
95977
31520
45246
22431
99235
81060
36032
77166
87408
11254
41093
24874
49282
62807
57891
45001
7242
22772
17671
89112
63125
4370
48672
9110
6213
23382
66990
71703
74687
21606
23026
88226
61665
74445
52657
84974
16640
65588
2517
2389
66688
85295
98024
35717
75200
44366
41339
67872
92659
67464
34596
34312
74164
39581
23878
15830
46352
21418
73173
82399
30017
77665
74195
60025
15790
87471
83882
50110
74417
88219
51165
5565
36673
49625
29292
2730
84288
79341
48663
49765
70541
47902
58574
24194
21859
83813
1617
77543
27364
95447
31438
64334
21555
76007
640
66702
30075
65961
76699
37780
45421
62123
68220
40747
17359
43894
13739
4206
93424
25408
19351
20388
59361
47033
58682
34627
61242
58287
5789
98908
95456
77179
8407
1622
75303
79031
37085
76102
13171
62649
15010
67708
26036
72510
28760
58543
9013
89112
56752
6303
34818
76175
27129
46813
63264
40049
91554
94653
75636
79415
89681
25830
24193
3074
66813
97726
25495
79443
49607
14949
53240
74324
26116
18954
63526
47052
85982
58082
51376
52669
84937
93976
6007
67525
52031
52002
70534
23651
90958
85222
84097
77705
49368
6622
6891
21565
33961
62052
71118
36363
40729
20475
15745
32568
61834
7590
71427
38289
1991
65361
93659
67575
97855
87996
6759
2817
57713
48949
55722
95798
21554
45844
80315
14910
84199
87583
51786
37238
36574
89635
48737
439
90547
69645
79742
73759
34817
49912
52082
13153
62746
39584
74003
36441
45078
322
27667
84612
22556
98859
60096
7206
16496
37683
18342
63735
64112
134
60281
7829
83869
34051
76469
69891
26297
66828
39896
12426
50487
6502
84856
29237
80588
4935
55571
59274
90188
38723
1881
19648
21387
50988
36480
11753
36346
58071
62259
47249
86811
80458
11929
93955
56516
29210
16322
17574
70057
4121
71280
70312
91728
25211
18945
1053
1491
72856
56533
23187
91338
66931
69772
20200
3818
79004
79769
28526
27380
59491
27027
25571
67978
70509
1877
48555
32120
32241
58683
54170
11097
4775
55170
18697
36542
47585
33606
4748
3462
83719
19766
96573
39732
56352
76395
27718
48407
61389
33827
21020
80479
63788
56680
85031
75977
12504
62779
97209
36177
11162
55
39776
94528
75881
90544
24334
81179
23426
17472
53822
53560
62463
79128
56832
49889
66215
39816
75744
82807
84514
82199
80844
93758
37322
53416
27879
53757
60154
81158
70774
64202
4683
16209
30574
43878
40538
9405
73957
58334
87183
36904
35306
73270
15604
61955
47421
75455
33681
62587
67391
8768
59940
74881
78450
63572
20185
51613
34318
71579
90432
43324
34022
155
6410
37510
11527
32380
138
24552
35608
41454
6528
20850
28416
70801
7540
25769
90899
84599
9575
21566
45781
23572
61835
35657
79090
14534
67231
21950
3193
74274
74615
12834
8953
79620
36764
73777
34767
14564
79419
54651
86781
81777
87147
34034
87411
66378
74890
28719
68027
95738
9334
84939
19330
75290
53208
32592
64575
76402
43504
44753
37646
95611
86086
6470
51249
17072
31917
9616
18940
12469
64731
2893
33284
90659
57994
83034
3699
67974
95341
34038
61677
81065
16032
43281
9448
87040
34516
3780
34644
50055
57822
82315
27129
44986
62344
81769
42611
46778
70562
99203
42655
78051
66873
93692
35031
50412
56365
1494
17580
68685
56483
85112
25137
77730
70775
79905
22102
62730
66200
88065
60251
99727
48124
