77115
21504
15065
99413
78795
68180
59286
93304
99480
126
28927
69672
33063
71293
84093
12177
62391
76626
4526
81149
20068
85708
44161
95137
17927
87684
54113
58305
10294
5397
9526
7184
49698
56167
63708
8000
61996
39950
20251
55145
99217
82099
84603
82782
73423
75724
53447
53467
92305
15609
43551
34092
65423
28226
87252
92077
86530
67705
83349
99645
79532
51399
30118
76230
51893
38706
12572
93775
15047
90213
62783
66474
85065
44946
91322
89659
49013
34846
46946
1314
93716
31863
8190
46424
27109
13970
84749
30225
81148
9747
13670
51862
27341
4493
24306
11672
71517
54195
32407
46988
873
72601
62467
58504
39386
50188
87584
71693
3600
18711
66245
42205
23131
48527
62052
70150
65140
72352
85456
12438
47317
42414
32026
42461
16777
62786
13554
3242
91006
84650
64082
85583
50554
29196
80565
12706
42011
65145
50850
9468
33821
8139
97807
92667
99964
29887
5734
83303
29080
37216
67071
22349
5780
43492
57519
93373
71685
69655
49468
81156
45197
11862
62053
93446
518
7152
3436
47398
1230
75420
40742
36142
23651
95071
8327
54693
98350
18550
69677
28838
64975
4221
43168
1457
89669
13018
88122
9834
90022
50835
52989
56351
63886
90874
64422
881
11951
58554
89069
34310
37233
65375
24605
29318
30865
40603
88448
91346
1995
35765
81293
41931
22709
55509
19808
6776
88934
63557
66076
3783
87356
43905
84107
45087
61197
13209
3127
67750
35975
9961
18702
16524
11163
17756
25637
71524
59019
96929
22430
77282
43871
14224
55275
81860
74530
90355
45117
58724
36171
11262
85962
15640
54917
68479
86010
23331
12497
44455
30003
41553
63279
5300
83423
45791
91773
79902
76320
66669
75065
84793
71912
88486
37119
40048
71035
42032
5160
36363
33813
80534
87325
23446
55426
13357
98101
25538
7757
77250
92873
59327
73777
36620
62714
6757
63002
46061
31311
27310
89201
44798
1653
88182
26516
40620
82413
69052
17942
47505
98221
46033
60835
25252
4177
13171
72116
9964
72345
63372
54482
59897
59007
95892
98115
67810
52067
68922
28759
42097
8659
35646
95232
2507
35880
21321
28699
41275
93083
87136
41929
87171
29259
40480
30663
39630
47995
31768
11218
34445
9994
62822
23399
64464
17798
28497
46201
79508
51729
89893
79241
65607
14192
23804
66357
30551
60655
664
65882
49191
37616
97353
64341
49240
49250
23670
14278
61171
75607
86091
76204
26633
9372
12861
59150
1497
70593
13584
98014
60049
17466
53986
18072
34290
447
18120
40820
50977
37828
67002
59817
16960
51131
37597
81544
64668
38839
44992
53384
95090
21521
94439
85452
41935
89155
71870
82314
8801
22947
61361
60754
61572
10050
6182
1691
34261
7694
20056
76373
63481
92903
65255
2551
87070
41842
12052
60643
98234
62069
64170
76765
53096
53611
12013
6028
14555
21709
49835
59493
68833
47821
9365
96054
31353
40944
25642
56013
88366
9741
25794
19268
39662
89085
7211
94139
45157
25380
56504
28213
62848
61692
17367
75933
61457
70478
88070
34917
35992
699
50226
20835
75591
21475
30970
8447
64954
39458
61477
4205
82970
30384
57323
1406
42161
83249
21186
75026
25031
88987
62066
14457
75043
99212
99705
81077
21069
96565
8799
94927
77157
40337
18908
83682
919
53741
91258
18984
58674
8832
41218
38382
76356
77824
42556
24356
47928
2562
62917
11787
5794
86998
32182
68443
90835
16540
92321
94414
66794
64728
42532
8631
57929
81258
55884
15287
22256
47550
56720
62310
6239
61439
73761
61675
48140
62866
62813
60075
41824
17011
96492
86555
85937
91749
65775
46336
39968
24388
79362
99840
55549
85833
46241
50730
98055
51426
86751
74786
95539
72384
23592
11289
42590
87892
47441
10424
90477
97060
30631
6359
78803
98569
91992
53530
56541
55580
10867
37681
87134
17342
61208
95142
91093
42387
79348
57334
78262
1558
96715
38218
16288
45765
56179
68074
75342
30410
95657
