45604
49609
49413
53582
31238
241
52932
6509
98613
30988
3944
84606
27366
31046
83684
37383
75143
80893
24084
67957
17785
17380
1210
50380
18554
40385
33292
32378
70570
35327
32019
23660
52077
27357
79744
16239
21930
75602
4996
73720
73210
97763
51686
57332
58117
49601
19734
64510
79975
88613
72746
6063
2250
17834
38008
77605
66395
65354
69575
1710
53272
19477
48595
14398
88846
88297
50856
7276
87869
58974
40234
91386
76706
55866
13874
86346
73141
39379
17354
62474
60361
64239
26774
81455
77458
91726
90280
86876
81140
70765
13013
10307
34838
10785
59493
74562
20327
36901
82085
63696
97175
57598
17098
65404
11472
10964
80113
23199
92413
35783
81710
59391
59684
78419
50047
20832
10638
89374
62403
71004
29649
97173
38206
5920
2095
14040
73583
64937
60754
69303
43078
93122
56294
1737
95582
90731
58940
72471
82545
88608
82047
14636
92174
21456
98496
59594
66338
2148
3525
45741
47696
3141
91201
58211
21955
92756
642
92999
83892
24282
95278
82422
26390
27328
85783
8740
92023
72526
807
64675
52257
51156
59032
15204
24495
85279
41915
45753
48878
60910
79370
35041
23453
70015
10729
17862
5579
65989
46279
91917
89193
24172
49187
70032
89630
59021
30160
84496
79723
55791
57022
43564
52117
5661
54611
25029
61945
85855
22508
92972
35128
73819
37222
75588
59551
51376
56897
41649
71970
68811
68386
33782
65504
93255
79571
12058
53043
72821
65185
25221
86601
50937
76464
92523
83187
79295
62288
35348
85660
37541
31922
8757
87027
18449
61142
85153
20672
33037
44681
38183
19428
18888
54174
70658
7343
11670
46202
95221
26992
43136
65246
49112
96658
70577
55162
86018
50113
19435
46190
95222
44585
26929
90450
48743
4127
68932
6753
6012
40503
15596
20509
91285
71588
41577
66859
61808
80830
73685
86798
60679
7224
11976
81107
19478
70141
24776
94738
6242
5782
80023
96993
5651
75311
7456
19573
57197
78378
59908
47675
51041
24494
54810
65307
74235
23913
98056
71258
90352
3110
69107
51286
44275
17643
17895
57053
65770
66340
39620
80150
32902
72799
86123
23990
98426
90449
28086
23290
24243
45597
20166
19626
46037
24976
56350
43157
26193
19285
11872
31200
67045
96108
28994
88634
24708
57704
6997
2241
79827
650
33352
29967
47889
43282
16949
52855
6656
74069
38765
538
45382
6257
64806
54658
10733
90420
39799
80690
8191
63867
72226
55992
32431
55291
53590
53380
31579
31832
83931
77226
95636
1042
18921
98797
22257
70506
57053
52719
27077
67747
81055
43534
58355
39224
17075
71668
90045
38372
96492
89531
96604
72891
44554
4438
88253
10750
83728
68332
25787
93323
28345
83756
42369
77540
78764
45781
22387
47014
37012
39458
53576
16809
99398
23076
28796
62110
50621
69317
71467
2545
79686
38158
2547
13911
5519
66866
74401
9756
62971
19323
56710
97874
5234
64696
13432
49080
62364
22547
39905
67081
89797
69913
94923
22955
1691
25371
93924
27971
95689
93177
77162
27274
80122
74282
24180
92045
55586
4694
91610
37098
90316
94512
9239
90179
79933
92239
16584
31266
76679
7860
9421
46447
9502
97686
58548
92213
75261
68009
94804
10381
78013
25513
82414
87848
5940
33686
46511
86556
91322
2897
97798
43491
37104
90207
50762
26649
79407
48013
34020
61136
85309
40495
73702
61489
13427
69506
51903
5433
14688
56194
22268
43777
37912
76751
11672
67999
27958
87817
83755
22000
50446
15911
8811
95654
5730
3397
94034
84681
78549
35239
41968
41483
88193
16715
24562
5192
68018
40453
81236
95302
87930
93810
5886
25066
77614
24341
95227
18382
49350
95276
44297
79518
22682
9257
92976
98034
8789
14998
76023
76223
35836
78001
16810
16830
62962
66334
42873
49473
66592
77463
77364
16216
46992
68478
69707
30118
86614
76231
75849
49568
69344
30096
9007
80490
56944
35598
75504
52963
14477
19288
67745
53163
82320
7666
47749
94474
66816
37144
68181
87890
24455
10247
28764
33350
99811
67023
18172
8665
34305
47433
87641
33578
31839
6306
81004
93817
29696
87108
76009
40104
6535
43231
71657
95664
73790
53785
33797
16556
49267
11534
45126
7207
23702
57679
79725
88778
36183
17753
78964
6460
79999
99272
5179
48486
79190
825
67371
60366
44839
94995
33985
77571
1671
85252
85265
5196
40659
34741
83155
48230
73597
7286
59902
43709
3062
63395
46457
85326
20402
83233
59156
97804
29920
61514
42020
7627
88361
33283
80529
8633
3062
72836
7336
96466
44192
7072
67726
43018
76544
28838
68592
87836
8386
43684
81409
94061
27436
13220
92891
72423
69299
78657
52972
66645
69043
75343
50083
15884
65440
22108
57503
23044
90714
84024
44586
34390
85424
67298
35299
55939
40547
53646
2236
88863
63248
83815
31214
840
24450
26784
44023
80393
25476
70820
27930
1355
81534
90915
55251
75674
15939
76375
86732
52208
41985
14499
78702
3895
67496
64058
84066
54255
33791
6979
1847
56980
30493
86395
98033
90713
62710
27727
94419
43518
82281
43747
39335
88265
25743
53075
97655
36641
15885
80987
8770
91916
85668
79554
24549
94013
31264
39802
41265
23825
24619
70112
27685
98432
85326
34384
75492
48063
76263
