15285
1648
8553
47906
36511
30104
41901
5284
10874
60704
16470
1840
36766
10066
88646
32004
85946
49607
22422
32365
50724
99400
51837
3859
60548
98128
82361
2682
82104
71747
16589
12001
7345
56805
98321
19990
70574
5239
59081
46004
73706
37089
42154
65797
20446
30394
16636
97779
19659
11197
84350
30117
69945
27048
87634
16516
81682
90823
13383
34415
91461
26668
92780
99975
24484
87610
5152
97693
68361
12069
49096
33874
5185
48622
65727
44242
58213
57339
61941
16743
4377
71295
16867
79283
61920
57512
80443
60324
38217
3252
69580
95516
86280
51507
53886
42847
2275
36838
16032
46420
56102
84774
53220
43444
37278
14945
82574
80174
38981
29319
48309
98873
6026
84895
80340
30103
29627
27725
70610
5565
30888
30045
61400
14418
16020
46606
77988
851
2565
16381
12187
23553
55373
31564
88126
76130
80856
5715
48931
61236
57673
82295
88007
81090
28127
12900
5445
26274
80297
12153
50094
174
38352
62873
75620
6289
10255
62419
43620
98580
72921
44116
40379
29329
23862
36150
64571
11866
35517
25507
92120
10075
36218
95386
4338
10628
28174
4886
19302
4611
96938
79638
37370
61297
81831
90944
49347
45622
42261
68233
54516
27351
72105
37578
55254
22741
97353
62342
54489
67652
84429
45526
38994
60411
4039
83903
6066
62943
53921
30599
71783
16489
28155
86461
93934
93112
82480
92157
32539
75815
84642
29796
73368
49996
56098
13580
