97214
22651
85340
58823
10947
93011
77827
91213
68479
95097
38703
70279
37258
72767
53169
82080
67239
46549
24243
37683
22308
27085
4887
44023
66717
76347
26078
82691
43886
72251
85152
7043
73135
33573
44843
58562
23362
30678
95641
80584
37462
15683
83550
83940
39262
67154
29194
57119
64956
75149
86945
40036
73436
2263
33108
29562
33156
42788
14261
82850
15629
74062
14346
4858
60894
7515
4200
94787
28356
74356
61047
87315
60616
45974
66829
52779
36780
52408
90488
73005
57955
20729
84149
45385
57250
72957
50014
53939
28800
24585
90478
15481
83740
76851
87079
85922
43810
1259
71972
87251
71415
39922
45214
92866
47413
49175
58316
95154
1645
56117
31571
5291
28355
48134
56842
7241
99216
62623
65971
34496
68434
37729
95409
87645
5340
54435
53749
27522
49722
54060
58011
58143
80569
79578
27180
8136
49307
79301
64902
66751
53720
37015
3001
48339
3101
17411
20106
24117
31461
56917
80625
23495
70965
77036
95095
3884
84967
299
30058
78284
76451
75150
13195
70394
75929
98269
47530
6255
39617
26593
46126
16698
34998
4337
4502
73549
92603
33844
7694
17580
57816
89958
76000
97702
23866
2150
49045
82672
23809
58175
18727
46734
38148
37834
56470
60350
70324
1842
72827
57273
64607
16622
57715
82163
75788
33662
40984
3445
99311
62854
50283
85670
1496
43354
35774
40369
65860
80929
32225
93402
49303
13096
99907
76892
78120
12230
49142
2633
54349
17043
46370
18394
40312
4149
38598
96873
90001
91511
76907
29237
73164
28191
88364
83760
7183
34039
75361
48579
40817
1305
46410
93386
82621
62967
48551
73646
34503
77958
3843
87409
29319
56616
13078
5515
96145
59485
33383
62784
74738
75815
88608
79995
38583
48018
9256
60201
70392
35943
71708
59939
62734
31801
64112
95184
96862
9660
58334
92392
75304
90650
4931
72203
79294
55613
59924
5438
707
88025
80366
67378
82621
57167
79051
70102
74757
97436
55087
27346
90566
97981
5642
30477
8610
14162
15449
47712
66894
54121
84252
68998
8484
90912
10676
28508
16947
26276
17482
13953
8780
76279
81882
47446
8111
31993
87131
55714
53741
5468
4760
13498
63339
99801
90163
14081
64036
12758
20124
26050
14636
79083
98200
97473
75519
6577
49119
11995
8728
88600
42335
7272
30444
66222
63986
75368
63485
52316
47527
55917
75411
97603
62613
4549
67617
8662
78760
71137
54426
10131
69650
65379
86545
19373
91387
97749
8361
34344
13088
71135
33047
1508
58151
16677
79559
10459
84314
10885
42301
27230
38814
33372
68109
64334
22347
87631
67901
82096
46120
24629
37613
38889
90219
53044
78631
5683
11051
42592
24056
9866
13739
4463
21014
84825
8939
48431
63118
94803
93332
83481
12636
75506
94591
37666
32876
36065
35545
82440
28572
93407
36195
11389
7993
39980
26371
6596
61994
98155
42694
44922
78187
38665
33067
41008
96403
93269
26035
60622
49168
45180
11193
22229
1538
54942
75088
60793
15558
83859
73678
69883
83432
97122
66982
37729
97677
94143
4202
25377
96419
59999
78548
21167
50179
38674
81121
54500
57842
23677
37142
33445
96879
96917
29233
1210
48690
6392
29635
64865
54656
75386
73692
97242
95639
58411
90911
85808
27724
54356
27887
89758
5450
10399
79982
13761
80363
15210
30645
45452
92462
63358
24194
26249
50203
45083
88538
3230
87759
14058
71667
70982
51782
68608
55403
35442
54000
57983
93650
25994
79266
87718
25873
43494
86033
11840
92996
23814
27066
93264
38143
51800
74719
66604
75289
44880
76387
510
