27534
53969
35178
16784
88232
66993
23149
64644
44313
51399
40213
33667
31637
5645
75757
7330
93196
89925
19286
33369
26043
88185
70424
80767
3828
42156
95424
30436
23220
44981
81602
45868
89186
90963
70804
62964
97465
34425
69643
47491
59149
87528
36178
31403
69932
10698
9631
65233
40894
86419
93223
51862
26771
28543
16239
21943
86063
13965
7558
25636
48096
26956
43516
44991
45109
33338
95577
9516
43927
58284
53585
76092
30152
51473
84553
34371
64190
11935
90412
7137
62565
95741
60670
54444
10198
7367
26793
7790
34916
17964
16558
88928
66123
99538
70888
68403
11458
73613
67843
2789
80537
37390
96987
13791
89984
16669
51246
61578
10614
87840
76721
13265
47036
14225
71465
67774
44138
8150
74149
75801
47960
42930
10575
27895
28964
81245
37827
35742
97893
29304
2502
65252
58553
68471
53160
35146
89959
87792
72533
18844
4439
16164
66582
1227
35757
46693
55051
22377
90542
88862
46691
15621
48156
26487
55361
18625
21137
42083
73932
27997
29285
76023
74344
53614
57162
94916
99420
90862
70922
47455
50406
46827
98615
65493
1436
46228
32338
88691
87153
38278
18131
27026
11184
75216
16803
11205
15817
41344
54828
69561
71518
58617
51258
63995
38199
86090
74408
38711
97954
52658
89070
50366
73853
14131
99489
48029
3739
47929
11525
99993
31003
51927
12036
84244
43937
26706
46786
2622
80993
2420
86243
34512
32896
70591
81533
71848
2889
69988
52489
48830
58361
42114
91763
12595
79869
16134
65330
66282
59490
11018
78181
52851
47528
79772
89436
7061
82351
25813
33320
95951
90531
98653
4902
86116
98811
64657
58880
65092
64606
93956
71666
46907
41545
26635
47597
43420
35543
48743
5778
10249
63918
35326
1112
94091
42219
63852
35199
68310
47446
6719
31420
64943
61856
74451
52631
35524
43466
16506
17931
65142
9909
35299
62381
9299
92388
17160
9573
88556
6236
4761
29713
70175
87346
75640
47968
81783
75092
24158
24414
17908
80337
73097
8377
98561
63049
29008
32175
57062
10800
19398
12966
17472
49133
49271
79315
1831
75981
71442
81786
31964
9264
8290
28417
99852
49504
81606
8455
10028
42284
41773
55838
35971
54926
18668
48778
91708
91992
60848
44372
46556
48742
75049
13971
4057
99720
37279
28948
16828
33654
9930
3182
88190
66395
62893
14092
39399
53671
17458
7825
23571
53778
17504
83411
34224
83361
3467
70763
83048
38964
46499
93568
40464
57941
81790
96016
88218
31126
29367
60368
67693
85336
1525
35955
82007
46075
55543
90173
86166
37998
9219
44036
92409
57851
67877
68275
59265
42098
20156
64658
79449
59553
70953
72367
37241
93546
79502
50998
6480
9818
17352
26910
65806
69215
66441
40404
48810
25692
96893
31936
30088
75675
36961
86874
42625
86464
54785
38874
40540
34526
57641
49176
70646
6628
6709
67670
99803
31698
37739
63723
52470
28961
30036
99235
85681
95945
86549
74445
57032
14595
14
51011
19403
575
64628
70671
24712
29045
52860
98120
50968
93683
77712
69872
7100
37599
3510
4391
98541
21776
84297
35419
80465
35584
38391
18363
17834
25566
85137
56174
95105
82774
44189
71151
96126
39028
26571
73943
24029
48341
51451
5250
47546
81174
54348
99188
3443
78172
92443
35868
17526
50466
56488
72972
94657
54197
68886
31464
1719
