52141
7160
48373
82545
80634
71348
3934
19417
38195
22874
30538
38963
34971
38404
33824
66297
15647
69134
91498
63400
25761
57732
69133
85020
89573
11235
33017
97692
52501
50743
14909
79383
52380
27830
29811
24893
64047
2183
94983
19466
53105
10911
76866
41840
77694
57138
88627
4528
2889
58353
8411
65958
29074
30338
87037
76071
79581
74100
50870
52093
95112
97938
83282
76786
95222
49097
45311
21355
14678
91166
77008
23271
3634
86953
72583
71109
82881
40012
68943
82146
81001
31334
10917
87579
88546
46141
67770
67243
23074
734
46524
3297
25132
87814
46280
5916
36602
53215
66004
97174
51405
31247
54912
81625
32250
17707
96797
6759
8536
59221
94199
45508
35539
93138
16640
58877
8863
70828
74200
37387
40520
94961
48704
47698
42181
14839
93120
14678
89013
90963
56248
28984
22684
36910
29133
27196
65572
34926
80724
89557
32767
129
80283
68022
12944
49998
89599
34775
50344
15349
75826
62054
7300
88175
6375
43496
11791
68472
67913
70725
30428
97426
85499
35015
78839
8269
72377
3867
98825
94615
41632
87351
60377
20753
96167
25933
48316
17420
74675
16510
83213
21831
13901
36050
73909
47874
91532
27764
20894
62000
97067
56723
11664
36147
10841
4950
4979
92354
45033
55263
74929
89105
34513
43899
86414
11492
42202
67074
82813
87811
96851
13246
33387
18981
8130
50952
17607
21695
18812
61294
33129
83904
19668
49311
44850
72800
14686
23763
82291
17563
75227
2423
32388
33926
84120
55228
90272
42793
96768
27903
55816
72022
40010
28810
95830
63589
11051
40355
30557
57866
31532
39588
42480
39472
89407
5517
27887
89909
44131
93585
31928
96172
6272
23171
32735
55873
32033
64948
48931
63881
17444
76894
11748
56415
36332
13980
61722
28459
6493
35856
12826
66464
23725
32905
14283
54783
12242
56909
36296
8836
2095
18220
27914
33738
25789
20283
89181
19649
37938
13948
15054
19187
79225
91063
47508
42465
94921
75525
3772
3754
98935
38852
71644
74575
49658
83479
80357
21590
49317
43467
27852
95112
90618
69142
34687
65618
5175
74681
25230
40396
13164
52210
72130
45445
68161
40744
73788
7258
81110
69599
11827
70140
98453
41078
76622
44335
10863
83977
61677
78063
58138
93082
71259
17525
41773
57467
22138
71955
9625
70918
79011
86681
480
73885
49617
93876
17536
20956
1971
30430
20858
62251
19591
60794
26485
23763
74269
91333
79772
86041
45970
759
63387
18892
11452
82576
7135
26122
16335
35608
41834
86114
67710
72949
10009
27061
7432
15835
30473
42181
21416
37475
25391
38582
28546
69549
65281
40592
17609
45043
22341
83092
78204
35124
18712
92812
34073
49837
90536
87163
5209
53385
10745
89176
34005
6768
49348
60798
94035
86953
77123
63025
33966
57089
73941
78474
66877
72871
2832
9455
19748
7635
27669
19066
30823
26847
13165
68248
6209
56311
88147
34090
43055
6381
42800
15862
91043
4244
34538
72170
18331
92573
19530
36178
36030
35071
24565
63591
37223
89567
99196
38042
51898
17211
54972
95201
88658
25092
20484
66314
9151
99266
2288
60647
62700
65138
36329
69632
63384
64221
27926
50475
14909
74033
33147
96034
96584
25209
83548
42485
23059
52444
97043
48892
3831
93931
44198
10762
85575
6809
40410
55414
15058
72547
51248
5904
40647
36383
71068
6898
31867
74933
61221
2614
44701
63919
48479
63521
64395
49631
32470
