12809
87884
9848
10339
71109
98416
16213
94387
10925
17411
21526
85074
98269
56051
24600
42692
4856
23093
19460
57177
52243
22430
67174
49664
74392
62765
59695
66845
27526
23448
79487
86829
79982
7773
40800
1577
17429
25238
66788
69522
24799
96571
16667
27643
83071
31644
36635
10561
98050
74588
61900
17291
14406
16922
4196
31953
16685
23706
26057
25378
12475
62387
5106
25373
35273
21028
11966
17011
6135
20030
45055
23898
54671
35428
27161
93041
80112
2300
60210
18451
94128
64314
94866
59884
45480
63570
93670
62126
16804
27335
15199
43913
32749
2835
46400
17570
91441
93889
40257
83872
91552
58290
51072
37087
1165
89248
39814
33788
61339
86624
42301
28789
41142
49953
31213
91568
39018
58918
97754
97941
36945
18243
5353
67187
76982
2599
94910
98643
44531
18989
39031
73074
18863
28612
63966
41268
73154
67838
23774
61873
70498
19388
42487
56142
49520
65178
17133
57669
12512
97088
4034
3549
60213
65342
76478
22479
5398
28233
95655
21978
75848
30681
42353
3331
94512
6590
64636
7529
39168
74877
13581
52076
12154
67590
52902
94052
75244
76779
89554
78497
64494
10734
4545
91816
99418
63411
15282
37347
80934
19017
21162
61206
51330
82016
90477
93505
86170
10422
59912
15686
40727
85867
16185
19151
73356
51038
68217
92885
58556
12864
1261
6335
82832
9943
18515
79432
64548
25026
12032
16763
25127
97621
65349
83505
14886
83743
14651
40901
10746
15677
73572
88634
22153
23769
77423
98842
84600
32373
77991
48524
25541
59521
41872
15350
79570
89733
88889
6395
82224
93572
17935
37351
43312
27804
97825
86218
19318
74314
54885
16841
50242
86683
24869
71941
66923
39415
26801
41573
2404
8660
44319
52253
88768
66092
80699
57375
71416
43073
15480
75129
45821
94543
33180
40019
80470
8778
32400
41579
97330
77880
79031
36242
9480
34479
66030
35979
85804
59332
58779
68539
92120
5839
47967
61785
82889
77002
27462
44341
17717
69398
41140
28312
29229
42851
71405
57506
75603
19574
76004
63683
79498
83943
90714
83421
3021
77222
23496
90945
53546
28798
76
79894
37415
20850
16244
16384
65706
78951
84568
81168
50493
19044
71942
82651
77755
91259
44878
51446
29041
85182
98790
2821
24935
66473
76517
79375
19186
51983
60637
87625
64817
45272
66180
60283
47222
39862
46759
54312
93952
91676
51790
1787
47098
46770
49160
11337
44018
88935
88040
42584
88355
36697
46377
32232
10054
85806
88229
9445
38948
74271
35758
67180
55212
19308
7259
7102
72362
54906
76553
84831
14014
35313
93494
93879
66431
63828
19540
9533
24344
44079
16717
64453
26992
37223
88448
89292
86483
64929
31496
43808
67820
11000
85709
59401
25516
32610
71220
58478
15631
15570
90777
35489
41193
4942
63727
19428
26815
62492
72168
82334
45053
86172
37302
13290
66607
28740
21665
9614
89184
66339
26613
77500
92419
42143
80251
35719
14975
85176
5388
57167
82143
27527
38858
64237
98148
16224
73189
49542
27723
34171
91934
83631
46762
3694
84241
85699
88258
9779
57668
93596
17636
3728
62723
48693
53405
50822
34913
74269
1625
17730
84842
217
56062
4195
6084
57989
96998
95643
23104
8572
70522
21445
14892
88316
69963
36974
10349
38397
18634
79978
40955
10625
70021
197
18395
58943
16700
81508
67646
89133
1955
61911
98812
70328
71162
76709
2489
37094
29490
35435
46919
44812
26069
29025
4645
66234
56731
48552
84679
50170
79221
17069
76106
74190
70707
40784
41730
39249
44013
2700
91537
7582
35335
53999
32165
89948
10717
30074
48430
45206
57419
14989
16786
21537
65512
28280
87877
95124
97906
52691
46130
81283
71674
83899
39527
15513
21910
41313
31452
