28327
87888
87828
73940
69177
13137
89309
72343
35255
18131
23336
4271
82868
9131
64731
98460
64513
38000
49234
57286
75739
98382
46931
40906
84276
73737
58892
69028
10518
79639
47477
29195
70544
91725
64958
9514
95681
54128
97896
89759
26687
11880
63902
69166
37707
17170
76804
9087
27398
65593
80383
58692
8475
49591
45990
38766
17380
1546
93353
34023
16475
89009
25727
88785
58625
73836
21986
4314
10319
28155
99385
15434
99741
97308
3970
21739
65294
61834
19880
25214
65327
20294
69754
25266
41735
19117
87142
55015
16130
97243
13830
44307
46602
9767
51722
68777
92509
46563
65807
90977
7259
1001
25501
84998
12908
39491
13432
59331
50559
14398
79849
85609
82539
88952
71929
65389
62448
36392
25485
26381
78239
17224
78476
98740
63206
72102
74145
15172
90486
46302
77330
46492
61628
50124
12296
66135
99374
30461
43578
92200
45698
27913
30612
76444
55958
58452
79140
63744
19624
8600
40274
69413
81983
40667
71811
83362
17599
88548
79578
23506
64301
68170
88929
83961
87310
70977
77919
41270
3491
87229
3365
64975
95971
36570
15645
43103
9966
95660
1286
27176
32774
19329
53410
39320
37914
8129
25588
43098
31528
71331
22506
52094
26413
22780
53449
85584
57617
42050
14366
44451
64444
75811
8614
84878
98829
68480
8429
65942
46186
31217
54862
37726
41400
84831
99697
47469
86875
55866
8937
12307
37302
22875
47782
43018
84619
36374
26601
77177
64347
43877
17337
78789
57539
35882
51983
54293
76247
46703
9339
58334
93864
17560
20008
77023
85721
65517
4703
54377
81095
16441
24763
82586
71960
85635
13299
15655
13299
22784
17917
28111
56459
72513
84487
20747
94471
23914
12758
17606
97193
60845
85470
53702
36405
36560
47913
51535
27822
97763
40409
37687
81970
26490
8698
88115
98092
80329
42483
538
52458
42726
83139
66108
38870
73316
77542
10164
28002
13181
34803
12274
91299
15392
93602
8293
84854
92534
68362
15975
86454
80932
71603
99475
26360
19505
11705
26244
73697
84283
93150
23001
68352
56638
82317
61055
21836
84735
92496
28755
69164
94861
74090
88787
91348
33327
7837
20516
10138
96516
92926
48817
38012
48304
26156
1590
31405
7826
42977
1722
40901
6410
30589
92664
50594
15827
98487
9998
39900
86462
19039
79490
39912
87645
3113
18779
8472
95697
24165
38275
69113
53244
52811
65979
82491
82240
56570
40077
49720
14074
44604
46112
82910
25037
86595
61899
97357
21891
12363
92989
7414
18158
77549
18190
17783
82325
90846
91902
41154
62823
27513
723
63957
95009
68662
64456
78381
1185
17430
40192
82887
29049
21741
1651
60091
11086
21997
95360
60883
29631
94971
16976
15372
61093
59597
14935
12351
85897
25464
72411
74003
24151
4441
48847
55231
33494
12842
29400
6716
75992
61712
62722
30755
81949
78985
54677
25036
69068
96177
94798
20785
33413
55785
55703
68513
61177
