70776
2037
37275
65702
20501
60365
20620
51308
13315
84739
53456
16047
5697
58332
57932
27575
35975
14265
51333
23891
22871
86463
31294
41357
66727
42020
10053
65074
70935
62069
66479
80413
56666
55400
78351
98991
92720
86803
42275
93899
1944
75652
44143
94827
2534
2499
14710
26977
95983
28202
84159
17218
87774
67850
26444
38126
74801
31474
76315
79440
7491
10111
41001
77964
5610
99576
16444
76012
92023
75609
26696
73172
60409
61448
28950
50784
97197
28061
10915
45572
98930
61256
779
98928
25329
2870
43815
83631
41422
55463
34727
48712
81172
13926
59126
4196
33699
62767
99257
50902
85751
62271
58041
59827
76403
65259
80344
93762
5380
19174
47322
21168
57327
72137
75461
39665
34159
99105
2989
40591
98287
51937
81682
84186
69341
81103
56147
40051
15387
6137
47205
44256
85580
87931
3275
53457
31946
98410
19422
13943
37664
7769
75996
29231
78682
64552
94233
21770
81266
93056
38639
90059
70818
8258
94282
43115
19671
98078
43654
74002
17793
43144
95085
47863
13389
30399
10353
97023
15590
17202
5632
56895
5699
92603
22443
96602
27307
42169
7920
18151
67809
21632
71079
81905
35194
89983
90957
57535
69171
23876
74527
42521
38771
1234
50025
51016
94999
97766
5312
80565
16905
12033
47399
16644
39092
5423
47577
8724
35186
62701
78754
72621
96212
77019
19382
51224
93996
35858
45989
18378
74598
25243
55623
28646
49692
42486
51027
89577
77101
89275
94281
22685
53430
65944
83351
38404
46734
37877
86628
12524
91057
36577
25856
45082
68555
60951
76250
88544
10354
24385
37467
91214
75821
77541
96498
84103
72928
56483
81020
57183
47267
88487
49192
50241
67805
55726
51903
2802
4837
97247
69960
80710
45730
65055
45242
56477
77678
92769
7909
34548
30759
47456
76579
22343
18370
37398
28356
67644
54240
80191
22262
44791
87431
7315
42399
87811
97860
81624
6472
84850
35105
96688
86365
95246
48049
36676
4896
88616
14197
9112
41401
4123
92959
16829
42908
40212
30916
96107
10374
60235
39647
29039
53741
98341
60684
81492
87204
95570
96448
51733
50392
5802
21427
17307
74381
86556
99551
88577
65672
22374
35301
81999
8765
17125
23716
90656
9753
23567
79177
86156
77919
35301
92778
62609
36776
76680
17693
60347
13412
11663
13163
36973
94365
33003
68084
49487
4041
20799
67279
15354
51698
68295
98660
17741
71637
65224
90530
90357
74849
44473
29669
31384
62143
97800
68006
39764
97197
34704
60191
3367
1158
74088
53338
30396
45702
89663
11144
191
22038
78849
79537
26947
90697
85526
93348
47402
69391
24861
31932
74277
40246
88729
15185
19624
22816
65514
50919
74082
59078
89277
35201
7471
62539
55753
16680
32198
33623
85711
91675
34739
46718
60904
77459
15732
8750
57322
82149
40818
14109
29077
88132
88372
16889
43884
33932
89295
38947
67954
58456
42563
32825
69596
63406
32689
92764
26846
92448
21952
41120
80088
86886
39645
92436
12043
5564
16420
69292
49401
53785
42506
78655
11308
51537
55231
43095
70249
30448
32834
21560
58946
72353
94105
74850
66760
96677
93102
14256
5782
76185
4012
32362
99152
91683
63886
91223
31006
878
67749
19971
54647
32500
14599
61995
11908
33510
96838
1655
30362
75734
26625
69028
24630
42269
3872
75385
49872
75137
86402
2598
67099
5417
52140
97478
57207
45396
55230
18613
20045
97003
75223
25642
54611
16791
5267
35691
47381
2175
58689
54655
64222
48190
1807
77091
19222
67526
81367
95095
5960
81943
62393
9937
21430
66323
56086
16005
87731
49953
41368
48693
61364
11597
9965
75588
72631
77329
24510
37749
32576
93404
89350
52498
5655
52021
88244
60701
62330
49731
10267
60186
11449
16145
40698
99271
85748
13849
60053
80820
99768
40914
23648
38128
5149
48171
89315
70516
32116
55733
84728
83223
85005
32093
75853
24642
58730
49710
56264
3489
44835
15782
53186
71666
49552
1316
21234
71343
18745
43748
49824
62054
12435
90118
59029
63848
60377
27592
33884
73865
16800
49433
1209
24096
75203
91033
48555
40165
39934
45393
639
42541
72925
12330
23740
85320
18411
35392
12837
52743
20389
