13899
5548
57994
78374
86103
80565
15049
24424
93379
70700
19979
90203
93301
49902
74010
47015
50410
18997
74327
79972
43629
59308
64476
10617
38138
70085
88674
91436
9259
22153
23521
7672
46151
45390
43652
36983
57210
5529
25824
12106
58335
14068
48130
92953
11661
90728
18134
73905
83077
24413
93502
27127
15656
24481
50823
51242
1554
21009
99503
97130
14768
5243
19654
22176
7776
97383
54019
66108
36367
7528
34959
33853
49040
90036
89936
11338
52307
603
49635
98941
42135
36371
71331
17853
52879
19049
55278
23325
14345
89594
56976
72655
69525
72459
82778
99720
31756
15884
61715
10120
89371
5580
93509
59450
51349
94788
40333
53479
88312
13744
1041
97323
54500
51569
96143
19476
25364
83938
1125
22972
91143
92622
50037
52721
52642
35930
65839
24189
42535
69407
88316
83266
11752
12715
6025
63109
44905
2688
76987
70122
97716
56877
10948
8499
43723
36386
20549
54565
46517
90393
82080
72073
84288
86092
3
59355
56279
59644
10870
175
42678
76963
74242
48084
23985
3055
49884
74994
87975
42349
40327
62701
81507
47614
18161
30134
46897
81067
44290
60466
22464
43340
90629
55924
89233
91117
57495
91016
61381
97800
62726
4371
65845
29325
55413
93504
64863
11947
99985
86570
35200
91378
41923
77848
56820
43098
22160
33751
38496
93753
57308
50531
45747
52403
7747
8121
729
54996
82022
96452
20384
86717
128
54520
98240
62467
57224
32958
8716
98288
64249
3773
26916
71864
77244
841
45937
37474
7313
12598
31373
79474
79516
88666
53956
3319
83505
29439
65105
87190
54957
38149
48389
48331
69688
5890
91742
61185
1641
81565
15755
84555
73065
60707
73529
64933
1806
52990
74914
32056
60015
44939
64940
17453
34269
52517
21595
48375
17250
24415
29829
25540
35562
78396
56339
59785
82665
11025
93419
41551
31412
36043
60792
5913
76689
65679
29459
1086
51819
89198
4851
32783
78617
76244
96642
14723
53330
92430
18649
25677
51430
59672
78128
48127
44987
82329
63510
80803
9888
91704
11482
71083
59105
50244
32000
7585
80120
26375
81381
31866
58129
36435
42429
77004
59383
21209
54025
73962
32318
53354
695
92600
81796
2480
88827
59249
68168
66035
22775
66181
73477
80473
63755
93288
40044
93452
94786
14041
91742
58913
16221
29338
69623
22224
9211
3653
99103
65187
60460
22336
88341
2815
23730
25025
92975
82790
99489
46953
17294
52197
47133
44496
24114
83294
68139
80988
23663
95173
27034
44889
27326
51447
52465
51473
74397
50938
90725
67526
71644
85700
17469
880
5652
96944
77905
12683
66162
47021
63099
78995
33118
99762
45974
65049
41086
12129
55368
39216
81687
60009
46893
12143
96222
48877
57673
88495
92243
71625
70763
71107
64915
95022
76926
50767
13804
10521
20001
53620
63646
58599
38750
46960
42123
40456
25340
76506
1720
16625
15652
69562
97550
66455
70121
80200
75308
66239
49505
10645
5726
34698
55329
81162
47690
4427
18230
83844
13706
52866
90324
23957
31102
26645
7247
9066
79633
44514
31208
2483
36452
32458
4354
81414
77800
42309
63488
11705
22031
66905
41936
1781
34397
2619
32520
49439
95801
76652
45565
90663
20109
58996
16460
36474
9070
47413
40682
26661
87819
20388
50388
38958
57180
92253
43603
21579
69139
80510
82126
51773
23276
90755
73534
42105
43321
74831
40403
36678
28967
33081
78368
87595
67040
13100
78676
65268
19004
88216
91558
61158
44297
86762
60906
21984
73673
74112
55518
54792
65318
65046
94113
9171
36663
75260
59450
45077
80404
98230
91264
28646
39853
99489
55137
66361
88684
57577
59197
89738
77848
56973
21237
32025
23293
80736
85353
79384
56279
59957
72384
24388
88686
87653
32608
29868
78575
74914
37599
15075
64629
80964
23211
1164
69515
93591
26089
66761
20586
80506
15197
19530
39924
90017
67780
34519
45990
31089
5117
3846
49302
95919
61307
47648
95216
34868
11830
34997
78410
93506
1992
92986
69435
52120
49358
43236
45105
51497
78618
93544
47767
4727
53582
21129
6034
13097
13999
76448
23303
41119
62937
48129
81704
52400
59197
299
27553
73038
7185
61243
74405
81559
16945
93673
4748
11060
80604
61414
54119
50166
21929
47307
69587
9357
61252
37644
70436
81637
26392
57235
17977
27798
85906
82694
87653
31561
30112
78583
7524
53344
18336
70059
48864
33352
39256
56936
95680
42926
41012
67421
6617
15410
89516
38910
46524
8154
44330
40915
38687
87990
776
44399
1558
590
28346
