35569
88208
63045
58061
2663
68135
9759
24561
82257
43914
36814
23562
7803
40449
10741
21288
75232
86206
18102
37779
42050
21950
4566
46000
7786
60069
56329
85062
88392
46648
83358
59700
45682
60283
38101
45724
64317
43448
7010
16638
25993
52848
95068
55670
15838
83500
37003
98598
83851
29978
30861
65232
13776
34288
71902
20884
94849
78756
16052
91474
59875
90022
49561
51791
19364
41508
9641
39761
46724
60663
37028
14532
38522
28189
67313
99726
31110
48644
44598
35951
9617
26764
10796
43371
15431
40692
84158
88498
44090
96319
80462
82367
94587
77735
42802
61630
84566
57489
82917
35143
25966
95375
16735
57772
39677
40170
15684
99647
4552
17167
27014
18294
68582
16911
28324
27931
29446
83809
33975
96441
30564
82357
24205
84
14937
48258
41806
16001
21619
50257
43211
31028
76510
63352
24092
5322
55891
26435
82464
27654
68299
62785
98919
74966
6808
25441
76241
44320
58304
80631
24565
63115
39725
48762
13265
45794
39179
56899
79999
93979
59329
8165
39969
43620
7166
48796
96520
54764
94651
53466
72323
86485
7601
54441
57389
3527
77642
82568
74876
3270
64194
77705
41905
85344
37218
98667
40400
84468
14074
38856
31606
90801
46516
69059
36375
43084
95759
69156
61055
25139
6832
33500
24975
50214
17530
31621
37582
22358
67199
84067
66169
60613
89404
59080
35268
30167
97711
65904
15699
52235
94592
50019
38967
7944
23047
48970
11855
43923
88380
44907
33792
21308
21231
19202
27155
76653
68511
19994
28232
83589
30170
59122
29772
75104
33955
65826
856
93368
91494
94017
90657
14307
52253
90354
28801
41896
25755
63334
26100
51425
81007
39202
56792
69052
25717
17143
16545
69075
11807
39308
38300
97384
85166
33888
43308
51595
35457
3829
67795
60
17910
15186
37174
70000
59327
82111
98060
31260
77420
53556
93805
24418
82463
4010
5792
54667
62734
38417
53004
8359
93819
57808
44534
59204
19647
99902
835
46508
41952
70621
83730
96562
56282
10596
87643
68627
84364
58061
8022
32057
72726
62307
67984
65269
48264
42235
22052
24674
94616
65679
37203
57729
23284
23501
78035
92901
29263
12879
60435
93347
28635
54929
58860
34781
51718
98015
80443
65483
34773
22721
65882
42400
2276
58614
93623
67109
58365
3056
63365
35679
42580
21335
78618
98005
11151
24201
38291
45178
90877
23824
99004
7467
4783
98955
78328
15279
84350
20184
35337
88336
14749
81618
576
86501
66173
39346
72706
24181
1459
21851
49019
39447
62639
42007
98594
19267
19611
2423
21936
78366
48771
73843
32900
44695
73387
71962
23394
83129
11335
185
24704
95994
18384
78718
77671
77709
18271
78466
31709
23191
69997
622
56623
29217
34216
50201
6386
26249
63838
83911
53008
71762
68286
40962
23387
53318
86122
3630
16021
58763
95635
82601
23816
63733
21491
97959
35937
82673
46599
69907
90307
44188
49790
3191
40983
78633
45598
40618
54175
93867
69502
83696
27302
63186
28563
49241
70677
34673
34969
7635
32471
30653
70250
54569
19142
21603
72788
7699
4418
61652
59930
20267
23135
29310
95102
28284
51801
95778
82177
6966
88927
39915
32098
50905
32570
87090
66881
34240
56400
88593
24758
1927
96131
19424
48501
29614
7509
99790
9691
71073
85351
53502
87123
24277
8126
69690
34446
20513
62763
32513
36106
10242
31540
78871
41573
94030
10611
44382
13150
14714
92180
24139
580
52542
47798
14856
91845
80516
88556
7845
48932
82169
68642
24288
93650
20340
56367
38431
97021
72443
9914
26810
81124
89
4917
51362
