22600
38346
57931
11724
45647
62368
93087
63683
86729
11703
94472
30275
26672
73614
88019
94057
55496
91567
17646
68680
66300
62024
9449
6392
40621
91306
22285
36710
65786
28354
27460
12926
51344
20754
11240
7174
70849
15169
44203
97594
5255
18935
42569
34975
13958
99633
80078
24020
4041
23481
32123
85740
85235
94352
14074
35227
50688
92174
16313
78168
26896
33200
74076
47341
37428
33576
5402
97968
97348
65400
48522
86768
68704
70864
79139
37567
78340
11039
39043
76111
51087
95246
40877
8600
43741
27497
39578
76812
34419
60385
53661
57730
39955
98993
17369
17679
23478
95949
65467
75193
29979
50797
18284
91656
7903
36608
53725
26893
82963
19858
41217
16365
47403
84492
13869
96844
93843
61354
48581
83071
21209
57303
