85773
33308
93579
25864
82913
67388
50720
17856
99086
78691
22417
56110
12284
58941
94279
86284
31715
18907
63992
78155
1869
19253
83171
1151
53988
53364
64486
75969
63297
94849
81741
71413
3780
43170
34167
38699
89904
70482
57228
8042
69104
184
7748
19373
99457
13205
37450
2629
96113
18054
36046
11032
12744
85055
70201
28739
9582
54732
61247
48130
93831
70203
69645
78681
50388
50296
2818
62122
44184
88202
53416
29339
85555
80548
19405
31862
87
78507
24480
19353
64104
63677
80561
48993
6030
57777
25990
4665
8980
22624
28031
8553
58565
77827
88994
77517
80987
11390
30765
62329
35617
95023
1545
81803
23709
69703
59008
21115
70713
34884
73173
84282
78010
76306
25415
43822
97374
6403
18730
88827
61527
58818
22743
35829
54724
12493
75160
81275
36470
29145
30904
96892
8053
55682
21593
11947
922
10563
34520
66988
33821
18636
16286
10522
41518
77308
73798
79542
22438
9554
77183
75337
47019
34214
25632
96118
5582
15207
74276
18224
94008
44052
61615
28917
1944
86188
20313
90712
37343
13755
77569
58441
83664
97026
67735
87718
26092
13397
67421
8178
57200
32775
39612
33587
90515
29731
74427
58320
59222
9440
67967
79148
97730
93944
69476
47073
31409
75669
25678
64217
66111
86103
90714
80101
17845
25003
9975
44357
92957
77178
93553
90289
34158
77621
31762
3980
3671
5869
38714
46713
85694
12466
24147
26848
17446
6262
46761
92069
58548
82871
71757
77497
50004
99410
28326
73061
89488
79657
56501
85608
71130
46317
26049
91093
47646
59587
48549
45284
67868
15389
47496
45492
65021
76336
43118
71202
56027
24655
72336
10561
92324
41541
61046
68857
41896
26382
86358
74528
43436
2383
55938
20360
78230
69431
92577
96714
22383
89038
5076
15230
73399
77116
49744
16559
98976
34334
45648
85927
34981
11261
69491
94368
83518
39275
77359
23723
7102
73659
50717
80355
83158
93549
16850
88786
81762
25843
42440
65836
76829
15302
72679
75312
35774
36445
12811
20418
65050
63908
63168
24926
17135
77674
23099
24289
13771
56610
19891
11379
54693
4092
80443
59544
23899
69404
42161
78622
56047
61159
71075
16994
13393
1679
30220
99177
9261
54648
42110
29850
69770
88408
18401
56821
67742
8347
83791
36032
71230
15993
84620
54968
20924
68740
79466
39003
98679
42682
36446
40353
1894
40178
53722
71076
42303
67141
2610
67153
8589
57584
82825
86947
70639
86188
19073
55124
49461
63576
87239
75306
31795
64854
67184
32361
79365
37845
42509
31957
88878
28264
29549
14194
57474
41921
44648
73523
65322
28300
35130
13627
30489
13178
75178
78484
36589
43498
53125
45838
70740
93802
80765
64680
37524
55358
79018
8391
23547
45613
93011
76844
83220
40010
34503
76417
90902
33158
75245
1468
78121
37727
59795
38092
98886
12873
49711
75642
77902
48052
87647
31588
92716
27317
2468
91208
77484
31539
66744
36924
59143
78099
74826
57789
23786
59187
22288
87410
54423
64072
17149
25814
47057
71076
28990
21362
17957
3276
71521
8006
59932
38062
87453
73572
82042
27875
77408
56416
48996
55277
6692
70239
77163
33715
35720
37461
93242
59481
58996
22413
97272
98042
42568
16719
88917
74658
32778
91165
59845
87211
12284
58943
20583
37403
23445
25461
7782
87564
37643
55114
70109
77854
57872
19556
71400
86661
69237
29077
83280
48095
17149
26666
71523
56495
75991
39714
62614
26436
99889
83388
47987
1437
51895
65698
46943
49847
61759
44583
87330
9239
85814
34461
66711
73273
60256
85037
75785
74458
70772
24744
56926
31978
45934
97853
57801
33973
77487
85505
32946
11180
97669
61477
20309
35121
63897
75835
23275
72584
82251
53229
95312
49135
82862
13191
8753
10615
1868
10819
38048
60858
12604
43389
14064
80690
18676
85042
56675
9572
80701
94915
79263
28440
84976
39905
61663
39338
39908
17299
41474
38143
61089
83767
18998
1263
33037
37148
33061
49306
68138
65708
22439
26900
4380
23410
53307
6241
4876
61100
73456
39832
34140
73881
76513
12547
83784
15939
76486
54567
81805
54817
79796
87923
71931
7372
10065
56704
99986
9502
6687
92775
16133
52237
16714
7344
35213
11867
56029
46589
6985
94479
59318
21723
94167
11392
60266
54560
63198
39098
7817
82768
44277
46593
63021
65580
66743
19073
47755
93481
85605
22272
21673
59826
67643
48166
6864
72534
32288
60054
94990
35777
88791
63848
59936
8860
17743
5995
68730
133
47894
36127
62885
74354
19037
45082
73489
95528
85406
67451
20098
78154
99100
15415
72204
1409
94558
76125
96579
54199
88581
33154
6952
42191
92762
94273
92712
65921
1674
43014
13062
25838
53823
76615
33324
65725
2524
22340
54290
19142
7537
86229
9375
64268
25649
68377
76389
35353
65740
58497
36700
8637
67953
52636
31063
64708
17356
97690
14637
10384
23042
67640
84317
68976
42072
81054
31823
38362
26980
38883
92052
61414
45513
11213
58318
15621
38731
41837
30991
58002
16106
93329
27507
6990
88485
12304
99493
24359
91790
66637
26262
78859
39947
78070
79622
62089
3749
22468
14661
7643
62786
13747
52227
54456
13305
23431
93876
12554
97157
59185
99623
14512
94730
75695
63401
54324
91737
75196
82812
70329
80893
17638
46588
76805
18996
67393
37490
77315
95293
32702
12778
56609
95947
32056
53528
26419
19247
88227
76785
79144
31018
5296
16389
50944
83309
33251
31483
25029
47335
44265
34054
30769
18525
42705
19036
38819
16949
60148
73570
47107
8956
33051
71552
42432
30948
23048
57575
37654
