69873
14106
77074
45836
42125
78494
12143
93933
87230
18676
79196
11099
47958
14915
71064
38645
90819
40917
73421
39538
1635
87822
69284
19564
7647
28013
2288
69225
28114
8569
16873
82524
42652
25119
63658
59337
38324
92311
13490
34051
87616
19161
34958
22209
60273
75998
56134
13519
6724
12328
2594
9674
99516
329
35593
90710
19949
84177
20299
54387
61755
82130
15778
78771
57761
51907
72404
57235
19813
99719
26473
27878
28121
21281
71485
8130
38391
25765
26274
77082
76432
47427
86704
77572
14437
49691
28665
55294
90578
965
22331
12354
41893
78341
28490
15694
73737
57421
53077
32279
99280
40513
86766
30859
33042
25161
80721
35638
55791
59506
93659
81247
81216
54932
22675
93908
57515
31188
64496
58688
36574
85625
48774
28273
78219
79713
85055
68098
84538
78435
15440
6688
13795
52941
59253
42699
26698
3378
83118
22430
72596
79045
57758
15575
60837
61769
20036
40924
96037
42065
70221
59437
33591
53138
55651
1531
39080
2823
55163
4870
50952
23778
26087
