51875
45195
64059
2933
5014
73785
58314
56936
89475
59768
97115
49596
28752
24567
92544
34963
332
83629
3882
47615
49361
79221
16392
98088
14327
97472
56419
1759
69891
22214
43563
40599
34653
5817
75497
41678
65516
91654
75654
82539
79754
75566
2452
10946
75059
82756
34844
8534
40159
33913
68747
93145
38529
41542
81715
33847
44431
29650
18076
1944
78859
48329
41886
57361
30514
44186
5860
94744
3868
21306
76372
44602
97450
94098
46705
45939
68493
31030
3171
99444
95867
80460
40591
98490
58766
51859
63224
68013
52145
74604
22646
9164
14683
79910
97142
7579
83348
87935
72693
14714
97793
49888
45158
50552
95186
30490
27536
94405
12005
76123
58272
55648
53891
15948
30986
68351
37590
58801
44382
5009
89109
11521
36272
16100
91198
11987
59780
87723
12963
69694
10935
78780
20257
57848
30147
64059
12687
27406
9135
28107
91468
56412
86770
98325
88778
43039
44857
89227
83979
84099
7515
16263
33977
42840
91805
15188
69109
70484
80164
66379
94942
28532
28861
57374
58999
58373
47638
26692
10598
15791
96899
21145
76722
18499
6353
87506
70808
29224
62147
66887
30983
21306
77101
90771
44304
94425
47335
31038
48346
33335
45668
19349
99910
38122
3463
17150
36043
66947
47231
84714
48142
97617
90593
47705
48410
3544
75278
64650
45278
67790
2231
95562
48660
10524
79533
69499
24406
89098
26187
16218
77589
89154
57593
31079
33573
53377
87367
35405
42782
25034
33679
34912
49772
88351
73074
9927
38765
13807
54548
59522
60239
8231
34138
49861
87042
59815
86530
53288
90743
74641
45988
94149
7296
20044
83086
74728
8257
82947
50091
52044
80956
90143
77309
87782
11259
38028
25610
25681
11609
6338
29690
92453
5381
47095
8380
43155
91674
19255
12356
71335
84039
89033
19896
84254
16191
20808
17684
8566
74781
6528
19425
75386
75072
87354
8854
18428
17772
88313
21690
38205
87846
76115
16867
83508
79173
8824
5646
1353
54283
2641
88641
47644
26972
4277
86787
81038
67760
773
1166
99974
12351
90884
41344
44121
25865
3434
25236
25676
27827
81165
99158
96926
78831
67111
91062
28474
55719
38335
84269
67130
16909
91132
7746
90715
94923
10955
14801
55731
45675
35966
65568
59666
73892
62096
15503
50546
3056
72879
46168
31970
2300
63748
86687
3291
20037
58933
51332
14350
78309
3572
36783
98097
55478
94635
73966
2753
80295
73037
97923
33654
13261
85668
73815
67891
8627
3121
61588
78495
26008
13122
42056
17384
76357
97301
87498
23761
44646
47111
64748
87022
28529
84034
8922
51713
10416
56902
28473
39037
78695
87086
236
76822
1519
36852
58456
42561
6516
18473
71676
26135
48970
17437
56674
86095
54182
3384
83002
73453
85521
1350
99627
82193
67752
72718
40416
59009
41299
93516
65450
85999
37709
51855
99667
49634
81325
76882
19911
41613
65357
19542
31027
66573
62976
7574
3115
54606
35852
54618
41010
33581
76685
4678
23938
13205
32690
1346
36954
67046
7011
40056
208
99535
22125
48521
63621
45695
68124
21371
78464
6543
76589
96645
56990
96849
87851
66958
28590
96726
14711
51257
52507
67034
8596
67744
42960
9657
568
51437
79102
31619
9782
134
57095
58797
76942
17581
86927
31605
74436
999
98331
98952
26790
52099
98864
54932
16354
63989
30656
25341
1673
27248
43342
34477
48997
70292
61940
99051
97442
47661
8918
92559
95201
89636
67318
71151
97582
5055
69163
82868
18735
74751
1747
74090
96679
34051
85736
10630
63000
8582
36305
60105
51312
82330
71800
5625
47047
93923
18540
92654
88764
3751
42753
34301
85520
92199
39874
50646
84693
94882
23855
30921
73241
20507
55169
3616
76380
71690
60668
15559
91009
33446
15343
60327
79992
86200
12985
40593
31407
46164
54526
83274
46843
60171
58372
31305
33636
13411
4695
18225
97118
4014
63609
50616
70370
78673
11138
3660
21805
67245
42943
22564
26194
32523
8040
37603
73744
71889
98460
64602
24376
87576
40032
96009
72620
78536
12076
60324
35765
92467
38431
426
70303
51594
14807
54531
78714
97556
64833
13269
14658
53331
3688
88375
66177
3103
58450
38499
40625
63429
21925
93119
1939
98109
67739
57293
97031
44713
67094
8919
4364
59414
46945
78637
10356
63201
85975
40247
5282
83379
2683
97173
34603
59078
96969
97388
40822
78024
6116
87875
62943
53981
30287
14381
2229
77188
50549
51471
52482
45131
95823
47156
23378
99979
92547
79676
75718
56834
72088
46843
63193
45112
70522
18452
14842
44839
82153
6781
80359
48536
20766
17030
14390
59432
45199
39050
98023
15212
59348
33982
23858
70987
41485
15272
76926
45659
72246
2487
4924
69721
70881
57282
11634
38126
61540
67001
54216
88522
39962
27563
33307
77475
73713
49400
48876
28851
87437
80
46649
2132
32006
18410
7812
99983
50708
29054
7789
7017
38365
85829
84668
64029
97622
75649
87234
91493
67316
36336
91193
21462
1643
27641
44483
10887
75717
27816
95740
40110
17827
10578
79339
536
23904
53414
8239
72832
44158
44515
44668
8017
50925
73091
4172
25524
80427
85964
49517
3078
30554
7238
53042
55441
72373
28043
8115
88011
55694
25246
96197
33694
83244
30635
69663
95895
61095
91854
34776
64128
66550
72359
90802
63684
97198
56650
92150
20691
56130
53421
14895
43500
82369
36783
90027
40018
65547
5677
19732
33372
70038
88399
79062
44887
95026
55535
42618
64784
84178
40688
23478
89181
11586
27709
89348
13689
62381
7468
25697
81078
31308
74298
91685
1025
43256
82746
62677
74504
56479
18986
88676
19482
27539
36068
79731
92177
73980
48590
26910
67373
3078
38626
62161
8809
61322
15222
40652
25228
1190
14076
74031
1886
7798
57804
84855
4645
75704
17453
30991
51337
98529
19834
41056
2411
22839
49111
78299
35540
7317
76268
91282
28768
98340
50140
86938
11272
47976
5699
91815
76590
7142
41239
92510
58732
80761
6129
16484
47503
63245
29965
11769
9542
73949
28360
39133
99321
32565
7756
60399
92015
41067
40
88760
43585
19698
67267
20899
37506
47338
85751
76409
67902
85282
82002
55997
8215
75156
6604
200
76571
79323
31061
27937
26520
12762
84590
63351
8993
42623
42103
98603
67909
11591
9823
96975
289
65430
54602
67377
77896
47804
20116
83018
43174
11772
54253
96719
99327
23877
85441
58814
54833
42980
40661
67706
94012
6724
16221
16337
