10307
39183
27412
96009
71250
59422
81147
96552
1497
74609
5622
99105
93433
80338
1943
56666
59777
47435
9045
15735
63518
6146
5949
90983
6129
17879
87539
12112
61420
50893
28070
57299
2052
89755
61594
72637
67756
38423
52763
67932
92619
87580
15401
44368
78554
16899
20403
2974
89535
63349
66610
73425
10358
87083
60381
94329
30296
69327
34745
49113
22400
64131
18868
15624
87942
85681
99457
20705
90114
99213
20532
68900
64635
93891
68804
54799
86404
38780
66294
68824
91702
80416
5523
32657
46816
5896
5303
27105
37109
78439
81479
69932
9261
59295
36095
32729
70353
92317
14469
87211
9722
6623
10961
21215
48729
60120
10079
95142
3928
30128
49878
72876
82915
4104
73407
15785
2041
9460
91338
70632
73992
45958
99469
24629
25566
75927
62506
98762
43298
83706
99982
34019
51030
30561
27341
18784
99157
71432
20791
33893
29985
45752
39961
99909
18224
94948
41740
9812
12797
87293
83187
70373
22361
20841
70374
36167
40346
82602
49135
88478
4708
31133
37950
15639
35932
97267
14177
75708
79012
15155
13876
19408
93989
20743
22431
97500
19130
18332
94432
72911
68004
11300
20566
49269
41391
35480
90393
82228
58136
65228
54578
69307
97686
45422
90189
49574
65873
90870
93933
79487
1495
34410
14389
34607
20488
34528
5666
30812
42704
13163
32863
10715
89090
85035
40134
6676
12966
27528
48883
50989
53003
1177
94744
14362
87174
91989
2697
31760
74574
24125
67752
69114
67266
2756
32913
54201
34744
21951
20506
35859
73588
46928
90086
17338
99457
22529
38417
55252
86015
3664
82127
55285
44282
30861
69848
94767
90310
83750
47002
36975
25669
10462
40493
41744
79547
1336
55152
9994
73182
26816
83670
87115
99216
60581
47761
97070
6612
38757
68956
13702
89539
26001
92374
71832
33990
55201
38146
10001
81789
76704
18723
74996
10166
57209
85902
2743
2836
72075
27284
54699
95647
83181
79483
21412
73994
82932
97134
79733
34654
21631
47597
42232
68108
47855
82691
36184
25912
93955
49450
76896
55838
48237
87795
27769
99402
91246
22930
84467
93272
71955
5977
61154
91370
9852
77674
17006
22121
75031
97484
60599
51654
30459
7910
48190
1122
67534
3756
35639
64233
36164
89560
81280
23956
24310
65000
17389
46618
90948
9835
1185
15796
75103
12493
62903
79944
82976
37174
64135
84910
31481
85650
75494
89406
98323
52584
59693
23604
7554
55165
29236
54394
74269
95681
49012
24795
26118
52961
95217
52177
20803
31727
29040
61527
52131
36857
46642
84052
16166
96433
86355
14455
38296
29294
32714
18705
78891
83184
34327
25078
80532
57191
76656
23813
18620
37681
88881
76578
12314
65850
4737
14076
79706
79939
97220
25014
94379
71954
87756
62261
88817
97158
75884
48646
74029
70651
87873
34720
28716
17494
22006
43573
10359
7661
65303
9641
42548
87331
31717
62341
32946
9887
80779
11037
97176
75252
13733
8767
42711
20746
64454
37035
39666
56756
75006
86678
55253
3851
30899
8895
2393
33923
26430
3343
99002
78537
22735
1635
94656
28079
14131
942
40365
97454
48583
12785
70193
90713
56537
97030
24059
52024
42036
72534
39951
35548
32598
54257
67916
24890
16613
17418
48926
70343
17261
8762
62969
82225
1823
50842
74286
81608
37410
34076
4172
17935
28231
75483
96486
78690
5830
88077
57927
41716
669
46079
30060
912
31118
83500
45918
20136
18310
32478
52745
59745
97597
61202
90509
36093
3712
94005
85584
69107
52677
18539
88711
20023
29790
74818
26167
73882
91122
27830
21116
86412
86535
41888
90582
55811
86538
92213
78559
98034
6883
85550
86127
94916
7012
61438
61447
13272
54287
68614
60118
71587
26529
59153
59455
34220
22116
93970
7994
54034
28777
47075
60036
88283
27705
22938
15556
51222
61101
95690
12379
57740
7173
61680
31805
28128
34827
21713
30145
34505
12845
86152
371
45743
79684
11235
25710
7163
94934
843
76696
80983
36230
7616
6615
89077
64858
27001
88832
46401
46669
35781
58915
55583
59183
59909
65469
2201
93196
95887
11619
77945
79850
96990
51636
14648
95086
62229
51001
43969
62672
91287
15176
67597
61822
5446
34511
10663
11194
33492
84418
71001
72628
12846
97830
81062
60005
77411
6506
56609
7139
96865
46942
25433
42782
9340
74108
95122
64528
83487
16111
76065
79237
88657
8351
61157
26529
56520
10141
48590
32212
71071
50125
28224
58688
31763
29344
78184
96040
86198
85501
66728
69956
21035
22710
76716
21445
19397
1463
96388
35990
71173
71306
97518
34507
43966
19856
13814
76264
22048
58649
89220
76940
81232
20206
96007
36301
3735
76702
86118
35954
56153
37299
64483
31190
96151
50118
6738
50217
72590
86809
45463
80173
31436
40045
20337
6007
71689
30133
34033
72404
55822
77245
12955
40125
63393
5987
29729
36402
95132
26323
3639
71621
87838
36164
97604
75818
35107
24915
43166
63642
99077
28101
90684
78546
79233
31248
78678
96120
27811
8832
44511
76331
59515
31933
77734
40487
39598
948
42914
37089
45120
5463
19303
12928
82145
61413
44865
33039
69758
85258
78882
33912
40402
15889
38294
94227
11885
51258
67650
53192
78215
18153
87736
29995
17787
51005
13856
81967
71253
14989
25748
