48374
95124
1318
55782
92294
36198
71296
37686
69799
72077
66864
41293
91761
76898
83402
98021
78619
1802
99059
21706
4659
10224
39352
73396
23594
41733
85126
65913
58859
15147
76024
86503
10720
65591
53759
6596
65853
59437
31678
5300
85712
7439
30767
89201
57459
90336
30910
84836
98182
92689
73128
17394
45301
50917
37344
20699
77895
31482
98062
68118
28324
25699
14868
85171
26957
51223
83406
65232
11987
64751
40524
73466
4255
24684
61655
2997
72717
19223
80988
13206
60687
38324
88314
50297
21973
856
88212
34397
1227
31947
27251
1939
97361
92728
21423
50077
12164
34594
11454
4898
18676
90306
15836
54153
22912
80881
29314
65946
21495
66739
42635
44486
47419
41495
91220
91095
84469
31725
96032
48290
84444
96468
87713
36098
86682
12940
82044
73291
64885
82980
3980
97004
83061
60738
93343
54900
71658
23316
62564
85192
74040
49590
41552
43686
13602
1056
61052
62270
37474
4825
96738
24441
74597
12809
81540
98474
92229
35176
90569
49794
64725
91075
47675
52935
56639
11296
58638
3904
12036
82853
56519
80082
98794
76610
50048
37889
84096
55612
44500
83922
29300
26207
55970
64509
71795
18468
89625
70812
7210
83591
71681
96090
33720
17807
71553
59662
11387
88167
75841
24727
70624
42920
43159
50455
73276
12810
743
92206
47688
62601
1367
75638
12211
25088
41055
89303
70738
59075
47597
43864
6888
67126
57107
71431
797
7459
60630
78127
32776
46770
38049
67141
11141
43341
18391
86229
99114
52459
49270
48728
52157
70382
66726
27420
39464
58906
4976
38064
20011
23384
2421
95886
2220
14213
73418
4043
51460
66564
99207
13589
83948
71271
15025
24164
8892
49948
59744
88487
51216
65913
67341
62650
25509
25649
70577
51661
36009
92293
19366
86130
32880
96826
2854
73238
67142
25298
82048
32858
38451
21767
27730
48276
47115
31424
36360
83635
99698
72680
96398
11728
12742
62134
48634
62994
6806
92602
17372
73268
70621
82750
28028
54496
87602
85185
54937
94378
64199
60114
8506
58265
31376
31121
36840
54867
23770
94152
60863
90977
97032
67960
73786
83410
32852
37939
21415
15258
42226
77316
4281
56468
27733
99747
92226
94268
3086
74094
62890
56894
82322
36612
27104
25195
38463
23495
66836
77699
37725
20075
96973
77435
9318
9257
79668
31177
77502
26314
58612
58022
41171
36435
41202
65032
56029
50734
69400
63057
60428
75254
54951
26221
87021
9935
76556
41799
90731
62015
53667
59875
92245
6291
43702
76003
47404
94053
431
44303
80843
89813
29123
52773
22347
85793
82829
65966
55070
30882
25995
92815
92783
54248
12736
59397
52089
31928
6524
57076
40134
18589
13480
58829
14382
22724
8883
3083
26841
3492
89762
82150
54417
61018
93327
92737
71446
58476
83906
61379
66800
67855
2811
44402
44852
1865
59187
17490
54745
68361
11539
30833
3832
8706
27002
20293
54618
31184
1040
89764
15303
87950
31843
72880
54583
48246
53584
58505
64743
6312
97707
6388
62899
2682
81393
28114
7626
66572
32081
75312
26667
79076
90461
35125
37092
82999
22051
97944
87839
69020
80084
31399
2494
28501
11933
52236
5268
46484
37990
81917
37220
40675
8938
22715
56254
26832
60728
16889
56543
96307
80904
5534
18958
24939
37229
96507
31531
29164
47300
48744
13293
12834
96150
31182
64216
38700
14459
9752
95610
60428
86143
50321
24345
61083
95719
92577
90271
27322
99176
98426
87967
4298
45282
40422
51829
66314
97077
10148
52157
71764
96300
67322
37077
45600
73171
46143
7520
87131
69189
22350
31152
62695
78853
45369
96516
91546
58705
24793
88288
99295
99089
37439
23978
83023
15364
29484
33304
31398
97601
25307
29683
74849
52810
43721
2172
16261
1457
3329
51690
23891
21235
95065
9781
83481
18372
79551
77731
82349
97987
11252
14543
22389
84910
29828
4866
91651
22496
77881
8403
23868
47377
40154
48025
33597
53656
74388
94051
57915
52115
79370
27103
17828
35096
47766
85333
37173
53339
41683
49500
23656
76367
57103
4975
26593
38230
8223
4788
72222
95640
65625
29288
27231
65552
5916
42570
50779
15060
17897
86424
87629
26431
15969
95762
21040
17128
61745
19612
20454
58694
41906
86947
63004
71075
26081
41920
35020
68890
95216
42774
78153
71934
60908
41690
72669
12750
90686
9418
82654
18683
7581
9591
99908
95142
97935
32721
29519
9277
23379
15679
23116
1752
57207
54295
13693
41865
5245
53350
31816
15370
23793
76807
51092
77555
23795
9774
67179
40534
33341
45039
54647
20683
18846
49079
41940
61537
12255
73697
80414
74021
27290
57591
9790
50790
6899
59007
8519
73797
63679
21649
48689
85096
62700
60541
84188
2623
98163
70023
33197
21171
17661
23252
88012
65263
43346
99264
79347
44467
30136
86412
75898
68881
47387
4415
2582
4780
40220
52996
75140
44433
68453
56124
42012
74483
1737
97742
95160
6007
59907
26300
21341
66360
81301
77982
96698
45067
18511
12771
44052
58938
42994
84927
27841
13917
6667
48085
42023
58197
93472
25951
56626
77587
64055
42213
55933
34330
75401
29046
72732
59409
57321
60502
20449
85351
48678
7227
69158
96188
71964
68005
22212
10550
14208
91407
19561
63289
71831
31323
40276
3412
47902
67990
77309
90625
85787
73883
7338
26742
37586
92946
93358
12904
85844
35049
60408
49769
48263
36521
99470
32789
80020
45595
96999
15158
52042
37125
52220
36382
55312
8176
22792
66352
47494
15877
39184
41356
56885
33251
36362
12531
16132
20891
7872
8029
41435
79084
24486
32901
53795
12371
14268
95906
31594
95184
98965
40711
13922
85817
76584
3084
41116
15264
38307
14123
68582
20676
98003
74093
40160
44849
53344
24899
64494
23926
11487
64585
54214
42589
70992
31048
7412
73112
46039
53957
27624
74106
61768
3087
95846
32709
35204
62768
3317
58476
71594
39284
24066
65332
6670
99708
38966
79782
58010
52097
67627
74467
19953
45447
3334
37333
41907
10276
3455
81662
53856
27608
96149
18298
26707
61220
