37484
76740
29482
99830
91666
71395
95236
71104
98827
24167
67782
79729
60870
9672
51741
80519
45146
44438
55457
35406
55258
96271
68564
23222
80749
9291
62192
20286
37236
14283
56860
9217
18999
16175
51985
91971
99160
30723
51075
99817
63386
90345
74758
9918
97323
44517
75121
21552
11232
80755
1493
95721
31026
48576
91833
93139
37138
56344
39203
75524
91595
91498
50370
41652
25990
8391
34122
66319
91361
59037
5032
75768
96486
90536
88275
96732
24900
84931
95401
48106
91811
16023
88818
13892
82598
86190
43200
46664
53988
44337
48800
60789
56234
1114
34213
10151
1216
42695
59382
7401
95061
35051
81757
45394
12899
96489
28661
87764
3616
84885
13802
76972
30658
49164
76396
38728
82615
71396
16967
64695
90367
41449
15675
51284
8472
84880
25788
16158
68766
15644
29319
45615
23564
26675
17517
1854
64352
36870
62491
56787
84273
29473
46931
43127
14697
14525
23798
68370
51137
30899
9283
13514
36386
29612
75324
37480
7242
26539
26809
61953
11431
25242
33728
51685
43803
68743
34680
51252
69787
65229
62584
19308
6366
98644
57795
22925
87812
1585
46225
76851
85773
45417
8841
98421
6394
64857
24372
5286
38573
86091
79268
10523
53297
28524
84248
2123
83856
21234
74626
98850
20180
53554
57910
65815
25332
42777
28689
64047
6713
29052
63828
19800
76590
10440
71265
4589
33897
88875
75533
41086
21094
18749
9551
19545
91604
42745
97050
67868
14979
54916
51774
31753
59332
69658
6062
83517
29524
94429
15052
74906
98959
49467
67467
85608
58155
82973
83548
40902
26119
69048
57985
23356
30285
81509
77753
57031
90671
62691
14419
34220
24577
62604
45869
99503
84075
9737
55567
91237
66426
83856
26960
7669
99704
68618
26064
48450
83657
82761
16026
50012
34166
11731
63300
56784
32333
5249
23330
3255
11479
35678
21611
18447
36398
28434
74448
10644
1059
98717
87876
88089
58587
39066
65527
76813
49260
95494
8032
95977
26466
11295
28075
48843
73255
54086
454
44458
89567
9888
97585
62131
8481
34678
24822
79830
61616
46953
17624
3090
33677
99534
6891
23369
53422
29077
89974
39212
10821
64261
94066
10389
8544
4819
96902
75802
70865
88269
89553
67508
72286
65303
13895
33336
58823
8063
21333
37264
78639
43751
8633
2761
8628
16531
38433
32652
77146
56508
6725
23630
43162
3759
90306
16220
12657
23134
600
88187
16840
31386
98998
96090
37906
77372
44839
91619
88586
9433
40005
49465
26270
10149
78421
86274
56639
5432
97375
28837
45493
80361
90402
29549
25459
79814
84663
79784
85409
13277
39617
25116
24944
33974
87721
71162
86907
96230
90831
50613
31146
50739
43946
86797
52242
9488
69441
56264
96400
32137
10679
78572
24717
6840
64783
66143
25008
6573
75816
2764
58161
79734
37836
91745
1159
83512
37988
54765
6324
94693
59902
46615
43044
19649
43251
1798
19947
50898
21624
20556
81395
55836
1317
45061
24983
83590
58210
6400
61401
35065
25859
9005
42900
94103
38796
24783
25197
75404
68703
48396
60456
45809
85541
42855
51011
20424
66258
71123
24511
50838
3218
92184
89965
99151
71105
24731
53708
48080
49259
80257
30267
83535
26390
20037
58332
62384
59423
99845
40326
42614
89774
86556
92600
83021
88147
41058
37994
46240
33147
85259
8507
83364
59910
81831
81950
86122
3984
61531
12122
26618
63679
20771
90150
6176
2152
84058
16965
24218
29539
52965
60655
92241
39145
88943
9018
66868
10983
96303
15608
25230
30437
44484
19997
85702
52412
64492
81176
86322
70513
77869
1553
6435
49832
8896
16492
86096
73859
15692
25901
11612
68909
8537
79201
83864
54775
77598
41340
75653
54373
14713
78693
58224
41490
6633
83296
4386
24559
60835
24987
45048
98154
23874
49157
49628
68559
40968
