65254
93588
84226
44824
36597
69220
36692
63052
88865
6870
75446
75282
16676
69033
5287
70715
72325
23642
49021
68511
28214
82373
95859
50405
24550
2605
86065
45567
30840
8805
85600
34508
56919
1741
65064
96368
98552
14205
43354
30158
48853
43480
53593
18455
68289
90088
59777
36804
41268
77029
79044
48409
93690
90281
4184
29571
94178
1239
38161
50663
68774
40360
10279
67546
5145
79159
75945
67225
9386
60957
80727
39091
88045
28457
60427
64975
93221
14190
95938
73448
95562
53400
69811
74116
28017
68247
90782
16406
36692
59491
39170
6449
89636
66188
90249
63733
21842
90851
87058
30197
14570
79279
97906
57328
82271
77436
21875
48486
72846
89451
49256
24433
36993
28572
4323
57718
31935
16657
56830
18227
43246
14045
52499
26222
7019
67908
1515
68077
30680
34110
80890
66546
2136
7456
21610
96485
62443
46537
26986
46117
70209
63296
86162
74796
49505
2134
71537
89473
19174
50067
51471
48114
20737
16929
28651
32706
76960
32240
37390
92465
11257
1226
8622
18335
46960
28235
39805
79258
47711
59536
95448
39686
92010
54006
47379
84035
27787
10396
21485
87181
10622
18259
75038
22597
76296
60578
94930
38075
17325
75178
70444
7819
10149
81846
34054
33967
64867
83041
23480
27512
83675
82579
57692
7617
24474
32000
5079
74873
57113
67474
93076
69293
77455
37832
34223
64187
62196
88846
81955
65787
40285
43665
57681
17604
71133
92627
21987
32222
34611
90055
8157
3572
42510
44294
31892
88936
99754
15190
2838
98352
39101
48447
21732
42626
91159
64304
26506
84756
41592
11255
71242
21588
16543
28978
30565
97684
27809
77550
35356
19614
51477
48178
10280
84339
45779
81499
1530
25884
30113
4588
20748
5388
58591
8864
72137
67318
74598
26821
73642
58681
13557
48362
93201
73771
36226
35428
28366
36704
67771
88558
53088
16269
34293
41593
38581
9119
66451
1748
79236
82774
44551
48196
5089
28664
40418
89858
97493
11890
34944
88065
65343
78211
44947
96420
73374
50320
99545
91526
31329
38577
44340
1868
5375
40363
61796
75575
50499
6054
56454
378
66462
84298
45528
74672
75419
30901
40527
25519
88395
6803
35411
44448
14055
22375
45991
49462
90078
87343
30486
67008
67997
84886
30136
83183
3403
6123
8341
84656
60024
94175
40637
75300
20849
11475
57258
99824
77560
16210
47439
81506
18886
8709
80801
71589
58921
54597
83203
49522
85884
351
11547
71439
32812
60564
60084
96823
43983
6531
77228
21411
47056
56172
54735
97710
56377
7903
29436
25648
65738
21845
45239
8913
9383
3662
45194
54770
93890
52619
47807
70157
96175
56923
83123
8137
56067
88489
81219
2868
4781
52065
35438
83796
11407
11665
50852
44039
36231
16848
55438
25552
42687
25957
51191
35526
67603
65893
29185
96285
10792
83536
43272
60201
74574
16582
91633
16703
20267
21694
48
12599
44930
16075
63494
16556
60088
62528
69485
91017
74410
68754
18904
19246
63465
30683
70586
99598
89590
95214
15890
59004
43212
43569
39507
69760
19198
58269
94196
6023
27398
64286
26724
48163
59770
30738
1700
87021
14859
26977
93109
27526
25883
889
55643
66037
51662
59003
37159
12242
54351
49747
77019
15232
9887
72053
59559
72801
26218
31541
91173
92670
54474
16889
47926
73202
59443
31740
42231
50876
41107
66452
26188
32286
11511
71319
20447
48941
34887
31269
28742
62998
73830
16448
43550
23670
22856
39740
94601
12497
42372
27797
74978
16478
35939
18381
27218
45870
19126
54539
16764
58368
64914
72274
62344
83899
47197
22545
15126
18442
43345
83596
53848
98174
58438
39677
41501
90265
28109
20940
40875
71974
20584
43469
65232
19585
61636
82173
31012
14690
90265
32567
44866
33666
19087
84805
62622
61845
927
88870
83246
73797
74258
8123
24841
96615
50897
5775
69691
56177
35183
938
74606
64341
50424
50918
46756
8042
68855
4129
3938
88437
4178
28408
36727
46846
26555
1350
2328
41651
4949
82204
64775
31303
99921
9159
30287
15861
76028
62153
81290
97758
57665
41268
69140
2104
73806
20219
14180
15221
13302
66429
38393
61192
18918
49011
10386
65051
83564
20321
27692
16941
22589
39096
76844
82511
9532
1099
76850
68912
73561
8296
28439
65937
61082
76157
27027
30326
77185
739
31833
4650
49827
11844
68999
26736
37032
82290
614
30145
39099
25527
26473
28000
80113
8724
26425
19299
54155
59662
16563
74106
57640
30059
89599
40630
53764
83694
91990
25223
10667
82252
65072
25136
55548
66376
43300
15898
93827
92075
54212
21868
37851
41518
77055
25125
73490
8038
1172
4799
55795
19688
92943
35052
8998
28434
75028
57596
91416
84692
65928
12962
44592
42942
1388
37555
66765
84246
82567
57769
87976
62081
60246
19277
84355
7094
36166
34316
32734
55235
98552
7552
23079
90076
50376
38052
16388
25827
65393
20211
77347
21687
85412
73388
89293
672
95555
46188
59958
87929
71591
96416
12677
61619
4707
13885
68128
88193
8635
38104
93821
3484
64835
49667
31142
95883
56128
22410
35872
84094
18814
6433
29937
39840
67765
97461
79542
21440
38487
37503
97446
19196
16917
27444
40865
95293
41863
77761
92640
45925
36108
45256
92145
30399
4666
34818
68325
7880
50235
83047
27786
97386
13604
42211
13047
86176
11596
1512
27929
94445
81052
89173
83726
29095
87396
17158
77641
61764
34280
28764
26277
29109
26492
36048
46914
60889
33213
97597
53417
49870
35479
84429
50432
86882
73828
85945
22405
49686
50508
66326
