27645
16367
72320
35039
83415
9535
58342
17922
15116
48895
61319
52137
40850
41848
14207
83931
87823
84647
15088
85337
12356
71101
64212
71993
52123
7788
91210
18879
87518
65536
20931
78169
40818
12616
44822
94197
23789
18176
88369
62525
29792
97125
22016
24609
89862
67734
76695
68272
18862
4573
58803
75083
75139
26544
12529
69039
5404
28407
26726
67862
14074
38213
32354
55603
91342
28867
59827
80723
60965
98922
22767
39619
62750
11244
86607
61014
29145
30256
5560
43934
79452
8465
82130
5628
564
88780
74417
79851
10960
12355
47953
14894
18130
2626
42131
75624
75019
9342
