83321
34089
27895
17685
35290
10556
20901
80303
9116
11211
21193
92433
76008
26665
56155
68894
69380
34315
20865
78180
23078
64629
81566
38468
7213
39709
63390
64052
84493
25283
18397
93084
10840
83045
91252
26373
45719
79936
42477
97111
88513
89472
587
74129
39951
45780
5101
32654
7096
64778
83856
23550
96658
82464
34754
99381
47933
86318
1401
46583
4316
42311
2017
11697
93716
39099
14875
3543
49157
57282
12514
22972
91579
19274
37253
99535
27777
31957
86225
36955
79346
31800
49381
14756
96525
38383
83841
67410
27925
31478
33237
93235
51683
10116
16947
33813
75220
86321
42994
77852
17680
46707
86950
26502
2917
29863
99768
42001
94249
91710
11653
49540
2743
5011
26425
10002
13569
51660
31937
53180
77920
50465
34086
72361
25541
59925
29221
4584
45916
80522
87183
33898
11641
45265
48090
26058
45197
5615
81745
44837
51849
5620
52111
1088
99303
28957
62343
63135
77447
1625
16326
86963
44624
74229
25753
24807
18184
8665
29866
39199
8299
87225
46263
12655
97299
41748
32775
29295
53630
27137
82994
33930
48216
49713
97861
87375
60441
3638
51223
74054
77575
63629
77844
83677
17236
85942
81350
2448
44988
87735
16659
77399
99538
74034
46593
64799
50965
40271
24383
92473
41006
74142
60337
57818
22051
99317
59566
2191
27315
78774
7936
80129
84807
824
50404
12747
43622
33237
1167
17845
18352
42317
6514
77939
84857
43930
16476
2807
79465
23208
42267
55582
34615
62792
20361
99440
36836
83000
38570
21597
68432
95989
38614
66659
94865
40373
34928
15061
24754
26678
73451
49812
73348
25903
36829
70508
93328
4058
6623
19376
50646
75572
740
41414
20057
86303
45472
29373
54677
24346
80590
27346
87721
83994
43109
11153
47721
22498
14731
80388
42650
93255
81246
61146
52582
23947
77374
82489
54147
27986
45894
16800
52630
34397
88873
33780
26447
93384
57892
56171
37975
22688
3138
54512
61675
46448
24395
940
99918
57548
78037
25443
16001
22051
11141
52625
48516
85262
49899
20955
78657
53052
21483
51778
99440
37585
71166
49999
14414
54256
50382
40784
34011
3527
90485
36077
23208
48138
35230
89730
42121
2342
62620
29707
67310
46734
28207
71690
62150
28816
2653
1780
21458
31195
90243
63176
71727
71429
66702
23624
39361
31230
72477
85388
74066
89344
52561
73334
76542
92979
49292
28687
27617
50926
88521
30922
1416
9159
36571
27552
51540
12342
40103
85
29786
1747
76225
67033
87625
59626
96259
73171
37650
62714
4233
42065
63346
16643
9875
74862
72911
67784
15088
88059
61201
70633
82728
68438
6126
69908
355
78171
73707
47557
73947
87917
64999
6573
74550
19950
1218
70142
36097
64147
89343
43199
27830
21453
55690
53123
9707
52848
92953
14158
51281
56233
83298
35824
72395
730
84974
11209
91518
87987
45065
79502
49514
53763
71491
11421
60966
29247
44851
85805
77877
37567
75350
63606
97812
71760
34002
52835
69835
82281
52514
74813
41785
59757
5655
53838
31316
12254
60891
58284
52592
83947
43837
48771
76390
48451
94230
64004
87698
94612
96153
81803
11166
67244
25918
88416
57938
30891
79472
35685
37589
37469
24986
27144
92310
1138
41114
91297
77525
21703
60823
14458
91702
90548
81193
63747
69412
73088
47971
26360
27485
27634
41431
13369
93758
43935
89694
38816
67254
95194
79774
18768
37000
42218
38238
51480
98773
23159
19382
43691
2025
41296
41102
83191
48276
49506
16218
73787
1247
60088
64711
68527
4899
37795
10811
8517
44695
66722
54381
49903
96678
6755
34544
61510
74800
29565
94249
87302
42726
68184
36855
3780
30507
19179
44848
39854
6366
3159
94561
33878
66532
68114
51363
35706
94375
3231
7050
94170
65468
81152
82853
68690
34495
40628
23429
56379
41320
43177
58133
18339
24842
13380
70609
90181
27597
9981
55240
94032
42261
56891
29953
4117
96335
51298
39600
45684
86605
25990
97546
96442
46221
10545
37092
83811
62521
54214
49857
16980
86152
9924
765
71540
39587
21400
68748
17589
23117
25887
67131
38866
7240
82920
87795
20128
79059
93770
42807
43812
23416
42295
30355
64074
50694
96777
71469
45540
69371
80436
51184
17453
35915
1758
49835
56633
4923
49637
18607
22903
23666
50842
68476
41106
51580
78085
31052
84533
7012
54203
54762
56153
32239
25301
32349
78840
16098
49626
35872
86551
21680
66507
46079
28752
20948
69470
43062
20512
32056
57156
94187
42315
72562
14397
66726
36198
59094
70275
81102
36520
82741
83923
49203
26802
60305
11793
98881
31679
24081
23786
57972
7623
17461
71923
78597
34684
24489
87255
44272
64654
1838
4536
37456
5926
10760
50461
75679
92695
67463
8123
34052
90284
47240
45252
30174
27346
97289
88940
70616
10939
55669
102
26775
92505
82507
55319
12533
47661
7716
88355
34221
40974
34269
39019
71528
31436
29233
14037
12816
92397
65473
63814
84972
72103
97191
28189
70356
41615
10458
71817
84501
67284
563
69367
21239
51969
21039
89779
63483
30133
29973
43752
