31042
4413
83205
77758
34760
97676
83631
35800
71870
83426
320
94466
35544
66979
75673
95093
72861
29712
54122
3339
29123
56548
76178
89801
35651
72882
80982
25205
10334
85401
88636
55650
79197
17078
29674
21821
33899
19537
53740
78301
58177
54063
13539
45057
51450
93995
17283
67357
40268
60239
8758
99788
77661
57
68328
44377
24094
46224
59218
44289
42187
15959
27109
13243
78042
10050
18413
68949
94261
86123
28695
65789
84808
22680
69678
40611
24115
85750
44696
89939
48075
77532
36427
7488
55075
14658
59096
94426
67254
7862
39451
43786
91566
92377
33161
16712
80749
4039
87183
33555
37133
74193
13348
37577
32888
40358
79584
23724
18830
69881
49732
21710
81587
81993
8502
99678
39495
69680
81954
59328
95304
18152
79593
78082
86013
71408
22823
76829
26033
24138
85770
90972
13603
27752
23292
56463
47209
20596
44625
88925
14258
24920
25537
85709
69531
74877
12578
2083
19112
14506
5417
45378
48827
14207
71683
44336
37876
73499
57886
63128
50981
8814
41047
51210
65389
56528
41209
85622
3420
93101
96498
93929
5464
43404
70395
93174
28628
48296
95960
38948
81267
4232
27215
96701
6664
12980
55582
41645
10032
5061
58987
68370
52140
94046
77887
12461
37146
178
