62183
84902
4499
24497
5820
28608
9722
5472
74909
47233
27158
43336
23079
79583
10815
73558
50022
98071
28706
52200
91308
56927
36114
50502
59704
8529
48182
75521
43878
45063
51402
89395
3973
79923
17209
31798
24961
16857
7916
49972
50059
14747
48724
73563
28450
51398
25200
31036
5067
68829
74919
21715
56916
59510
60851
98928
30708
95642
95795
68001
59068
24214
63789
64546
93663
34885
1752
47129
73086
20720
38090
60875
99608
52464
41275
93814
72765
15465
25091
89721
91270
24630
45595
94281
32084
30312
47935
22157
91859
16716
38461
3150
47509
57223
22571
44919
34462
89660
68375
46181
38952
55878
6581
14993
91869
89849
38488
50726
30536
14387
6315
37692
72411
77172
83804
49038
56286
72686
90070
61209
1722
53832
33144
41702
74411
88626
80197
25599
30284
73423
86065
41172
59219
60858
7683
32427
89441
81487
14637
3503
75021
39439
39119
60020
33155
19425
73966
960
44986
63858
21175
76682
49713
7743
45907
41083
70487
42797
63297
4332
5537
65063
87744
57062
12700
56774
73940
77726
5016
12560
1745
30185
9146
14875
96091
46260
67653
2398
8902
11055
4572
50724
1775
39324
7877
90189
59367
45953
4245
56977
77855
63231
96636
9923
70271
8239
72329
99434
34653
99331
4361
93747
52826
21058
14695
73142
65130
2984
55104
11024
75004
46290
67651
78149
12758
16843
85412
64886
12945
62173
9779
54415
26489
88067
88736
44658
49255
1660
14644
19326
15899
18162
48287
35643
32049
37406
60797
76403
58623
49452
16006
15933
85836
91830
32038
47934
96716
49354
68255
21017
23585
89300
10470
65492
84376
54389
86056
93809
94746
41564
46756
98286
41232
64295
67226
27689
62075
63773
92427
64229
64515
74263
90116
27864
93531
15543
28632
8020
279
89845
78018
10851
70456
8278
26979
27642
77480
61050
32193
50908
89135
50144
53226
36338
25054
72319
30313
60898
75044
25391
33065
7559
43356
62803
92969
73280
83295
90605
47054
13179
4509
82114
45337
64193
64731
4866
93963
78760
83694
93655
3309
27920
37133
84664
97758
61938
60901
29645
25077
64717
71937
539
75358
9139
8748
30527
62531
25997
25383
439
81358
31126
23531
72639
12802
69932
16997
58091
834
16654
4212
89680
8663
9208
58362
63614
26065
60417
91782
27736
46214
97844
865
38246
79567
33058
84303
41577
59023
66175
68781
73173
80239
38741
6154
32622
69545
4950
7859
85106
32231
92648
79996
44188
42227
98230
99562
85011
32616
60357
94964
6888
65385
89951
49246
51145
66751
42210
10697
85378
3318
68881
37928
40999
53552
26096
91015
40819
21720
36423
38746
79760
79753
59797
80119
17343
86774
63325
75877
23042
63528
87517
49499
13156
18422
12562
25824
19344
4480
97874
7770
96094
5116
97590
32225
87222
87067
87136
49761
3878
87946
65803
17560
30192
20837
3803
15201
88159
42174
90845
87327
57318
11510
46512
98277
82313
97431
72235
15705
50382
44222
18560
40947
75488
80726
11978
14837
60501
4638
52710
74807
42232
72785
54838
32429
25502
7612
43963
63313
66451
3369
20710
68636
30993
84292
51538
71605
33301
72143
72391
35171
6073
80988
25225
50114
45857
91457
67668
55701
42570
52870
61959
15639
37738
43033
32326
86294
88414
29040
67071
33499
7667
54395
96364
26854
22836
94120
28029
74745
2165
87275
74559
69774
55406
73946
67303
33925
68838
27696
70879
28410
68736
10091
1201
88663
13776
40931
8020
3120
51215
38309
46715
18237
12358
8878
23421
30003
48040
81799
50993
12650
3276
65146
70480
19395
67530
48537
31313
64201
92565
90486
49052
86556
90643
85420
11253
32659
92910
84549
67290
1191
16476
16669
46040
75796
57516
39635
33230
83513
57662
1301
71425
3527
76908
44322
99098
81891
90628
39332
29120
7831
19214
24470
67906
63212
69527
95994
16904
4920
92705
46968
71989
73283
35572
49874
15044
50197
36379
7580
98671
12614
96794
59944
49488
28182
49108
31894
21686
72243
47904
7775
75963
61400
25460
2685
30154
87459
82149
32082
91633
22416
42853
13579
14645
32683
85138
58646
34737
2932
85903
19043
43435
95720
12048
95749
45
58298
83142
24107
65419
64358
33668
48162
34532
60834
1218
77940
348
49290
88335
92476
98766
96712
76495
4060
37710
74319
39424
88032
98934
25405
76570
69071
42866
36086
86580
94237
91848
44312
31987
189
81349
87582
36344
13181
27273
72924
98980
93968
71518
69558
27931
24674
85220
41410
57454
2379
82941
41103
96270
47920
66000
20589
27839
82050
71642
47653
72822
76731
69768
55571
51612
14690
1111
83405
40524
60345
94311
27922
80575
72003
9535
53630
32174
40713
41516
35441
38706
19990
65289
77774
98809
19569
95991
73952
72926
28453
91586
32281
37684
35901
68763
64653
81708
23576
42765
28463
67044
77955
53403
13207
77459
10649
74959
91667
88889
8496
117
73601
65498
85356
33853
59285
73000
77303
84363
44621
18179
31037
32853
41130
49372
75550
33885
86519
73944
36557
877
48890
66519
48063
69144
58665
57939
53202
41089
64217
65656
43756
90045
32527
64071
3473
76685
2316
25833
71521
12079
12195
55072
68981
25640
28400
9892
58606
62265
63180
29757
10972
4603
68489
55151
91703
3599
99378
88986
43696
82117
93792
1484
41720
61970
2649
33185
32206
77230
59431
18169
60146
39480
21116
94418
36536
50572
43800
23417
59888
14148
89278
50326
4246
69824
97135
89369
70827
47344
91776
31977
28760
64483
33042
17988
26336
23360
2944
78334
17562
64856
1700
79778
76638
14251
12409
51449
79158
61099
66348
77214
93389
27829
17306
53816
57863
71005
39489
66479
85219
20866
97069
89532
18072
33658
72196
65212
81891
3382
45927
65797
7546
29811
27944
50630
12698
22666
45412
25291
53608
66219
99510
14451
84599
9067
97920
82558
3042
38518
47103
30597
24100
48824
53851
52260
16090
28059
72564
44641
55047
46284
74935
89435
83190
26326
51779
21092
89493
55531
89051
28084
92430
18129
91571
79238
5301
2380
9235
21224
5709
58229
17192
45352
2453
35383
75495
9251
78153
67682
96429
21318
88053
60312
30158
50079
55452
56948
88933
52914
989
31667
14904
87017
43404
73819
40955
5956
7728
81625
33592
63286
7545
19392
24841
88827
57645
2919
66944
99501
48897
86844
36325
96489
37523
27999
75525
14427
66147
4456
99279
27682
43715
91496
22015
6552
19029
10693
24973
20977
58124
