95832
501
22183
28417
99772
7816
74432
30225
75805
8899
61918
31417
7147
21057
6946
50731
15859
39355
15538
41430
831
70221
64209
32181
45702
94638
29717
38496
85929
58982
71891
33210
44995
14249
77621
39673
62379
69533
9422
59838
70660
38390
8922
56955
14426
61347
32332
86535
37557
97570
3824
69554
58823
6542
63542
23149
62918
27076
64866
61994
5214
29240
27603
18198
54544
99943
89367
36035
22414
99438
94548
18559
25211
5608
60664
50024
33030
21159
16733
27310
81454
48696
3505
16279
93507
14816
17649
28754
50361
88478
7861
27708
71336
5776
87854
15920
68455
90303
67534
2923
26864
92268
89927
49847
62126
13704
25217
19931
72597
3645
73104
12026
19255
22132
62032
35084
43046
46176
64277
74919
22840
58896
39994
68876
57579
95145
55952
48653
82895
74438
33463
3919
74267
61674
17322
19670
91297
79316
17549
43320
53610
88846
88409
45000
87996
92431
30821
93248
68828
52357
37734
73454
8773
52736
5278
15192
32320
88045
28788
37628
2638
39985
3521
79807
68139
79425
55568
787
34603
51272
1175
56638
83182
95982
16223
65574
63275
23745
67594
9409
36341
72351
68327
28836
29509
40735
17649
28385
54931
99468
5440
34371
58358
89978
13323
21060
44419
27352
3020
64457
98520
74224
41046
38711
99543
54829
76950
56343
25601
62848
49544
57567
909
90588
62449
41515
16967
70066
64750
13381
87264
89441
80164
71599
30644
17282
48500
13120
4774
37131
50404
17395
50761
11676
47617
75033
36318
77412
16383
44144
5495
67465
45918
30030
8381
68728
78243
84087
5797
35005
11281
2608
42473
17328
31760
75498
58740
4738
35694
87077
61839
88884
28123
59650
9181
12101
78935
10593
29893
3901
74933
62198
31685
19804
49320
91109
11521
40266
39834
76593
61151
30900
22593
19831
94360
55892
52564
21367
16022
71764
6205
94162
33415
96669
56493
48473
66006
29861
58438
43557
44783
43821
80982
13660
78945
91991
33824
70699
92502
21565
36331
91695
68409
15622
62650
21316
60857
92807
52785
32600
95857
17565
18298
33795
81841
60793
21885
19005
5018
42648
72466
3724
97851
31966
40889
99880
27282
21572
48803
8091
96935
30804
7340
61889
34331
89766
53504
10737
65861
98310
38191
66140
73652
29300
42570
48870
32995
25759
21655
45698
22285
41789
20655
40648
45531
25587
33960
48007
26555
2611
93070
69669
93489
11004
39098
10190
65025
43811
9311
98049
54005
30670
50856
10424
92367
63434
9316
70368
42089
77212
53265
99361
6621
83916
26619
76736
65265
66508
72194
17735
73668
1497
74227
99736
1122
57170
34572
38632
65594
99067
65700
89504
39185
67940
38135
22288
87402
9730
32904
12634
39771
6201
19324
82241
74138
89798
81427
160
93947
21901
79256
4780
35306
73573
6116
3879
97183
93548
7400
83214
39455
97542
32554
16409
79863
21929
58128
20577
33716
45059
88352
81512
20816
56864
84517
30906
19419
79041
92285
83595
42272
40630
42605
50268
25480
27730
44418
12137
93563
67711
82663
74714
84389
83979
86532
2614
33959
28303
80176
66215
41361
28147
63736
76185
97176
81491
75660
77332
78597
42788
18715
41004
30618
91852
12180
14532
33984
49427
91788
28511
79391
74213
63426
62302
85634
98356
17941
33816
38627
92327
81755
15353
44562
32138
37725
20551
94471
18236
95249
1504
92387
91492
52475
27536
87941
74949
21685
59129
43186
15497
61801
56617
37448
74729
24434
58401
10730
36001
57559
56884
13824
33264
49002
54776
86057
7380
33883
63436
29544
29780
4043
58477
90192
99378
93435
9774
68182
90526
26382
98123
2128
69357
45263
11647
59810
95698
38872
10932
27073
2705
75728
12184
84029
36927
22445
21497
88475
49380
11585
10564
42667
84672
43401
27559
73705
25139
10258
7589
53426
1375
9750
70058
29010
61446
95237
99148
25026
9157
2932
91295
35425
79943
59794
35399
36730
9081
28200
50435
34044
60000
90298
85697
64890
64253
71297
56031
81221
35391
96909
94423
10195
44773
74412
863
5295
92325
59092
21381
38230
18951
3634
80437
67375
