39501
70686
82340
50495
42174
5564
23058
26488
78276
34961
82402
77941
9847
96705
66513
56140
18358
47474
74545
42168
99760
11084
95898
3679
41572
85578
62956
66196
16873
79377
38153
20658
94576
80354
72940
70965
74104
21036
54132
74628
25693
7946
55370
73728
10714
77239
10514
2553
18647
96819
79530
13924
14034
62386
89198
95899
14092
39445
42897
51091
59728
20174
67534
99775
56598
10001
91519
4479
87262
68839
46397
67270
71768
67361
4128
82284
97070
93134
51763
63228
42986
44694
46908
53316
59470
78003
53219
17467
63360
60883
22784
25711
13440
88240
96315
14099
60307
41498
37399
56120
84794
88561
95669
60761
80610
73502
12012
78471
17388
33127
59261
72944
25953
84911
55153
21688
3788
76730
52830
94645
46134
49941
39534
33828
31269
29210
28956
59027
43727
3029
17430
36125
35850
16523
7132
75798
88898
66705
83892
32945
94456
61953
6220
47383
51705
82428
27375
85718
12374
63124
94240
46698
26900
91890
49640
80532
63038
48537
36550
76136
68085
73289
23609
92147
68195
13800
28479
35676
94150
26041
66203
33391
87659
39069
12092
26650
926
63777
73097
3132
41933
56362
41690
71574
10613
81501
44265
48516
86296
26039
36418
66339
31603
45992
66372
77469
72641
44097
10622
29317
24777
17356
3064
7405
62363
7412
85286
53069
98037
57906
93545
52782
80991
69912
78271
50004
247
55486
25070
48511
98859
72718
38198
81201
2749
12065
79216
32964
5263
61595
87065
57668
96836
74282
24332
43877
14328
2506
27292
84908
2978
64486
87593
23218
19871
68916
37313
1964
13833
84047
29720
95794
47767
94426
57776
15601
1405
18475
10438
32800
62131
11540
52800
90945
66166
20327
38099
7364
71310
70644
70986
17854
63230
77776
43316
88127
99019
63117
73482
71243
39021
3811
64275
27869
83429
37501
64727
38627
84431
86435
60706
58309
76551
51698
61944
55743
44023
77055
24610
5147
13648
76131
95441
26384
19448
55756
69420
12736
55648
45488
96982
13111
61569
58685
84220
37282
75852
96488
25229
8441
70685
66801
95372
63369
1592
66986
4919
75894
16952
7315
38664
4822
47438
67915
16670
75631
80712
74558
58190
66326
2506
19241
85139
87347
96962
83212
1798
29779
88669
13029
76854
43597
12364
98768
34918
57129
44805
13518
97250
20067
64552
84368
18388
40756
64564
85538
92005
71080
99286
41160
62721
15302
73740
11834
95858
29402
56050
11284
44299
17962
75761
69284
20016
10531
1999
12266
63171
83958
27748
55255
45855
67902
91541
85925
89135
36592
82393
30162
26485
32569
80588
98442
52900
55736
18846
35362
21965
63209
27900
99114
54439
28329
16874
90641
60492
63400
29708
92240
20895
82282
64090
32354
57618
49167
21677
16369
15007
21058
8203
62547
90516
52701
24680
84381
51494
28006
91283
50391
97788
60965
99658
87322
66521
75863
91368
68770
83209
42429
84121
66694
93131
4588
19208
31906
31023
92386
76822
98047
20920
94134
56038
4586
78701
79163
42315
73437
20322
43401
13282
22470
49912
40689
33596
28077
82589
24734
97556
62231
76957
75891
52162
58584
84445
23841
80588
92396
53112
26184
57485
25948
97893
25946
72794
10567
97648
11324
19668
53007
56994
69633
89281
96456
74818
32031
35145
66188
94376
23607
52529
37064
15219
87378
21197
44643
90901
20891
2913
65688
89905
78361
63166
359
46326
83689
12065
74486
44679
92970
99321
35822
40631
67774
36333
25514
8958
64024
19193
74935
92982
96116
66660
12017
71206
21793
76152
50539
85217
95251
21271
91071
72732
73384
31194
69365
86127
94531
22200
10094
49995
47848
59599
49314
92089
82275
46170
52501
52228
67630
17711
58310
93778
66370
49257
44683
64714
6222
69812
86392
45038
35194
83513
61820
74177
48971
38478
82864
55442
89198
94829
32877
48198
45424
21808
28006
89178
66727
39954
84080
85270
87301
11517
61254
60634
36380
