61570
76221
7785
46567
27335
14757
25181
16608
34968
98330
68274
38122
5916
27939
67192
62033
63207
84627
87222
85932
14154
86990
99613
36695
16719
96094
94810
22858
73335
7400
72785
52199
77889
35388
50790
94852
30274
3004
90189
61964
90192
14092
37090
50023
13887
6036
57237
60818
39343
18316
41784
48955
70356
42933
48269
40191
75318
32008
51396
86977
74173
77555
29853
33176
81259
81603
48460
41345
71885
29861
62196
94851
10897
41749
62532
35966
65065
14938
64030
16756
11846
93368
82795
89765
35339
24686
81470
17216
38710
83765
87803
52180
63542
20127
63024
12300
34183
7285
43177
60611
50050
73928
76149
91441
90764
17217
70666
52553
24331
20667
52172
30485
46191
16940
1407
58381
82161
37657
81560
31854
60004
57329
93699
48913
56768
69409
19564
13652
43805
2692
45605
67140
94060
9502
7532
98856
21508
86452
55577
54938
16031
29257
20039
93424
25210
91447
3573
55512
68023
19013
44399
85965
72089
58061
96306
54220
53755
33734
49045
73888
98953
42321
75687
22063
252
39661
66599
85995
64487
97465
31831
64866
64327
16629
75188
51208
36112
26277
23940
58938
34293
54367
21404
32566
29330
31157
42523
64292
19654
27859
17365
42405
79881
8396
22632
66627
58630
70974
29551
50893
38162
75278
55117
19097
64946
20506
31787
34475
5477
54421
18545
74992
45216
25104
17330
65300
67535
29786
4013
56414
14772
66837
95742
84943
92588
68986
19022
97830
65917
34384
81113
18502
52005
21114
65531
43714
86890
12027
32821
3425
77177
67494
35221
46238
2004
83247
79372
68624
25795
21330
86718
15524
15656
25027
19005
16932
69471
54887
60957
76139
31639
52204
67751
52272
11097
15664
63695
92385
56471
86644
71524
57925
7942
88809
57993
63012
3729
78439
76572
