29664
55404
53834
54649
54930
75595
75728
11456
37860
90074
22117
20867
3371
69527
9280
68070
22758
80629
85739
64687
55041
47862
95173
23582
36724
5378
86741
2111
90473
27719
71599
21008
67959
47227
23078
61753
54582
29072
99159
1024
17783
79860
69595
51784
12227
94421
77267
86377
89459
84571
33868
99653
14163
30198
30673
5121
80296
84110
97586
64065
11468
44754
57271
26612
66431
71679
65097
57234
96294
62896
54679
54907
96192
39448
78891
80226
13043
6266
10779
71176
10081
40949
7756
63641
74966
12791
72928
60949
36480
5578
53032
85472
87305
93900
28010
62255
87670
29089
83822
46071
96807
85919
92662
22892
37826
33446
17856
10262
80422
4619
37823
70285
42138
97513
44531
6630
27709
96711
64442
35867
5512
53115
77880
90885
50223
73743
60104
42010
49667
34873
99947
53185
60929
6013
61937
44984
21244
50534
7942
83206
3242
720
1964
23648
45586
34355
88924
91161
91141
56429
79845
7028
16836
60395
32873
75773
68426
99039
87958
54608
74625
79668
34215
40469
52302
6591
78264
41127
99157
76487
67897
3809
26240
6833
43803
81322
29059
84567
66413
75456
51892
24711
9853
95898
2745
49114
41861
45994
7062
95045
66953
49593
80599
85713
28555
6565
36798
49650
43064
60900
6503
7298
66461
81092
67651
78732
12323
9440
54845
56045
25405
66997
85203
61998
61111
58970
85256
51577
24876
84555
77311
19956
89417
82631
28033
38348
96619
16165
78316
15834
14815
834
32970
7885
24533
10729
15791
680
32820
87456
21703
52591
76168
21582
28201
69889
84372
92590
11063
31940
9841
98353
57437
15176
53882
68156
58242
41885
42634
29012
97213
9772
39908
10264
2155
24519
80486
79297
96589
12858
1542
17608
37617
19288
64761
10956
45570
70238
56878
27229
33407
53915
20390
82958
33464
8726
64776
54462
20233
45308
76029
74119
76260
67173
41986
35820
13942
23914
22183
28564
72681
13197
97055
46249
92238
93341
24574
2188
79376
30897
71977
72881
65817
44434
73904
59039
45558
78435
20842
80919
57030
67398
21923
46434
92190
87923
65567
53999
27378
28281
6942
73790
54711
7870
80228
53443
91178
69894
77292
1284
86374
47362
95424
35082
4050
72302
36319
96503
63358
16645
44899
93311
31165
81260
95202
8519
81155
22352
66214
25677
39574
6229
87186
84908
9175
2951
323
36528
11693
18902
82537
59162
12797
80412
48316
17732
23030
65164
83354
79246
50374
13129
60611
51801
85778
29497
45608
17515
76494
89843
46703
15007
17999
3235
71987
50043
47265
55431
99346
51162
58972
13297
77780
9866
19706
88876
94515
59685
90684
82916
29932
61261
88912
93345
94623
78549
22568
95445
92029
79494
19834
51536
44664
53927
27501
6904
43787
4762
44009
37097
76027
45970
602
32630
6785
38451
27229
27952
85232
39041
49680
47976
16070
79383
53641
18567
57830
13429
92850
76511
73869
84574
87757
89939
59050
19816
46210
26704
1293
39230
25055
98532
76675
34242
86066
69424
71173
69390
97068
62325
66415
98439
