71430
83164
87056
4034
10052
41806
22242
23005
45501
16690
12899
96462
81434
18703
44207
73476
69343
17018
22517
39556
98441
34821
16597
46113
99425
82926
89386
59542
89504
47671
81211
65427
90764
13638
5280
38678
37761
32934
238
12277
33469
6763
72879
44530
1109
54108
68276
78504
75136
73601
72548
74595
83129
11322
89728
15735
62153
65958
28382
2397
91526
31397
82957
18105
92128
40451
45308
71085
81698
60378
37884
92924
19301
95861
85075
10643
83064
14417
97878
76245
7046
20520
81728
59509
39245
75709
6654
46086
38557
9269
87702
50278
98132
51337
97828
34048
38819
7359
86897
30367
63101
9260
42360
27782
29494
89064
43843
52479
96775
50136
12990
15942
37770
87526
399
6403
20200
91623
64207
93314
76432
56365
89704
3287
47024
16598
58161
75542
86198
89534
48150
33378
63449
57669
6382
63537
38386
42903
43635
54611
26428
67748
12524
83289
98478
63135
80692
50347
65855
89173
83199
76604
35156
50006
22403
25809
68179
41169
9628
24277
16801
79328
22945
34185
35245
48772
85065
31781
31606
85946
53626
67077
35698
67568
75375
87381
61271
57580
16829
47162
31000
2408
72452
69370
64553
8395
92015
51337
3926
94064
84290
16867
85512
52845
43788
20081
89770
7833
46064
78009
47524
8352
80812
57377
8164
18218
86955
4415
14213
83090
45289
52957
20530
39680
81458
16978
44401
21594
24175
2409
92761
83623
9241
13757
16440
6632
75299
12228
22602
57995
96703
34447
32667
27793
12017
73897
44486
53261
34454
50592
73418
95213
84760
14834
20800
79210
44713
72013
80422
2309
21021
91155
94486
77900
29674
23764
94734
36339
36567
64405
25742
35241
75650
14353
35695
17558
88371
96054
24522
34762
33317
46178
89121
2163
65255
6143
49760
89126
86601
47528
78604
50843
95190
5883
83667
42714
72189
36026
79699
55254
29253
49945
1529
97265
83270
80367
91353
22325
2949
62000
95982
12430
9206
21373
16025
35312
79894
33816
26621
13357
83191
46052
79621
48747
71285
42076
53783
99337
3059
16790
91546
57873
42327
67441
44784
65931
62079
23135
19701
6156
71631
67035
17437
65984
50293
46712
67719
9628
25403
45090
10931
22699
99393
43472
18491
73697
82536
33914
71895
97644
42990
10624
60697
99234
65776
69041
31091
35428
23393
57594
56149
62264
32784
89605
42144
90954
13643
5253
89232
64587
83856
15653
75029
76694
56772
37237
18113
18298
26902
36509
99188
88717
10898
67665
10454
96311
47381
13815
81688
90892
68699
79626
37910
41842
26830
17139
56641
39382
81992
93606
78037
18081
91560
99688
4827
31761
95507
35094
9744
74757
6517
30997
58444
45773
80912
51571
35163
66889
73502
13493
78574
53477
55598
12097
21916
31499
94002
45962
59055
732
2246
54571
39143
66422
22187
88114
91097
11851
82448
59052
65102
37005
34659
96825
83744
44804
3382
55812
11175
12629
50794
66243
17977
34754
96693
64703
35888
55082
41037
91839
82487
11987
73384
26704
6134
95354
66949
73638
93212
60499
83161
47250
15998
76946
93103
21350
18480
81289
78629
79311
41860
28216
18977
37553
43178
68814
14805
23865
87353
84782
81887
24680
88777
23114
75957
69197
52472
65265
81222
50081
80183
90052
50629
95603
38907
98907
66484
63748
84189
16430
30819
57811
92032
22578
61667
9954
5369
44122
41615
96929
29826
67338
15339
92736
67038
76395
26986
49624
12290
50041
7283
7792
65117
82830
70817
82192
55062
97350
1945
3683
12499
73090
87310
74747
26516
40793
89398
67929
54111
21660
37217
85721
63746
37703
60892
88570
51217
74301
36387
44873
60857
92300
29135
69377
75328
94251
29743
85306
91408
42386
53787
68072
46839
96096
32192
39412
73278
41486
42046
54544
95908
68482
45931
42406
4647
99192
62357
2562
60383
33006
16352
21948
75429
91356
62492
68034
4071
34321
27170
29647
59050
17639
52397
17303
4826
23384
10609
10717
16508
53982
54501
79146
69538
94831
79106
89299
3819
84680
70972
93508
40456
22290
16228
42328
80671
96263
41166
64262
12873
48310
30376
24547
49678
22309
37894
71729
10532
8412
81179
30610
56010
23946
48516
89511
61764
39085
79814
92387
94428
92301
55093
27603
15937
53277
5562
85343
19579
65106
8245
70531
69830
92436
11858
1272
84137
45148
76095
86350
32253
57447
79915
92786
4580
84870
59466
14546
71141
20636
19819
90676
45494
97374
14089
88841
93253
55957
36244
40665
33642
99877
81567
43583
80315
3346
37115
80719
96218
73646
24376
81214
26117
40001
81793
45324
42050
22459
54524
60347
20045
89941
88677
42960
14595
912
38395
87336
7745
73031
85290
20729
94831
68159
7392
38656
70740
89438
35292
39151
94213
84348
87376
76315
88583
69938
8249
36084
56650
93735
57095
66208
30071
260
82737
8901
6887
47548
15329
24716
87496
90217
34224
96020
52687
86812
3768
36693
91089
83530
36257
51947
54079
72275
92258
34477
46299
29215
4784
2347
52573
72430
92642
87891
41728
992
74152
28326
63826
88052
40936
95212
73544
21184
38374
33570
89264
3496
65486
89174
89274
76235
36007
54238
56334
81932
84210
75964
79501
32903
91117
50315
18247
69059
32166
2060
31214
7112
38834
68891
6238
40056
99371
72375
70115
89498
44419
29477
15530
11300
22028
20527
88467
11323
11310
83804
46070
77158
47147
69940
35871
72402
14512
7643
52506
38864
64637
17506
23539
20539
768
23749
41326
40066
69643
61109
21745
65227
41543
93121
37019
63628
66354
73050
13063
41682
25766
48468
78788
46443
41606
54757
80137
18856
6367
