42426
34207
10756
71309
55104
2705
63488
13391
68426
99854
81041
13121
20101
40736
27866
37814
22117
21347
79795
63694
70400
79979
66853
69168
68032
73486
45185
94891
87338
44855
59453
87925
10330
10684
63140
69442
75712
54648
35802
10392
51880
16399
8007
75718
49781
43386
70888
73559
68555
66399
26548
89848
30847
30383
33060
34264
65663
67840
42751
1546
86723
8362
43207
66481
18600
8455
7128
7532
90003
25963
45710
30547
88640
29400
12387
88274
73329
605
73897
39774
67513
60051
43212
47540
81782
63900
38276
84366
94088
76464
83357
39282
89902
37117
11636
62556
43591
13452
84739
68176
99169
72629
41635
33274
24116
12784
55140
4081
819
75230
52832
27820
61126
12022
49174
40701
43052
60749
72266
32350
93854
45038
27314
64421
93943
51088
12192
12264
23047
42331
41504
39488
61337
51737
12609
18065
8177
39992
20640
90192
99545
95190
4167
37428
38467
90215
170
61949
38369
54222
80244
23377
95260
75260
49666
9686
98191
39698
78940
7766
29378
50705
66701
6769
72736
35169
69418
71142
45457
78762
17392
8521
15388
21253
86136
44815
76579
21294
79155
10723
23373
23556
91814
71507
86506
51144
45112
79689
88666
55357
61739
12416
73679
83718
2777
80649
22819
10374
51828
54909
33363
17633
53049
76622
50868
18609
63300
42807
32151
45266
65926
87526
94168
23402
4999
30926
61826
70425
688
72732
62186
26927
49270
49517
11164
35397
98660
30358
10549
1001
34541
11140
37056
80395
59593
57191
87092
3145
67198
55903
27436
14859
36902
96178
10635
40115
3023
17786
23313
20008
74776
21220
31227
26251
96904
17910
9932
22703
56587
21627
82188
88862
45505
87649
73950
40992
41124
46309
93880
94081
60526
22023
28720
84443
83094
15937
57724
45335
20285
24584
83451
20855
1279
759
68652
4361
7153
16517
99659
19966
63250
7902
4525
54024
49557
84343
397
83722
71077
45156
12663
20750
45125
2247
68208
30585
33134
74179
81749
5580
82393
36329
65110
74004
51026
65747
70843
22187
96359
53001
66500
24495
76061
16707
93806
50752
67658
89241
25892
56591
94710
29437
29116
36977
55004
27247
24800
8303
44428
82265
83079
62841
44039
49260
87806
11617
40427
40307
27315
66364
41620
92331
49156
45094
68719
18804
35727
40856
52113
36952
31753
63665
88978
9168
92231
69468
10231
58953
94414
57448
95456
74218
34509
80572
22091
79909
82931
74420
30763
16888
27218
50521
78883
35221
46674
28660
70463
26183
43758
21821
41716
99483
52336
78053
86095
50498
1701
95138
32699
65258
59159
60430
8454
90864
6239
64340
21663
89009
23878
6402
9085
94811
29088
64261
93679
12422
81644
47504
78200
59218
46860
52351
32308
93680
27281
6132
64209
25473
17817
40875
66555
56974
37904
41745
84829
76192
13182
52970
37789
2370
34079
52911
56358
84817
73314
51178
25125
71475
50213
8362
48256
21507
59595
83658
95276
58105
38483
61593
59822
933
85830
4901
68134
90743
61429
10200
32363
5873
8947
79979
63415
84618
30612
88484
535
6117
20636
19584
44541
77336
37868
31072
20062
81914
90017
57353
99880
28579
17383
52605
6418
76465
12340
2632
49772
93748
68378
99800
78033
56819
26906
96787
37461
83105
4889
74544
24628
10420
23997
15084
19024
32139
53887
59239
95022
76626
12868
74123
44222
15016
67484
61837
58080
21697
48223
53994
46809
99370
52394
54141
29108
10631
74722
12727
6395
80408
76805
17501
30520
41313
29273
83473
89604
22552
25560
82404
12243
66282
65952
21770
81496
60266
53436
74372
34174
45659
77393
1736
90988
78049
18614
44843
48175
59564
66856
21048
45182
56727
82776
62184
89680
8319
21546
11726
83009
84309
26211
21816
57689
57173
71355
26774
83927
17089
11884
31989
34768
