31993
96631
29434
83043
60865
30911
8054
70799
73679
88070
37789
97209
32293
28958
93138
11714
82147
6434
42299
3775
46371
35342
85394
67477
45459
4322
46117
66627
58450
45604
50629
1938
84518
39215
73091
5208
41128
22569
11239
87900
93277
59262
88930
91888
8779
48047
98773
27927
65358
34014
57553
56374
52935
47474
80549
44805
24600
41602
81645
67273
29497
42701
51228
69116
1316
23673
71671
40925
4992
13370
11631
76244
92250
95720
7622
97976
29676
45783
49991
80794
56984
98476
23621
85861
25756
78934
7218
23953
62449
50860
86243
38380
38871
90742
46426
65416
12520
19435
47431
57114
83591
68842
87334
75671
65406
36875
43165
48306
63933
95036
11613
74421
50603
52028
11149
82741
90553
74864
70
82832
18920
79207
83176
90385
55772
36323
72235
15070
82669
64631
22035
33524
17895
65407
56051
23899
56907
2619
28041
83518
38434
37045
96154
2213
1178
12603
23057
5198
69184
37364
62312
44500
97072
25937
18709
34056
66745
45123
58129
50234
56703
84748
5429
43126
965
18322
38700
20846
57742
45111
64801
77485
42913
17456
82580
69515
95450
66315
23024
49993
12722
18004
92629
70296
22911
57342
16262
7377
85361
15994
984
53098
93898
89627
8863
70246
87789
20350
16949
57077
58141
47579
34646
75188
