24551
23574
2104
63347
46274
98791
21050
76445
71269
72674
94272
75133
18893
36561
68953
64572
21610
86912
78575
65668
52011
18508
61228
23025
66726
27360
26623
40744
73373
35756
34026
61142
75165
65303
5085
61249
73912
5610
85256
54909
20512
45740
24670
18969
339
9521
20743
14827
95384
73001
93866
57783
32164
59455
26342
16178
1650
30772
70534
24460
91966
14810
8518
65837
89750
71038
1503
60815
81208
16165
78771
58181
15485
48409
86748
29414
57826
52770
82915
6337
14290
65546
789
61231
82290
97166
21980
17151
60820
76124
67000
33435
29385
56711
19732
29738
97044
60847
27803
81060
32274
12718
45730
67462
6264
80675
58458
71970
59757
5471
49546
99033
88114
87585
90849
42338
62738
12441
90021
25739
90226
83447
48102
26001
93688
57026
122
62559
89768
73250
80580
58089
72592
9930
164
67218
4980
7400
79048
8735
13265
47224
71134
5990
75378
30551
63172
3217
68554
51074
75561
14625
93891
72134
10973
20905
48547
5474
14060
4478
69466
78217
51015
88601
65623
97965
34081
79690
12899
88427
44739
14279
93984
34628
85843
21015
73867
42711
31588
83752
77090
7693
99212
99168
57584
86546
33163
60969
74326
49896
70218
19175
63749
92680
21776
87035
47338
91207
71401
369
10286
74043
92447
3017
11748
44130
74621
15866
64475
97006
28155
94628
66768
42824
29755
88046
38346
71577
47859
43526
18872
72765
19023
9015
12337
47753
67341
62546
76059
76100
70530
65857
23852
66599
90468
51486
1463
96249
94620
21397
7331
14258
37034
6571
36065
22339
38729
95714
13036
98038
61555
29613
91545
49546
99276
78939
86910
54866
11398
72370
75531
2710
51858
59174
10359
1949
69025
68879
19681
73801
35303
29179
97478
59372
41902
31221
27105
36741
83009
92469
67511
15925
46317
20293
58202
75493
68280
51523
22698
71257
78279
92921
72338
37592
97537
51203
46871
40340
83135
9076
49316
28452
85761
41860
16202
8472
83386
15224
71104
12454
10378
30010
64798
28289
48992
84646
91311
7765
5584
62675
50960
64505
7055
77348
49079
54516
16453
18887
32727
30809
97642
18579
57418
3255
15334
18038
57234
3636
24262
65834
43921
51519
54541
34966
62648
649
9018
65832
95383
54157
90334
86850
40241
15776
38309
46857
99075
88818
10446
66510
93167
99549
69250
46258
30592
44665
66582
10950
45151
35185
36110
79119
3536
32386
327
5546
17139
51119
26319
26874
70072
57473
20480
96879
92744
93286
12453
96441
34902
80599
80676
83990
74543
95440
13931
42828
87690
57060
80064
91584
97506
23214
52531
65172
6877
92772
71417
71624
39025
72223
9771
22869
52500
49370
43182
46209
5145
80459
24370
73269
91177
53595
49847
53202
47473
59591
12915
64670
68280
37535
38363
53424
78763
31312
48479
59455
30513
12665
63728
45428
82195
7810
62040
81820
5573
63681
58005
68023
22936
84293
70913
93401
34276
60544
37686
68638
65023
10592
23478
82379
5248
6683
22380
38960
86849
25698
92261
72501
83183
10991
18855
92143
90
24583
53208
45689
66756
30786
2768
24170
22052
15365
30415
73149
72873
31099
71334
63932
68454
69825
12063
37159
14658
60066
5108
62314
80481
2587
94727
25095
71601
65916
18631
35005
11669
26883
20496
66377
57016
35872
92154
76431
28795
47844
83542
51935
44005
74427
60880
85233
67944
92426
47310
19277
82238
26123
44927
69457
19196
26773
72982
74648
73404
55646
13062
35923
40263
74073
4018
36309
31436
39328
71478
92563
59336
28654
77373
63117
71815
53693
95089
11334
84854
89565
62925
39316
74593
49040
98489
50746
65088
94451
89223
25556
7123
16028
76491
39657
96
22560
61625
93158
61892
90556
30927
71018
61557
59141
57311
97308
94494
3170
76128
44794
32203
21847
84889
79351
5945
25231
44019
2006
21913
81276
63400
24366
17696
20263
53566
50450
92711
49667
23997
1879
88471
74841
19384
74356
67081
2947
32319
65227
30367
70313
8178
57105
28014
21226
38056
90754
58430
480
76171
71806
6187
89242
42267
59951
72164
17242
84732
43387
81751
48008
48741
72782
7473
5196
28774
94612
96474
88006
66547
17762
22651
87639
91473
32231
98555
51563
99527
85484
77664
48058
89583
71819
25353
7689
35907
68921
19495
40817
98643
31485
58651
20518
49168
49156
45545
45294
41671
53975
28249
64163
46722
34361
91139
27287
98891
