19437
71118
43075
47537
27599
54100
33751
41231
53055
65808
2885
94622
56743
45137
3453
46895
36693
77648
80532
59677
66211
79626
31767
97835
52213
22651
87638
78319
56672
52688
98288
77630
80779
9774
80130
96114
33467
73414
24593
32449
63575
66526
73704
97873
93146
51967
78772
80492
90260
52501
60678
88980
44778
62858
22561
76604
43329
14917
1040
94145
37003
246
38322
62702
6038
79119
14164
60703
12355
52427
15047
97696
12907
25160
54590
70426
16301
64311
43682
42211
13353
29301
55766
34734
59129
55748
20494
32781
44213
75589
82327
26339
68385
13532
24629
40042
68220
30108
18043
49580
70617
13700
62201
77663
38542
52785
31306
52659
16006
3431
67372
87888
84319
5547
31309
282
49755
12938
45154
83081
94760
81448
58885
54773
42965
99783
97663
73405
72966
6187
90503
33004
87970
60700
46045
59056
22274
46856
82660
27766
54966
85454
73716
98344
7278
31173
10169
6722
86026
90938
44627
30554
16368
91874
69050
87752
1024
24006
65555
51386
24503
15457
88870
82442
51712
98031
58891
56370
87610
14709
18483
38019
69748
11168
4935
51368
10326
54568
97740
52600
16669
53725
32748
86383
88202
57381
79538
50771
78569
72566
78484
37596
59258
23968
28244
84608
51952
30700
