80063
79647
76070
73979
19349
88582
50328
40322
66951
8743
45420
54854
95924
34524
23116
9683
44448
9167
63874
94909
76591
23659
25433
46419
48105
79462
75703
94741
55716
82451
12383
16204
33913
60119
85887
59223
25636
59111
53240
82447
49187
61720
96499
6166
43720
85690
45065
94410
2691
30780
8260
26456
34423
39832
46364
9596
80905
32324
59655
86398
50766
5480
6929
58182
33339
12410
73609
2094
6446
42466
1090
32530
25251
86981
45729
53859
80437
63064
78664
69234
86796
37224
14780
13947
98392
22622
93252
41470
72954
90776
18112
994
10006
68704
69610
93632
14033
56723
8451
39885
34857
29072
4028
9605
33218
81298
23752
97671
6909
23477
75139
19641
96203
25143
75990
27704
4722
74510
55395
98786
33219
6769
66101
17431
67226
27558
65394
45163
32967
67016
7895
88618
53074
83616
84159
11058
54380
30900
22925
97036
32023
2656
41895
5236
10713
55628
8373
25138
93906
19920
89425
14329
32778
89151
15171
69961
1605
77933
82387
32824
51554
42496
11300
12476
91813
47730
74705
22174
66012
32820
90658
33812
70729
9935
76661
4404
15839
7925
92750
93930
22640
3078
46274
885
86333
54231
35368
7568
97230
87795
22524
55928
60119
81479
77141
68720
47357
98734
64633
53659
25110
16760
87131
55351
50388
45383
23395
93101
3630
16927
90840
94731
94286
18262
19205
69260
10489
98464
20108
56140
18321
16091
47639
40647
42475
60082
70083
45130
80951
99053
22144
72997
28240
13428
81539
78099
73058
43402
32544
50122
70171
24528
27043
8530
64093
78691
13937
34916
13918
11521
40975
44004
58874
68988
46335
38400
77371
31614
32216
42271
28306
23203
74128
34982
32438
71284
35686
53179
47590
15227
12341
11367
45943
49286
21924
68035
36483
58611
39930
91575
54733
71423
73563
31869
7102
73607
69415
17797
10199
24005
49824
73587
33366
74559
79999
96374
96740
47835
41045
17117
86785
39744
61235
51535
17205
66752
61790
78784
83213
8353
92679
8123
32515
69415
21915
12230
47966
45659
62430
27794
24730
30724
74212
38670
8276
5997
87989
75171
65911
36506
43225
67223
81726
27490
18153
94337
68967
95319
76527
49746
52143
48682
69494
44338
65448
54818
4313
95814
83406
58238
69822
55835
90768
92663
42328
85618
28143
83732
31144
21767
30516
62575
67049
65008
48220
11206
42875
80633
57988
68932
1131
22419
89202
67208
33803
12898
79441
13050
28249
71902
11286
76905
4386
27531
5731
28328
94505
89874
62679
11996
14559
97406
43861
47487
95315
12710
16927
97469
7234
91994
94926
73057
27689
57281
96879
84167
41022
44582
61760
75288
23224
24479
16144
33610
65495
34005
14425
32765
69485
91459
93142
84895
86774
67320
12762
84001
58555
11912
6266
24729
10973
25448
93081
58806
14597
22583
53377
82912
64097
52233
61380
82570
3342
71977
78554
17557
82733
49383
62010
69073
81078
29875
2880
15908
68054
46852
13212
53512
42260
45237
70188
7792
66288
60882
9371
96252
57041
53642
39821
61847
35242
3145
59220
79436
38932
12780
87259
11076
58059
73311
96200
85320
19646
78903
71799
81870
37783
2843
94337
71151
94362
90413
13131
94204
38294
94943
47594
89146
34135
1393
12978
22735
3854
85618
42188
41445
40455
15293
34600
6729
93319
55628
13549
11077
75705
25252
8396
12039
43383
22386
33884
82374
11529
67980
99771
95363
5731
33234
42388
3287
44581
50502
58179
84971
56266
30474
60821
91815
87112
46546
77036
1744
11004
49490
52913
82212
93593
64375
10157
15140
59355
52694
2181
68075
92553
82009
71759
23101
60158
38302
20240
67583
30352
22747
4864
49553
7040
27972
21073
75454
9704
96574
70487
34089
27507
93414
57267
61512
95649
19925
75705
39522
28092
31663
54304
63615
40273
54117
17681
61187
31856
96350
5661
49253
74262
74542
93975
90060
93513
28383
23032
90905
84831
14027
58928
78022
73583
72135
36057
99519
63605
79150
33057
68673
47460
39633
95998
79332
89783
27434
78017
83305
57441
77546
78517
86969
41143
64001
28389
27559
70141
22831
7594
38320
31225
87364
85635
15064
77429
2299
48389
56931
3407
65020
56506
65825
93998
74189
52307
95446
13617
52790
8236
29654
89644
96636
9483
91002
18781
42056
11189
51043
60127
20051
85218
16553
6591
75439
55986
25633
3786
38923
59545
43134
36671
17800
57185
84811
75256
87924
94925
52242
2940
24926
16850
89699
19065
29424
21044
86497
7467
703
28303
81274
20965
52788
76763
10977
96159
97536
26209
80946
14743
83939
16904
3153
91473
31286
8786
74441
94590
27199
27392
65069
82725
12811
14451
80641
90411
88308
43185
82653
10856
56641
28709
3907
74627
16849
83402
96918
44943
37014
75254
54803
53312
81641
87315
60532
25365
6289
99360
82896
87650
82405
41265
21552
26046
42325
35687
82825
99579
72629
33176
80388
41445
49588
93588
74891
59705
26129
37206
5206
10429
78751
24923
78623
67064
13748
61126
12919
36558
8630
50223
69151
86885
28367
59635
60336
36590
52109
71000
62814
77616
44315
79661
23165
24485
17263
28140
37377
85442
73688
29244
95336
59372
38563
4046
10313
30729
51228
62583
93574
44351
90542
86837
17864
40526
95368
99605
10617
48184
98838
8102
68879
16009
56270
5285
30537
23087
23721
68569
7895
1230
78835
43833
82306
78571
94694
62118
84965
54911
63503
69657
89147
38279
37499
30436
32115
50832
2608
47608
32425
59973
41714
60601
85759
6370
58104
16138
34360
82189
671
88644
98323
60459
99863
38119
55453
72283
24073
85984
80061
35792
43535
66237
10929
87197
78216
39928
52169
75124
74187
16011
2104
69498
