39917
61896
54726
48714
5734
71584
77552
69368
30227
9963
58192
3587
93380
82864
56011
51993
27333
76743
80378
63758
41953
81473
74026
18898
20554
45649
96451
690
98181
70458
53193
96040
95468
78857
5670
95174
30551
57971
96360
68817
78062
51731
16245
32741
66529
18511
17476
11415
53297
37588
31312
44209
92439
72250
73156
85924
81297
14650
19221
37920
13373
66842
70109
83314
5477
54269
79868
91810
93270
42697
91421
57339
65446
19365
64443
54823
90039
29204
28498
53132
69373
15801
70449
97908
75862
76907
26397
51254
94582
90096
95807
68793
66253
83242
99845
34235
66754
2149
19155
39857
67086
73322
80650
41601
74760
53481
23495
68181
75891
50719
16168
26382
94624
91586
38216
82790
11416
63158
62049
18457
97512
25879
38928
44666
87581
26837
34230
93491
50608
46614
24242
26421
52586
86589
53214
45245
6341
83849
7636
43091
14277
51111
96935
31007
27323
7625
59236
41713
46442
33898
16342
60015
40207
37193
78478
34400
41444
38872
5198
75645
21808
14504
60185
96426
76748
54041
36880
25926
34108
39094
28448
18595
24022
38010
10634
34782
73177
48320
99116
92416
75987
65020
52810
53681
97165
99598
79618
2915
99152
92872
44475
67670
99963
28223
27648
66050
74199
17623
94453
15958
11255
57147
48340
22479
91823
23324
95982
9864
77968
58390
24647
40935
83177
7885
26881
72067
97391
95723
62992
75211
35088
12005
65090
29451
78827
94801
73975
64222
49555
41999
54658
7805
82133
67849
99676
99971
51234
72835
92703
7645
86680
85464
39715
67444
98408
83933
16381
18648
21151
83128
93116
40755
48833
20889
76428
76045
43690
76989
12449
32994
23822
66054
33380
6377
81899
28257
97107
26513
99730
97470
31242
71005
38689
36470
37913
92691
1531
33797
14817
21570
16031
33066
26327
70973
4363
35983
49115
47422
3591
64646
65963
98077
20093
5796
19092
68652
5867
15023
94984
43943
24383
90998
59288
18097
50652
84472
70142
36109
61454
22749
31174
26980
49893
26256
71421
28653
54888
68205
93286
97731
8090
63489
30374
79119
12278
60097
11472
17744
18143
28529
75157
18763
44156
9436
92303
84966
81035
10331
29100
71556
8763
79473
55957
46768
6373
20557
841
40392
56105
36504
4844
19062
68786
53109
80900
40381
66874
10631
74882
9252
96307
82736
98534
6164
94937
58040
54850
44676
51395
70590
60351
91132
8206
25134
24513
79585
41515
30530
11897
53212
8194
19607
23812
3776
76267
83387
46602
19249
9751
84625
47142
94073
34860
85530
51865
68599
5944
97765
85845
54009
97548
28101
82344
11876
6199
93670
61909
73210
97071
10590
86263
67581
99702
41847
1059
444
70881
52424
66131
33902
77404
78377
46249
87929
68634
88286
69428
37734
71970
69211
89968
45215
2523
17658
68385
16038
43030
84868
27990
22177
28775
13265
43098
24410
50866
75028
55665
27888
1295
71075
26008
5464
32330
57578
87204
84559
35932
90607
75522
55578
67750
30237
79611
84443
80114
39502
98780
37229
95801
66824
73566
77059
93141
63176
69412
62551
58647
54916
46813
63104
56679
77205
38188
7182
12645
29969
76992
66548
35340
43370
1628
73803
74171
58990
9065
61793
17279
4436
55374
46811
36889
70858
77178
89573
3320
8851
54028
19621
63236
81487
3160
16491
55376
74887
89244
78270
46930
32205
53715
67300
77541
91691
93594
80139
53572
55382
72451
52464
29775
25339
61864
20827
30189
72988
68615
68703
55386
50008
52483
51838
10551
25355
40676
28222
18671
92208
94895
45923
10428
69774
51081
99319
95364
29727
14937
52746
78729
55655
57471
92269
16304
11115
5422
39840
70470
43765
41179
85063
9567
87904
51359
66957
13825
63841
40833
53648
40390
22423
63634
57342
18219
4978
62251
24392
46072
14789
59755
73692
894
36938
1655
26385
41383
3559
28895
25596
89109
502
44221
99370
57676
28994
87142
53607
39329
88285
56808
46204
33947
41737
56073
95425
47786
16188
70861
17212
84282
77909
79468
78109
27235
24674
81832
11854
31470
98605
1277
75568
35357
35270
66515
85506
48141
78644
29839
84845
34625
22485
96316
23795
9317
85373
13182
48174
31432
67431
73280
73149
78170
55875
65015
78342
45319
61402
51860
92802
62468
60218
59317
3312
77827
992
77561
26186
5502
76049
14344
73833
66179
34655
39888
85797
42767
61270
33990
48783
77162
13637
88681
7566
72192
98411
41099
34156
37725
31040
81414
80492
78155
16157
41486
40685
66969
20579
63359
44432
43508
18884
76730
64783
66000
31021
54558
28382
6400
73104
23519
82500
28548
89752
3771
84612
31195
77115
21689
19357
31696
2935
41485
26722
3553
20684
31523
87682
20319
91291
82076
99996
73874
63316
15749
86207
29756
97548
38375
51997
94986
76230
57221
89634
28676
42782
22982
57626
90759
37572
50057
83871
79535
8322
70221
71541
43627
21207
12214
72790
37566
52620
51562
68834
60047
71392
51566
42860
23368
39892
39703
