63321
99313
88863
76662
13274
87617
35437
80944
79039
69088
18743
3656
47504
73792
77136
89944
40596
77802
75866
31754
69526
84474
6433
29447
5573
66872
85963
28311
14595
93496
40572
73490
7420
9687
11978
22433
31077
95167
18527
78688
64019
34288
60932
57522
38428
34730
89495
98279
22140
93235
47719
86229
2851
27521
28613
83493
14895
32871
54052
24755
43146
42110
18970
19089
21447
48853
57085
92578
11626
93949
46098
54634
9754
43919
30039
62235
51721
43226
74245
97430
56586
19051
93102
19147
3745
53950
14480
58610
26745
89864
86448
83547
20596
51328
51039
90219
58759
40676
24250
63245
22505
29950
66551
88644
94632
27237
56391
38717
2422
11129
37832
33381
23873
34622
83956
9474
27673
82990
65709
33317
38119
44659
55365
93215
15719
87487
47283
59601
76020
25327
58754
52150
60868
84765
93270
39898
53506
52875
52158
1800
64638
31668
28013
12809
82320
12788
26077
62595
7460
80026
55072
73887
73528
41817
91798
97112
5881
50745
42162
93962
70113
47590
25332
40780
73401
9127
5064
20129
7337
18719
98202
21928
31105
73212
30780
9612
56187
3022
94577
8541
45745
10212
40148
42073
1328
19924
60631
97744
32242
71511
44605
48221
32342
60673
92806
42668
6854
414
66407
63369
7150
71970
60260
63353
34968
90236
45046
66660
15815
93342
41497
13194
49203
24212
21295
6431
85687
85726
48591
52019
53751
60514
34114
32734
51777
85157
81123
91454
13507
14206
53741
93959
12674
18069
88996
99194
