12663
22406
78523
88336
18574
64134
64899
28818
29521
44701
63409
85370
73615
6269
66485
78229
55403
37398
25293
83754
10315
64529
97168
44166
74168
99668
65787
49010
95147
82056
66638
53325
10220
72032
98497
82176
79165
74626
885
85776
88742
36269
51680
64201
97901
72949
20759
94216
31343
71793
86275
82625
37197
58164
39005
39274
68651
87936
96185
25386
47166
88261
46021
56550
99601
42938
35699
75131
93494
4361
757
23837
18987
11078
85864
74457
59667
85778
28534
53307
2500
16660
6193
92829
23815
49753
81850
11289
40937
7108
63597
43517
70036
52878
94811
30132
11399
91429
96353
52792
56660
53951
19770
65001
40383
91488
83824
78060
18052
95992
87481
49146
67814
14201
73729
30533
57225
54312
96421
91848
45268
5904
35161
28393
91738
93158
62035
84544
82945
18448
57921
44198
13521
52644
57687
14581
55865
98174
55773
51061
57890
19892
20865
65339
22183
18535
20157
80539
82775
58312
17934
10366
27326
51775
63899
11334
91838
73886
65114
38694
16074
48218
81104
69620
69200
14388
26475
52727
60600
68181
85654
44110
33808
92424
21750
43169
26374
66524
33683
92547
80891
90384
26778
54588
32317
45658
46436
30324
45255
79182
64362
95575
72606
45949
45782
30237
79416
9149
65541
19113
32873
85147
24387
63092
59085
3203
43937
29707
78375
1703
27451
65382
35193
71420
9628
12831
42787
6542
47128
62101
7434
46021
45415
60789
43246
14155
7180
80259
73988
79927
88843
31404
2672
12189
60059
73926
25908
24068
9076
50292
31214
9742
35531
52278
12682
49848
69656
79366
68660
33088
1230
86178
39432
15657
38258
83639
67731
17517
97904
11460
5060
52444
2776
66091
62534
84477
62583
7846
69278
14647
64677
85308
22081
4745
48847
47263
28025
6623
23565
49670
75541
70293
78441
7013
64581
73870
88811
2313
74660
72232
60000
90715
96662
38652
10303
67791
26554
88699
18879
3404
13551
50857
29665
64864
43558
54802
25343
31353
31694
74286
81645
55638
85423
59829
21941
57341
96593
87149
71383
98890
90537
99185
47253
63160
97351
19650
55316
67301
85554
60077
82322
46143
667
25796
36728
74162
93438
63927
91292
99312
72512
67914
2634
75761
78127
31410
93428
84922
32692
43259
34963
9105
24333
61890
48548
28156
10570
48704
37547
37669
94739
23896
15571
98949
74095
68711
81548
25998
34715
46099
65143
25543
95187
59573
8803
48220
10031
85901
88714
68738
47292
13462
56319
23719
36887
42930
10886
63101
2054
35518
41963
50318
70267
48121
38501
66029
21934
41241
25580
11115
17729
69859
84279
25232
64384
76487
82524
34783
77029
78067
32493
94146
50743
14833
3464
23007
78926
61970
988
7712
17196
5804
52946
33134
72574
16500
6489
59115
19045
78478
29856
83760
9981
58799
4261
16000
5103
79217
64861
87522
31084
15675
50544
64999
4613
37486
16378
55227
65225
8716
84176
1615
47379
80730
92536
93832
79401
52853
66055
56023
58354
23654
48954
46000
97338
4505
20980
3673
31020
48550
59977
3755
13261
71390
9426
17100
93195
75853
14343
55001
73107
72691
81808
94547
5067
67219
17594
93703
12582
69290
20945
