71514
94964
1810
23666
53216
77041
91763
6028
19663
63271
57869
74570
52732
40586
10681
23166
40188
21527
99101
27137
76350
71503
14857
1614
31750
12919
24265
15380
96506
13252
22659
31069
71362
35411
33655
23446
42636
67460
63443
45358
12815
76043
17262
26492
35519
54960
81970
28464
82531
51776
69654
44225
63991
65193
62140
61281
12684
85332
35679
42775
96629
93192
18390
77058
76287
9701
48910
5354
97680
48204
40936
95824
59799
9520
4813
95970
11869
82388
52706
10149
82258
66097
54368
35728
59873
62631
6762
59845
81499
16006
18177
97720
23873
27030
92302
72314
37045
98770
75298
38
39343
27144
3254
96200
81841
51100
12334
1812
66832
10424
91515
38968
23897
23367
23737
32554
30105
70992
31243
95860
63244
12291
73139
1603
50221
33385
85501
63167
20261
20613
36900
67622
95018
14096
18017
16520
50723
77728
36855
8282
4195
18921
6267
40846
73589
67929
45431
33100
95356
96860
71603
90072
83710
59712
43573
6407
94235
60175
37191
48370
34836
78893
3543
56192
83447
50579
57712
42770
19791
20954
63141
79388
33932
77892
88392
50998
5212
696
9289
25588
57513
97828
45212
64321
2790
5442
69556
86486
13701
74994
76178
75442
16424
39356
41449
10431
7811
77348
43425
18462
91610
44168
8397
