44420
43276
16651
43484
22211
89169
13509
50983
49807
83367
9644
91321
78212
61844
86504
25262
75956
44008
24407
654
7499
45280
3831
86363
60311
15977
16759
74170
28772
67975
20763
60851
96689
97749
16956
75991
43294
14843
64751
40592
17843
78024
14940
96731
7942
82006
25347
90867
45036
97157
57247
17710
51075
87092
9248
27210
1370
36945
13474
59380
76865
21455
87525
83077
34356
12258
23689
30649
5256
38468
21426
99180
67095
26825
36517
33269
46717
43521
45184
91875
92675
34564
95693
59431
23460
79691
28677
68607
45069
52947
52733
56349
27787
12284
61555
14743
82901
74996
9887
74465
86352
74801
36324
77128
52497
87116
12692
8111
26807
30190
91629
52164
93900
22404
41737
47577
98002
62649
5604
98749
15120
12644
2370
35288
75501
97382
46261
85853
80374
93521
56074
1506
18415
99329
71338
43740
25047
55098
96786
31062
50962
97542
28060
87414
11285
65025
43179
94215
20697
40939
36354
80851
13923
7981
44214
79602
21749
25188
18306
63296
85007
59818
22158
5375
35092
71096
75391
49635
87323
87444
15830
51074
78168
29862
86023
48492
75742
56212
19107
35313
87696
50684
14006
95811
45572
4568
73694
41097
93943
43955
28653
53575
9316
78272
82103
63026
44033
40992
33504
94274
12096
98177
11618
65256
30786
9638
88043
92406
18450
93498
75523
68637
38548
57718
37355
6575
13514
33444
84559
43283
30895
40039
19780
42738
76706
63914
74184
75299
3069
83930
73087
38451
36949
84734
71481
36640
93314
73391
40779
61475
71848
13675
29059
76623
68712
11612
67874
19242
88178
50315
22945
31191
22041
29735
51388
48313
79719
91381
87873
36201
15665
78024
98614
43134
37438
8503
6505
32522
86446
45923
5294
80985
73991
24829
53
92503
53671
17491
60286
97116
80109
55128
3036
31811
34591
56514
96475
93757
20512
36553
38768
65004
82683
614
28346
98564
11863
82810
44812
41394
93170
55428
49056
68259
92536
2739
35171
9510
39229
11522
43387
83952
36434
24957
45198
21621
76522
57721
91371
14620
23646
7329
77648
90109
9313
24882
83928
25759
16292
16004
81521
74719
68546
9812
10559
67485
80064
96436
50933
98517
15612
80860
61575
60433
67542
35394
48621
43510
47923
21384
87210
95586
57303
58827
78023
98163
66559
14571
90258
19113
20473
76675
43315
77824
42673
84272
6446
36450
1146
74281
6759
2079
