98233
46820
89099
30914
65044
63203
13831
49004
82430
48522
87668
82396
89917
78039
52524
36749
16466
40599
27266
47301
59633
21818
86521
16075
70241
2129
91877
18940
14841
33834
26867
50140
72408
24523
42255
67597
62714
754
73519
96781
46660
94842
47503
61578
12416
67838
17064
94529
90056
18629
1133
42431
18170
74457
56326
45449
36182
1429
17443
64881
27552
53366
108
22824
3160
24382
84929
51733
46171
67475
23477
67293
53009
1864
28386
76835
21119
42496
12629
60749
69156
72388
91859
23339
58892
71937
3114
38136
27731
58778
57673
78208
98974
3987
21027
1848
64961
59577
77142
83572
53464
35391
99125
32768
22062
88627
814
88212
23626
78926
67904
32940
7667
65728
49925
67801
2361
87803
59036
90646
30389
40539
16401
42431
18369
28669
24261
41027
21746
84891
17081
75932
49611
88036
79414
67944
92780
5970
48199
59088
60480
63779
575
71770
98903
14568
47291
2963
98378
79181
57736
35681
77140
52748
5037
59391
51443
82282
73204
8107
60015
47245
29125
94345
98466
59022
48869
12422
78685
13065
83828
43603
7566
63883
44739
14928
85312
98752
62073
34143
29820
69161
52710
77332
76324
31060
15369
3139
61737
84209
45721
4331
98380
21139
84434
38056
83958
31014
32820
84397
16735
62032
35695
16146
58953
84853
84041
23552
33080
59330
21923
57094
46656
22369
47046
82977
49790
3047
20687
75495
6434
37701
25325
28243
78392
84642
28953
6745
71303
59479
34549
50980
88487
58489
90827
75807
40352
72828
82527
84435
52756
38230
8929
69499
27820
65881
21228
79408
70657
99151
78455
51869
42666
66419
70973
4826
9865
5388
53645
90138
5131
46299
18978
66513
46148
84067
66160
15920
58237
54565
49224
89314
45959
19151
68475
24072
72739
78662
24905
69917
64241
66300
73593
35454
66621
71382
74559
65860
73358
95725
96374
97032
67349
682
70634
12276
28817
20702
41075
22891
24264
4766
4954
61316
1350
92144
18911
33502
57327
61661
12130
61942
30957
90157
26119
71374
37861
13696
95241
66655
30526
33986
81378
81654
11678
72689
43182
42407
17242
82954
58002
8219
42698
4023
25253
18937
67134
92633
32384
64801
76606
71220
62980
76170
39753
6329
83205
86518
65007
46711
50722
62170
52887
40464
53600
30931
37302
20852
58418
94605
69424
69321
47548
20846
45703
13684
92696
81852
40348
14436
18548
39806
1714
21701
20128
83731
21827
39185
57941
85459
60930
15990
46309
90650
8432
22208
37114
55682
19984
67780
48470
12096
97579
48979
61449
44051
52946
37663
93493
85302
27321
71516
30726
3194
88870
92591
16761
91452
90519
95649
11984
17463
2361
81670
86026
98315
32146
64132
39983
78271
59979
32005
98910
28799
7077
40444
26375
83395
76541
75379
47114
23438
15200
63963
93103
36990
70444
7401
99189
8079
88004
37473
94343
75563
39992
21013
64543
41917
72800
17165
81783
82496
72062
2608
46799
31418
30382
17289
72469
45378
41958
63492
76892
87117
28072
93022
66827
23564
32525
28860
41273
59461
27103
12585
17931
67762
35607
36401
72581
26494
78027
62995
25594
49061
47949
62909
78374
