61514
27788
19313
95643
23883
96585
53251
57134
25233
74754
50902
84015
341
40340
77093
61906
22006
50551
89454
5366
97762
24911
66560
32309
7498
23015
5131
40341
92417
99743
21666
41644
94428
5557
6412
74142
60992
67532
66218
88332
52184
29076
64951
99751
65047
13922
83931
75977
2201
6433
18360
69145
76373
62185
10242
37012
50091
60815
82202
21464
40645
6746
76926
56226
61414
45234
28468
58768
87679
72219
46890
56204
90420
33155
18259
74835
15768
6115
81540
96259
67034
98872
92582
76667
99276
77448
28960
12051
38549
80211
63805
40712
28129
53209
51364
44805
20204
69981
33694
89360
27416
75223
30971
18689
8455
142
96906
36690
34855
97676
87579
96616
74755
72417
81395
59374
69554
54228
80710
47657
49658
75273
76140
44971
517
90297
71043
73535
68848
94791
2653
2037
49052
90613
79832
91220
75484
19195
1349
72478
90760
48449
61275
24146
11486
48230
79699
54147
29810
7351
48402
63977
22439
28257
99883
69815
37374
34805
50505
13930
20710
61900
16418
34789
91371
18842
75131
80842
73529
64756
15898
747
63555
38240
89643
77027
54711
97428
16740
47019
30844
85463
32464
10835
5634
90451
60814
74860
39019
82855
92925
41256
72510
33562
70131
48441
16830
62729
59662
1393
27563
43404
74375
80139
53936
71889
8096
79696
3451
6940
49438
88039
17471
36206
1459
21563
95276
57611
38448
82898
18997
83323
69505
36386
31769
27137
82308
11219
57191
71962
27448
6547
39332
35090
44857
94957
82793
62755
85280
55159
33998
84205
88664
28088
57777
32353
44888
16107
5180
67797
22372
5836
94842
56971
82841
68176
96904
5591
69455
99928
41278
45996
40427
40634
12440
75106
67332
8721
79755
6853
77378
45465
12419
32893
11774
88209
73412
93017
77476
96101
13242
57900
97556
68119
32833
17772
94658
59376
7438
15505
90515
27080
22576
34797
14420
61179
6488
45135
66249
16249
88993
54920
5083
27704
16104
56761
56655
67806
83338
17218
78382
22503
57
57969
54115
80453
22773
41778
51806
78639
38507
78318
47197
13040
62484
35778
12759
37785
27915
62486
77240
34192
56980
26989
96928
13527
53047
42817
99702
32542
15783
61279
81739
45455
45554
2557
75142
62880
89867
42307
34508
53584
66646
77197
11408
39707
37593
2346
33788
68585
64307
81710
47082
77051
62368
85121
84523
31630
97602
43975
73617
44663
25103
134
63626
27080
29581
61118
81186
53047
33166
13606
71181
170
59275
5059
39443
5356
30089
98802
4816
49479
62036
7094
35388
46306
50006
19545
88211
21113
42141
43034
60384
36108
57933
43899
84341
80288
57913
16517
6045
7416
39434
49871
55699
12302
56782
9495
77986
67002
62172
96684
12771
45422
91206
49486
94566
15384
53672
44180
17296
86825
22922
44684
75760
58658
31162
25186
92719
74191
82285
11479
33122
74526
13309
87132
79933
84274
50579
51730
8437
10643
74660
69142
28880
77733
21587
2145
65219
94578
10763
2475
2124
96787
47969
85740
80598
58211
17920
85026
86101
58855
42379
50822
43776
27659
49094
93142
90462
49602
29384
50602
41335
4223
74750
82743
8262
58032
10475
53945
24455
5738
49846
29124
71469
39816
75787
6261
40342
4772
11061
98034
96070
87173
64011
94569
69416
37946
41082
54348
98726
29561
21895
86220
49325
77040
70130
35583
26552
54306
89226
71379
21412
58509
35417
32002
40446
54676
10880
69825
8388
80169
57961
23828
70893
60976
93034
75606
65063
86783
17374
99931
80404
3398
11432
32643
15860
52078
43367
53443
82488
36641
4260
7908
8184
58874
66490
59474
49182
76249
72314
40444
25629
34688
91793
20154
21119
34732
27144
267
88226
67289
84346
55081
25092
9900
87764
4073
66691
41154
62139
44265
36380
23799
84429
53524
57461
13488
98612
18740
60461
37836
85777
3595
34452
17262
19745
49946
23171
25554
83107
39711
99318
88269
90725
58715
86403
25226
69153
11525
1400
34112
12005
60791
88900
381
4145
78209
11835
12650
9495
85073
74469
62792
4375
33505
12964
90106
61488
97461
79804
14802
75706
56418
91871
32433
88210
1524
29364
14033
50833
26266
46881
632
21726
37242
8531
87521
10749
67350
12355
46091
22054
59625
89763
96807
85234
83105
7426
5939
16312
58929
93862
79759
66186
52195
13851
93208
88045
19470
28737
78944
71139
90851
87000
