47410
95236
73574
12149
93209
17762
21067
64389
56954
1443
66465
34223
77695
83265
88071
66217
68762
41944
37968
10294
15271
57601
78862
82706
95315
2615
59490
17721
40296
28809
81367
94912
27977
775
29979
43185
97788
65479
70653
20469
15915
76006
87026
4102
52376
60597
14980
70693
92495
5400
60403
68578
62096
11347
17133
52193
75525
40
86540
26314
54470
48224
74835
18784
778
91831
60018
95528
85742
23575
11126
107
8088
30660
95124
92596
4300
67920
87168
89104
20088
19754
5802
19299
52184
25292
79585
40136
53573
74242
39058
34608
38999
34551
87817
84241
90499
73537
98087
93660
93020
27201
60898
78341
29107
94029
90998
44916
88413
8158
11097
2938
83252
78130
91358
7113
43886
63379
73915
52851
47344
88635
32709
28784
62320
80274
27771
42628
27063
33367
92606
79831
71125
52212
2529
17135
92596
13046
61398
76115
30624
87479
6644
78163
50621
65918
44604
43155
87934
57347
8573
82437
74575
48436
37274
54805
80441
31074
42042
79485
56442
84519
70112
31662
32779
8388
74517
74525
1224
79633
49753
82605
4686
56851
66848
75636
73080
9839
63324
46912
27996
19350
15106
84509
89003
15706
70020
85688
7874
39993
41762
71220
51626
54299
83113
42584
97775
42425
17381
17665
95428
3183
6421
23132
72173
77172
80510
84784
22005
26843
48338
1285
643
19672
17286
29462
58386
66274
26881
74199
28282
22610
99289
1004
79572
26959
87840
69794
89172
60766
62995
19181
66998
4947
44990
28898
79119
10270
7498
23147
28120
10070
43602
3505
22077
36698
67241
85670
2722
55326
39128
10844
50486
91834
4115
71502
95052
79475
94682
69437
90390
29680
26579
6653
23456
23349
27602
92575
60365
21434
31237
96272
84352
61249
87806
98341
60263
4756
35636
20190
33568
71730
19390
82883
75282
30830
41968
41954
93615
28595
89437
24504
27463
67836
81006
21013
62972
42283
22810
66085
55397
37386
30206
54462
12009
38554
61516
70425
97725
6754
12206
52663
77211
42089
76553
77784
77392
88283
24912
90258
15577
4853
69751
71052
26861
38808
34217
63255
98266
365
46392
86387
55035
37476
46746
39437
97671
96435
20686
70733
78846
27423
82587
92659
63622
62697
7659
22813
4143
36814
21628
91665
54814
32429
21227
48520
56776
2743
15707
85968
20236
4839
31366
61562
44353
14439
76934
85400
66299
59956
57167
75469
65257
34199
73270
7521
9725
58244
81599
91680
21538
79712
77291
82613
24056
97505
10341
99179
45537
19141
97220
27346
92640
42339
65494
26896
38653
16450
77570
78976
12510
54269
73951
62394
31205
49063
72665
46089
4418
65527
84290
20462
815
2368
1792
20073
57723
15425
48629
78848
51971
50858
48750
19759
87138
73149
78253
63330
49992
85898
45929
4263
55238
56653
30938
61432
62789
61070
69156
70916
49599
93981
86804
58419
16891
89045
33278
83125
41939
41466
96755
99409
18013
45716
28353
16376
29111
63088
80440
6278
17174
46262
6957
24632
85514
89616
21469
29445
73954
1590
38217
98321
21849
10797
61505
88489
78225
76513
10184
72526
98695
10008
12136
78027
52047
30536
8335
88146
28096
98265
88268
62664
69437
90202
72775
92054
99054
37043
68331
98534
99822
57251
88807
27187
30276
41182
31518
4723
85536
52677
