54122
7177
35254
5396
98204
58853
13235
43560
96240
52163
83733
54819
10422
61056
33358
34665
94651
53480
9088
46573
33172
13420
51515
88210
99599
5299
57323
93577
99145
73442
4134
81575
90680
6732
54257
74616
34391
90333
67798
50958
21301
92160
84849
8620
72812
17952
23197
63718
78792
5915
10411
75162
8352
70372
99123
6225
24807
28735
34758
61402
45443
31813
66104
67110
90183
56782
1239
31925
54507
78014
33800
54623
22760
24700
27637
80499
97396
73284
41933
50635
95493
95161
16312
55712
31828
25970
60982
84862
21626
57869
74646
28648
69959
59590
91011
64093
77862
84088
16311
42870
91474
53197
61980
67101
31497
62358
25530
71177
32384
71031
80685
33055
48485
58890
31265
53846
59519
6454
80553
14363
6153
10583
72287
95927
94956
65842
65059
19710
64839
13437
40502
94730
74999
69692
81012
17738
12186
17337
88063
29817
28188
52389
83471
42882
94575
64030
24574
4942
67523
28410
70958
53671
17552
99436
66397
3442
63989
32815
3462
97625
22954
80548
23421
23901
1178
11887
87351
67314
2694
89164
27545
39918
80949
70318
94312
43616
40146
11792
94783
58495
89137
74579
1044
60595
84903
18356
99000
29484
22802
20840
50817
62697
9327
53516
23638
75159
54327
51866
80023
98503
79293
31576
81069
90376
94425
53284
12910
83953
53301
2043
50228
58522
43194
36663
77222
35973
75332
63991
62975
84332
22731
31238
99098
82647
10329
6365
80590
26424
92570
73687
14122
51174
54329
80644
44468
59271
35826
16707
93998
73429
79989
26167
78691
21090
47301
61623
71879
36953
50805
52949
83453
55321
54239
59919
26237
51447
37723
86896
16210
37549
70356
36001
58405
76119
94762
13342
41140
24262
71579
92659
65826
3735
86120
78692
31398
95723
69394
59968
44682
41949
15411
16169
56617
38251
70506
49541
15903
72651
1212
84337
8402
9635
32755
96317
46895
43100
54480
19047
10673
89473
19614
42490
16489
24250
62257
22436
72560
84905
53418
61981
90209
83665
11510
44180
13166
87488
65556
60875
87766
35790
10422
56163
95935
30217
46587
67404
15805
34279
6950
17307
81518
22709
60482
85767
42839
69362
30581
70847
91231
70110
910
94505
83959
46418
25494
66792
31925
54508
91168
9359
486
76039
46597
32341
48384
65324
66753
80285
2575
78589
98618
21659
8681
98946
26739
99325
91546
63376
26545
33542
21691
54575
12281
204
29484
19460
54206
7343
19089
17716
57944
35587
99926
94764
37999
24634
7708
57089
69286
52950
8390
13635
66159
94431
42316
86791
50097
57202
62139
29931
38075
8211
12575
43605
55607
55980
25767
55304
63892
92133
26631
73663
19088
7623
26811
6963
24713
38132
68233
55898
43771
36443
89328
88672
69039
724
81966
50304
40947
72545
22515
4377
62389
40019
75987
63935
21671
26783
28254
58057
31873
82534
8499
42388
96041
14280
8851
56427
35954
56267
57751
96322
27482
74552
46922
93593
61642
90319
33323
44594
63652
63532
44798
877
39632
70469
42527
31901
48300
51117
4124
12014
24497
17427
99151
72418
83621
68721
63707
94327
99713
19649
29146
44397
68038
71631
68510
12310
97588
5841
73337
41524
77541
91405
92465
542
12840
9376
80441
35334
51214
31020
45573
23001
71493
42752
6730
17351
21328
53055
71500
57167
70811
87120
73474
30575
57740
7114
61993
89206
42387
85798
57625
72608
75135
50194
82485
85759
98181
64347
48488
19402
81445
94199
42338
62736
72982
63338
88147
30394
17757
33988
22342
89899
76618
85075
6732
40476
62878
64541
99181
71247
7621
85143
47165
79737
1368
2352
29605
59417
89147
43543
9814
50577
20194
90077
74560
89819
36834
54736
16154
4096
45209
13662
11303
74436
10710
97265
78474
74011
56410
61525
23186
83811
67040
4131
36369
41567
5952
36960
64329
48027
65333
13078
2845
28603
22508
87826
35878
87760
28895
27850
71991
14835
35459
36332
17920
77845
177
90973
30883
36881
48723
64225
90718
38688
9727
86447
64864
39896
21423
53174
74823
3180
45177
74173
82725
10562
10491
19669
74363
71003
14313
62030
5136
26852
97974
85413
94363
97412
47376
32042
9106
48681
62795
61146
42852
96172
8835
88646
17916
17925
60028
52185
51339
24188
19087
95349
70331
13333
94388
32890
65061
52304
40803
56243
43111
50612
8632
82293
45237
79692
47284
73391
45601
1904
284
88024
66955
77378
52900
60166
82390
83537
63807
62743
80697
31069
59755
78026
46523
91168
2098
72883
979
56870
84177
19946
22032
83956
97010
87978
3709
36047
35107
36135
2583
23870
74040
49937
68677
17001
31803
2645
60944
46346
11180
97659
3630
13583
84743
24574
13082
66823
57946
67095
31597
35107
25834
85704
71707
44600
74977
96493
1581
77951
80648
11621
19261
7292
64166
3275
52726
46317
24870
81502
53484
86878
13802
70032
82949
78365
45457
80743
9606
52230
99739
64642
4703
51807
97240
51215
49926
75101
87659
40885
42014
2645
53623
19051
93525
22188
6433
21056
83913
82407
67156
48557
68453
56962
29709
99814
23167
57112
45687
44487
66318
78947
26950
39432
10792
74370
99371
70809
49403
92873
68529
22753
1796
97676
81201
93319
56417
72560
76096
7635
28190
79485
54138
72948
95466
50929
39382
68701
29285
84639
84295
99515
85093
18365
51586
82280
33087
84869
53815
44264
24096
75243
61875
2140
79282
57047
62086
40568
4750
37335
79266
79602
34341
56336
11708
85494
54214
43252
12241
30819
55080
98498
91884
38635
27466
10509
30255
85717
90413
15474
63463
90969
68926
4826
23628
14588
85606
26393
76321
86029
46937
50117
88879
41523
54563
9610
10796
