78152
54908
13601
97875
25170
30903
66871
68562
80349
77284
76657
39173
61531
13125
89765
32280
19718
90910
76746
33274
14512
2763
51849
94508
42144
90413
24383
92928
96508
50371
53775
64872
65477
37311
69493
37243
26442
98595
37970
42311
96904
12291
78956
73644
91658
48028
91389
15529
88527
20757
57920
24850
52111
96289
74561
13970
88758
3879
2191
30345
97052
2756
23593
19002
59927
61375
1279
99263
52858
54823
83925
85040
25181
1512
24882
86784
23897
36675
77440
88286
72926
35125
27548
85820
36921
19970
31468
70188
13877
23762
68460
63985
69502
75913
26126
89254
46873
65501
37661
53507
71896
15290
73857
76189
62609
42629
40636
59354
38914
16752
49344
93131
92011
72216
96353
50937
69051
99930
73826
45888
25159
37207
24997
16880
2366
67649
33857
27261
70767
38448
81814
1013
31984
46461
48125
5921
11457
59544
28667
2222
56924
88283
17847
51095
30653
81382
40765
16592
59687
27628
33351
15976
10937
23207
33973
78142
95218
77113
195
90286
88362
57945
56099
21004
9628
22399
47733
34049
46915
70050
85042
58064
57531
642
5310
45446
93698
35393
38392
36774
47328
11526
13705
37823
74695
50528
5548
48015
67694
89317
1644
36822
51463
11490
18184
17062
56759
28149
94029
93195
67574
86827
51252
58862
64784
88676
35455
69859
75411
92921
63554
25886
57243
54025
75478
24341
89667
87094
42889
16084
19727
52807
6890
11649
88739
85670
7263
73552
41336
19651
62037
31952
99405
48810
22824
88294
2584
34815
16481
88421
45021
38707
24329
89840
85365
74441
85728
86964
55487
35524
30380
85327
45834
2119
23088
35540
3781
47494
8794
10638
94102
24379
32178
192
41859
11449
25573
4270
77001
21559
38541
40184
55468
28089
89296
48180
43081
46054
12122
38335
75748
61940
89398
58732
84058
9846
77448
30938
64806
55575
26962
47362
93596
21008
70210
77496
35169
69531
78440
1733
29187
42518
83432
97538
64793
35932
97864
37358
52832
28150
12019
98570
4208
23478
83132
46031
20355
98661
37892
28825
46686
31158
52885
7167
65542
34769
47911
22471
62247
57397
43144
6549
77031
26308
44573
20909
16020
45363
89788
10726
68927
12944
41469
52870
51656
59296
58892
76000
97537
48419
58880
71529
41282
3770
65534
94685
13579
16127
45940
96786
26980
40852
73805
96153
96023
2173
26552
47343
73209
84884
6254
8773
49325
81113
22393
52593
8080
6374
35584
53396
2609
64359
49600
6482
44726
89043
2206
91261
64371
46307
64098
53334
55593
20676
89554
79051
64215
32031
31110
58458
79832
89466
11017
63604
63721
32615
43900
10454
95580
61752
40279
43765
30430
17909
85660
31946
95560
26513
98048
43151
27219
52956
285
4036
32730
72549
88666
61764
38571
50934
24675
6976
42769
91372
41477
82414
91435
89711
27605
45866
53779
40315
63447
21495
65035
6857
49207
99287
58068
23803
49481
95621
48898
13385
59888
7496
95312
61363
97503
70949
3719
6146
3701
13328
96284
93564
76788
27034
50206
80947
34142
13498
60257
13370
8344
43526
13572
8526
98662
57012
75643
90490
13429
3244
24460
95541
1271
69032
77218
57822
91595
91487
66218
83806
83882
62519
27578
454
40949
8020
96465
38864
69302
27182
39873
21883
83322
45321
84623
11322
98232
31543
27334
89328
79987
1553
5498
17912
38501
61938
67134
86341
89158
33681
67764
79639
41690
57002
405
19949
83586
89198
6184
33669
58203
84362
26900
3472
65029
3088
2826
3877
61834
16279
91527
35757
49504
90273
60250
91804
5573
74936
9343
28475
61828
3578
34221
43557
41739
88777
26070
44625
85767
38761
38173
60210
14126
19498
92375
90668
5984
70531
71420
20911
50861
98982
42438
37654
35559
31658
65284
87044
7535
38191
56741
9920
22869
49627
48694
84910
29879
73018
78645
49588
94146
53535
34363
27883
23509
16997
64712
81805
58758
22224
10760
48137
8953
77913
48373
76257
3172
18030
24419
94221
26384
27229
30624
92233
2697
32834
34711
68738
40414
18054
30361
61984
41039
21597
68080
76788
36374
27401
20336
87212
17919
66150
56417
65500
15855
76077
79908
70159
31055
33998
91605
57642
52921
11475
63777
70800
96795
71773
42547
74507
7051
3018
34705
70771
16150
28434
77336
48090
19423
40614
78987
84028
