35741
80341
42661
82010
96468
74747
30598
50904
13131
99839
45502
30772
75690
81557
84752
73519
95577
16147
82742
7111
21976
36494
32375
7670
18739
34286
36011
14895
39961
978
52057
88438
22673
52202
32103
37108
55538
1908
68759
98979
82359
61517
80184
12190
71032
3055
60131
97421
2020
52967
92473
45963
77023
85189
20945
23542
66168
52922
27217
25729
19782
79804
26515
35159
95345
7656
71882
82528
8497
18299
49035
12220
75477
5421
23369
62348
47925
57843
29687
31856
87213
48449
55600
46096
22067
81021
70175
86843
17758
62547
90579
18156
45084
99448
66909
1575
72344
49195
85
31976
6021
94595
97341
55897
24405
59341
19516
4783
89787
8114
74767
67450
89922
68443
84977
60508
21735
94791
90517
73777
