2423
25779
63419
50984
71057
21614
53656
72293
94539
57931
17339
10855
33625
28689
70899
68049
61513
12016
57518
75358
98005
17322
28593
57528
44942
24565
51247
88979
24411
62072
10831
31364
23147
17426
76839
84492
3965
48925
50866
85478
84921
12113
90955
21889
80316
19436
52501
54139
89158
36531
60673
95537
36202
37552
23446
48895
58229
21017
27868
66777
77705
38843
14605
68856
28868
68581
5736
5515
99094
22922
45469
82154
21431
79637
15016
76221
97471
40301
12838
76291
78134
62715
16050
50971
51821
32477
35128
81338
5574
85621
84734
80862
10986
37411
57303
68868
27850
64229
68813
1659
92998
72653
36018
46033
60832
72639
1935
29712
59008
22381
53526
91827
82765
86021
5604
88125
65728
53981
30682
57041
60300
39018
55295
8909
28235
27799
288
49147
90235
30503
56295
25566
75531
6691
65132
35601
25682
20644
53563
473
58164
31881
13579
16685
24584
71444
28734
27155
85595
50433
99077
36008
70157
91043
7594
32712
71248
20588
16948
34062
71276
90131
73934
73127
2478
47431
42733
96060
19621
63581
69149
49796
97100
97136
9089
59206
48317
35972
58693
27806
21619
40015
12860
45904
86948
84146
94103
42739
93524
99161
43339
76837
60034
61533
57854
15068
41136
59358
2392
6598
88553
58484
13794
28279
70530
54769
74269
536
20824
80142
1984
48139
46974
62180
27906
6865
79861
77968
57756
83243
12464
78381
7015
13082
66158
77235
40642
46336
49892
14303
86911
68206
4404
26079
98816
51191
45895
42017
67384
94747
59597
9818
12945
71137
60010
49190
18485
66383
62692
24856
53015
99838
18418
44257
3470
22773
43725
65254
97683
4794
77530
2345
13036
96140
76796
70884
14750
6766
23567
75324
30101
93419
41842
11464
69002
76713
71580
72
11032
15339
2982
28924
17123
75201
61599
61242
59670
48518
14365
38932
17148
98499
14407
30697
10704
97322
40918
94047
94227
23902
14376
24060
64605
89032
8087
20037
58883
9489
78478
42947
93865
35444
97011
10742
47136
91932
48342
56029
54858
76661
91502
23181
90312
24545
14029
80840
31212
66243
9042
71217
97657
69713
28810
91277
34903
99878
97711
66580
67412
60975
76097
27830
35145
67897
9072
72251
75854
40152
14010
57217
17364
35048
34358
39395
91510
65423
36994
49034
96720
12270
26840
83325
3725
11672
67163
66570
13605
54055
69184
43708
86844
38174
78868
87062
7025
68423
54484
82791
20189
17017
95616
65256
29582
79129
75944
52014
78852
17573
40059
59243
62762
1948
54736
20338
11044
16253
62159
75394
8119
56059
50454
62403
67363
38270
89577
74166
62603
42283
28885
65716
56249
41619
64137
10581
28041
73349
31385
79051
72036
77744
7508
87536
74132
95381
22702
53115
84621
71227
77528
63236
79250
9660
64491
73169
10008
10706
32917
27393
89294
18484
62406
28340
1791
12882
801
65257
40887
72310
72271
26264
7847
82224
91305
11438
38489
72370
85138
65347
57392
52211
82146
74353
16289
75320
56021
9328
84105
12775
7437
96640
66060
38209
62975
86266
25718
41313
31543
29430
15144
31091
28059
80568
55183
37049
61910
82712
97099
91015
33386
281
38048
58716
10712
34212
81526
62297
89550
8928
51402
86149
55254
30394
14999
93228
22587
7454
82721
45752
32914
76438
46754
72234
91398
80859
58531
5385
12630
66359
55442
90284
52272
10895
8835
93519
13343
57800
15598
53067
75329
14166
80262
25288
10126
81730
83021
91917
89658
37517
32143
13848
36002
65197
24610
9057
29927
76550
37045
96898
11457
59247
30231
89223
28218
43126
97401
63400
33794
68118
22434
43514
21863
50946
19610
84437
82333
19530
41443
8345
55212
12644
2832
9171
31773
3601
32804
26338
60710
14423
2489
41858
83390
96837
81391
86954
84632
60379
61713
86027
10826
47916
1480
75680
19805
53822
51643
35704
55823
87551
21915
21213
13884
53887
55186
84755
24188
23830
7245
67156
55315
51333
22156
74099
44322
94427
80139
45370
16932
73634
32990
42988
78010
63811
38491
95488
8300
96789
72287
86801
21892
30035
79006
13111
58427
59417
84244
35119
23080
6267
41520
12144
1105
81073
57637
69637
52104
89742
45420
54236
17589
17263
35621
74350
68569
97350
1445
98422
29320
65346
43482
83255
20365
61338
82358
41052
48328
30954
38531
76563
47546
89863
74447
96657
50957
3079
59034
60097
25248
37406
59072
98629
98772
8826
47385
79227
21904
37931
83042
35088
11205
21926
6587
4780
45988
96347
56262
69581
17905
29043
13893
97781
43190
66405
36189
15873
81368
