7904
53477
57120
83046
11590
93087
63952
11626
4526
72035
57469
58870
91949
40964
61852
8930
84038
85572
53887
55580
1102
31136
93935
5437
80804
21658
98230
90768
89152
34476
21068
77695
84349
6052
17552
91806
30206
63816
25974
38035
40153
33826
97744
34480
91319
47727
22158
3771
83001
47565
97979
85629
22583
48000
16449
63241
59593
50288
57608
83694
91917
1920
83540
16803
10334
88818
18032
52933
25842
23254
27255
61502
26234
347
40658
15305
35364
53533
7722
86408
18553
17813
78313
66630
23588
34615
53726
46988
6231
36523
25430
96250
25113
71544
99033
90365
17850
2936
50117
86597
85105
20050
67233
55871
1121
43299
10149
79321
99966
75691
4332
12327
87249
50920
81917
41557
25763
89850
60754
62580
52118
28148
75831
54682
9637
79405
14146
56858
81347
60322
3380
15404
94731
97914
86029
42272
53595
48105
86046
25288
9935
72207
46250
850
90138
94915
84256
49550
61170
58690
67161
35299
54374
32989
32581
72212
35413
71412
74891
58272
41560
85873
26368
60750
87324
11054
78493
87893
71481
41895
7781
86805
78479
61398
81046
99433
18829
56230
21521
94910
4024
29375
99893
44457
63656
40888
90605
55004
29265
48397
78918
30297
82936
52652
95649
23249
39803
45103
16803
97912
46270
43462
54119
51300
81756
34518
27989
7329
88440
54410
37932
11683
63394
26685
81411
34677
95406
29283
41209
81108
45580
35509
92967
47061
31703
12773
69113
42935
91238
82650
48536
21232
43529
72909
49115
44850
67123
97178
7662
77485
48210
42232
76261
83924
72315
57892
62821
5632
60531
18156
46834
11294
20257
55746
99099
8468
19262
26126
96701
91926
48404
97399
28256
89666
73540
45748
58789
29429
6504
13372
39784
30820
80154
6106
24652
16062
53865
90058
47093
64609
52307
91107
89070
45199
32604
63499
98671
15098
46886
89074
25039
28503
46753
63856
93350
80922
19429
31335
38718
9799
98651
71410
56996
10271
25551
28210
7356
32465
24511
54767
35189
6053
32329
48302
88617
41129
43796
54876
65094
98300
77287
28137
81591
57779
67830
79376
23912
74501
95131
20572
49674
52829
71720
58799
6390
7432
5312
77918
30825
66316
31924
34765
87097
94937
55530
70682
22048
62298
12134
40139
3920
96295
74779
68503
90469
64686
39944
24622
8064
33343
82002
55005
42379
39960
95636
98595
34440
18767
18901
61084
929
23049
74536
80042
28707
69035
29088
63975
92550
32829
40913
1498
86190
42089
68299
58032
16017
95854
68585
75900
2324
74125
83762
43923
85572
62303
98165
3505
17623
78544
52252
67879
4887
45653
66038
68936
62902
58106
53085
71645
92673
4484
69665
17055
39273
48643
24732
66738
32189
81001
40995
81166
6785
46267
94021
50989
39116
13680
24218
31434
98266
92704
31435
22092
98962
98523
20014
68645
85453
61463
75936
7146
14391
63061
26117
37677
28221
6102
68827
43867
45541
92802
65112
6835
78356
81195
99878
87304
73937
14574
39759
8776
99699
84625
49369
16571
4573
71492
24143
62487
90140
34775
45671
74138
3885
2058
91985
47643
16035
93375
3907
63343
78823
27207
61021
54417
63556
51030
35540
11682
34891
92370
17946
22626
63679
23718
14125
91583
83930
70922
55100
36517
22105
8060
72530
80773
99411
47394
25418
95174
43107
84046
13975
81225
96542
27953
89926
35406
61753
46325
69861
11101
71003
1624
99816
42229
17393
22449
86885
20923
54045
4112
14449
37189
18916
18678
9381
65504
93248
74341
7573
86125
46606
90018
87588
43507
7498
28708
85721
67653
14520
34629
92581
61899
620
25764
2025
33551
84462
11722
13969
76325
56105
23137
64612
96296
86092
93223
42400
97588
1708
8229
6352
64406
37025
60117
56282
4383
72946
69123
7886
47428
98224
88043
89914
36819
8761
41319
35547
21942
78713
86831
18600
7296
26383
2383
63917
23135
17854
63240
48774
25602
84372
91617
47763
34638
53766
22105
18913
62827
3109
63683
82447
34226
27237
56924
96443
59147
45204
19281
44502
27612
65311
44040
62062
44165
55244
54448
87679
78858
17241
60638
17459
26325
39442
78079
28821
85330
88054
82720
35999
23676
16643
22824
90980
46355
58562
25206
34135
91815
84421
10699
24364
71966
92354
49426
74270
20634
83559
23486
23793
87853
90374
63346
16726
4176
84279
34600
15115
36057
86732
57167
71174
90473
33559
11940
78141
66822
44863
88529
61741
55547
52121
73527
31925
54340
63104
63847
39510
21541
38974
20882
52793
60451
70856
34988
35124
12831
55316
72235
20127
69233
61230
55886
54437
87428
60933
70545
17306
61987
83315
22959
70227
75476
78609
35446
31831
74979
37456
9826
42888
93034
75175
17329
52929
45753
44454
15750
11240
5986
3410
14281
21112
23524
67253
77565
90907
17780
27577
84017
32671
83483
55997
8004
23634
5260
16647
91856
67424
60857
98592
85519
76056
30032
39108
72931
9175
98641
96698
46875
3740
57602
92234
28169
22566
52232
45591
31388
20726
37065
27204
11190
79629
75591
17369
13092
42335
11227
96491
73592
19896
82653
3559
23959
77869
4389
75732
81202
23704
91342
36904
22826
36266
2918
44319
50061
45031
21040
12794
29271
40946
65877
65475
4203
38341
75611
44654
86627
96822
34175
63378
52637
41066
83156
56520
98423
44445
62122
50768
24633
93054
99967
96079
47118
88634
24976
56297
48701
88079
463
89058
42278
47141
79827
9778
32720
16893
25672
56435
67154
16285
98693
69537
77621
40662
88756
78046
82802
1615
47100
84832
17423
20019
59610
36009
86563
20552
7470
55119
57930
2834
31873
70283
12399
93379
70989
73726
72039
17487
9011
53603
82962
516
85037
64495
31197
10092
21928
40186
83354
84077
35496
72736
39471
75740
27386
65436
40911
79259
68949
87325
30487
86821
55907
99760
2944
83444
98587
99572
54373
23505
35089
29681
43183
64073
40148
49605
93298
14486
65518
32931
58564
47249
84010
3081
80787
43071
79122
63718
79056
51894
49872
77537
