14416
82540
1639
47297
3856
17770
65192
45911
4521
89491
28417
89538
9005
44911
99315
29363
97870
46378
47913
59169
16627
39631
61884
45574
32863
9104
5456
5896
4070
9902
29271
41042
70639
83861
99738
38101
46911
18598
68776
84238
37428
42102
89518
78845
4933
8750
60764
32467
56040
28438
40109
86382
78594
81594
98445
11867
53508
78269
26511
63271
54990
94972
41094
49068
58893
89980
37178
35085
53881
47090
24284
30160
85806
85995
68562
89191
75524
83990
76228
28677
71320
36066
45751
20867
13472
19041
17948
56065
58879
47458
96816
39603
87054
69045
4601
30410
97506
20687
78980
80214
8750
62230
69496
80917
33607
27412
97438
90051
32953
30659
79849
83448
64955
66322
38626
68355
7815
47374
90940
72645
9528
32301
67615
69207
17845
11342
23920
10827
65016
85242
22186
78615
43681
33672
18780
39456
14336
38955
96554
34775
46975
88334
87735
13170
51006
26243
53669
92237
74691
83181
70268
61976
99850
14129
70265
99084
49028
94203
11937
28285
71112
38960
87189
34438
85531
77917
5278
13819
60593
54871
81557
90257
97200
88361
30650
31215
23003
13158
49936
49467
70656
74102
91765
37035
32918
44875
92098
38533
3339
17241
69032
91739
13033
41708
70941
62550
40679
70463
28114
94132
29654
90705
33158
69568
83960
62020
32921
90442
5097
72720
64409
88100
49414
85495
63416
5382
52980
11643
82799
50707
6940
47770
44181
22417
51999
15484
39465
65363
23652
12454
6369
56356
43751
7691
65614
33748
95058
93260
69968
12972
21195
19438
86608
69513
66031
42076
53740
75878
47231
94218
61325
53597
83583
33684
8652
25118
52817
66346
49393
16010
77592
53683
26116
23642
41506
79081
71546
32379
86034
27689
57015
24591
93586
46918
30495
17146
75771
41825
28402
36587
94541
5336
81185
38974
15069
59678
72379
31401
48762
14135
72797
62491
58794
23713
42239
90691
97925
77731
81472
52599
7895
99866
99185
39583
56127
4131
42522
43423
87299
81830
72655
71844
47105
68634
97754
90691
93494
1032
57738
64895
55087
25172
62522
66381
38502
81017
3644
49873
94720
7098
2674
55594
42323
9919
7809
44614
12932
50324
79163
51751
55394
78100
92002
17463
99668
66902
79993
93345
93835
32692
33113
9373
42366
30302
82444
89861
39516
30352
8841
1675
65577
23351
60423
96290
91285
70764
90650
1616
65950
80440
17281
32998
76225
77315
88817
98339
24935
69490
84335
65227
28812
33753
69403
23322
67165
14035
90293
332
82235
77005
74309
63773
93376
19761
19439
8521
14779
87615
39
61835
27286
86272
19081
95051
74115
4448
55351
60913
37400
61434
85799
69014
73243
56438
32000
12090
93271
52800
80397
92690
91037
15315
96962
80015
68614
65006
30088
77615
32025
25870
96130
6182
12869
96532
63218
64176
74542
80992
82023
19842
73681
15461
59509
42516
45350
74121
15975
81987
12313
47645
47843
76099
59499
63345
98153
99239
55046
28512
92080
36428
26333
71762
61155
96885
91380
77184
81892
9916
53672
45119
88679
83903
15073
23475
28965
99309
27041
72827
62396
56089
60307
44226
78320
84576
24363
57942
2942
55810
64964
8297
52487
28943
33994
24550
7640
4321
26470
80471
37970
42043
98312
70591
93122
53003
3251
39102
74215
83594
22027
4985
93881
5835
69745
67900
58814
60663
25477
91067
16187
52326
9422
59757
2664
80097
38962
16174
37252
72084
72140
21849
16750
9145
1893
27513
99275
50543
54660
43196
82857
39554
69707
20138
62780
3882
51065
18063
74486
43506
88609
9641
30032
32099
67688
89051
31580
50358
47028
70584
66362
14370
17211
58106
62930
33027
68607
40486
37571
45817
16695
92572
11681
16930
39452
54855
12303
69423
56178
56141
32828
34536
37664
94534
79828
22828
71984
88771
24767
45803
81597
63184
5604
96295
78025
30376
15554
12758
31794
48893
22171
26427
54150
65619
19040
93874
80061
39104
10325
38408
11665
54291
41743
49210
47717
53362
36219
14091
19113
34031
39584
78416
97448
55359
87270
1834
33799
46312
42784
47409
87064
34968
84635
16604
55491
5780
45105
54303
48068
53611
19704
55060
72347
91331
46923
8788
94874
290
86016
25291
60496
19470
32191
26568
19765
93155
97182
83509
83883
68267
28930
17003
73607
72282
88
88432
27549
2462
78337
65811
42704
6269
74381
73550
10051
23650
80884
69781
68926
3253
71381
62360
51063
86904
43627
25355
27242
43609
22135
19254
99932
2478
58346
98488
38800
98963
14045
51525
62923
9717
11830
25271
29553
78332
83342
76417
90751
94481
92063
49522
95714
11814
51833
36003
88464
73302
48121
50905
40269
80812
55836
8374
39531
78744
2546
1149
20002
76828
99496
79501
28120
8371
99904
37152
95001
26207
53097
76988
89082
48006
10769
90896
37133
72353
1967
70327
50108
40057
24173
68241
85624
35224
96903
98725
18737
5134
84059
36192
59950
49574
72880
56650
87378
8948
88006
68571
33435
22187
94563
65079
55078
64291
5977
65576
97067
51300
69133
77221
12165
50533
88162
95140
59672
70784
26219
60514
30909
68011
31396
67927
12937
27665
48738
19104
81864
37216
68576
17065
8683
41913
8657
99225
18363
15338
78168
22598
92649
95633
56689
41661
81193
68501
65465
27759
32061
29180
23294
2533
83862
18006
26221
83098
83198
67169
66353
67791
19669
74906
12877
28884
38213
32460
44516
67573
66510
5459
58567
769
31479
61200
51443
78379
75310
87736
31193
56224
34179
33192
48630
93906
17520
59938
45739
10647
42714
82287
46081
61685
5652
5542
51087
98496
68522
11490
21139
85733
73330
14439
66937
72182
31620
26142
53574
98901
75169
20296
7968
24286
62524
7710
89563
32721
34992
93656
18180
49718
87247
19912
55507
84393
45671
72608
88251
81220
25882
91650
9514
96153
85858
60896
46360
52552
15119
690
4706
99282
79154
1977
29895
34608
50290
4117
99615
78786
13790
65955
69354
91787
13941
8641
39344
40339
62813
71212
20096
43385
55628
14331
64858
36235
90268
85123
7958
47845
8857
63526
51662
61739
9615
96306
52572
51897
3252
57327
73108
86148
34725
6774
62241
53930
74125
77511
84693
83601
38442
76972
20804
43089
69295
98214
28661
1778
87798
74017
56190
63094
86562
6070
23101
58592
17589
23615
91692
23628
9013
91239
8721
79832
95927
82310
40236
33539
78694
72814
41081
30515
