25210
96560
37211
92471
4151
75851
90437
20211
74408
42402
31172
96129
88472
3393
35004
372
52087
4212
4909
7507
68288
83250
35210
64435
18647
98294
74403
45528
69586
89011
63003
63808
80093
86820
32508
41232
69715
57144
84377
77292
5082
21661
42625
78332
87024
64945
3051
89368
59047
69820
30203
17663
60793
9010
26190
58705
17315
17082
93970
4750
31620
30371
36594
28014
29698
27711
33513
47197
21015
99492
97604
77246
27599
47327
948
40385
37230
9039
15606
82211
67217
82029
20222
64198
33764
60236
61827
93980
63664
66949
69758
89930
6939
30289
54531
77932
56929
79862
94124
91214
79309
3931
69789
4464
27284
46592
48804
27186
9673
81110
76069
54118
29058
64516
79755
90182
36118
28326
58315
72295
19228
59653
52132
52022
14259
44923
96665
86231
41672
68105
6570
34010
93672
92334
51
61638
21248
12342
27625
76238
92663
29978
32140
58506
79688
77722
26067
98818
81939
5248
13085
20291
24113
62656
29298
871
54996
94522
75453
97647
96843
82686
54237
33194
77307
61514
30982
99888
58174
99005
18892
10493
56042
69925
95618
99075
91214
74165
57298
85972
79600
92658
46615
31082
77296
76078
936
38502
93680
18632
43724
44767
71214
56744
69079
77550
43575
47447
12624
76683
69159
13378
47330
57337
30687
46895
45646
43722
17458
9561
98656
47038
46104
51183
99374
17854
75664
38705
97933
99727
53051
1678
8557
15730
69292
56948
95676
72719
54976
58757
93882
20353
72342
15771
54809
43887
94771
58829
10237
47158
64746
56110
20035
20811
70228
87510
31110
54190
52275
57883
9100
45629
65277
79187
58971
90127
7541
38069
2529
18360
78260
65281
40142
54187
97739
49960
48974
88051
30059
83994
33266
89234
98470
24092
6653
17313
79342
52985
98087
91361
60370
5917
55354
4600
20794
77024
8427
35562
69109
73600
58510
48417
29422
76448
18409
90542
82930
54202
42349
37220
42198
6191
63512
9568
3336
70186
71774
63618
87387
72141
35040
97387
30795
64963
137
11188
34834
45367
61430
20793
