5794
81038
66158
74991
28757
14289
54900
69938
11310
80515
73893
71801
22360
1144
29221
4251
55560
67295
94553
91293
5875
45869
96341
55962
20748
6777
6546
28809
82536
33501
39852
77242
72129
33792
21546
19979
89607
70120
72777
24868
50151
65721
34198
44835
17583
20030
36449
84949
91061
3742
96310
25517
49851
22658
5880
30143
95244
14070
65370
44391
59067
5235
97808
97202
12955
27611
47623
68640
94035
94869
1285
6685
66846
44596
7363
54693
2763
45325
57760
45108
5525
62892
90447
84820
16628
60221
98344
16493
3764
59877
21388
66171
93484
34958
25872
19956
99290
4394
48587
79626
29209
11282
20393
35788
79304
22454
82492
99700
4219
19989
52299
64506
20652
97948
62206
67390
92977
16681
63340
22481
39286
60549
15576
85322
51431
80168
36132
51784
12087
39892
51931
76539
52924
65201
91771
47973
54759
99198
65987
7568
6013
65269
40620
82433
97897
6955
94132
30137
93433
78447
22414
2418
49905
30869
8505
49757
49801
88138
84148
36879
15134
56653
34915
95784
85854
1200
68189
24077
52969
25141
37305
75880
74299
4501
46770
49213
5794
82136
7753
10854
31506
8255
52977
65593
88146
17869
17834
38791
44536
2485
76233
99576
19526
62439
73837
46165
77159
77404
81875
30486
67946
39376
81964
22286
61974
56612
46774
4220
32293
29701
76073
18660
8042
66047
21525
68311
70634
570
87750
61824
38072
62936
27010
40135
26997
37681
81188
88087
27844
58635
47821
99095
39551
23807
16780
15366
50185
37600
31915
81334
41374
54836
3152
82100
14784
71415
40907
5820
23573
91466
24569
25277
18068
70716
79535
9406
88206
22876
66671
9468
38062
88470
60330
35171
6526
83873
99216
60092
39803
47296
86847
94083
5901
78120
28378
37906
67536
41301
22408
2962
80848
73997
28495
96983
38357
49858
39211
6082
31282
50602
43600
71261
46929
16088
91103
24819
25187
17393
12834
5862
35346
48223
52839
44985
47583
1497
70975
32628
71552
42175
16508
39194
13849
62889
50113
31134
55722
98497
88939
54120
68745
66332
3219
13268
92228
26568
12153
59501
95446
387
14465
8560
73338
53181
89923
89972
5968
4065
30653
77630
81551
79403
82815
19014
64318
62789
63194
68512
42199
27244
87009
12324
26327
60777
50088
8929
65589
11541
65462
79625
8894
78648
95661
17640
75386
70096
68781
70553
54541
37640
95958
15427
83906
59120
91841
24597
90521
34500
31334
20085
70943
4617
8904
51311
56034
31138
22864
74335
2556
59467
32150
39086
3686
61562
44022
50392
14826
84499
30244
97984
67180
59491
31017
96692
51131
36210
59893
95845
20170
85362
31919
54078
58808
55185
64401
47017
96632
41713
52678
30054
7102
66575
95867
81978
58923
85922
36891
8701
41305
94669
51900
58106
53069
8567
81462
87187
4128
79139
45184
90916
66141
97354
65186
42167
79066
12019
99866
86869
51720
35592
72286
79998
89249
57890
20309
31829
39102
68237
15029
90685
88018
66264
64811
37066
51029
12218
42228
6590
60841
24856
46147
75428
74750
78767
219
86090
62075
61465
15084
11778
