28256
88205
15433
74235
28808
61787
26824
30143
95743
6180
72990
6268
49616
74834
99254
8767
52067
61019
15054
7402
9621
565
12138
1558
86177
35740
69284
19227
38370
61425
34469
6955
90976
80949
57805
4846
57388
96182
76812
44730
48266
88114
83415
7512
55823
93949
54058
28564
60369
91105
54321
43727
96097
48643
18688
80105
78200
65504
84859
78986
74231
59047
73406
87666
60463
68418
69683
31393
9841
5242
2765
76785
87054
76262
95599
74080
18789
85359
81246
60054
89908
41445
49815
8180
87446
60559
76381
87024
69503
97509
78347
31018
180
30138
11743
63717
63309
97866
71965
73471
88206
25308
35461
76045
40658
19248
90950
51934
29794
41264
8295
14186
22469
28229
28400
4610
83754
4231
20204
65150
35418
54193
2689
98008
67467
78050
45266
70474
10978
856
99131
42766
46214
94749
90827
71903
29303
76894
7838
40135
35913
72376
91211
36450
3003
75045
36343
93894
26087
32485
63998
82558
2809
18691
