24502
1725
5817
72904
50055
57912
95000
16590
19462
89168
99800
83626
53722
82471
48169
52929
51339
22972
91272
49840
41964
74584
90027
26861
37370
57572
82998
98372
77750
1692
39585
79701
82799
50192
51755
28939
65003
66334
44484
19949
70168
67660
20859
78019
28773
78837
68907
89919
11339
72120
88518
64509
71749
42396
31551
64776
63886
91732
94118
90788
25871
3118
8889
95107
8692
84192
60417
99498
10840
97503
81008
56086
10106
60853
25782
2627
55303
53721
58776
17514
57816
88066
70163
92335
22264
79035
4712
7281
74323
4302
9985
15931
43269
10412
96935
33326
88818
17922
11403
47369
2152
68515
96074
67611
96245
30508
29605
66336
81705
74210
2396
70092
2010
82222
58856
55770
98826
8921
32170
60561
10411
79096
19244
37605
16676
75041
73696
73361
32164
75776
22091
79959
24771
10291
66125
26598
28557
51606
23615
82720
28708
83075
94728
44362
65020
63977
31797
94839
1602
31911
13882
22408
97050
64587
87495
80727
31502
49004
93539
53259
93862
90394
99734
68707
27651
17327
9784
43696
70116
6898
31844
93474
69965
72532
99678
28936
12048
94815
94436
39022
20314
11699
21691
47230
77223
40171
32200
70686
82906
60677
72440
65971
42130
57239
79601
16880
95532
56236
37048
50507
45307
55704
83637
44798
98647
98749
20709
43779
80133
57348
24583
56135
40821
63146
65936
57717
14906
16738
10768
87273
48291
2647
92825
52372
93902
63105
77698
21933
16280
12112
59063
44864
15307
57745
85840
61143
96461
66470
31607
2390
80289
71662
88953
77918
18103
51640
95475
98978
73952
76779
84508
76085
25741
18994
29508
28826
69753
99329
72891
40837
37143
51284
97806
72566
84615
84301
465
30482
98100
17231
6703
53320
27485
33457
92394
8168
83591
69484
73432
35306
74717
23788
97820
5963
30839
97341
56432
21589
42745
91188
46063
66595
25966
9111
31322
22913
99986
13054
98539
86470
51565
22008
80395
56193
4020
76579
19663
79834
18135
86553
48141
82615
72114
78985
53702
48582
96207
94236
65276
60368
76360
37127
83301
99249
15166
99584
48047
97074
71075
23441
61071
93787
20333
39548
65945
5296
22977
66300
76309
79069
61668
22976
44789
44697
97841
61780
12223
35465
42569
38165
15607
8799
80007
26670
29910
94164
69497
99026
72589
71447
76248
53607
38823
77790
69144
71542
63908
75079
12285
72877
97310
41559
58276
10973
20821
41092
20498
6503
3869
26601
74840
87164
20127
64409
94492
76327
88362
42978
16385
76949
32982
11610
32081
70631
53917
51532
71817
87043
77604
45613
93066
10760
48017
96428
17150
31025
24916
53098
98250
37789
983
25583
59649
83556
78462
73746
14871
30298
150
22631
51796
7674
74450
33416
10254
32400
30433
74365
20338
15376
22419
89706
38241
94788
49968
89651
14021
57924
90790
57976
71128
1920
77947
19900
54773
37432
2563
84700
7759
6527
2042
29957
75651
25409
32821
10075
31680
29774
4372
85285
29729
52351
42834
98852
40880
44696
82867
3682
88124
46033
52291
25449
9847
4822
50122
72223
13735
46760
66597
55662
89790
49037
33244
25436
88002
95222
34977
37987
33794
63977
25791
52739
50080
63801
68307
93131
95011
3801
95434
97399
32008
48880
10729
22620
67403
98466
59695
61119
94483
22594
31048
14315
89441
89935
83374
28328
96109
55119
61770
35274
31844
84038
88009
14753
51077
24754
34854
77825
55132
79276
54560
61596
13312
35409
97087
86825
25647
32987
1970
14767
87439
44880
68949
86999
45362
78079
30195
83365
72348
21681
89928
72911
77680
31468
75428
78428
1525
34722
51650
62677
72283
26054
78198
23766
20140
86924
84808
17922
7854
8134
10699
16543
39407
91516
66215
33245
36615
76578
1860
70826
42709
95098
62507
16152
59725
65413
58168
2650
44029
77813
68403
19187
67178
28097
19795
88184
59587
53544
92702
95185
25904
59548
85246
88896
27797
70086
92209
7051
16184
94421
74484
11537
96207
88584
81840
37764
85100
25905
72872
28328
6954
79648
6305
70223
510
83367
96552
89140
23824
2576
7083
40856
56198
99680
57732
79035
93476
5863
49519
36849
2955
68645
82498
92795
59365
20857
41483
84073
62071
98363
25898
66067
58442
12243
73028
38371
77999
92045
52347
74360
22125
47674
31231
89200
42179
75958
87081
16316
23425
96774
23217
1921
87000
56507
87890
12174
1150
32893
19562
81461
76268
95763
34152
82387
27340
96181
65408
81020
55752
89007
88273
62084
7111
20168
51265
87547
59492
49508
54715
68706
97149
22490
86923
63077
3252
69679
66045
82467
76365
20029
23627
99745
58420
43097
17018
26578
81362
6478
82511
16240
42139
6168
77941
8358
78217
50381
20884
86033
1435
26657
22098
97584
32496
53801
10685
91965
9960
94554
17217
64262
15179
12495
7264
88743
56184
49582
1941
33160
99186
62410
99242
2614
41496
12346
3658
