1650
31162
21114
53606
32740
46620
12686
8657
97213
100000
49211
59218
48142
98242
459
20569
94557
71649
70117
23514
86571
43571
84196
37375
50029
4655
41843
41082
47453
13931
41273
51130
18281
46281
30731
90315
75451
62112
88977
83402
90909
63384
58809
69548
49395
58344
65488
22870
64681
61630
91747
43409
50799
46639
39906
90428
80173
16148
94132
20901
78843
64167
15258
37079
78066
18222
48141
80000
12183
55685
72829
97773
20044
71924
88689
39509
1991
70734
94350
90630
61169
32703
22241
98950
98342
85933
22394
69973
892
3553
14067
16322
23379
31633
36590
52082
23770
93757
18203
32906
35198
63215
16345
7654
50185
33470
19424
48405
11698
13563
58392
56655
77875
6700
3464
31775
27554
91053
80869
13571
95279
5183
17200
80970
15554
15527
56711
6494
46724
66201
12
5297
33490
61011
80938
83791
27897
50852
39822
63672
96703
34747
70566
67479
78320
78882
30622
55070
34972
67645
72156
83342
78407
40808
44913
26789
32230
77034
75262
87132
81081
80868
97881
35704
65393
31956
76105
58595
81665
97182
81344
527
67835
66305
53587
9494
59740
26108
95046
91496
25788
7766
20794
80060
18782
59306
33629
80735
70883
92321
93161
7591
92317
12644
12596
2561
49414
69643
59934
77925
48868
98160
24756
71247
2229
68760
10657
15659
78021
61370
20568
89515
21850
33607
15233
24637
68169
73349
44838
79355
82025
51455
81115
56480
39121
95943
65296
96736
86342
96030
23859
89238
74454
11323
3165
5579
63172
5828
49559
21008
81245
45776
38673
66217
80245
34187
62098
41769
91365
14518
2719
13016
59000
84035
33737
5422
32651
53010
20276
71034
38354
95557
77423
14115
33207
98404
17181
56895
11976
85909
17911
34005
6631
47436
37704
67656
63526
45336
39744
53834
69403
16813
67187
77091
30976
97824
73879
49996
62523
92953
9291
61085
20842
94646
61156
23571
48390
66892
24704
99475
26393
71965
85250
52576
11317
3908
90738
74235
21395
82349
93026
42603
11890
29936
17032
53496
87992
27191
84436
69524
44787
17771
81542
28350
64041
9614
79178
95278
85211
93306
49505
2822
33707
7177
34521
80308
97985
83337
92948
27084
88159
42539
33658
74095
76280
91743
71907
95260
85296
20570
22391
25252
7125
50304
33079
37605
12484
23400
71486
20348
82034
1233
24995
80017
93618
88779
62412
27189
63519
34783
89565
75296
61099
59926
37303
43659
59532
28511
75909
53051
94619
8857
57489
83414
87794
6903
19656
47455
61680
27010
48080
51007
52644
56936
106
93316
13623
63395
52875
46310
16766
76341
28289
44334
6505
30581
65073
55803
60063
54709
72113
57766
41604
26992
49832
8975
45025
17707
6223
96644
37389
86766
25440
69433
19597
57234
878
70347
90520
15613
4343
93325
56444
30721
16596
23242
19698
53052
21968
7119
46968
73894
2732
25468
31181
43868
66760
91745
11139
7343
10334
79549
37830
89552
46492
67017
13890
46562
46750
9614
83863
33796
90557
41273
63974
71793
94617
75600
61351
87476
62328
5974
8801
21949
90294
21074
83681
82230
88889
3503
79011
97406
46713
79858
37893
44819
57310
86196
50294
70296
30534
75148
75848
32606
647
82244
22441
67333
28595
80507
39888
81793
48035
93588
88584
85066
57641
45612
81491
79528
83307
98748
7682
12284
50634
80070
86795
20464
39762
60711
44998
54861
14048
128
52048
45451
66746
69648
31787
39511
36891
10883
14039
57432
23556
93613
98892
24606
48944
75025
96511
99519
58469
64053
4843
2454
45599
58616
25318
8302
35479
81958
23951
42280
77981
91328
96992
97703
32916
12449
31039
65684
15842
62578
21122
85894
76513
16698
38272
13441
98652
81034
95862
2575
81755
18804
39573
78527
56568
17626
33574
60209
6700
3290
98485
77557
63154
156
30782
46182
66502
68892
37317
63460
32542
26182
35537
54530
53886
33382
33629
