28088
63637
14694
66594
7460
88014
2537
44677
71852
84061
61542
10844
55213
40656
89733
96183
86463
30822
9627
3723
85419
84192
61835
34143
26525
4904
18429
31490
34592
71140
14290
68982
45879
71968
29696
81983
45064
69740
82432
87246
97182
90849
53173
50498
96891
99399
35426
95428
7306
528
76018
89063
38951
28207
67887
47939
80192
44556
30180
29189
72218
29875
93054
4446
27768
82287
57564
40773
54223
91154
73902
33516
87679
73919
16896
73681
9225
50199
76196
92927
65186
49296
96838
92910
84270
84545
1641
88535
50156
51093
1004
89933
56684
58164
30837
66440
18935
40657
292
19578
51404
25040
32292
11042
76832
80013
40264
95678
928
9239
89263
90012
86417
54520
97502
58454
3640
82252
68768
50434
27941
86834
69267
30322
12996
19878
85906
77325
65883
61871
41987
53534
23418
85443
85029
40653
43006
89280
71568
97807
82669
73592
19648
26057
26432
30615
42423
85282
89122
29075
57939
55045
18237
9268
77762
10439
54932
11533
36711
77779
96863
17055
48390
63860
53813
2409
99469
24659
38564
22786
51241
76554
97241
67179
47552
83277
96334
26219
53066
59550
33985
79933
86625
51377
60009
41073
644
28102
96641
91957
70444
9863
67822
45954
33469
92771
57006
71094
42945
59734
25457
53320
29248
55767
54711
96181
62772
79093
67880
15640
52266
16628
62487
78533
64236
82980
95994
10072
85588
24817
91270
19465
43809
70328
68864
57213
56768
77417
9029
49019
34619
30130
84646
3189
8435
65587
85306
98182
88343
30192
29760
56883
5268
49308
96826
4314
18187
63095
9412
96415
90645
16975
97926
84442
61971
8601
54520
94496
34788
75638
14734
32871
48211
58105
34894
51517
14780
9848
12049
12114
98179
31268
4025
53509
96663
53468
11336
28664
51255
17077
8619
58864
4460
58954
3316
34296
98752
72203
70350
34228
54161
60069
54310
61465
17776
60779
82688
90127
12874
81073
47558
88428
59131
85967
1047
490
38238
43168
5638
70308
32942
44885
67372
79915
86774
70408
4419
70300
96034
88590
85669
83832
23104
7879
29426
50375
24356
38413
92076
73527
30822
20664
98316
40042
72607
70194
10387
68845
39929
62222
35412
49222
52107
41622
22571
37477
55180
84559
37964
37814
30662
21151
74125
72043
92394
17721
25459
85780
55918
77721
14401
41743
52205
87230
23518
61625
4112
14794
38005
41112
45149
4416
21603
67915
12273
64547
6078
59048
96281
33158
68138
65159
88489
83409
7141
23150
82373
3709
48575
74493
58014
17985
71112
40112
49550
59542
98831
1251
36072
38788
89480
47301
68351
41761
55289
6457
19665
767
94875
6347
83110
88252
9831
28036
84708
34397
93173
639
56013
75766
60212
52348
84289
90966
8584
74790
57717
13801
56758
94861
71739
74835
7506
54828
64561
45178
77938
65554
32283
67071
33988
15625
4166
16129
71531
85891
29702
89190
62840
27002
17801
86141
22010
12704
9949
20594
13646
49204
52833
41834
79536
23352
62236
60440
89477
94135
79542
12564
61483
5506
42329
7871
95307
74147
40389
5236
6649
48054
22530
48126
27877
14414
59155
79884
74156
3127
62544
37038
81304
24634
19757
59514
23678
44828
3552
1302
91346
6659
19132
46503
51545
98708
33288
53696
42262
81662
47053
94965
24000
59605
45425
41894
93434
99117
558
80517
99040
15866
57822
89886
63633
42014
14615
27515
41832
53035
36401
82615
71094
39609
98331
86471
76635
63852
35361
4293
64038
46643
12978
19292
40383
94838
81997
77138
20309
20367
2010
84243
21911
53064
22287
69424
67433
7478
93284
73428
56952
57843
29984
30292
212
77155
753
66546
9762
77880
83439
5170
90840
366
67262
31897
76627
28053
70586
94109
42138
89202
64554
29339
87136
51180
51681
79191
19070
8260
27492
50027
81979
71642
47980
71101
61032
41343
25240
4104
81158
77659
77994
10685
90733
5912
62275
25687
6696
51005
7672
53959
67488
35521
86357
45806
39214
57534
47548
24429
63703
29802
62725
82693
