17552
513
31764
52539
3570
7969
41727
94486
74173
91382
4509
85541
32581
68204
61759
50365
54293
74893
90667
89621
11860
25129
37621
81292
33425
67442
63646
58846
95346
24088
35467
75902
44451
63116
53847
82394
51949
88229
11104
24958
62599
69587
13832
74560
92770
26580
17941
27255
57346
92825
49483
43303
69181
89934
77547
98447
47945
90097
16560
20159
7126
69256
51833
35893
33780
19265
81156
38887
52945
17480
83845
30295
60362
71364
78778
84541
32536
23016
30721
16292
19576
2210
57427
50600
11502
21636
33942
46033
59385
51301
90514
25302
50346
36828
54977
69740
80860
61303
96073
48036
20234
61598
45626
15474
64780
15622
61741
49780
35078
43525
98511
11438
33975
1371
51987
15949
57249
56552
46810
5182
98126
44456
52022
9965
83294
71584
70768
65567
47095
97898
8825
31661
19808
10811
9814
53661
46083
98574
82712
107
6752
90316
88856
46881
14209
13480
61356
74783
32122
61148
80351
6865
89497
27290
59029
73285
55488
60931
28348
31322
15891
71128
8398
51774
34426
79488
8873
35083
23527
4085
60164
47354
54627
96583
15425
48158
60272
64531
40120
76163
38417
55050
5491
84610
94819
63167
17030
21814
23023
36847
68701
27745
98003
81167
37166
36499
27197
93207
81704
47555
37306
80607
23121
90119
71451
40624
57144
97084
42043
5883
86017
43512
80467
68662
69700
8696
56753
13018
94243
85542
48943
61103
30244
4329
57480
30967
42140
24196
48927
94100
87066
73159
49579
43895
30539
50070
245
17916
4225
16281
40629
30147
68417
52929
48451
85531
72907
7940
50854
78644
30561
25780
76998
55893
70731
33728
51536
44585
12240
20327
28674
9560
71381
64155
12676
47203
12101
88885
34584
30939
85817
81922
25010
39506
60521
38840
66186
57714
74302
46079
28115
26926
38756
54807
6535
30674
32428
2482
15516
82030
35679
38174
78717
48381
23843
16474
72077
56878
12228
14928
85195
25682
27992
54392
38312
84774
47041
94362
86878
10666
62840
11894
97258
65626
43796
58830
31137
5666
33197
35422
21666
29423
98172
27848
24232
58100
56223
7361
18961
66994
29226
90584
96287
47361
80697
33579
57078
76214
81487
2894
44207
64795
80783
75158
33656
47413
50805
57638
87742
38469
31532
40770
4684
35876
45575
53372
90727
93646
52704
67341
70556
4982
38146
98941
53124
28579
16762
8503
11356
59644
10622
17274
14428
91889
32242
85183
27966
15157
48258
51759
92609
24908
15628
63308
81427
3146
75613
85334
54280
55483
68237
21092
93009
55460
82522
99591
64749
96495
28714
93156
13177
59900
16719
95003
58441
91479
37506
39648
49873
94181
44146
41469
54600
34660
23631
66437
70836
9410
49984
55869
63964
1880
96083
8492
21120
57474
36495
62654
87914
29049
14051
52623
2299
41467
24909
46062
34842
77162
18319
87739
86234
82567
53048
44380
80951
2484
54081
8171
29783
44970
82726
25979
26780
86596
69257
69184
42015
35218
742
72844
49507
46154
92674
16044
50977
46117
65519
45853
27451
51636
15375
1789
82404
13732
84770
82085
57026
13822
6301
1320
94442
36350
24247
19486
94734
40595
53663
87020
93821
786
23758
92514
34442
51015
80898
6130
31204
30621
30173
13268
87116
6084
50758
69235
91886
76250
84924
74130
56925
11780
86366
7194
19404
21563
9512
77464
86773
50947
35710
57666
62480
62853
43650
7391
25986
37367
15540
72460
95549
43080
28521
41170
31292
7720
56774
77028
69383
91319
50039
78423
9583
68249
27006
78522
82609
59222
12157
24731
49754
95191
17449
70210
76260
65353
59451
57584
77789
55533
14172
90694
36633
76785
80956
82018
27929
93898
86560
72361
24079
88667
82149
28740
24995
78946
99249
21969
19072
44632
9900
99082
20869
47547
95112
96843
81145
67601
30066
14959
12920
39814
41505
57598
13469
71332
37285
34899
35944
91827
77824
46214
91967
42295
29770
25045
31416
89747
20478
67394
50433
1353
39812
2424
49960
49415
93629
70640
5993
28061
16633
47080
44176
51042
40524
70508
96129
81435
37769
70260
28039
41064
38009
7094
40241
12888
864
28492
57174
97708
14506
7044
92086
39173
67571
33991
65952
18451
9471
83610
85781
81064
95481
98744
38752
80063
81199
73167
86075
15535
89602
91832
73975
53710
81153
88492
41665
48130
98051
82225
16472
36966
65206
91195
64573
38089
52877
81141
99387
46706
58972
18370
40573
93239
16721
28597
23857
54005
30792
2844
97870
47308
74604
25080
4262
32379
74235
34474
81993
9517
46974
65945
10735
28586
36438
92286
99023
16405
14279
87882
87771
15931
57374
54662
73285
66730
88657
4271
90509
29474
62207
78583
5165
7852
78894
32908
72820
39054
60009
47110
55742
26487
53486
15324
53663
95379
76178
87274
62100
87924
82855
94667
8413
94695
83219
10839
66860
84260
10127
3110
70566
56776
13546
64164
72433
49149
30181
38836
92543
13434
79341
40067
94967
64776
58327
73595
63217
57463
54580
98307
97806
65384
72387
65296
97243
9987
59254
44388
12552
63009
59816
93602
23986
31271
56764
