43054
95341
42981
56754
35704
69675
83128
92217
40217
5341
67856
14746
39529
42968
43318
29222
30250
97786
37053
38559
37500
44502
18674
49156
42762
83612
23979
3851
29496
24170
22360
97957
1264
43963
63901
58092
24890
11200
32731
96726
22045
2163
54694
22206
11497
32501
23765
5896
1300
58681
20547
24759
24311
94205
50646
87880
43913
30782
47390
62783
58793
7031
69445
17944
85169
84365
69966
77001
7751
79577
1273
4904
20129
1496
52069
89950
31335
26916
63971
21383
72877
97281
41715
86977
68105
96309
9046
41729
26818
22543
74770
17529
13379
62460
33034
91338
63466
37992
13724
59407
22946
46536
1873
93972
34971
38482
49202
22348
2147
96807
81090
33845
14408
50696
16060
20039
83737
20889
78740
32306
49502
62237
91894
13537
20801
2689
97541
14659
68412
63854
64269
39115
92296
70907
88772
45048
99675
81669
63271
65349
85234
84740
72518
76333
82462
726
12537
2672
13137
89286
77730
68440
42181
25035
47395
41732
72539
26840
94381
14005
79752
56339
53569
15351
9278
33482
17810
34027
73210
6432
8707
43589
88330
8975
48409
94650
29965
16958
5942
64717
67534
10534
47364
18441
27178
65986
99936
64595
21154
35686
61438
59418
5523
25825
40634
13571
95471
27860
29531
17896
68353
80029
9302
38681
89487
66177
95816
30999
92144
8026
90749
61445
71058
39457
33505
1304
25107
60679
491
63173
9406
88638
83764
76085
26956
46814
