76059
82301
87921
31952
12351
78081
71831
24934
65981
2787
51800
70095
40924
88105
28516
64226
17527
73998
38002
75933
72143
72174
91577
75809
76379
67574
84946
42721
86904
51157
64708
19561
65037
44218
57993
56851
70338
41488
73053
67800
77512
2707
9894
93017
81306
57539
30927
75410
80565
4846
51765
86281
74388
4608
55006
65938
81858
43214
81357
17101
7814
27900
11766
51042
42136
54138
75264
17495
34543
53956
14525
19308
5138
60364
3317
60720
96632
46890
64925
62976
4164
92104
37366
1989
27932
40492
36241
95329
35235
78245
21350
22976
49747
73887
73812
16637
20268
46110
45334
98965
49882
36749
28571
76943
46458
95597
37442
64097
45723
48247
70062
98166
16187
48302
85848
3059
10631
84460
72046
30538
32901
45800
46521
63433
84795
9861
28372
42887
80404
12643
97024
29210
19261
10014
99856
27247
25376
89487
56980
38913
94748
78238
6522
13702
84022
5013
66181
69353
86366
10869
76398
78264
45751
11679
88111
38393
62695
