99708
29146
52472
75574
29641
57851
68271
97781
41773
58065
71627
199
50497
74335
7490
80890
65747
72131
60155
93435
946
6708
43282
14898
89956
38063
7732
53749
33232
19691
43703
89148
65120
33190
3327
26878
22795
1242
82417
31085
39067
77532
42625
72265
18928
19698
57471
88206
21884
831
74277
27090
86861
18199
74620
94370
17015
73625
70379
29748
63988
6558
20491
92890
43492
53019
59144
98626
45828
8305
79624
94545
64652
66620
45029
86826
42739
98365
68436
60792
97810
29846
9684
59653
60783
53893
60384
36778
17566
23713
44791
85164
817
43538
16865
55190
49146
77650
17739
42937
16153
85814
20320
17387
21135
17061
34468
82223
78950
65888
39928
47271
58776
16374
92762
96371
44838
68148
19910
24633
94127
33796
89569
28050
31020
44281
6112
21052
19614
46861
67192
54263
72491
19661
39369
54618
31475
81095
22719
31223
53613
55230
18233
40463
50143
30689
86433
35090
35128
80332
89818
14774
2324
66995
52836
