92670
59661
86984
87575
20642
24290
35993
18697
34523
10834
87435
73017
49516
92249
82257
49474
81261
5583
32857
18294
59349
41784
40726
58372
23936
77657
35441
39732
64596
25145
6803
44591
25119
63539
73116
28683
66693
68707
27767
77242
68306
77584
8346
69392
32809
8555
91483
99457
13855
68241
93435
9936
91015
31554
20440
26402
34584
43179
97765
73085
7951
34188
90793
11914
42716
9361
40520
4976
43380
73633
6078
63458
4667
41197
71623
26219
50093
88346
79525
38746
88351
68782
87760
40367
35941
38271
4198
65676
86709
75921
57746
12850
63819
68230
97402
77728
40023
54781
73233
80497
70448
75526
17247
72366
24615
96787
36995
56606
46374
84862
24977
82351
24843
22634
887
17912
35513
53964
52582
19583
31902
56961
10832
56975
54252
84725
17663
58722
4111
93024
99881
47106
80484
45963
77148
89794
10630
61946
90445
56269
79933
87567
88528
34889
62550
45821
90790
60811
27266
57730
46889
41471
83687
81698
55252
93788
46997
49331
86597
88704
1124
94562
43201
67499
20732
41265
21315
40451
47484
38588
39976
65115
47176
63577
97708
20250
29474
55270
96642
12168
6240
87292
69383
77176
61256
99606
28796
57851
67758
68901
74065
70617
22095
36478
64370
40808
45647
65035
8008
98418
48828
25501
93866
58377
15881
9897
37887
53213
20653
1457
96367
83060
35154
22618
32222
36106
13770
28775
5747
1051
65500
17413
52096
45366
41535
51736
6875
53482
51720
32905
15362
80691
34657
58897
51622
81414
84846
65780
34959
34419
72377
95862
96206
83688
4950
6634
99443
80000
13899
1920
77076
79747
55900
89674
5570
14540
71696
48886
96356
98640
91870
14366
46379
62201
81402
74144
5446
28474
55569
12809
76647
61047
87781
87116
4489
56511
52430
64853
51562
82938
91142
72183
39103
89423
87824
14289
53924
67176
87329
86844
37817
67590
55898
46715
20959
48049
32850
96075
73173
80150
39210
92257
4010
95999
8816
71553
46047
88254
37147
8069
22840
69224
4105
90099
46427
81515
72599
24023
44888
6042
60741
34912
44169
20446
35222
62299
30700
60927
75308
60271
51942
61588
85003
99682
98951
9640
13342
40919
14896
63509
58724
41789
29087
59461
34705
75241
37381
54634
12424
11457
67016
7793
78626
30204
21162
58184
64591
42799
5658
92075
46027
46497
50245
39345
55801
15712
69526
83434
25062
9499
50972
62106
86287
76083
93477
15001
19885
6061
76987
74395
17345
17382
33921
99414
95441
22746
80686
50402
88840
82527
83419
79152
60660
76144
16309
6917
59489
4587
6732
47518
20579
58209
92569
55206
27097
15886
89639
10641
38037
77524
455
62035
97132
48323
34049
50793
47023
87480
19203
43697
94923
15917
22913
85067
75725
63672
7585
90658
42008
3945
4267
29213
64980
88006
68345
31992
85196
39572
68106
27156
4699
86790
33908
84442
68090
57999
62322
13031
5490
79826
98923
37193
90072
94481
95171
83179
46586
41782
13702
84698
69881
50480
96726
17453
28943
41051
32174
36960
69147
22688
15967
58101
74360
19878
83176
96946
10745
84706
12773
80571
14256
97430
46441
19770
77483
16846
30853
39052
35249
14162
22743
40930
91055
16042
23314
38958
54068
92828
14926
62288
40884
22335
77187
35161
35025
56859
93109
22155
51500
28958
84059
27881
79974
72284
32303
11119
74617
52272
1560
23716
83050
81333
26315
62978
42953
93382
17342
72045
22360
2218
89362
48864
28222
16235
57647
50517
14001
13264
29673
10795
36617
98323
53299
69093
10370
82313
96815
20209
49567
54617
15439
86475
38535
48833
20096
51649
33224
82433
7665
31884
67376
54827
53328
48990
57619
65020
51468
94952
10849
41098
10034
51416
30998
67572
45141
67839
29354
48316
17090
36932
5526
74043
92333
95723
55472
93705
49495
40959
82329
53466
78359
41579
5986
11286
80760
86750
63154
90924
16192
31902
59346
3550
65478
50812
72178
56424
97922
22077
42566
94276
38538
98595
24200
14725
84900
63251
28277
36850
21358
53446
37290
16848
54970
59594
57490
98682
91711
41767
54334
69783
7259
1646
77370
22435
51545
92790
77568
40511
56898
56353
92014
24528
34388
43592
24126
75975
62714
6215
60587
58174
92724
59818
37223
89312
24215
80870
45768
2275
38798
66250
25552
47960
42966
2494
28119
92892
78697
23142
47443
52782
86140
8621
91013
95928
7813
8733
75725
73609
7961
7172
44215
5229
94854
57058
51624
22720
54445
26230
36220
33175
60858
2047
12065
78048
7525
68951
30994
98194
88959
77779
87667
73310
87698
95821
5584
47263
26747
26503
33216
52103
74651
14256
96055
48406
35476
38518
62921
81622
78019
26604
29714
90673
97967
81540
98531
52453
51096
38713
38994
63127
34499
3386
11797
79899
10861
50377
69953
64414
73122
23329
79473
54989
75545
37996
85538
97537
55142
36686
60939
75881
97554
29578
1302
90487
63812
53669
86720
53703
56988
67790
14349
55517
52381
38524
63046
84007
63587
75339
80814
1228
53854
1519
41237
59079
8222
88188
27956
54508
85236
16870
27213
65104
62308
83176
93271
53755
28005
76539
46352
12918
9979
19456
90111
39167
62623
64868
821
3642
13925
28503
36294
76756
2394
40885
29293
14278
68294
74994
86934
47823
44820
62233
23462
26041
61229
41127
474
66911
38513
78089
4072
45249
80231
5796
26363
67258
63214
995
35745
57027
28831
56319
25647
47798
24081
22279
36947
53600
27311
14228
28952
78597
43032
22694
15889
40503
14187
43708
82326
14562
43474
54205
93779
85182
329
42075
30304
12277
38215
58126
96387
24105
17886
9061
91428
74182
32545
77904
89858
96743
97419
72395
3514
72965
80025
33367
93293
28847
13270
21692
79496
41753
23111
17368
3620
42150
2105
92236
65404
13592
44553
73595
71521
19055
51827
26095
63843
81081
86725
40760
30727
19150
54958
45159
66786
44018
82611
5504
13482
99049
60770
27353
20182
87366
14307
