66439
9413
98632
55299
79965
33506
17397
93109
36342
76895
39165
33286
21775
65394
45354
42490
3784
98961
88139
95680
31502
48457
85893
60887
88353
96688
72590
75584
7120
66580
81284
98552
10968
39325
11796
51158
90953
92075
60803
89843
33092
70795
20344
10656
89762
80019
36677
9686
2892
20215
48859
48227
29041
88969
49924
40238
65735
72539
30865
44264
21822
63515
58529
64279
10397
49403
95626
30367
69147
9048
71912
89147
38908
13136
81106
7585
85319
6927
29995
13148
75405
91024
94169
46834
15984
37700
14454
22256
42598
19606
15260
72438
26330
16386
91844
62548
4098
89149
79961
55144
82142
19257
56031
91655
88418
94364
20911
42200
39264
89590
95420
75336
31422
5709
55348
98135
7031
73342
23763
76619
92131
88051
18673
35971
54205
90887
81969
4163
70852
72812
6857
55230
17612
96365
55081
13868
84715
49731
99788
78473
53682
157
52261
25334
74188
42448
10445
53154
37083
34625
28663
32243
98639
67733
51829
59565
85195
27239
4011
19850
9687
5451
19918
56239
80956
90654
66726
28808
61115
27729
23645
97697
41476
64396
65138
35136
23271
9131
65941
34200
81097
45311
15048
8374
48835
50865
66156
44428
73696
75508
26133
13874
75689
71288
7171
19334
46602
25532
8287
84578
51468
99612
15294
52946
44459
7751
77403
73232
73308
52989
52036
47102
25657
10602
86306
99755
22856
30948
38202
41040
40679
70361
18122
71262
67204
64730
86690
57987
58717
31165
81915
4911
52686
70170
14970
93099
63313
60552
63340
20979
84032
84328
54752
94012
11266
47600
94108
26873
51052
7492
23986
31191
15077
564
89334
87293
76708
83393
32276
50263
45654
81754
96815
18387
27569
49697
41690
58261
64838
96849
80392
11444
36718
3146
87537
83154
18987
8957
39122
5412
65481
5854
90596
4214
30162
27335
4418
63765
61980
58145
12806
23187
92186
25625
77389
37875
55789
14177
79405
17461
63111
80201
98655
30306
44621
18123
97122
68056
84716
66726
20938
99871
66579
50939
236
78015
61034
66665
2599
89567
97795
92780
98547
18837
89638
1503
67671
8307
26427
56286
62281
23732
59493
72240
93068
48803
588
91657
31981
99462
97940
18159
88093
25899
69275
75782
34866
73717
19660
29368
75633
18993
17954
52744
45175
40002
1892
13286
89883
11187
20449
78914
58848
21850
29423
95135
78034
73808
55984
89259
29302
60947
99598
94293
36269
59130
61868
83046
16143
8615
99570
8408
15228
40593
23321
54475
38667
51822
45009
53435
56579
96169
52520
82183
8699
9170
26816
87570
32393
17344
5939
25675
4429
48946
17044
62355
71174
88624
51180
62404
99115
73924
4806
71886
46008
37806
84191
51985
93839
97230
93716
30861
71355
28942
19892
19763
57972
8513
86464
59809
72982
63597
42046
40930
99079
68585
69893
47074
47039
69785
45068
34395
55560
69494
43515
40826
40698
184
1973
70795
13847
21138
61783
54544
86595
51668
51158
94616
64913
59655
83969
21436
65590
41929
87233
68409
9761
54000
48492
77774
3419
74251
886
94071
92490
26789
29089
90921
50845
30832
81588
12544
18874
7292
63746
39697
76722
16804
15269
23391
27188
31841
35586
77023
88888
85707
22617
24219
38717
7328
59016
51249
15283
62379
78242
71521
21879
10659
48496
44810
3497
87200
14456
65118
9293
92156
12707
72214
56315
56228
94466
29313
49745
38275
63722
36862
16303
1901
59140
41255
47533
70174
82427
4138
50023
20172
30881
8309
56874
51435
42544
18610
77324
45369
1326
436
31538
40490
93415
81090
36230
7125
59198
12620
7492
22495
60090
96706
81852
43897
53670
10001
91778
58382
97799
50158
80994
14817
28943
37782
88842
20616
90988
85816
56717
7563
12565
77771
61953
8124
50527
90482
72005
49645
58487
58330
30908
67055
57480
32955
65893
23508
91927
70254
24593
27195
49103
53113
36004
97950
83948
66212
89002
882
37448
69207
24525
78847
33063
68717
81854
66907
74768
89652
23163
94061
37804
61330
43260
46251
26057
33890
72975
58735
32991
63022
75286
86755
45234
19782
78132
16890
62302
81811
55299
80304
29092
35108
52658
5162
57827
76199
28128
35310
37595
50994
33218
84586
95934
3024
31695
92273
81789
87791
55155
65495
33944
75278
63484
46148
82597
63363
13240
23741
876
28688
54333
55166
47287
33148
2381
26342
23368
32263
29821
86546
24444
27872
29995
13647
67516
98644
56046
37383
85583
39147
26023
61368
76006
87041
54026
88028
32031
27238
86716
81879
95246
51066
44494
90751
98242
95970
17878
77102
6471
61723
40941
82961
75225
68059
23652
19835
59660
67736
96693
60475
66022
1525
32370
37698
78838
93784
82778
2855
91565
89182
26281
3059
13898
75179
86147
25237
56670
17468
78241
53679
55184
57208
63791
95341
42242
39586
6561
73102
89901
22467
99207
20512
42274
79739
36933
10061
188
65617
83474
94088
80553
11849
43063
34594
7998
17811
43367
50406
45825
61777
48011
94223
52022
5561
66980
92470
88340
77443
38760
25889
11649
91576
68117
14193
34223
69461
92358
15709
20411
44350
74986
42327
76728
27523
67206
96326
4738
36672
29299
12502
20148
24028
29547
89761
70193
90986
47206
67654
30949
45600
83713
14389
32329
42992
53380
38479
95548
25581
23180
83232
35462
93457
85931
89971
95764
52484
70194
6125
46518
12830
27224
43651
25944
36313
99786
45679
