60947
9293
95921
82386
18372
67029
17268
13831
57774
83675
79847
51004
1359
55579
96236
88327
56302
33326
93029
85255
27067
1138
30926
68557
6074
96829
57710
95288
53724
12343
41060
74005
64758
48795
80381
23844
36475
16892
6276
92643
1602
35394
48200
66778
96359
46007
24331
15579
26301
35905
31875
11682
34146
69972
84322
59135
44237
78805
35478
63661
14910
88159
45702
88080
14203
16796
82983
53313
5986
14525
24248
31791
98445
3281
43400
3667
41452
64334
34866
82323
58614
92983
7315
49849
85478
83005
24817
94332
90204
12170
40124
40683
35942
65327
17179
17713
94351
98985
77758
41385
31257
27973
37271
6057
10479
18884
85562
92024
91047
71831
29108
1927
91548
4048
41584
89964
72294
99186
65070
95782
57305
90813
46655
5990
77918
27717
32659
81053
4797
25225
46242
74114
93504
73448
95750
23460
79900
27582
67709
45162
24554
77048
7734
85591
81571
24384
15898
99377
78674
29506
96545
76377
27373
41096
75985
30499
92243
80848
74892
76419
38230
7931
98432
88144
87990
93408
62111
72469
43898
68163
78526
46151
40831
22889
96885
93510
68615
82100
8616
19636
23912
89519
2990
51626
53413
79882
32501
32712
79898
9305
87513
80055
38902
5716
72349
22296
28796
63489
27579
6972
85621
76135
60294
27419
18511
5938
98411
39931
95566
25850
54576
39264
89885
54393
61656
22532
91037
10107
71716
231
82817
61687
34646
74127
15441
22042
51476
23901
93219
72190
58935
90805
12031
98192
59649
95071
96857
20294
80947
37458
32906
34671
97569
88549
94639
41673
75623
48618
92924
27121
15262
10350
47992
70811
76542
150
29982
