62962
71700
25180
92483
17121
42680
95783
70007
76643
94095
95158
59144
98479
86073
78488
2863
31795
70115
86886
50259
83983
63983
26874
55349
21738
51309
30113
4290
9158
16826
84022
10432
29790
74918
9850
45629
61842
47251
23793
88584
76003
36882
54649
64638
35065
28567
21080
82343
87049
76261
84664
2633
62595
5257
52138
52174
63874
99551
4804
48737
96694
83946
34694
86329
78253
53367
15540
75883
30175
44848
42089
73561
4039
85038
92203
1273
4054
35126
42760
42664
31425
52368
17870
39261
49794
65228
48953
33097
44138
13571
90375
83608
54907
90798
83606
15701
78555
29863
99598
87633
97614
39000
50605
98128
81878
73649
85695
27167
91577
80326
99992
2964
17800
55971
70146
5307
5421
9447
69777
1616
65123
90050
25359
99546
16003
55224
20903
10221
91237
65920
86515
14856
78873
82940
23853
86984
93792
1106
1597
41793
95717
53805
78375
9677
38150
76084
7946
54680
85250
41887
70162
73722
12249
74018
88837
33515
67482
27501
1801
81150
50094
4121
72860
14635
72882
80810
31374
87020
95099
67756
38547
44214
82057
85155
58578
96855
92380
72503
17712
82022
657
48254
75698
16304
23463
32592
58357
82783
90637
93090
7351
54432
13840
16340
18183
97039
77868
85253
68
48386
94809
9060
72215
75219
72602
83560
52842
95732
12292
95289
66700
88844
59124
70059
39560
61231
75650
13658
41986
44246
14371
33044
59052
52496
82246
56728
94923
8829
89140
33325
76300
36384
96254
82349
94236
65192
52914
91383
29571
82692
56384
11789
35729
79576
95860
67603
65687
69742
23862
48295
71757
84647
22927
20429
51088
9206
30599
59618
67307
90805
6557
13814
64848
61032
32725
2135
82647
7360
928
3927
14563
60679
569
65397
89902
29272
58159
43780
92701
67575
48
