52828
59445
54932
15003
60567
13177
62330
46050
34892
23441
62428
2436
42297
69482
47783
72822
80516
81443
66305
54816
60928
89777
34179
39501
68088
11792
89529
70332
26842
28608
7675
95190
8554
64359
55250
63613
16207
88574
6875
57896
25878
18745
48172
8134
5741
87357
63436
36656
58169
22600
33851
15777
67590
42876
94145
44825
45959
14720
91780
338
85034
25850
50215
33254
91039
48675
50474
96580
73072
78803
99831
95883
57108
90944
37658
7087
21272
20124
19923
33702
15673
21009
94003
52371
75350
65932
90842
37661
44821
91259
44504
63940
11106
61704
32513
36574
76204
16738
6146
1052
87789
23880
40492
35076
9349
25602
85241
92311
19953
44803
90931
26575
40866
16809
5010
14592
51176
89446
64392
94430
30682
55868
42785
73781
3638
47101
6252
75812
38468
22615
79770
43542
95783
63862
93172
92796
63073
30308
71725
46639
33910
19326
10933
44283
41149
76271
37961
85908
6281
68853
77125
93342
45589
94306
55226
52367
5283
189
85316
64086
52682
2932
86988
63335
45894
10490
6864
65387
25134
16833
1550
66014
57157
7407
88564
43313
49661
30249
89641
45677
80101
20307
93640
47850
89826
48252
39841
89084
93242
72879
38535
43165
60432
42274
78800
52399
37424
62174
33547
8368
48732
16785
96283
79917
14344
78036
1969
94716
35009
81803
23849
24228
84344
30953
7244
54254
15270
35958
37414
7306
90105
41375
71653
25244
75695
70460
75102
96617
85886
32304
27722
5725
17840
36086
82859
61171
77078
2038
54444
6992
16336
55294
98835
60180
10385
42380
58052
58386
55856
50086
63515
64958
9416
64611
84623
10631
83445
11592
28527
45979
45890
47515
61746
36040
5117
98706
2666
12098
36439
13018
95238
17146
61940
1398
98240
55939
41554
82560
48643
17132
30391
63861
85858
70732
49899
21759
739
29278
70718
20248
8441
73773
58458
81671
843
78270
46385
64022
88026
99387
43663
30233
14581
63268
6611
7285
42355
49142
11490
15662
35587
723
51078
36423
44543
9797
56614
81951
809
412
32719
98422
30723
50071
23516
19221
45531
20719
17455
61497
46174
21390
452
7916
39633
88642
60118
71900
88043
83367
5458
44910
80486
75754
62585
25890
16493
87159
36690
26895
10588
61405
3563
97199
69029
32314
86072
57179
78084
20745
49265
74805
11977
308
86906
74481
60471
98985
88296
43863
78265
54512
55081
12706
51352
42340
90243
62538
38242
14032
40850
49818
72293
92392
77116
54800
3123
95575
68186
66561
55457
30507
25755
62898
99448
64209
34193
64068
60765
48666
12952
80335
54152
8007
80318
54539
12633
19568
80865
50868
14518
95345
12343
49862
14553
94065
92600
83693
87243
47555
36040
10944
41741
26390
22987
34924
50030
24657
99817
66044
73731
53885
13368
78352
24952
56177
31896
68223
95932
77151
41461
9954
92724
52749
32292
26583
71418
85502
81832
11578
88188
25734
10928
68885
6097
74596
2588
6340
53482
41019
94443
51767
14228
35290
97899
32222
37572
50799
53653
10917
88358
76556
28870
3455
77584
9513
81677
93565
93293
27075
46269
28208
86971
76528
72649
71174
76537
17373
81106
5713
21477
66136
20883
75227
365
37950
9726
59134
37444
4002
70060
55346
72950
31583
10974
33504
84926
3362
3177
99904
28067
5933
19549
52024
40777
21256
38615
84608
63627
45619
3139
63445
85754
18801
81793
48190
98037
49568
66338
6430
81005
12972
21047
33374
5664
1023
96731
3746
64597
45334
8528
28519
13134
36627
78338
80273
98231
13784
68094
20849
2835
52693
87108
73680
94460
38393
48952
20125
33408
73313
23644
75188
51951
19048
33222
49839
18547
13519
18900
45667
97798
31685
25504
35136
22902
547
1367
85916
34481
10436
94545
65962
86046
33360
64858
27974
52131
43703
2743
12025
97439
7932
9952
64382
41264
9859
8590
67975
12389
28571
74554
87973
9288
11555
10257
97486
85527
12662
8970
54447
65118
8027
9339
55768
62622
54576
28631
82646
89004
39586
4963
13084
95295
66112
