60857
91213
58538
15795
68824
92882
16312
50808
97099
88117
24942
99634
99907
75009
30126
13589
97922
18836
72770
98112
11518
79681
53202
33550
67020
66610
71950
28639
31038
50696
20978
78387
6118
36633
69671
26258
12338
60825
61754
74555
13507
3937
76164
39774
63703
27454
14540
76657
30689
74569
36957
13019
12594
67962
94546
87394
75971
7413
86515
4499
28070
65977
37999
29373
66995
51672
27804
96791
10073
3854
86632
76333
92336
35647
8650
89817
99010
6296
24511
56280
74599
40123
35265
85487
35322
39558
36232
30799
34699
67601
32412
36835
67837
97261
11845
79667
12740
27086
22417
62361
71518
60912
18136
7474
14416
93445
73242
32192
41087
22363
41025
93177
66733
53172
36029
22980
11836
28927
68635
17459
29147
58815
73797
72195
47917
22839
42303
66731
10030
73435
75325
40580
9360
21807
98129
91057
41166
59616
32042
20990
75660
73917
75506
96628
63799
41381
76831
61581
55620
69582
34004
89122
18480
95237
92122
43555
2259
72712
26143
75765
47990
42938
31015
62919
39267
48124
92845
98663
67491
78434
94895
54227
72024
67021
78872
65356
11057
44066
90405
86234
87892
51359
58242
46500
97316
33910
17328
29336
38244
47771
60794
37680
75417
92122
44480
50027
85261
38589
48852
28965
3610
72827
55753
19967
78070
87860
18763
53914
97600
5455
84086
81950
86751
79625
12197
87595
61105
67998
3157
70873
21607
51463
17622
78043
33833
9136
51281
48550
52650
58080
15558
83137
32739
27510
50024
22703
57049
95513
38461
95085
32049
28135
54286
61898
87543
86661
58852
91588
70578
65236
88305
89724
48021
70902
17588
95713
93709
12851
91971
9651
9742
42252
3775
50974
92718
56883
99621
65872
74222
13055
6964
52666
38496
88203
70709
75237
71075
13877
21893
44081
49873
97986
97821
16776
50294
66092
81590
39528
34860
83325
97672
14578
4201
17231
5039
1538
61356
70305
79355
79344
86610
10729
22944
13065
80526
47810
17681
59392
70243
36048
37187
85727
66920
87212
30293
27392
68431
91359
20858
50549
57445
55276
98676
83468
8387
54926
9131
69984
86623
26804
83970
42604
22690
52084
52378
90680
6776
90870
6003
2830
73828
93971
14406
22943
96220
19127
56233
81544
71360
16800
63103
45111
64353
53522
22288
82671
8291
45048
4494
35252
67271
85561
76406
7387
61410
92772
64907
58491
26517
67043
53985
92621
20787
69700
4430
68659
8117
29918
27395
16185
21786
48974
87791
49851
22334
60218
48083
7125
57508
457
96746
54067
82367
1518
20213
9117
25646
16336
55328
64446
9281
82583
33279
99579
60677
74975
71061
82695
14015
42908
37761
33281
40518
61155
97538
61631
94668
33311
42704
14867
68641
5993
37222
68462
7547
48291
1815
10355
31526
39391
29947
2333
21090
52962
2903
1206
78595
1346
26127
10821
78172
89330
23289
13289
45308
74959
92904
85013
69700
12703
4098
82946
23108
62366
56047
47946
8978
4088
20241
84032
83324
78455
49848
66456
93565
1641
91052
52709
53765
2887
27874
73959
87714
53731
28162
16170
74926
44599
58035
69796
18301
83876
52685
52568
86487
36727
59166
67035
24128
17637
17281
46710
30428
97840
43846
6535
41430
91659
55317
92531
10765
29392
86888
74610
37502
78822
25029
54055
69457
21223
81909
99201
19165
6839
44179
92916
94000
10101
66063
92709
13207
68366
90050
12693
31941
19910
21714
43684
68572
58933
59149
81142
1342
57461
11422
72635
38936
76827
87287
80551
83820
14166
83013
60822
5396
97252
50704
56069
25838
58466
4829
58402
36982
40050
8928
61156
21692
66168
46054
2807
82061
54293
76553
89832
53509
91556
25060
78866
59454
20631
46209
12007
99638
63557
71840
68213
15112
93864
13898
86634
4851
29187
37002
75599
46905
8177
41584
75428
80314
88981
60045
40467
6302
19549
59103
16705
66271
87661
72574
12209
97477
36277
87045
15476
96433
93902
56345
68510
5615
80163
61050
44013
12428
79853
49439
91586
30397
76540
61701
71676
27577
78232
99940
40027
21818
86465
69005
29881
99852
55951
42434
76122
46008
35934
20350
11191
84727
59306
18676
77791
86916
41242
41352
86069
13574
41604
16813
71786
68695
24663
638
27906
10413
5937
93861
63861
86631
66665
3703
36393
38144
62447
18724
92085
22927
21429
48463
5
219
93995
28393
98403
97585
59966
25129
34246
62197
16410
97506
34412
43644
9704
97625
22856
36324
78356
90777
41589
74900
99294
81505
11490
5499
33769
47213
93883
38165
26039
22363
50779
15565
2083
22965
70562
89920
38838
30137
7814
31746
49437
55498
22810
55959
71808
35220
28665
60210
22614
72231
46345
96736
92056
31767
91307
49698
47813
73427
50441
44710
17477
25112
44426
46903
69044
86876
71014
326
86411
54633
93865
43287
97875
27276
14567
24701
45446
94736
77306
31657
53782
92265
45515
51823
55285
49397
90808
57925
22625
53698
73578
90660
75069
45871
32271
59101
80345
15398
94213
92332
69073
69304
57582
45796
68517
26297
66548
43997
37317
76678
86715
68012
49745
45117
54056
87036
68250
47022
73262
67659
11067
11090
90957
61656
23815
50079
53821
44472
20782
70227
72300
571
10806
11607
78035
83820
19121
59586
34551
76797
92189
73766
40015
15090
21019
58903
53567
79489
24210
96535
7715
74886
70843
19774
43257
99882
64664
72357
70944
12852
99814
23669
1835
55549
89827
69975
36126
47215
22546
21621
81654
20201
17338
97380
12400
763
29506
89590
91899
96486
84590
59017
63368
88397
41659
52105
8309
58284
54545
2622
67366
81981
1813
78769
31859
40750
72151
486
79920
76187
37021
92986
64597
48613
9707
51590
41675
12822
338
87263
74660
71051
10946
69871
86356
44076
69364
68758
85871
82871
73724
32941
33621
58187
12733
97505
11797
78361
63688
73933
45201
75652
47641
79064
82556
73246
8388
79840
20219
12844
61722
31474
74852
95028
84860
88405
66805
54492
12972
19757
55948
81910
15482
96690
19273
11642
68430
60482
91132
11991
36809
35247
82789
87753
19192
62675
52189
15936
37092
85419
93537
31107
2457
647
82265
77596
7465
66952
18976
31078
8811
80971
27686
12252
20519
60065
89220
74836
23872
13495
