97431
68896
1684
9150
84077
40058
32958
6252
77037
24132
74850
58514
21614
62894
26343
35498
2680
42510
48384
60387
92717
44446
86075
9013
79163
45916
80820
98773
22460
86214
43697
90437
18457
9941
86812
93545
56266
41613
65402
69309
37978
80880
99751
55643
71272
24134
7841
82369
26971
94256
13185
1739
28669
32497
58242
45228
22422
48046
86684
54661
57377
3019
45277
52015
87822
73034
39319
18157
67293
51074
72571
67192
52656
67783
93891
78498
77505
79155
22833
51794
71672
61162
22252
82054
43278
52489
55017
38982
48121
54691
65098
67105
4903
7886
50090
34223
69412
76824
30957
76782
41193
17436
50651
67767
15885
72110
18611
84360
84689
14951
81042
36008
62903
81821
12581
55770
2569
89217
15997
62244
99368
16752
44208
78033
63797
5997
94492
69919
98375
28900
19522
408
71097
96186
45538
30662
20842
78382
25631
75713
73417
76573
27515
40761
45512
94035
93413
35258
64098
57921
49890
80957
4393
33927
96196
4879
13720
94083
3335
60033
40954
92395
26434
66480
1182
71110
7484
81666
16513
32294
47917
17119
14486
70362
28514
27136
59951
60375
95029
91996
24557
27736
51682
90142
66745
51228
70758
97948
49671
96470
15490
42631
83333
37449
92631
90820
54454
81179
34503
82906
62034
81093
87935
72064
39077
47123
74418
10671
46233
12795
49767
12105
45094
78441
15044
48658
76051
55575
28053
70577
49416
10971
84686
78511
88486
35385
4427
4453
51028
97221
36903
13430
11996
23169
88972
9714
62633
39274
67817
66007
48656
33282
54178
47210
31065
89572
86604
4674
54378
5343
12585
18975
1746
57798
74465
90454
13753
49074
55662
75807
43624
68777
1109
46054
2736
85067
78286
2834
41648
60980
63449
47392
97270
53749
30763
19519
50224
85031
77057
51567
60753
45060
4778
5634
87511
55221
69501
70031
75480
51853
71299
90923
89835
99480
5059
24041
52145
74377
21204
72172
59696
82937
69220
47991
64157
56268
60068
31505
86659
34989
46024
5509
86850
34273
5058
13690
80267
10776
10539
34223
64277
61726
2743
10563
39332
36419
79975
96740
61585
26630
64549
43335
5225
28733
99518
46741
54677
30269
15231
93895
48275
28961
29525
9814
44652
46089
96848
76410
85020
84732
41961
15564
76719
82689
2589
13110
33668
39623
26805
95429
13925
28882
15876
23612
46927
80097
48814
95945
93233
20868
19537
47674
36513
64053
209
18930
51688
91874
73838
62570
80364
26157
12549
10615
6399
44892
82410
27553
78284
76967
43489
7586
95439
85290
27676
47770
43442
5249
22855
18912
46238
95617
82643
27625
80792
21345
41155
74788
22483
70143
48278
89562
13464
86266
26758
9530
75931
38168
66636
8870
75586
33800
65746
64266
90987
61206
49295
82191
33091
44469
66687
81036
28311
10860
23661
65713
5644
70897
22364
62290
68192
70833
59716
11335
13193
27354
36477
49040
84591
65943
61156
23544
1160
97835
65296
88066
81934
