49537
49413
53909
29517
84546
24507
76182
51105
97456
80492
79196
97532
61434
95289
71736
20255
15587
65553
21999
39571
44155
95220
1292
25654
59609
25538
2153
96194
79462
65833
12433
61844
78770
39621
86777
5946
43824
25187
18010
91169
23123
22841
83559
28718
56806
10008
97987
18242
90945
53503
5339
44248
57318
7194
16574
57501
82631
29574
38138
75306
24376
80185
28898
77903
69300
86434
48918
36092
83815
32869
7929
59417
85424
71018
68365
70710
82821
31190
95437
53872
95536
21324
84219
17728
54995
67711
79606
96055
44949
35235
87650
77158
58332
63746
46998
75170
45449
44113
88673
72318
15058
80596
24709
70420
16442
34210
48695
87584
76343
63356
99396
96154
12496
28679
2436
43466
8071
59658
49286
22662
72049
90067
9316
79882
39425
91042
88367
31212
73411
71351
54570
29445
77949
51633
74736
39211
99527
89464
77783
48925
59039
37235
87998
34582
6501
59073
4301
89976
73809
60461
42026
11106
54687
95735
60843
50495
37633
87343
20850
17681
66724
94844
87115
629
82075
87886
58608
90762
92268
88737
56104
10115
98887
44598
38135
21814
16209
20048
38707
26940
70845
55299
80125
16876
31746
49570
4792
43662
98878
82128
79424
33128
68797
38583
55479
4229
78756
1560
22949
5498
7570
24467
5063
6847
87714
56488
68927
15925
57367
38497
97358
43613
82343
100000
44992
60350
76874
85821
38919
1567
37507
63567
29353
24043
78951
78148
93875
3006
34207
96254
92327
91762
86418
85968
16331
80639
59872
41011
46778
75703
6372
99793
65323
41670
27979
38639
96647
86175
1257
40096
73300
17618
95532
44086
37786
48805
36842
87846
71396
12735
29058
59007
3456
95156
38156
66745
54840
62293
34241
70843
15270
43260
49017
11511
64812
59932
38676
13166
88590
86077
50104
65704
49418
39876
80045
80087
75153
51347
64496
49632
34199
74706
44707
63304
20542
44386
70690
54226
51387
28179
98760
96690
10406
92485
43159
55747
19126
53131
39964
49410
7888
74171
49690
15866
51548
49193
70407
88070
48398
9831
30867
75079
12402
32788
55828
75447
96509
73467
21786
56177
42015
33428
18050
65907
56222
2285
16705
56942
94618
91031
1251
38927
36927
9859
8733
75116
39968
21868
24192
94926
70207
34780
41383
2362
3612
17982
15636
87118
43465
1540
91376
96646
79129
77790
68625
50586
67276
66575
89820
55882
78252
32828
20923
40835
94637
3785
27496
14373
59364
7477
77635
76774
99672
32768
15169
43295
39208
55039
15520
41569
35710
56785
51324
81695
99647
17801
71183
40144
75375
83685
49127
60747
42238
74474
38472
87943
12531
5605
2565
18714
23602
69502
78979
49478
59858
127
50427
3973
80885
83206
95695
93065
93953
18001
31754
82534
275
22479
5965
64724
77040
74114
1469
5221
53088
21024
43499
71828
68537
65218
84157
81355
89552
55340
70486
25707
50536
40112
42975
67801
90360
35142
11591
13070
72002
937
59370
99730
13542
96708
8774
60196
87101
58187
17625
21773
40685
80558
96490
45319
52791
33985
75825
55592
9702
60420
44827
90866
39088
28435
97203
43611
47974
78110
55341
90027
36103
70345
51897
2935
43200
46652
56681
10928
60825
61639
27794
30548
15916
91209
99180
67443
80259
60955
43201
54859
87207
38669
1351
21362
28397
61534
73460
1417
18148
7719
40265
11215
95518
14728
30827
5912
73672
71015
19167
37326
23324
2324
73858
98324
77782
45601
94942
31654
99287
68338
14534
79225
90459
92792
9733
87130
45893
123
71912
90578
97172
13350
68215
50714
32952
11388
94354
56462
30734
33552
95424
30395
39224
15833
96622
75480
50596
46330
40706
30621
37059
40215
68678
26470
79375
9525
81739
41426
29900
16937
62053
94307
69677
23738
54952
51795
86744
50327
15860
58748
39870
80299
44129
60881
1279
99333
36697
55271
11774
79945
95816
24915
34665
448
36134
88195
52186
66973
84076
16279
94852
26163
6204
70713
33048
27560
94834
24552
42387
79488
11858
3594
11396
33246
57588
58388
97446
15583
99078
40028
27963
69936
70304
61966
28684
82705
81869
20696
29545
56796
46182
56928
58716
5325
96755
98383
73411
85860
99323
70593
23562
95540
81275
50521
78938
69141
11470
85078
53109
80795
77776
41761
64721
35800
75201
65908
85949
95962
81282
56008
97863
19913
81411
35008
72607
66950
87976
70439
29449
30201
76831
49229
