49018
28654
72030
62269
20059
33247
74895
27898
67494
28620
7266
24476
57724
43483
98447
48366
66830
68128
95539
70006
49260
82835
58815
79928
5742
13565
83489
58881
77462
60080
28166
68199
85527
6538
80653
93284
71390
17664
73778
43355
50981
5136
31440
92271
45691
9202
52288
79357
4890
91720
84306
86302
31712
72789
24959
71551
22507
75202
78581
71935
72099
27573
12717
36575
94559
99162
51749
27342
33512
26964
69527
8609
95283
67383
74312
27584
99886
23316
69157
79471
20401
70597
91398
73010
39283
8808
32413
54096
61275
9235
18846
44531
5330
79284
90667
82655
43229
36393
39004
18448
59751
97735
74048
85046
18665
7238
54896
16742
75274
82261
20674
59441
562
48298
21513
62442
34884
80375
25352
86028
26155
77829
30065
87829
97719
7282
93230
60139
25762
77057
49085
50120
42612
66823
65145
55552
37372
1497
65141
84363
43344
64368
91812
27016
46794
37128
2571
11048
93275
25531
87370
84070
18441
27806
28469
75042
94202
2363
18108
39120
72255
53026
81667
35850
22707
21985
3999
22500
52823
61649
98194
97582
6111
13608
14023
90641
45050
39343
20407
75529
71138
75807
45062
32267
5807
81
72080
7867
20379
10283
28397
64065
12778
64180
45602
4644
51666
25445
40365
99189
10509
30485
52926
5206
99791
26818
28367
52037
63451
94945
94563
60566
97237
6699
2446
18708
23301
20668
67850
26982
74774
84887
40739
77424
21934
39458
48119
8662
91367
52205
83480
3763
51115
64836
66012
34659
2035
1062
53510
10236
32068
59891
49049
42581
45579
16915
85490
79938
70721
64372
65878
74337
44442
10246
5152
96999
14111
65440
12693
30697
5401
80470
18312
58581
44422
79055
41650
93217
41290
34593
85432
15445
79861
86887
58220
71067
90157
19923
32905
25127
386
3416
16665
85305
76791
82414
85288
93086
50746
67919
71668
91668
19308
9033
13565
92529
85027
1606
980
74327
66059
22056
95289
68001
63578
16288
43575
38751
74144
99171
8860
8977
83676
90770
11986
48588
1836
72915
45870
7062
89040
51162
49190
4215
46687
43067
13935
11786
93449
46675
38105
10263
90688
42737
65325
81663
72925
6274
52954
73481
60806
33380
4114
54323
82760
1350
3504
98629
96872
71454
86414
18972
66021
74642
60608
6734
78040
78493
92286
90488
87603
2235
75778
58374
62836
59925
20573
68484
77596
17989
32660
5892
32045
67640
93493
83879
13750
2466
48133
46112
82090
39877
99158
95366
63349
74970
82090
47965
17151
62344
86531
83357
32616
59167
88066
79321
4697
56052
45553
95660
11425
21226
43909
54711
88
79052
79512
9483
86154
44276
20118
23298
55017
36806
80618
96413
60361
57813
34250
29484
25698
89824
24786
63245
33205
68416
30146
55103
93999
88239
75791
82560
36469
23256
61874
79447
19695
1611
76704
15578
23110
7947
71587
20023
24942
309
4229
85991
95095
4509
81683
97607
30339
93110
49393
29309
86602
78248
64422
1731
96958
17290
98474
92834
16200
74421
49314
906
38514
88930
97066
34180
56528
41698
6731
28754
58733
94451
78877
45754
72450
26419
11477
97511
11818
31291
99707
22617
10494
74054
77837
70145
90623
48455
64941
21072
57344
44417
1416
99948
63980
77847
36874
32198
37557
9754
34469
98163
68809
31686
26786
81028
91056
27440
68643
51429
40390
8476
63295
68658
3683
13761
76982
90888
9145
8594
37014
72990
919
56692
94158
57752
15637
15357
10726
78909
76241
40497
15246
42990
19841
59596
57
72172
55739
77431
35168
54485
97043
50503
74311
97506
34395
54262
47374
88594
50769
54614
74858
97275
47138
18573
55588
38787
83369
29442
16153
81874
17351
21229
82526
75312
32309
4665
6335
76007
8992
30675
36515
91518
92619
89129
46731
78663
45414
51537
52427
13104
36860
96109
42333
68486
2858
35123
2200
74386
57965
89790
58217
27070
50480
84606
31189
74104
21321
42107
78661
20557
673
25483
86153
21390
3625
33336
62031
25403
43955
37953
59929
95124
92225
69411
52227
47150
35935
41424
89842
27615
20649
47740
47295
59248
52379
14853
40159
31269
22127
74106
60650
19492
95406
37471
56044
95397
85349
16593
68067
65139
59970
92675
44820
62809
4643
38593
17877
52796
15870
29393
2955
74305
97473
71003
9274
64848
70872
2031
49147
97594
2331
76420
48421
83288
72121
96481
4206
161
18904
22215
55748
31781
36580
78210
40808
39235
9277
16129
72229
5905
54137
54915
32400
36266
9476
72987
47321
93844
79987
592
52660
29579
16263
38121
78946
9259
24569
16082
87478
85584
57360
14456
54952
54862
36401
72053
60849
50228
49976
17082
91214
77143
7425
93797
95976
10588
60586
31558
85321
48359
51585
61044
31607
945
98414
86920
22136
29084
98240
67205
77048
858
29642
82296
242
79883
43730
49977
46853
34650
48667
20797
33812
72928
58901
26194
39227
70158
13560
7579
87028
37001
58315
72008
4944
4496
65537
52742
352
23089
50214
23980
31912
31928
95935
20678
28330
35636
13024
97572
39495
79332
81201
96252
56780
73435
78166
88799
94096
11804
92636
73241
18361
87509
16637
14511
86914
22058
15925
46302
70373
22551
4055
56022
35500
33313
81414
87616
17002
43682
50702
18700
85518
45294
33910
7949
94453
20825
1451
92538
36991
97150
40643
75668
14059
96372
70010
19980
97750
35187
80115
50331
94463
92755
84123
3571
25494
67990
70362
37682
10500
76026
23138
78570
80786
32621
49866
79493
89400
1076
95568
63565
95718
74631
87276
99882
60287
16424
36446
35699
76374
81695
94490
34399
27274
89709
