84986
15300
41879
34653
2148
10580
13902
50333
30371
27586
28020
27972
21409
18423
25173
72664
26200
27438
45721
16707
99085
59837
47886
2887
24117
22665
21596
55803
46612
93868
88807
21648
27830
23735
98957
12073
6221
54498
19553
27664
40346
71136
46275
26679
82268
27130
62743
95279
99124
28030
89088
45163
34025
50925
65736
98116
83205
86898
44589
93571
95255
1378
72408
22127
78540
76808
69909
20703
50111
96424
46170
62210
38007
71593
19064
9343
34542
29920
48825
79805
44719
78902
57762
82000
35198
59699
29571
89747
24545
14426
62959
15962
65670
73620
94344
87523
56040
37067
73675
16808
86229
10747
22841
83264
69745
70486
18898
12659
63483
17360
60304
95868
6324
99291
25198
89183
54132
67127
59878
35807
85085
69608
60232
89679
86572
64880
8975
48426
70878
16736
80125
24754
24530
66328
36151
73887
81298
32532
56760
44961
37196
33424
48057
70852
75585
10696
66196
17353
55796
32320
81779
6481
24446
61479
53258
82903
11180
1158
66793
46966
30675
37914
97321
19287
49906
52236
6667
52287
64662
42694
42726
68683
15811
35840
46521
56454
92550
36596
50050
74343
34496
62961
53354
604
53607
41212
36275
55449
97428
17744
23317
75009
30273
86503
3298
41459
88794
14541
95960
42336
23973
5776
76859
31636
94100
78597
36117
9058
38587
23111
14333
93269
18405
37586
85101
53031
69692
80817
42448
97617
96952
22156
77735
56779
48658
68989
69030
45371
30561
33537
44098
36327
38875
59338
61986
70505
35062
70997
2802
98472
64947
33908
77097
33029
97966
65038
64257
34191
33157
52271
85448
74258
16129
74847
5295
4115
73385
43041
78116
45902
53234
71969
48616
61431
45370
10567
93952
99184
22835
78415
84306
77106
74813
36534
11053
70047
45464
97779
12536
98659
7944
12632
98483
52294
72328
81740
54022
26816
88146
13574
29897
62591
37344
19826
11429
81490
58571
64571
14374
80226
21452
43620
8698
90743
68480
12593
57198
3777
78954
40308
45909
73841
8743
53313
97561
48329
37317
65600
8126
84240
76350
66370
39223
83
3128
70890
8934
58818
29135
62741
57590
92059
86164
5239
57808
57960
12278
60579
14200
63033
70993
46991
63042
16711
62223
54096
69385
8691
77083
97799
58743
64793
38296
22273
30165
65173
23856
37694
6040
21353
70994
60385
63659
84102
50194
78671
74240
16143
18271
77738
98697
51897
15533
53271
93420
54068
99800
75636
79949
60557
58115
4131
37801
99831
6165
24068
7455
95664
69793
77437
46160
83936
65040
89080
19439
10996
7027
10015
25212
22834
62182
61778
76107
88575
24006
67807
94810
12154
69102
66003
76999
86449
7407
92469
67517
21155
50801
87216
84417
50659
5914
94617
66136
19009
85081
8451
37108
65251
40304
74964
83792
46499
89868
62552
83306
77872
56941
86211
93139
30015
56956
38360
3901
73409
38636
39769
74761
66262
37857
47232
97422
12893
98418
54946
48591
50545
85186
80033
70295
12663
21761
26653
50896
79940
10835
764
47638
23181
2746
51245
46448
21762
51630
14284
67644
55137
67575
90195
51962
95834
21934
38417
53593
13155
90899
94164
61907
46831
62108
18412
51857
28883
19658
82674
55419
99842
81945
97024
25189
48300
55561
91283
44717
46043
22665
24174
84351
43005
73221
82334
46805
24326
41773
59191
99916
31806
50251
39539
15717
50609
54379
22881
62463
79383
44964
82624
18207
8027
13811
16458
15501
27260
51831
95926
70297
42885
54931
96608
28379
60627
21733
63552
83743
26253
19364
44517
72769
94449
51834
56389
4938
98486
94122
49729
63262
17921
94766
71724
34117
86605
26371
16587
69981
28347
9586
22299
79588
91120
3877
62871
31882
33669
61035
87888
80468
88958
73492
44419
28274
85021
99205
81640
80928
12541
75864
1916
8014
90304
94539
60909
67469
18680
50001
46624
84870
68525
69538
84301
8163
97899
35932
99639
83284
99682
95868
96908
80408
78634
57883
15483
27848
36977
54234
83930
73238
77132
20131
36679
53888
62553
1271
75480
51200
1045
73438
38412
66691
43864
519
34827
21055
67818
88100
40370
80427
85907
89292
87162
82410
18038
54640
12014
16658
69181
84860
88446
63955
59200
43819
43425
16430
31244
13464
96961
73147
44204
21335
64599
74364
95341
44220
92341
23587
19854
73458
75352
92086
37513
68406
70103
86260
18520
68230
5444
98575
2293
47116
57952
70540
32312
48453
33953
36662
64752
56816
69372
96737
4933
16658
66546
96087
76134
36455
76472
20260
3501
42681
12144
2366
71811
85655
58173
80907
64066
24307
19341
52241
96292
17805
52327
37085
66916
14115
33121
51486
5522
11742
51538
77357
420
66494
34371
65815
19180
54076
22905
65043
51666
27131
86760
32133
49614
41825
38630
43322
95137
15193
54687
96737
97681
67976
44851
81549
47627
39393
61408
44782
27804
88899
67370
51449
83839
33849
93892
95859
41471
87321
54692
82804
45043
10824
12080
29410
85592
98449
72472
3215
32519
37943
93098
43553
80253
62143
12855
59864
99967
85915
32146
59562
21914
4760
8300
95941
26743
54744
50084
31343
65726
18179
37378
91617
57002
1842
70289
12721
97363
22249
34575
95596
23922
45721
13088
76011
67936
68066
51318
77391
69236
14551
49144
44617
62506
10673
83274
41686
3074
65586
72600
46581
63101
11702
82152
76645
28335
12439
59110
30399
2563
90616
37174
68592
95681
48712
86900
86436
86663
90231
66041
18994
31209
11987
62789
64002
43211
20668
59939
68587
8912
81333
19614
53477
69238
43002
15310
21084
47465
26135
43707
58276
12093
43880
68215
53333
45496
36930
58687
20378
94480
74682
43556
22972
87469
35629
93340
16482
18423
34592
78392
97208
12871
31091
34089
17277
73524
81112
5787
68869
40269
