12514
28875
97379
96811
51183
12582
66796
13006
85995
62305
24726
69068
93210
28820
70810
59149
83727
48275
33898
3560
45653
61156
15661
16300
52153
12881
84905
46240
28675
24565
55628
10676
36710
68551
653
82823
54019
78010
79037
32103
50080
66269
42170
35487
7395
85314
33263
30564
78055
31037
19399
40826
39384
1836
60281
17571
8951
35995
58287
5269
64798
23260
22808
32664
62735
51540
2411
31804
12492
48634
73403
38912
72120
76185
414
64442
47383
50216
50786
35683
4595
26769
95192
41648
58743
56795
19829
69196
35595
30331
69465
62802
74189
48357
8321
59612
72069
20612
20953
46225
73613
68590
51496
65284
92615
22979
2497
78040
80365
56123
31279
96715
40160
50814
11444
47276
47624
99117
2179
21990
84902
2308
93919
36331
6571
34897
96904
2413
65113
24165
29324
42498
42998
40520
93368
80766
82017
6878
96709
34923
41099
40041
54143
46243
86313
21452
35462
93711
47754
71583
56027
14141
64471
30371
41735
22034
11273
69120
55036
59591
19919
77837
59482
83540
11763
78990
47348
50832
16126
26522
38378
94618
84011
25010
36514
73625
70927
24239
80800
66204
60923
98137
31910
5661
41962
33657
52623
15509
64101
11132
1617
92664
58372
24927
43493
70637
50705
66205
67276
67358
56751
91976
89130
62829
38738
50001
48993
1356
90257
2930
52943
87112
38302
28282
22658
14820
85760
23201
30116
45385
61470
98133
72404
58090
96897
87381
56934
59338
60361
63260
71398
55229
323
42543
98486
1591
55163
90786
82934
34198
55851
57022
34521
86512
54835
76115
19040
98399
35208
30101
1831
84427
13867
55488
61323
18391
87151
94265
62766
78256
8707
45549
12235
36988
48537
46288
35450
92228
25781
92609
21164
1104
57282
9066
80579
47433
83894
53286
48011
4622
92051
56157
4733
46680
28888
9144
85744
46673
5446
42536
76360
33331
87474
30665
69855
7470
52841
80435
21686
64685
35016
95279
3392
21354
98473
76406
18383
58849
42687
22476
43182
42279
60024
91027
36139
70839
51768
32493
91874
78478
38170
3196
13955
36968
9621
94450
75898
69319
13501
18313
86993
39747
1933
87496
91565
85034
11253
32239
29328
8540
37776
91593
58370
90376
91007
97580
64508
45574
40571
60673
1138
30412
26523
62807
63514
54902
9666
62893
10931
