94974
77337
61104
40458
61144
22424
69390
3383
65935
42151
12552
68875
47388
19789
82262
40316
66675
67681
76670
54173
62416
98055
59268
87615
91320
62970
5154
20697
49996
65037
42889
9721
79508
45680
24334
71888
74920
38395
90251
5571
36012
32462
76528
57126
92279
84502
76568
43843
43960
17890
73744
72323
98807
694
79461
56156
92269
6982
49610
79487
87535
44689
63375
11040
57184
67550
68664
383
42057
34099
88458
68026
80719
1472
53885
15592
48237
92426
58679
91071
74529
61306
42616
29569
56207
45662
18939
9546
48520
59868
73326
55371
98636
16572
15614
18694
81013
34362
11602
98606
6805
80708
19396
79860
60015
36377
75754
60793
16889
58436
2141
86271
7136
42077
69272
12617
45993
85404
37906
78104
43622
40715
72372
23170
12688
48136
120
24364
72207
43716
22069
691
29865
27499
72462
32827
10179
78915
75210
14750
97912
49099
81221
29882
7456
23834
66369
29914
49040
86161
52422
35583
28761
74270
21045
2443
68328
48791
11406
7624
37891
25010
35168
49124
6809
36417
44834
5222
69249
33403
92931
38484
79606
94043
26583
69108
68700
2699
63926
68575
10878
28062
35905
45729
46722
31126
26569
35607
38789
17912
37239
58047
63556
51939
7076
37461
84173
46645
39109
84508
79874
90033
31971
16171
88171
45998
68922
43413
20297
28505
66290
95330
59793
17514
59731
75362
66785
24020
90409
58347
16530
25478
98154
23654
52945
17117
80491
70210
78997
50964
19070
1668
33213
3662
60972
21796
18656
45420
53281
69981
33414
80307
76748
55547
57905
79953
24258
96789
78093
74686
5480
2566
39018
58933
60828
9148
54246
83780
43273
61276
34710
61194
64295
65646
83366
80922
8174
79998
78266
70912
79363
8098
6836
2808
97322
39826
31369
11721
96346
40071
57359
97178
19515
78311
36909
21991
98967
75716
16680
30618
89299
4553
36076
22310
60754
67300
82560
33718
87726
66603
63925
52012
37458
40520
94633
50425
63396
70606
45169
40624
48214
12465
96373
86086
98600
11079
2557
84021
92502
24102
80883
58939
62782
38762
49217
73183
48798
20699
80223
63975
90645
16531
26577
66059
10641
47423
17637
22359
75274
91603
24178
49954
45361
59273
71200
14894
27810
88566
74795
34106
1536
18064
95338
99637
47868
91190
81784
5058
8656
88316
80996
52641
11611
51623
7332
24845
55046
38331
6232
43305
2923
28259
45453
14353
27165
54524
54129
13272
61511
91147
59391
51523
23965
80379
86342
94243
80630
8979
18762
27286
92891
60590
10469
54530
65703
29134
46545
53291
42403
55580
96722
43668
3830
69635
24595
60723
43834
90754
47304
19515
83206
641
77562
38757
68346
53756
52322
51292
36527
93016
64511
3751
53027
3954
68626
62226
3425
78371
40159
40593
36248
2284
96419
58380
63380
86428
55467
9132
78465
20968
730
77253
49183
86867
29629
70186
76265
39999
53720
45586
36881
36166
24996
97539
80418
37973
88328
86483
69346
58271
31891
84090
51554
44376
6676
8875
59573
18419
68701
22290
29316
99819
3888
51012
34540
7811
80882
45890
49827
18007
41852
90369
78148
83213
9078
73078
77179
3516
3659
97538
68564
10838
48506
14990
40087
22686
78117
75589
89219
58516
54431
837
79461
55502
95710
38378
6458
40144
82546
11758
10283
21861
16857
6773
45454
31681
51829
64708
5519
59937
37149
47926
65874
13764
34037
53978
74189
51517
23281
73042
74992
52024
36673
42840
99186
68478
80488
23421
32943
66788
62718
65848
73303
66245
39807
19952
31055
31650
30266
76046
57881
81307
76022
57415
37377
82851
34678
23882
82142
13415
63073
32279
6091
83621
67880
23393
66754
94824
47172
91036
87103
90081
47267
89025
85840
60327
77069
56835
94400
34769
42844
64909
83362
27300
29634
52374
20345
29290
68081
728
36776
75205
22820
28742
57864
85041
39358
69064
28363
85633
78473
59346
94058
83834
50435
37837
3210
56636
47550
43892
71875
69118
33872
68259
87570
42014
3593
96005
98420
81921
93580
44288
22864
62316
13129
51934
29008
21716
69962
19848
79364
22830
415
78709
14462
67598
78248
63804
23400
79697
29796
63137
16952
4380
11992
52828
53639
80202
6975
33898
6440
38405
48353
53046
21367
7236
20595
39232
59388
2190
14979
48911
22828
55790
37085
77357
98682
86183
36627
70296
25193
13759
50775
49757
40286
64494
19195
10048
76729
46074
38070
32059
97284
1577
6361
17651
65302
92372
38650
66385
90879
45047
90024
82422
26347
3869
29952
86167
61802
68250
42063
30917
16125
10344
49770
58415
54187
95133
47876
32401
57556
18568
70584
67410
27280
92766
71359
461
51663
67881
40472
95362
1194
67625
42423
77943
46137
97967
81711
79208
207
95535
6315
34200
93405
1635
79980
81575
78594
86083
48519
27081
35223
73556
21500
48062
51792
39388
80941
25859
96126
31700
67742
677
89913
18376
39964
57378
26511
55949
1387
26190
73897
45317
22573
79741
59236
53298
48676
80898
10267
62080
43595
72635
34030
28939
73870
98649
45314
70550
95448
48417
22410
31742
71603
85888
76761
88668
95079
42320
60549
14826
84001
64442
41484
97033
75495
5212
4651
75336
32958
13423
5110
85291
35964
33133
53918
69876
70085
74796
61782
45464
89607
73934
71141
31342
50360
83196
33009
69677
