5892
28641
61856
80738
16934
13279
77118
88431
7845
56082
41937
14101
1182
76521
39558
31623
81352
34285
14401
39063
13665
67967
81715
42122
32488
6717
94729
50023
6300
93308
73439
45380
74784
59283
36733
57499
60420
51640
81357
17959
37510
17804
25686
95610
61959
14931
46722
36311
70355
24133
94504
76209
97702
25104
11429
85809
41121
7586
97520
61187
43132
2838
6249
26497
32019
29040
71153
30456
55844
40439
34475
14069
56604
22067
81107
17088
98502
62912
22985
99131
35647
12594
71707
48530
20098
85925
89816
80381
20053
32724
77237
82021
73469
59671
51687
74018
83529
24586
15950
70983
79064
83030
44435
98074
74037
5913
81773
12624
70678
40213
37415
25083
65036
23303
49561
52749
19589
27599
48419
50471
47328
18923
30069
60414
44933
68845
43876
9880
62737
92350
79903
84637
51876
56841
92289
43654
76413
31432
69584
59325
40172
52820
20141
685
20313
1001
35842
85877
94223
53911
58785
70105
10608
98351
34189
95333
3831
93805
26439
45518
1304
29257
15166
97997
85338
35873
2691
31522
78045
57842
14455
46167
3693
69428
37279
29623
68542
42394
91440
80998
84368
26344
48918
37372
3394
49900
43092
20135
7144
67517
30631
3599
98580
72131
71954
99804
51532
67649
43169
17767
14416
94512
14994
96761
963
91816
7057
10059
63881
9200
28140
32663
60231
72602
84272
9626
80255
3589
23828
70090
65199
67927
18100
3142
21568
90599
48409
84593
3907
64121
40523
58817
4977
58204
6201
22559
46807
65817
49896
74126
95995
37485
96691
32458
13354
36715
48359
44095
92536
92876
18635
93444
64874
5142
23436
79509
59572
3907
71334
78904
240
42805
9765
20883
83584
56417
73314
56338
47990
42063
38245
61804
8046
38023
35102
43777
38301
1022
89699
17044
53214
48191
17165
93693
43547
76681
30515
58705
21611
18174
45730
57809
67558
17068
59385
56859
95498
80644
37804
54844
37894
76122
42693
29680
21496
72862
57801
30089
95284
78583
4884
98803
28222
13233
99754
313
75813
43753
36930
64483
24111
20218
5102
57696
62251
24004
34951
12326
56573
1711
62417
8228
97855
1212
74086
20207
17784
92814
77789
54153
24060
77475
76616
49920
78451
88052
44080
33939
199
60944
50974
89477
87086
3453
38851
55308
42057
25789
34786
41855
31872
62499
84918
68325
97569
83432
95233
26913
10164
25397
37406
69353
73513
86362
45776
37151
82118
15007
26736
38869
54208
41185
75333
79572
15248
67846
57550
10976
81149
34363
26322
81723
73737
64011
94742
76401
36824
77252
28503
37722
69249
24806
98671
6036
52435
49231
99920
90598
35807
95601
3777
91544
31994
12629
58443
18122
71060
73529
70113
53516
12591
9568
17414
67205
79067
37609
75817
14027
54192
71352
81242
97076
5324
85419
92205
30222
22871
92533
52003
88847
95770
56290
34799
52878
98410
24360
14287
24622
16003
52122
92480
63834
28187
30263
12987
71077
44785
77774
5057
5108
49082
89543
669
54948
75529
77305
27582
62056
48572
26391
39922
43236
53265
5947
48287
28034
64167
13471
7001
73371
8396
17379
91618
71899
70871
89460
7382
66521
89167
79300
46696
96703
40179
70945
33131
27374
72621
10193
8736
34972
67280
42494
72133
5308
13854
41414
34510
97137
21820
18571
15933
76278
57882
86821
44392
81365
56396
17367
91427
66816
42333
77735
54218
9492
34927
98708
23930
87118
40539
19562
70545
7358
77459
8947
78644
23067
78350
84902
98394
46100
80309
6314
31618
85934
51880
25434
68386
22060
61359
23161
59268
86569
17869
14097
