36133
68549
66031
46493
80515
63961
63501
34767
19992
872
66942
60647
55856
35341
59476
80092
58435
84413
87412
83282
70204
85096
60582
66416
17385
91901
31346
19665
2922
20379
53
95357
12347
11191
84125
44049
12626
7593
17112
3279
23620
81372
75683
63721
25503
28665
67460
66069
89442
93964
99028
13947
9194
23692
81960
53843
11399
85828
67911
41623
46625
5714
32576
99875
44791
86980
17585
43972
23696
57189
47677
92001
14354
39703
64907
58294
24919
1347
41866
20160
24912
88881
64928
18317
47327
4015
90046
58957
54027
7086
92316
4000
29110
36484
70344
28228
19511
17144
42788
15277
56454
93203
6846
67535
25762
67285
24156
76876
17922
6925
94602
20347
74775
99938
1058
82019
52004
4131
28529
80167
16101
7121
91389
16609
40740
94294
51638
46730
68479
88446
57892
56875
76377
27167
81653
3562
68002
80464
22220
37618
22275
72735
25508
12324
27491
33599
84162
56070
41352
92671
65701
94695
88202
60950
60769
6796
23027
14424
23871
89943
21568
83132
48205
61554
5816
50899
31563
73549
151
41503
15709
23227
71648
41779
64646
66380
9037
93860
51850
15585
39176
13346
98516
1479
63075
65045
75890
49740
60792
155
17489
42403
46422
97509
85442
83178
31966
42348
18521
72116
13956
56616
22084
66050
71189
28191
88646
19118
8975
45444
54981
31109
34423
40437
1079
42328
88696
61956
63304
18240
59123
47164
65223
64543
32283
62937
42574
29334
99305
55199
95394
32219
85474
16896
64584
22855
10132
87149
57565
68924
69340
52375
46696
90718
40079
83995
57512
66993
12633
30471
13001
9080
14151
40105
22490
83014
73106
53956
19802
2084
34247
82284
94992
83005
14109
37482
46561
32925
61267
82622
74204
10506
71768
64364
25156
85445
34067
43280
90397
45139
37799
74171
59529
72021
22998
18273
12099
41662
88187
10667
74381
77519
12863
91112
62365
36046
3127
59580
23677
33566
33830
60806
39670
7881
58760
54005
33104
59108
3679
32556
54045
5622
1241
69017
38392
42755
68506
45114
14136
78547
3302
2022
93968
66329
60004
61604
39637
60540
71471
66874
15072
9421
39713
34390
74866
35974
99282
82777
90822
99601
43755
68245
60327
76567
25261
60098
35295
92466
29623
67802
12072
86737
38559
37862
34701
3200
84659
9884
21420
2144
35289
80921
450
78508
46933
74962
44652
39174
83212
99109
67628
84878
91522
51647
99743
24312
1415
89027
29303
81741
82347
62073
23804
68403
14528
75887
91812
31237
85124
35079
52589
32420
77964
96695
99113
28620
98323
50477
49720
14651
38939
34224
85425
89985
23885
29086
29684
86038
99233
57090
88404
60306
25511
58314
56689
46033
58201
49634
67428
31538
42662
8302
37126
57508
3310
42268
72208
60340
95180
30836
56881
71837
19876
50888
50953
36549
69452
34813
86344
36397
8923
77050
37698
78013
16545
66416
15267
84622
88988
63076
82834
48128
65078
26676
26810
89827
70112
38037
70309
48924
45049
13437
43483
97474
85067
69528
12050
19292
31481
96911
32062
54342
4129
98087
98171
11397
58110
26833
65376
37183
10542
88620
91367
45397
58757
2693
71366
10614
93417
10547
57619
81121
64160
1778
91769
3134
74771
36305
59381
84068
88838
46662
24656
93324
42294
23554
57735
29669
29809
96741
70008
87600
46996
42607
69329
72611
28931
40949
13467
46764
40168
89795
33180
35466
64938
73164
35619
30876
28769
12024
83426
89525
98626
51321
21525
63438
75207
60699
32175
60942
14082
72958
65838
10191
87203
69288
92556
29060
3247
73422
56481
41487
46661
9222
802
88601
65495
40743
42154
57827
75518
97497
73209
80901
53521
5664
96410
2586
72169
6882
65942
44505
76902
50839
19677
2996
52396
94513
27327
74006
83833
32692
41671
45946
96788
64223
63417
21728
82806
68921
19462
88360
25097
5154
21027
889
51581
97926
92501
19583
30962
72427
38195
18958
22182
9619
72311
94957
88545
29874
79631
17140
64642
97312
61752
25768
72706
38163
80566
35199
81616
74841
11328
82511
22522
14366
