13344
74706
37221
60564
59613
91401
32103
41660
57916
61965
19674
56403
29020
22664
7901
90982
88421
47866
52693
86866
9160
46254
66105
86446
54287
79731
96394
33385
93179
1735
69084
56394
81562
66584
45785
80386
7791
50252
66262
25187
13859
23523
50061
54812
3813
92768
4340
40163
99174
57132
81442
55060
61322
7199
1264
54213
38942
74383
18967
76453
3576
11057
31165
76668
21979
94880
91123
47815
2857
24600
49645
63029
2861
84240
67592
75585
16866
70588
36590
55560
66011
9198
96460
41390
18764
65138
35939
19048
34238
23443
96121
46308
72089
66570
4185
48326
98180
58275
1470
20793
60671
73375
73803
65523
9732
65186
53397
9481
54537
71074
1297
14359
35207
7380
34480
86616
6668
78922
906
43166
74991
28867
55820
33373
91041
70053
45942
32516
75907
32510
86848
98253
76083
89076
51304
43013
7092
1966
53644
64159
91754
65553
21596
52221
54921
28870
10503
27360
32106
96121
50461
66039
90755
63948
34622
77924
20147
7089
55467
8720
59577
76130
75736
53695
31929
12318
21345
39194
11416
67791
32418
36808
18387
24083
62767
95081
75493
70311
72426
26718
45100
78100
90934
75711
35100
7021
10539
27309
76949
35544
77085
17263
32683
81911
38769
74224
47349
79247
64068
51645
67683
6070
15334
20489
54869
59226
73485
28532
21937
85894
74971
90603
8461
13500
90229
24176
23366
98343
92434
90837
51314
1557
73299
3462
96288
56301
23157
85981
27257
2949
76669
37256
43486
57150
87009
11228
11036
76033
39069
21516
11300
25295
24400
78128
51890
88358
77368
82494
35289
85468
10752
9637
76795
59450
38043
67393
35724
2387
30730
61234
20489
59417
82681
80178
4257
59703
1178
7890
11000
79676
70075
4932
5088
14231
84739
53643
46648
89107
74206
37791
38804
55637
71248
18586
69583
50222
48571
8268
64174
39113
48885
83411
48291
96228
52914
2643
25601
74311
99790
17120
39894
81484
50072
43060
82234
67582
15963
90526
24480
21284
14474
71510
29547
82672
23262
63684
1915
87091
97720
32586
68052
7704
87506
66812
66031
50069
80130
30
20745
56119
62446
95561
40230
31173
17038
57441
80817
48157
54432
11031
7427
31433
87506
67706
798
15756
3837
95329
47781
33318
56683
39138
75630
65462
86332
36779
32407
58822
99166
23407
87333
55843
27572
86354
98923
35787
52730
12202
75741
44905
99622
87866
21712
15131
5565
35156
57602
92983
16335
33995
45050
31415
85784
22896
4417
35871
61303
80778
83738
40753
21644
58614
3535
25485
10306
12773
79455
56969
48109
42933
47163
53902
8284
24744
71386
48042
26766
53970
45272
61071
92416
88069
33056
56307
17754
83226
28787
7094
34266
96943
71764
94984
42665
44263
646
61721
17207
94619
2083
11531
7004
26103
96862
10479
30339
4266
95973
71379
29958
97775
56429
77948
22268
58108
83604
90096
63
64811
42229
26506
85052
13719
73139
8214
60191
93203
7264
91654
75088
59202
73928
69297
30105
58303
69029
32949
53785
36770
74610
28168
6853
90124
67908
91250
90500
76499
85139
90274
92094
79603
36949
84728
79404
7715
72258
451
87510
28542
96644
38168
74775
8169
5118
29937
43672
81821
17385
80512
17556
62802
75253
37495
70648
36029
28411
99064
19020
71827
57923
86824
7777
5908
3898
24786
73282
17264
56681
3074
75809
87259
18252
51903
12268
86641
26321
61429
9404
54970
60814
64231
97552
95267
177
90073
4036
42269
3956
95994
10408
28557
40286
67359
75182
37157
88543
92161
99031
55094
29654
91994
97434
17762
23634
8782
95501
38688
14116
52837
8327
50891
97293
45486
57443
10513
94604
49948
50689
99267
15857
7708
55647
26870
94891
79173
24634
11979
24105
27548
92464
86198
77770
33700
83020
66436
55234
88832
50774
36830
92477
6742
12637
91682
43736
47186
25103
6114
58496
9546
38282
95289
66004
95135
85812
96063
76554
95761
93385
62586
52536
50047
21037
56930
86234
79037
29504
66381
29740
24461
3486
91052
61797
82292
36228
66544
69998
21222
77236
57986
47228
46847
28861
52385
3656
59980
58179
87581
24117
24848
20639
69688
9998
35925
78419
47097
31086
47433
78274
9152
23389
93831
65174
43461
26699
21812
94071
99648
31250
5716
72330
19759
90906
8592
2213
3366
77418
14744
97914
77627
36457
11280
87190
60416
72603
7539
10931
21557
8026
654
1436
42956
36389
70105
25531
88298
71297
57673
77849
61388
21704
68988
47834
14732
227
17249
3864
51060
32645
57912
91461
35203
34736
87578
82455
70281
80148
99847
70335
84803
31698
42890
28740
16331
66614
44155
96275
45742
56813
31511
95841
39749
42511
58311
2915
2504
96276
48037
36846
50553
17921
378
63241
56497
13937
40142
41700
29196
81669
72690
57923
80679
24306
4609
71817
95954
46528
77834
12103
19537
54947
61427
