2363
19581
94534
77177
70982
48460
43970
76505
84328
47585
31703
27913
15808
85872
4050
67593
3184
24338
39437
3874
19051
91270
26151
16540
83956
93672
262
13600
67632
63158
71939
42760
55956
22051
96888
43390
37861
8179
61099
64902
82185
33083
15149
15197
12053
68723
84692
73444
28700
52384
84665
17767
4060
43709
98035
10903
43356
65020
57623
36267
18875
23561
78193
40920
26884
26784
43835
10330
15388
17349
88241
24440
47757
30273
84209
49574
73541
58439
60466
19019
53560
48725
3999
18369
27177
53159
22652
3030
39454
83463
9226
57996
14139
26946
72448
92020
23976
58755
69301
99625
42706
33302
92748
58771
41743
48412
44016
57180
99773
25109
7172
40185
63271
58112
52240
76498
58741
26466
10900
98573
66335
57288
2615
64914
73411
74785
73352
89063
33625
29896
54026
82390
85364
64726
21023
29636
78944
64830
58239
93550
38947
59422
82268
32761
4180
53307
97894
54058
30220
93766
77191
4687
77276
27858
3282
66464
19222
59216
14541
93364
11251
89690
71530
57966
2873
89400
99171
13499
71427
30948
32700
83130
25697
85184
36031
64850
99545
90722
9244
62351
95108
33397
96374
4175
74504
43903
64069
82044
60451
77144
12446
88442
92350
80516
84046
15771
69146
7960
88160
60006
86542
58492
45778
68386
23121
84730
7682
6359
76529
86841
88646
15665
87660
47936
44407
27480
51527
89058
53854
4682
95660
99191
48742
79428
9363
65238
14465
20547
36613
38292
58464
76272
63860
57602
79856
88005
57189
51184
20928
25538
14961
44629
52010
906
32741
66657
62579
33843
87415
37402
6622
98142
9702
64969
7742
24238
52410
26030
78178
90648
72035
53110
92323
19782
72842
10498
48664
80187
57923
85790
31636
90448
16216
46235
48773
2670
78652
68022
2875
26632
3348
81382
45293
24357
52926
2593
92477
5761
30953
14332
74875
91452
89520
11424
96748
93709
21262
42476
83133
75177
53925
97320
5117
739
28799
20603
77205
39054
68418
58156
2537
54325
5327
43179
93696
99744
44306
27850
58382
96932
88926
35483
42249
51611
99003
81003
70294
92876
15309
3035
8171
24702
50638
43749
70315
54291
38290
27891
50209
42789
32590
31194
67735
86806
1938
85380
34679
40796
48455
52078
51873
95559
98793
51740
62419
50857
31570
81163
57894
90245
888
26018
82356
9955
22387
59889
29827
85775
78909
72193
9152
16174
29142
72628
13903
68585
63340
23637
54264
87896
12335
21763
69808
23951
36564
15932
72760
44799
17786
27022
55767
56138
75519
9620
91012
91348
31900
28499
73668
98223
73048
76665
72584
80976
12568
31642
89165
41801
22844
40482
55668
76557
55879
27209
95991
65255
8133
99821
39557
21327
30236
59924
14288
30485
50961
76070
67293
59772
50514
71386
50548
32013
23232
59180
99865
81251
47049
37652
99088
12950
42239
93970
99105
797
10009
28794
29899
6853
75614
96850
98983
53154
26039
34806
69555
76909
64066
16319
71876
81451
97967
75565
82583
23349
17584
24204
85553
49266
89176
28511
67243
14410
88406
91434
77604
51801
99996
67891
2674
55481
48179
29203
3247
72767
59922
72883
3508
69884
95818
55670
12403
51563
1826
97055
52309
28791
82981
11505
70586
97579
52840
49040
84158
5054
51742
6056
92412
11285
68433
14731
84772
16964
7792
71185
64076
91624
73639
9499
56405
75639
27499
71005
40491
16468
78260
73950
44550
38202
44488
96230
90067
99373
8505
40621
92589
94485
55983
84408
2179
36767
28244
85159
25365
874
1514
55133
93489
14028
65301
76089
87437
5070
15141
76088
67332
10800
16190
95630
94853
48444
67981
27942
18243
9331
27843
51167
34463
493
95598
57310
85927
25393
77473
52970
47954
43651
14271
47703
14445
69008
74862
60673
95300
50608
42711
26347
6046
23764
95568
58268
84096
56509
18729
76292
