5756
40815
54166
41697
80288
49415
92790
69789
5102
60768
3985
74656
992
76746
19949
71430
84706
58285
64130
96954
57204
90797
81852
38083
47401
46369
6457
18877
54914
5415
20280
33448
39060
72440
66360
79559
10821
74513
95415
77803
94355
76626
11537
99546
15755
98632
43776
16877
55791
46809
99906
62733
13104
46643
5186
73426
35284
8628
12209
3265
87396
10541
62440
97465
45594
74067
96288
52887
46374
90939
64071
9881
66672
16393
22696
48057
73967
27622
41615
8946
58716
1550
56078
69935
66453
32219
95308
80975
7108
70882
78892
87470
64421
94555
37343
528
78707
85447
64940
20392
26709
82316
44721
2471
36426
89671
43531
1339
12744
83426
97188
87274
64492
85872
95842
58146
22081
8619
60053
71899
59842
26407
8362
36754
13573
22012
51423
40542
75685
1713
2003
65824
76256
91178
70603
81462
83569
94212
62798
11227
92622
41308
48626
26026
3437
70539
19009
73676
31587
69034
20277
91888
7635
30375
4832
19143
28063
44077
84335
74240
7728
88844
50894
58074
20563
90618
70900
78076
74574
17995
34201
3463
6615
86183
22182
4152
80013
29076
75563
38682
14741
51772
9748
40840
85295
11216
8426
25771
28488
86903
33059
9879
33375
28336
26535
58666
75586
31452
4408
82670
95947
31033
61540
68805
73677
55547
58818
30411
3398
21256
52029
27221
95590
26080
12908
37593
15519
25039
27901
18343
82247
77289
57844
59573
8899
66135
3976
27295
41749
61936
25940
63500
11663
20441
53963
31751
31761
88339
59635
50831
97102
45005
86281
70281
73580
13332
66349
85612
33433
92343
48898
13060
1068
49877
61331
51522
10693
18596
30834
15346
13946
97995
40503
8499
42044
8375
67648
28246
14667
1748
86305
87705
7277
993
457
92603
31115
40469
38005
26514
14019
24930
93244
3738
31495
21632
55497
3320
557
63434
4660
31690
8042
72113
63313
62436
24484
95183
81119
21400
58229
17648
14003
54245
74688
35824
74574
20851
45494
99409
13914
46223
42286
75439
65634
72266
38468
16940
1716
54124
28569
54338
25864
80744
18265
72486
25905
69283
5098
86356
42696
79253
55540
25850
56006
71219
38976
49772
98232
26376
86088
38692
79170
68625
48645
59058
52015
90452
82885
98270
70469
30360
43256
84267
33622
64179
18063
88939
54340
64957
98843
91291
84030
44979
48522
88255
47729
60315
76798
10065
58688
44813
55453
74498
49268
22287
78048
8919
8983
79864
29645
28078
96307
71017
47002
38316
58093
45655
7259
4771
87256
60081
44677
73471
86075
20721
59693
31477
21415
18557
85406
64959
25312
17857
19030
29050
33702
17700
76145
20218
96892
8785
54465
70693
95738
14660
83250
33192
40838
48036
12422
73732
75955
36778
9798
72461
6507
74907
29335
26545
25084
81959
47463
94951
91930
22187
83050
72993
59649
89948
5371
76613
94437
41301
24118
43970
80611
89051
38136
39563
17605
81800
65477
36481
26486
43079
9527
25265
28296
55582
37242
6872
1506
22422
33521
65702
26742
48597
40304
78925
41911
82794
66834
42774
76654
82448
62488
10189
47742
82069
81642
6824
97393
24994
66935
41357
70043
74582
60030
95136
4411
35075
99284
15391
74554
84781
68181
75707
72736
35004
93972
27868
67940
37372
97357
15880
91345
88101
64115
52921
16891
87928
49682
82685
46700
62305
29380
81438
76134
42189
54208
52281
56454
1234
43541
71959
75989
6129
7656
72879
40441
72618
50327
23580
7620
68961
92790
65733
42222
6088
31487
94674
36343
98226
32253
60032
26845
69223
96722
57887
81686
53384
154
92241
48884
61411
8720
65227
33258
47217
53226
36598
78957
82856
11632
95495
22591
82570
3486
92273
81692
56721
85650
78234
27630
60184
80132
28225
59321
73172
57816
82980
96909
99997
91411
86885
25034
37691
48029
97501
46542
16281
26510
49132
31975
93957
89633
5052
9121
3877
68068
86130
31163
50587
98611
91265
31286
7548
65163
57827
68750
43616
25724
40265
16413
49761
12222
20380
16635
84468
13343
53227
58070
52878
86057
18269
42408
37119
49473
68839
41961
11650
94672
4464
31659
76217
32179
12609
26560
79295
74010
39494
55750
57844
57415
43932
45747
54136
43369
74703
91736
62939
81482
16832
88921
50869
34605
229
48964
21290
14945
74712
37310
57875
69398
30341
32472
45006
97401
59170
37620
63441
22038
82824
74425
23330
93234
24727
80822
36658
96896
71578
68986
16630
99882
52930
70905
67445
4574
75171
60059
72550
1564
88655
78386
89813
38190
39300
91116
31969
93674
30182
56258
95659
90884
34533
79939
98116
86093
11185
87394
89605
33087
75425
27165
55322
70984
85018
43824
33403
93229
50074
68168
68612
25015
11451
61099
67447
45118
80375
22308
17826
95687
62927
83612
12703
97363
28908
46926
64603
43455
24086
3564
1567
46036
13446
88035
60958
88686
99870
63096
29776
31430
24570
32889
51722
72452
62653
78824
47909
78472
30494
93156
20372
82590
44693
32067
31362
80659
85623
19982
27058
57359
97608
40940
61043
16801
70914
19823
58465
86355
23991
3936
58820
52036
42308
58763
2342
63099
79821
10354
16120
33563
71993
41280
75339
75596
4985
91787
19477
45320
78990
43578
89081
41043
94756
4398
21975
22617
15876
19435
32055
37975
21373
4790
12817
8451
41552
39252
97448
50643
35751
49629
97097
54052
19873
3026
71071
58884
32163
56604
7125
49160
15407
43668
3700
86109
81549
47131
99900
56030
66364
50362
6883
84742
11425
16444
74321
79860
64859
58269
95449
65225
99813
94174
22759
3527
91615
16979
57057
31352
13541
85540
30658
62523
85093
5891
6658
98518
36507
60446
76665
64555
49511
12629
48337
76532
33467
64479
61056
33414
68584
59448
9894
91739
1182
67190
33360
74520
24527
22461
93158
57177
39037
78722
34312
69297
36231
12928
81315
18406
50702
16124
96432
75584
92154
74253
34983
38443
87076
36089
29559
86616
714
4970
36379
2144
45675
44719
64276
53097
82335
55697
77563
60541
77472
30048
13233
2342
65631
32294
48677
89441
83766
5287
60214
88075
27982
78140
54708
50675
62611
63067
38416
47092
