89312
14448
34863
25886
52777
98565
27080
18575
92682
48981
99233
55878
13198
17040
80608
32668
39911
58823
2054
26619
83499
27066
85068
91773
81908
76301
52752
81230
79759
69256
41315
62260
75789
39353
95266
79638
29684
91190
77405
96515
71920
27700
44448
23079
85447
58928
73065
70702
47284
72930
98028
96754
85795
8030
70259
6448
67769
49607
28976
95265
70182
18882
44398
82180
60414
47326
93102
7983
65093
82959
50068
66146
81468
80718
85929
67223
81182
85616
3583
18150
41643
77655
6924
68649
41043
87527
16097
44900
13355
52057
88733
81650
38522
23212
22432
10298
75493
61959
8450
20279
19543
62181
39584
74401
18560
29828
99753
92245
7735
12422
85186
68354
89608
98404
24034
31382
19997
79964
8904
54669
98900
61383
29636
84757
57945
46311
33000
25173
80411
22302
25586
17621
49720
24884
24597
88185
70472
83147
13021
39922
45302
66088
10191
86058
25308
47495
28546
59402
39691
73854
23578
65598
63654
94452
97986
95266
82844
20716
62689
86364
71251
79499
1878
75324
30817
29124
79730
77953
17202
11476
76162
16194
66655
39740
93426
55523
50453
38548
53338
28808
69839
52902
96901
54998
17114
38200
5769
65638
34975
11302
55706
27629
58167
82844
8732
65182
79055
32033
59581
53470
45311
21049
58398
71437
97923
38796
20435
42802
61086
42688
42918
6730
7818
8301
25772
35638
46671
78523
86777
16246
47553
1791
1583
12850
73414
33556
69526
82790
12655
98745
49931
68640
87842
9013
90797
76839
88132
82194
80961
69043
75520
22836
92568
30932
62649
5979
86255
33055
36121
68646
1536
24231
47114
16628
64172
11770
21621
76218
54055
73883
18995
52278
11712
52316
50156
52614
58799
4044
72405
74839
74609
7206
22350
27948
11122
34033
74006
81609
49653
98641
97581
84339
36021
93339
88378
26765
29198
28172
70227
64748
79763
27231
60096
10925
10098
25771
23019
81450
91623
51033
88909
41553
56462
35888
51186
61527
51508
66451
456
75501
7893
67280
41601
76826
66303
27739
5948
73164
34048
31242
78783
60944
57040
44415
56770
3170
86739
70574
6337
13831
57432
22318
84334
62129
66157
65167
35680
54051
3117
93779
95638
34816
30785
86883
89309
67689
9732
59647
64104
67597
67839
31698
43883
20885
2645
69316
52318
82196
15702
4744
34225
8366
6161
56449
7811
90119
86789
15227
16893
13745
5997
201
79351
14696
97634
86331
18719
8960
99543
