69927
31105
70328
59106
69053
43613
78298
8114
72602
84098
89490
5814
21557
96398
9194
20807
97132
37721
52962
7822
59554
976
17089
17059
4774
41007
87918
93153
74307
38013
76207
71527
10125
64991
76307
54373
20484
61504
66028
4231
15917
21901
90385
51516
6073
74061
1128
63844
94627
39173
66892
16510
79410
7620
65277
77952
2306
55605
32551
67400
50772
94723
53406
72308
45604
37559
33833
23627
93497
51804
43369
76620
18492
86244
50763
44806
33920
76801
56462
27849
48724
79301
71958
61221
7476
55975
45944
61941
18527
81842
73748
43233
96937
62719
78981
93712
71976
54729
3376
44570
72518
65263
35413
72561
97793
56693
17264
49379
91475
71604
12548
99699
84880
24346
73746
10703
86428
40317
91438
53242
11907
23189
37955
84920
8432
15576
85148
31292
5727
54100
24350
51194
95504
81135
96160
2740
51454
60727
540
87259
12346
6640
8052
35114
53441
56723
14241
51541
31674
38440
45232
95614
36825
5412
67235
83475
21747
87712
23300
96091
47118
97349
92305
22822
55623
24396
11517
73237
58141
43689
60366
39342
2849
96809
21717
85966
88320
41125
70622
2862
6450
11293
10168
3535
23836
8448
82295
87738
56189
35304
35336
78255
94081
61962
59208
82299
46741
45881
94951
90413
17009
71177
40732
56082
33760
83423
44743
78863
4347
63067
29135
56430
85519
71927
30695
81742
89122
21181
75773
75958
77851
6956
13629
56537
84093
5248
11985
39232
61567
22311
75503
37107
45227
14026
34306
73294
14798
4682
3604
75814
65947
38636
34494
18290
88276
7667
62114
18927
4822
43597
9167
65580
70146
98552
9387
68693
79523
3830
71970
62319
57791
59169
15218
62830
52925
88551
34760
96453
37426
10247
30718
65183
98899
46095
96877
60880
76643
92068
40022
32925
53958
52634
89955
23013
73722
273
94896
61572
7082
27053
76156
14130
82361
90735
37053
37979
3702
29707
78567
24380
39782
2307
87992
35918
62223
45017
85551
6517
42929
87804
66087
93039
55225
38443
86408
2760
863
17892
2392
5856
18768
27098
33762
21944
13197
94941
17892
3237
11937
24143
61314
72625
69538
94018
12327
81906
50072
30162
21111
5569
6410
43394
1636
96464
13308
58962
49124
9596
77025
15888
30535
87663
4768
45517
82211
77056
38181
91675
33277
75460
13828
1612
94815
7174
69388
70220
48250
13476
90891
61153
64044
58820
57251
85938
18588
925
45909
72327
56183
43682
48758
57869
68715
62467
47805
40384
13272
58717
32155
8289
13425
26062
11947
91414
39536
71813
23616
8520
95644
38260
18345
24666
51561
65372
80884
67158
90614
99913
77722
32058
77840
22250
56061
93132
11652
32063
65711
62768
14815
87488
55812
96330
59139
16375
15211
51975
25385
43645
22561
74748
55720
60896
55096
75032
21780
45969
79499
1522
90355
50776
60544
38819
15308
76674
23132
68175
87670
17309
6294
84502
82493
17947
37189
16040
78543
24425
11579
1285
6837
18677
3338
5176
90379
50573
57991
27734
23457
38568
2830
67123
5544
87329
97378
74527
36792
53110
98142
18127
65398
16872
61106
76342
35594
21705
88516
34614
50012
32307
71509
7034
27376
113
2442
50235
72887
78586
46115
39869
57060
82130
17557
77310
6848
3080
70397
26657
13054
5666
30547
83575
98146
84625
49907
66373
90223
26619
78531
26878
26807
40668
81265
81010
88831
37906
62400
26204
94198
36746
78987
92980
57818
25953
84057
4378
85150
65061
51823
64384
62076
81995
38703
64540
93754
62944
70893
57140
26362
53436
80634
77560
5476
43362
68806
80232
18444
78276
49897
95963
99578
51895
76423
6326
31380
95901
48805
48998
79184
2019
42256
69856
24518
68452
39946
53404
38281
71917
67861
6519
64787
46537
20629
11124
67566
47658
72611
36143
39867
28212
46996
31900
38787
80091
41417
68646
99200
94435
21121
80241
66769
42975
55282
95668
44429
705
51876
46783
53076
15254
65128
72257
85134
2286
31124
89010
46301
62168
18333
27436
7222
82330
76504
59838
65846
42651
11649
87125
62577
1445
99895
84734
70268
61438
50048
28484
15133
44696
84638
57532
6044
92695
64240
54018
51341
64023
6967
99757
61907
38743
30957
75875
82812
67221
47236
66767
16619
14933
70305
85977
60312
28711
28741
44028
52538
80271
67361
2440
9580
12998
62299
33870
33731
95464
13573
22672
40058
38071
39890
13992
60264
31684
4549
55863
65214
10684
70368
44588
77227
18043
46346
19200
97585
47966
38239
64607
13948
24405
67385
900
40374
44526
33005
99124
15200
59190
81360
68865
85594
25941
77876
20273
16297
2523
18612
15993
99890
98348
82471
41011
61622
50271
87429
75632
11663
19662
52799
73463
50208
24719
51299
65188
82176
87085
90868
73474
39708
49185
22965
60832
75295
45862
82160
24862
43582
68275
58768
89450
39219
40374
48728
55644
83621
64457
1918
40545
27118
68060
40182
14489
22538
90950
47820
80381
19545
95924
38450
15624
96877
49219
98493
15696
97193
63019
26666
60860
49412
39299
74776
20528
16440
6301
98098
74565
75838
68665
12830
39755
48804
25626
81041
13406
21231
20329
68598
83820
14127
38477
58356
58013
86692
77805
25549
99404
29912
24834
79243
91844
68321
39526
99196
26161
77536
8331
24071
54533
8610
11364
3843
94371
45336
43110
28236
55251
82237
10374
51436
64867
77538
39262
61411
6764
93935
7487
30548
14691
18696
22505
34561
55462
15737
85424
80418
45247
52701
21627
84644
65419
54456
12058
56309
50385
3723
74058
57091
708
3475
14880
85648
33169
59354
35859
64401
61026
36117
99682
90550
30132
22150
71734
95824
54614
65738
16287
40255
53576
21925
85649
62276
48388
32052
84243
22381
45331
58608
88432
33466
45031
15958
5308
14734
39416
40109
95276
58135
51481
8452
