48275
30054
5353
67880
18074
73673
85446
48542
22419
82440
18557
90807
39185
68547
32314
81703
32785
99194
2240
58594
51787
51674
58025
3649
28905
89612
60765
43438
45711
35979
75865
19493
15579
28735
31003
49570
6007
71481
44382
10491
18173
37490
74826
66275
50210
62038
36627
66925
71870
74549
10162
86909
34564
2376
32162
37087
4496
71730
25438
35284
7073
75653
64490
53613
49692
55249
49698
55175
97872
72808
51024
38341
78124
94594
87057
15241
59013
93069
63368
92415
73161
79879
79290
80985
68191
55330
96513
32753
73149
68735
223
58360
21470
47691
27998
44280
89272
38579
81402
85913
98821
32197
27771
34905
25573
2034
96656
45119
2197
28584
98830
87445
37644
73198
1319
79512
14865
31535
98497
87952
54051
11351
84686
67996
80621
55196
53841
84950
1255
97484
50043
46639
45561
26478
5015
90871
18458
18913
68577
43924
6911
52697
58317
96554
20602
58349
38215
64075
78259
59711
37852
65440
22303
32793
37617
11099
49927
96672
5800
89155
81779
9151
5139
74016
44683
63084
20055
52783
95435
22898
47891
88824
22184
44664
45910
93348
40374
48457
91284
64115
49297
14895
42662
94673
11452
68597
80649
15016
67201
13321
80729
64428
15324
49567
48499
92353
29793
11726
84685
59702
76873
64676
76432
58230
48311
39597
89217
28308
58031
90979
27545
33795
78938
60274
92313
59807
48375
8789
18912
44916
78884
60903
61619
96406
39139
95322
14535
89323
510
74778
60135
63419
47035
97090
43169
18798
37944
7730
19216
62204
37889
87592
13540
73398
62935
16424
35276
70801
13376
13497
45786
94107
99434
26951
52992
13163
36150
56588
43323
18088
2372
69537
71708
50710
53374
22005
23875
56056
186
34650
41059
66069
85441
64999
9145
97868
11859
13651
37455
86087
23007
64288
59999
67917
40236
35909
8334
70105
20340
52435
53847
80906
46616
47655
21714
45907
38457
26404
61651
40312
7647
22835
76891
60744
85189
29765
53477
57805
5753
2616
70838
34361
92454
25635
40583
63835
37967
86731
41838
54416
37448
67277
87309
46573
29940
88317
86518
65705
66729
75157
27895
22446
49727
45275
17776
62613
1989
28452
74603
8434
49696
10979
17133
45113
99596
55029
37494
38348
5884
96370
41698
95188
71057
14199
47909
87372
15266
67527
97305
45491
45080
31204
36318
76531
18382
38545
7356
31149
13009
37511
36102
47882
25290
40102
71458
51404
21919
88178
51201
13022
65715
41236
38987
37567
73765
27203
87734
95109
48637
13598
43299
12173
94993
99503
82616
77942
35174
52986
5334
47967
53140
99403
10921
48392
2926
77298
8617
35060
45432
60927
64807
76022
56281
90708
71200
22139
79188
76852
1354
63462
70161
62562
52519
56389
99614
60712
53577
46584
8602
72405
71494
68512
37053
41149
76509
49864
31868
95113
18252
55379
28200
50963
12844
63359
49180
47484
44634
39764
94667
8536
72991
21780
57513
84583
43814
53433
29173
3446
24923
72881
70943
1683
95391
74876
8097
96703
35066
37307
96177
91246
15783
64158
74491
32653
82939
7623
30224
70595
44194
55455
8023
43998
59929
89349
30488
8241
14293
18205
65952
27201
55566
74799
10761
61558
69955
89920
41619
65515
74387
90141
41636
51697
37762
56593
25819
31606
86955
8845
64603
55701
41264
99215
51430
66934
18885
98747
80581
83772
13841
28796
60574
42907
19551
84311
73616
19891
8003
9290
35957
18774
23756
64908
74357
79923
30151
29531
18361
94853
38544
98988
38331
17556
65331
88267
49136
6368
26400
96023
3881
28097
20423
50667
34694
83151
73911
77607
3586
72385
32746
44734
23013
79221
18724
83195
9153
29344
67779
29702
84483
56014
5961
85615
79924
39956
20072
40710
91738
89341
11053
75828
99277
87869
71526
537
31200
59787
7960
80620
36500
36372
94956
77823
23104
337
66461
73527
23224
10625
81108
36629
8894
82720
34770
59091
11047
68890
93247
47866
67853
75561
16669
51560
36242
10387
79710
40686
93532
33525
36701
11248
48959
22571
36747
95860
62142
91773
83910
23665
36593
3930
61618
79016
75329
15853
39808
33796
95097
46345
90622
34734
52890
93824
51932
96899
22171
21323
78359
35387
33289
76357
96776
61311
22644
69223
98431
72587
30326
76709
3242
91032
18722
57579
99129
8684
51762
35811
52961
83691
49631
16405
23543
76008
22228
74230
