1942
52411
42681
24820
40969
50190
15406
27989
7203
57526
13602
7799
80857
16253
64563
83803
30075
53379
16548
26663
19467
85513
69432
11821
74442
6991
1439
86269
79664
65519
41227
75466
13328
7281
83079
55628
5659
7833
49978
60056
25744
79286
17705
58866
35178
18463
3084
44334
3602
43216
11057
42469
56695
42747
23263
66843
90569
49398
8910
57444
39978
94915
77305
30840
8082
31506
16575
77647
74051
33234
49443
71452
47218
77732
94568
54780
62283
59131
78602
23989
75884
48464
9196
65046
1322
21243
26967
21355
4457
15966
32016
72065
62901
48150
37018
41674
89705
24559
53579
76305
23353
83616
95371
52095
34563
93081
65271
77966
28140
44251
1924
46281
15789
71523
49329
53145
83044
68419
78032
42752
14039
47339
5577
40548
69546
21253
1071
10989
454
46802
71981
38123
17432
72643
64863
19836
76921
61173
8667
67476
30886
94118
84569
5944
99133
65496
58259
23723
2536
34512
30572
3865
66751
52758
71023
39109
80239
26008
7326
38324
91646
45934
83161
48219
87225
45323
28121
24657
3730
705
54194
8274
63372
67425
70784
27966
19747
82018
38720
45044
39616
13295
50270
67697
42560
79527
70951
40040
33561
41321
70997
9199
17457
96739
34526
61037
10267
52234
69058
21137
52165
7754
23212
16519
33500
15669
51784
2802
96616
77338
79888
31149
13916
82743
10758
5430
73015
17471
23927
31824
52374
19082
99094
13380
74599
48144
35190
29819
59978
19422
25605
42123
35261
10555
5691
49764
65735
70547
41345
67150
49500
20974
11518
86721
71443
536
22812
90741
25737
45272
69853
77814
77240
38504
21146
89964
67285
14998
77664
59696
86274
56933
38100
32572
28216
24264
91331
54573
86978
99077
30795
65990
57897
46607
9731
44428
88876
93049
22656
65807
77746
42629
50205
77455
41981
62405
10566
92632
8755
52218
4135
6470
38690
38385
12055
13750
87356
48664
72236
28683
66343
88969
52210
75581
53610
90109
5451
24137
68261
27784
48938
81544
69707
22866
3696
32338
90637
87448
81763
38555
72963
44439
70508
82575
84294
80474
79962
81739
47545
66144
49179
34725
11730
51968
3218
91389
25724
29647
72252
95583
7453
68347
76605
63741
65470
19721
53687
93961
45805
30681
41883
11064
58191
87585
98603
69980
16490
42993
55798
70503
2029
2605
94983
19722
67545
94769
20588
16604
59554
199
55388
85453
60818
37220
45269
21620
63040
83882
61202
89771
32080
50132
43295
45632
21254
16368
1596
31058
78486
65546
93855
66136
13729
49688
77103
31729
60473
30437
38665
21652
93146
46039
52050
85021
8647
34595
20989
57387
72643
63760
86164
12128
37369
41764
16124
2299
42077
71705
7715
63689
79730
75242
52514
69795
99757
65625
19191
43485
34686
47248
72835
93430
27506
82414
94061
33791
8750
68851
50464
23018
51620
48495
36908
89796
52504
15418
30037
26203
91207
63005
86633
96899
34179
39753
3602
42285
58062
25435
77330
43445
67121
68533
5665
13124
80458
20696
29429
10035
63224
68906
73761
64731
490
51184
19823
52404
23490
83231
25275
83872
90044
10956
45926
55207
36920
95813
74318
16556
60921
71302
41450
37254
14118
87909
29156
18338
8531
75478
13555
17439
87400
77144
9554
72075
20620
63426
73275
88459
81457
99564
20206
97513
44172
82202
20985
90535
63702
7535
50871
61111
66104
81950
85829
84474
1889
58608
1123
74606
61304
606
490
44640
41079
90795
46115
36542
53500
49867
91254
51233
49196
9118
52892
25684
68576
17283
78590
23301
4995
63430
27324
27883
18491
74969
70580
95341
48405
25594
45754
60081
44099
52828
46841
26477
88195
50394
44819
50456
85401
91155
84511
32988
10690
74173
82889
72858
78205
51323
62474
69146
2250
18187
70363
55404
51515
93157
44633
23423
70072
55746
3243
10342
14522
64833
10056
18396
77347
27810
87424
83432
91291
84485
87327
49191
35825
1504
81844
10088
52106
25808
50471
36923
52588
28354
30927
84169
84503
2762
27127
6093
11611
52240
72512
66546
96678
20388
60218
50421
97466
56817
99256
34317
57176
34592
78412
26049
1884
77718
66008
64677
91136
78274
4028
5599
99027
86933
40750
74122
21702
41339
64290
87813
26907
10429
86750
56544
7259
7497
1864
37413
92520
36298
49559
6361
8272
30415
74953
92334
98129
90190
66780
38545
13607
90383
14980
61373
57295
30583
99828
49351
25495
90622
25029
46032
43223
25767
65523
12780
86002
86110
7843
14097
33780
20472
64282
53228
76796
70190
47350
84577
41300
18868
8420
20559
26541
57874
61742
60078
99348
93449
44487
73294
18576
97976
34294
66232
32691
30235
42930
6288
84651
83931
78568
41211
11795
31554
15098
51863
33952
14463
84124
33439
0
9018
70996
84016
2547
7687
6670
9511
55815
53250
46625
9444
23486
21369
37444
3842
73535
65437
70622
9854
22311
69091
68199
77788
41974
38109
80033
71146
10820
56061
81925
62695
80804
24585
93362
87159
24299
89425
11803
72382
79753
62910
92698
21580
91932
44855
55945
32686
48026
43696
76865
31933
90316
87483
75155
81038
66249
13980
69341
80498
88278
31759
61734
23230
21658
7705
9334
78318
51516
8745
81062
64787
46998
81361
91841
27922
80927
91204
11774
92887
6699
93878
58524
84355
7043
81173
22881
51509
92249
75316
1761
10458
74648
74873
45288
40182
24552
40673
72712
34294
59217
35372
81186
54817
87016
31530
17839
12119
87844
46553
98645
62206
57623
46970
