15791
98211
80034
91735
34127
51421
6959
60190
74839
80155
14883
44282
27431
29987
88514
9819
25145
99088
22024
47151
42778
58066
91136
71292
72324
5651
83108
58556
29156
10321
74377
8944
18225
3957
7502
89344
48426
68766
14687
42248
35083
30653
69244
38809
48299
39197
58921
49550
54482
59650
2410
18761
4767
32364
32956
82312
76636
76332
72366
16980
81674
44003
43402
31933
90176
32954
49818
71201
29714
94614
27241
28818
28870
755
97048
25677
47380
88868
52372
96685
37942
70950
17919
68311
74001
88130
49158
73111
34538
59177
65605
87738
60313
42565
63781
41008
9135
31556
47016
76118
68018
35567
62195
70898
52651
87223
9666
55113
62371
39596
66450
98039
77710
23607
60929
3417
30852
10697
86998
31641
79183
78507
23817
78105
64333
16009
55175
3148
21352
57935
89587
36178
26354
28057
45267
80298
30364
12218
42640
25478
5679
49854
69705
92682
49296
87052
31211
50935
34283
82767
23861
30272
66538
76711
43404
64037
31873
74867
40929
75855
56506
62220
94539
66817
52191
49578
39120
79336
55263
77802
76626
17226
14361
65266
91412
12279
78312
52522
13571
80463
91000
80767
10402
33898
3891
96549
47700
70699
99081
92232
98167
32994
12547
72717
8352
75000
77416
95655
24630
54003
5324
78884
58150
99780
50012
31888
21081
6589
43730
43790
66232
28643
85739
68298
46576
84159
16341
42386
64494
11764
14918
29474
57774
75580
30311
28418
19529
14424
26747
30078
6523
37053
40165
29054
94716
33682
72994
73188
37166
27019
95477
28478
18796
6599
12042
95464
14289
58381
77947
4557
88094
48759
64847
47806
60172
80264
55653
37283
3695
7935
68967
85613
56515
23585
80116
64031
38206
4308
5311
59346
91656
14884
55162
78113
96948
58061
9555
309
95809
11866
37084
59374
64304
31832
96221
31013
22671
19345
23314
30404
96421
91772
56199
972
40389
7273
45936
32119
9158
27437
22953
60130
67641
736
74717
28719
66625
37318
80424
40698
717
59699
27516
47922
2586
72904
58282
17279
11751
3743
11105
37167
48394
38328
62175
38172
47203
11476
79015
61719
84796
17712
87084
66147
98217
84739
56878
24369
56346
80171
83769
56532
3880
13919
39721
71627
89982
75300
29343
56284
40153
26944
36565
30720
254
85496
91348
37441
57254
42235
22513
72252
99770
80173
17193
54425
94214
8632
88594
46310
17535
6503
4291
29642
77527
54270
89560
88206
34899
35020
70367
