10532
4735
84726
47231
82179
29898
81492
87950
31119
5632
61091
23108
72615
4778
13114
11326
62788
47296
88957
56670
17096
30194
62426
69304
50764
63229
60720
96170
73008
8648
56753
17621
51614
57030
81087
81516
141
71270
97821
25183
35032
61769
17694
84820
18922
13945
66263
46848
57843
36814
10165
41418
95261
93448
30331
60896
55231
37480
18191
34751
43094
67623
99523
27248
44442
15536
11543
10633
15735
62815
7207
28153
50065
16908
77242
67636
17947
28531
8938
27933
65651
64463
88637
66085
58529
65656
47896
60380
72183
44125
84068
84199
84216
77384
51389
71154
46445
74392
66552
10829
4258
68327
29514
33835
51717
82618
19304
38692
78236
63013
29369
96233
39606
46724
65757
41821
62478
28028
53108
65952
16359
36268
34745
42734
19102
45793
19011
10325
36203
44318
24710
94137
15401
45018
96191
32141
88366
22655
63146
68052
12379
55026
89871
17753
71940
64451
99784
6640
99864
54512
61351
87631
66776
66962
90077
70742
25683
52559
25200
32297
95808
96848
63455
50518
31240
38397
25956
33577
9733
77826
73771
36517
28634
36884
98491
