2438
81446
21496
85606
40781
82237
15290
83476
36129
1548
23640
11570
60194
56748
41490
4625
30697
16061
34936
52762
40060
73400
1464
16416
6958
42994
86319
15259
60545
54662
74101
72967
22729
95618
4852
45022
64256
16284
87853
2852
39809
56095
59408
41468
30711
41870
89509
28638
5395
80288
55702
57094
47543
38755
32689
93902
65596
33020
55547
58753
38648
31875
14460
30060
9859
5116
91505
74750
79644
32452
13883
30889
31395
38514
80778
87306
95679
26550
11343
38844
27082
53244
39312
2754
89992
48356
92917
1166
11869
76099
62094
81276
56876
87622
20660
35379
92075
47968
81023
15924
30442
35352
39487
41294
9767
58502
6806
97839
29307
48788
53423
57307
33620
32048
15982
2407
57954
95618
5691
59027
40706
29444
53777
97176
87698
98281
47912
34015
80485
75248
52089
38226
41830
17116
70032
83110
88044
10926
28934
84614
62789
68857
49255
98213
6479
97382
51193
67812
87287
88969
52710
67692
61229
51986
96005
93736
69708
39353
88050
14948
37138
61632
19286
38039
1486
82320
1090
29699
34880
8973
6110
98674
61003
42321
65409
99796
14904
86175
89940
70687
90202
80204
47721
19622
87750
70993
34591
54570
35639
76955
37685
50449
71204
83826
20571
31318
44100
74997
40779
54114
60558
66871
68611
9034
37596
66153
95609
40973
9506
66612
11847
8283
6970
49068
68357
32317
39573
88961
22746
90644
5929
45490
23087
23173
60924
15523
95724
85129
16689
89184
58040
43943
33614
39818
95767
95931
49609
46831
59266
57043
91566
93022
71876
78593
73520
4059
29418
10030
75587
48215
32043
38148
32797
11901
28324
28963
66128
72590
84064
15160
89387
82837
98577
31351
7461
93833
882
37234
78226
96502
57697
88519
91132
97536
33899
29975
72535
53557
13991
52451
17510
83759
85438
3678
23729
5726
33941
35624
14125
96224
85839
44877
34627
67490
64904
5518
39306
3538
72297
64126
39327
57623
44369
86796
26190
72809
61565
93436
27370
4588
17969
9473
18700
88070
39766
36805
73759
29847
23416
42702
70321
55550
499
669
57346
91862
70336
3847
55214
59563
45566
11956
47585
36637
49335
49405
18913
60518
99466
60113
80658
67893
34277
78763
31349
66707
10798
86170
16671
92837
66538
72859
503
55097
84280
46831
69219
20493
19291
12527
38694
7092
95454
48435
22727
65519
36827
38074
87580
42
14612
78670
61882
17976
17467
69179
59228
15341
32084
25882
84395
73986
50017
17183
85668
71195
42192
7526
92925
44393
92856
80177
97105
81551
75674
18210
48640
63395
52477
51037
56456
31048
10436
99314
11934
76369
88887
79936
39807
16414
75977
98047
20406
65254
88330
17138
29168
15437
56189
39911
58479
27546
55547
48757
38584
72759
26512
79746
55188
19733
45487
77380
89878
23599
15293
21948
75897
57314
47690
95313
63555
28081
40438
25756
80976
12274
85823
78404
96558
90799
7615
86791
51243
14332
82758
76312
35198
63838
99910
29399
4599
95021
70473
97862
17216
53488
53415
21770
75360
34639
58864
92670
44660
81659
94415
71801
22603
78818
52987
22406
71345
55029
52934
36097
64066
21348
84905
57869
80676
78515
63859
49516
88167
72146
25737
49351
14192
23745
79824
63512
20778
4910
23687
96359
46131
2627
54144
72975
53628
91433
54988
60209
2853
52469
18466
51016
8055
81719
8353
84176
92320
67334
46046
70313
13074
33990
59144
6883
83965
49724
84838
30362
76073
22211
86740
84183
11090
84807
12414
44714
88672
58603
8238
57828
86220
49113
12363
93227
6163
88563
20510
14314
74145
12479
28331
42511
55819
21284
17770
62072
14947
20240
71548
67397
12403
57023
49435
31765
60776
33939
7010
25126
78726
6818
1133
41738
77078
3383
65790
95550
58295
37981
37917
47149
7230
13431
31760
82394
43530
93030
6459
55012
64882
35189
7938
19782
73625
77434
84759
91066
87925
3602
40802
44805
13786
8992
37330
96252
58283
28688
54387
49623
85405
51969
25199
15264
43272
48544
49037
42456
32259
59904
80561
48739
31053
602
19860
89733
92809
93676
64929
31421
81047
14007
7959
71143
57393
73889
15509
49974
85428
34012
29174
13507
3595
27960
19821
20691
45527
46025
20805
64302
89316
90879
53980
14099
54775
83745
51119
28071
78187
50103
49237
7064
21838
26031
91096
6918
74180
1016
77924
33816
24683
44601
95314
84281
66453
34452
23036
55173
59993
69375
47946
9296
44524
97820
5225
13671
68198
59860
28362
72999
50175
61235
41013
90960
6515
98419
79787
36377
66278
94840
29966
24855
27571
70487
45516
72679
77184
86461
1676
76060
5064
18190
12273
79722
44697
2205
73020
15554
8102
79966
39287
71210
83200
95331
78777
62421
80441
31255
93721
9525
97126
44718
49964
23097
82443
68067
59392
71773
51686
58028
51827
22913
93734
27516
45445
70879
23818
95517
96452
11169
14122
50423
39855
18091
59921
66893
37640
5128
90872
28902
42939
48319
66661
31513
31835
34652
73631
