59334
89834
84175
82917
37834
61812
48044
46516
76425
39742
18812
77263
9677
45441
3531
54306
87280
57930
2367
92223
36205
76854
40450
21020
69867
11699
31422
1314
96881
25744
74985
24537
78182
61066
9589
63118
88615
99557
1910
3841
69728
85458
44192
22431
84329
67342
85698
77990
32202
3483
44621
27021
29277
40185
78185
16519
33742
80189
99990
75094
59123
43176
33565
8068
4174
64752
60974
55398
49843
85751
75893
99563
90891
56957
46635
78808
74916
69422
34569
80309
6533
1521
67322
48219
89643
77347
34606
1682
75533
37199
86277
9585
98034
94061
34574
75685
4942
61343
53019
69435
57662
91268
87366
15262
3976
23616
5834
51874
14512
9620
78952
4767
19658
94513
32630
4009
81999
14021
44751
12690
74219
62955
54662
69637
43812
25453
81583
14420
50702
30006
91853
17181
54026
90226
80997
76775
21535
36194
878
65899
37593
5108
53475
21701
21937
95268
17777
79097
33725
8820
37644
69515
99640
91648
74115
11272
56303
48754
80316
34464
18206
91920
43275
2902
84207
25902
24345
54582
27276
11233
89606
57580
9777
18460
55045
12774
95896
65247
72650
83401
78024
99571
30205
47970
1413
63940
11230
40001
71079
83247
93927
76295
49453
27115
20670
92030
99827
41855
38602
71843
29932
61573
24113
66436
48897
82685
37144
67820
10842
15489
20612
14918
17435
26347
3470
34678
25854
16508
50397
97042
36347
61913
34158
73902
38159
15892
98997
88157
11203
95818
57066
78747
51553
25010
42728
14626
21550
92447
97987
19796
14346
16719
93259
51822
42611
50257
39108
65767
12637
93089
94232
5021
90400
97667
27356
68170
98161
32780
23785
48807
76875
3629
92620
8159
33477
35244
36669
88183
39272
20906
67967
77037
21986
7186
71536
59749
78118
87736
35864
57976
79437
55592
4115
68747
93750
6399
49834
35368
16753
69977
66200
94322
11556
30618
93041
92773
90983
2937
76771
51687
74590
98942
59337
43276
16266
84981
21989
69447
54640
85
39916
51109
56192
97900
48259
58500
86106
27772
50988
35728
70974
22674
81794
63327
5269
65822
41557
31545
69967
1964
13296
60554
95198
32392
99936
73825
30514
45482
1671
98546
2195
836
57909
39894
85334
53511
25317
92235
35785
21987
31771
58035
67188
89913
16180
30460
34524
29284
61462
61442
25471
84458
34745
47747
69057
11000
84423
47742
79563
76396
37562
83485
86204
78100
82377
65447
31801
64834
36119
39231
43069
32749
2321
17520
49862
3989
44356
76536
97746
58025
96447
35217
79352
27452
77921
71885
26704
13004
59223
37300
76724
56292
62873
78925
54699
2383
50369
31224
65043
39861
28686
7250
50140
76791
85686
81237
11668
12365
17899
18502
61021
52648
22860
8665
34745
53011
28218
55581
26634
33709
29614
13897
74085
10315
67176
83247
89888
89643
81547
17782
59500
87194
20098
79776
53728
76840
4509
90784
62900
23768
57347
4412
56948
94787
30025
18210
56102
71523
46591
28072
96742
86738
62775
28932
53129
12573
19765
91506
82170
77467
46298
14208
94232
4702
36810
44528
60297
84544
86521
18064
93994
1442
34873
95098
52372
87873
26392
59357
77873
72402
25955
15889
47487
85358
70338
35837
2768
20755
32115
44764
21362
26801
40978
5532
82658
86911
61943
47868
90703
86980
30847
34754
96918
39837
21760
18340
31456
75967
32665
95408
69191
52391
12644
2601
15652
65857
27558
62895
45147
68189
20027
95319
74949
31727
22109
84816
63618
2164
81254
95693
58160
61724
69387
43896
47207
86099
12900
5101
38612
33661
31548
8334
65973
68390
92827
86579
79805
36165
8097
81146
77406
20607
37307
9805
90611
53574
95094
95189
93870
20544
86304
60776
25210
89765
22949
366
58244
74059
68174
71372
16173
9332
37331
1272
79236
76186
16040
79637
13408
45204
20574
87700
29172
80178
10463
56015
20639
71582
42144
92415
71751
76769
19208
32229
63535
98886
19070
1330
63936
37074
93152
59529
81517
17796
94213
92307
48151
51366
89903
40940
67847
75756
94182
70250
46300
49470
24580
8921
39114
74041
59015
39356
43615
20091
59366
31703
13395
26365
13557
53922
37643
55792
61281
13273
76974
57200
33264
60724
58921
56147
27683
59376
98610
88268
65468
86273
48027
61252
29276
30231
88427
37671
22503
6814
27694
43750
78976
14006
91142
70128
10433
43024
92165
62891
77138
17962
85341
71537
80933
98296
9098
18311
45781
14368
86551
19358
52398
33540
93125
2185
26174
89630
69238
52743
27242
47469
83421
8238
60311
10003
27120
96189
86994
60019
11112
56400
87137
58731
59339
87206
24718
22091
79317
38672
50656
56814
39685
73906
93950
56709
80415
83893
35903
2582
5202
30106
80124
96383
60588
70353
91830
32820
88560
81687
68503
91703
95042
23342
7882
72183
41311
96234
44084
99495
47561
35561
58614
94581
67334
44455
41833
74075
36283
839
14376
24496
4412
51807
764
48450
76806
34579
59129
47687
49727
34860
80444
78611
76261
75091
5611
6163
84418
71254
21296
18898
12226
89444
32386
96953
33838
97885
97724
83981
24090
65615
59461
36152
83425
73246
13177
67812
75118
60861
61995
12600
61452
92348
46329
26985
31725
85371
80670
74434
69123
5455
91793
7207
31310
12407
28096
96706
85940
46084
