66590
44078
2926
81717
74855
49826
99299
61309
89164
37411
43300
21456
98810
47413
41671
39884
20768
47900
38889
93506
98916
32864
38739
73294
5449
82798
33048
18229
75482
91890
39700
14385
68719
17003
68883
76073
16716
47211
49245
38698
82207
3065
19393
25638
92527
53827
39369
55925
11438
42743
63158
56629
41693
16384
56529
50893
37326
13886
80909
89401
12127
13768
2717
63838
88694
35749
22173
49381
15019
29346
2281
40349
21664
6849
16881
10977
85524
50834
34137
21279
37345
40299
87978
93892
95587
77111
67816
39532
95782
47159
78378
55476
57826
51747
90926
48723
68720
32867
82826
12498
54670
13123
57620
93433
73101
68953
48424
46000
97572
37486
13579
17312
60762
