75406
14404
89619
68856
24983
86378
98818
77458
86714
53479
97228
61594
86627
91553
82938
89876
89369
82164
79832
86085
86695
42104
26863
77170
53532
87182
26020
5703
52948
70868
42557
40880
50506
36519
65076
89982
72431
7589
51373
99017
14474
66128
84166
28450
55433
32930
45580
39211
10338
48378
73217
11676
36807
95041
94249
89850
58276
17715
27472
19516
1721
32203
15312
50834
48906
33086
64589
13097
19752
69876
68777
94833
131
5025
64201
85855
9983
93050
39931
96014
49813
75202
74053
64170
78860
52608
53595
46790
74543
8033
10847
14032
39210
92653
72978
5186
62380
82852
47278
73416
55589
48399
11770
12777
38516
20040
99235
92020
28397
51298
35185
45218
49642
1449
63546
81564
8351
62961
45989
23546
28998
51439
2303
14853
28441
6045
5398
28992
54819
15694
64910
9102
81395
66661
44387
98345
29846
7230
22555
78516
67078
37854
93076
69081
99628
85370
58940
72919
6504
9229
16832
88925
16637
12407
29555
15347
30770
38468
14142
76960
25220
61148
90052
47955
62293
24129
24019
73196
67290
13745
16242
83168
66718
87722
89948
3903
121
42876
98538
76986
67227
55040
34028
2129
91178
72617
39287
76378
50754
97086
71324
1902
81088
99522
15977
16872
68314
9488
72537
92614
13862
74131
73400
98827
35567
65724
94442
30651
38431
87693
5704
79494
7582
29128
44533
37145
80393
26299
95442
42049
5484
75370
3522
99642
24354
9991
12596
92800
42869
76444
48029
97521
75388
5294
73137
81051
79375
11566
86794
3293
45855
62635
66609
63542
17593
84243
22858
69137
50532
66090
32267
1540
85682
16056
51817
55683
33736
79675
47021
60380
69614
60270
18838
9358
76732
93084
6640
99869
33434
14712
62820
86437
98338
18301
78061
33262
13373
55303
43947
94388
17588
95533
68339
33930
43016
56007
73684
60226
89890
27156
94781
36334
53042
53668
79064
83440
23861
16229
61439
69642
33336
73060
75302
67416
21853
82244
30511
82793
57683
48792
22909
28712
51034
3108
43177
53441
48283
63892
6760
23372
2250
19645
62699
49115
52170
94417
14832
83133
74682
40737
43062
18429
29851
90581
47385
72955
7520
95828
20824
75426
37314
20371
64405
16641
83103
57781
95983
33952
11816
84891
12158
38662
73864
97104
68821
42614
1713
63
70761
37256
37673
50880
23373
25911
71534
33147
94331
60806
29931
35412
59058
55646
10829
8191
66065
21188
5525
67254
9607
59225
68213
24677
46193
39163
2957
99695
19208
30227
16167
15041
96369
19472
54176
3060
39556
95510
87075
17965
27503
31369
4603
75881
92593
60929
98653
98034
95938
77338
69842
89247
18924
59432
50733
49421
86546
26720
79062
60024
89108
96229
71974
36620
51244
24975
47841
48428
7647
20726
40609
667
24841
2270
65872
83987
19599
164
64571
18901
61682
63572
26856
61270
36734
79087
67948
62240
30149
96557
70739
76267
70350
30954
31904
90364
958
4928
27149
82017
13574
40438
30837
62153
75691
95624
97619
22963
27457
58705
18086
60402
45532
35924
55917
75957
65786
28303
72466
1491
70119
57769
88008
1383
58227
99746
68700
4827
29049
17661
17849
87477
70909
37160
30038
31819
69569
9821
68102
57391
37396
94267
89040
37456
213
88178
58576
61082
72611
27255
65556
62809
3904
21425
88737
56224
22643
59647
61946
89476
71891
35992
6677
31941
27741
38426
2367
