11054
77440
96061
42564
53453
50590
36792
50978
54093
15677
83238
37800
94729
56683
44960
13434
84701
30298
9049
94253
50608
38740
84076
11906
4686
69471
58377
13655
550
43734
13114
1649
29466
16875
13931
43257
95961
64232
14089
87228
96469
1258
54318
90616
28049
8683
35433
8522
33576
1918
37343
1854
74362
60548
6136
24439
40291
56378
12289
43213
66873
93273
84607
49967
72719
45172
81370
47093
69335
74824
25598
22017
30056
40161
69039
97187
74270
14455
47627
48646
65381
21393
43990
26324
20918
67595
37705
98063
87834
72014
95508
54552
25840
85149
56612
43627
12876
3391
6482
50366
75173
91405
94546
76443
28296
64448
43248
56583
60378
41149
70488
57843
44694
55565
60418
10075
36777
334
30119
4112
21031
60470
82995
43439
66630
10178
57769
99569
95854
62849
71854
19184
29442
18651
68736
6570
22351
41827
67084
48951
98286
37749
29978
22856
28380
80655
26933
57571
69430
77615
35922
31689
87580
13948
30954
38205
91438
38804
64151
58053
66057
89198
94424
32373
83404
33212
77744
7815
56970
69421
20329
60456
58212
33472
50610
73876
96668
50880
22724
21428
31851
11051
27924
9087
29932
57528
45385
69605
18507
48575
79038
55162
73558
55108
71325
21044
83056
83458
36605
5704
76796
66508
71975
47832
92280
5159
10019
90774
88580
16843
82204
60701
65886
7347
81768
24939
47606
89306
13066
7508
90105
44833
85048
51677
7321
