64537
45489
8864
79553
99373
10638
97824
70599
22508
88334
72682
26543
95291
4443
82443
68033
93781
22668
79491
67130
10300
20621
74615
6540
26265
21818
90330
22363
47790
81286
36412
64481
6751
69406
72500
71704
84520
72531
89995
90387
77146
52870
54809
42717
16715
20271
96180
45179
8450
18234
61875
98072
40170
15596
26421
41774
80288
60022
65953
41681
13627
20204
59372
34223
66345
27162
9230
31794
49713
7331
13865
20682
99627
65964
24147
25081
29367
66143
29426
46502
39459
64901
51989
60298
89819
42989
96054
24180
86563
13364
3165
7189
33648
9403
39756
64507
43044
27557
49032
65418
40041
58915
57987
54438
6302
16923
15020
35560
43286
90976
89872
24036
70477
64404
4106
12178
80298
21929
53945
26783
38232
42429
77540
69722
80176
71560
68517
31022
75911
2928
24401
8257
72375
68847
80376
36356
28156
7237
39913
799
44444
42447
91077
83976
38350
29683
76476
86363
58508
9670
25294
1176
79203
19777
81686
50420
86797
44504
58079
2456
88880
49430
47190
97670
85027
4360
75977
96280
19174
49572
25128
18295
88186
92766
68536
54783
4821
32777
71331
16781
32202
1119
20208
34214
16936
44480
52510
9045
16596
32673
22732
57466
95380
91643
92790
62656
34717
77639
36121
63872
63488
4984
70534
28614
99070
14554
14143
5408
91390
37615
75011
63417
22725
40718
33038
51490
62906
20498
98641
8392
43253
31455
56089
66146
84571
35449
83440
21999
23390
2930
56775
88013
82670
83389
65500
17238
18802
95369
13635
71028
24086
4386
13035
84597
71712
28593
51672
28369
80665
89220
72532
99150
63290
84252
81795
85924
81174
49508
56219
37113
48929
29181
31507
25135
40525
79592
58884
36970
47113
99917
52072
41045
28399
98507
44816
5398
35507
46874
81567
45279
84553
43021
26598
31377
44671
68214
34361
84746
74069
44902
39319
15514
33826
7594
40556
98420
88245
76112
73389
12170
38243
32152
63984
51700
93214
1820
89529
67792
42831
34681
75710
12218
56300
98383
63650
31928
8362
42148
56265
9639
7227
70447
60460
20159
7679
68978
73130
62458
422
99683
7207
34622
79202
267
97442
53034
9610
15610
58515
34343
82800
67280
38208
42039
35835
57043
98077
32460
35502
75503
35860
78105
70540
25475
50196
12703
5771
92571
95968
75900
8403
39524
62415
77481
85885
27902
37716
77734
27141
54516
18314
98576
15672
97813
89691
87076
44628
37286
52021
88011
54028
20850
27822
87083
57098
14224
53864
65596
38889
95736
87186
80383
54027
11954
8817
90513
9491
17705
62957
89982
73367
39510
21768
53571
33436
53647
10699
20670
99285
22200
12427
61410
93796
83204
67228
63821
6272
15741
50759
84181
89600
55733
69081
99724
3281
52885
14313
59543
2427
95484
38959
71985
9130
46631
4168
51644
63706
71722
92273
80359
55836
6061
70116
97372
71435
68433
17563
75143
94972
47412
26370
83510
12363
86894
78942
28294
26689
52344
14265
48681
58889
23788
95798
29754
57985
28009
42654
64433
91122
40430
83803
35419
67381
43863
92976
92940
90846
91497
40651
98029
15301
56659
43766
62801
71356
44831
54757
74130
63605
79285
95509
65084
36242
3228
62094
88500
66255
11332
54734
79540
91404
70150
73157
6506
51986
7768
60799
22308
19826
3589
20085
68720
34733
41433
48808
96863
24833
57490
8866
14447
13214
79212
72896
26432
39625
55572
62568
41287
97445
1856
8101
59414
47363
2752
59683
55118
35744
32667
17465
34753
77114
9770
13613
95914
70517
43536
95676
64014
45494
98958
37338
23355
24037
88047
53584
62496
35860
89469
63408
64404
10186
90735
34510
1351
7533
14279
82491
84542
54987
39162
84590
54197
62398
86640
4907
74041
73245
88211
9650
91898
83481
21399
45213
70309
42354
19075
82772
6696
39376
68829
75572
5120
49960
56796
46915
82020
58934
80845
17042
14856
81492
95484
49395
51317
57708
64853
42727
89929
88294
2046
98171
6395
79157
43911
96213
92367
51832
17699
61038
39134
3056
68168
60421
57567
94924
37871
