57783
33072
30991
52121
65460
55928
51934
32412
40654
58277
32656
33110
70078
64825
84861
8399
59007
1648
9924
93328
18563
85609
82722
66936
53092
97804
29200
60038
26330
11815
73775
89040
52423
53081
7793
81089
25145
10156
95382
26439
49255
10599
30799
20604
94353
38348
99680
60595
95558
93903
80084
35774
32119
11876
97360
69122
3453
44425
23366
8605
30549
18336
62692
32343
82064
11886
63136
89398
59830
25653
45713
80197
24905
62884
51230
3795
84720
37538
88002
92386
78838
82181
64853
42406
96880
8472
97395
54713
29069
50326
10457
45058
69957
28246
21628
91460
21676
11129
50459
43295
41940
74882
97341
56331
24752
95438
74601
73367
42020
19091
51758
68400
65377
52808
12583
79085
40488
61910
88878
22566
56886
57961
14312
34095
20463
20336
83922
32588
85234
85767
43429
87312
3222
53066
61880
79633
48075
80904
2904
22261
41551
30785
86714
61246
22173
48755
5150
56482
56137
72248
26826
47986
75592
35195
3558
9016
32769
27148
75035
68716
64931
69056
80501
42199
27119
82404
22639
87927
36500
46741
56217
3751
42799
10373
43590
98235
83203
42505
62256
180
31705
45609
35902
85066
57865
7591
91804
96922
20448
60980
53160
27815
78512
12284
54953
75775
5369
49473
74002
4284
8920
20296
17734
57139
6843
11345
76521
49995
37264
81049
44236
59514
21137
47662
34065
23470
55100
32508
48451
87017
51932
97394
48514
51142
10910
59554
93408
54281
68912
60773
88707
44904
77486
72693
18740
60830
33265
74787
6017
27788
30240
35547
24473
18031
49591
46054
4220
37784
16613
8764
7592
97539
87813
28028
59796
64992
81109
52806
84351
43359
18727
35693
77792
5405
38728
85609
84601
36004
98372
73834
93340
10241
17037
39348
4909
15333
92924
13009
39477
78396
55939
38204
71233
74005
69012
52737
27432
46056
48746
43107
79733
23501
67131
34452
19928
21516
9117
39406
86078
60605
63108
20638
56624
47123
79523
99620
52024
44413
20558
17286
27592
34008
52162
55365
96107
18932
83654
18505
17093
81439
8312
99269
52172
29892
88782
17617
81595
27900
6948
76381
91501
9115
3750
26220
73879
44836
39658
22361
21260
7643
61053
78130
85649
63452
5362
23971
73492
44021
33000
24708
53912
63787
35904
17970
21648
25730
32146
70048
56244
64773
7746
97486
88263
85122
93033
52668
67268
34263
51434
18985
76716
29742
62608
18666
11389
22538
89807
43302
62003
56628
11904
70410
47112
82627
71945
33328
24393
62401
42078
79140
55461
13182
51489
50840
41844
57475
53350
29279
83976
32108
28297
81231
12880
76637
89722
7211
6565
40318
2191
38777
15862
91933
73247
22424
66555
47244
10125
73209
90985
39961
3121
67104
73174
1078
23870
83130
17923
28697
93267
87675
1844
98562
79829
46027
49987
2943
63759
67895
76626
3424
60627
30840
7766
30534
65683
94048
3528
9178
53546
13201
71574
9605
39432
22299
74380
65875
24096
77073
28562
38227
57547
71305
76640
44304
91211
24764
3931
80738
25830
19129
98129
90171
51089
25092
12847
11738
89480
48465
28019
271
56563
28946
78898
96305
42056
17723
71943
15009
47047
92585
25578
84144
59590
553
731
89674
99654
32511
7388
71792
64493
99808
12024
88983
94509
53964
38779
39541
46356
81589
22533
552
86368
38908
10521
34329
59849
50308
9393
75733
95545
66703
38093
13269
18789
78976
12177
63913
60725
69764
88600
43297
73269
94341
34322
41078
85452
45267
84791
33054
29673
7814
33873
88255
53464
38051
8815
63018
17242
76210
25042
78676
69745
71774
70020
85298
57294
10847
984
39410
47458
11476
75650
13622
50067
44022
50447
35592
73736
40795
27352
99896
88804
83072
51765
93983
20724
95809
12600
62176
59592
39821
52123
12693
39094
32295
69420
4038
64550
65734
53223
95607
10327
73299
93974
67257
58166
72279
45873
73558
47241
49540
86577
47942
45830
38831
16456
81983
37760
18674
51544
74943
18793
58135
51137
33944
77485
43986
51288
76069
50447
37836
85620
72842
22345
44260
64402
70763
82281
48261
97180
45853
29274
99942
71417
67273
17167
31223
46164
57563
33088
97270
62287
25336
9365
91654
80811
39632
72540
34272
89511
61260
68052
18829
55317
84217
91330
25419
8715
69251
59055
8028
34927
5410
38661
65318
57838
47809
96673
19891
96636
98041
16984
45998
66239
39105
23232
57375
80405
14222
28193
34804
28993
69168
63923
16145
52391
3569
84538
91284
61029
83949
79719
96917
24548
75847
18903
4288
68445
17790
98455
74853
14791
83544
69645
87714
58150
94400
30936
28789
44981
82393
31184
5320
14624
80295
77842
48969
99764
78580
51474
92860
48580
63679
23185
69557
10418
95722
42749
65876
37483
59305
15905
13411
2628
79097
41750
74517
59782
23493
45886
90502
8958
51268
38907
89382
84997
92072
6975
38703
57490
4511
13668
18852
40412
87929
75647
59297
67357
34117
84692
78538
46647
75889
20033
95965
24595
65051
71078
64935
34962
86523
45739
11610
21862
21739
60048
92056
37634
92033
51447
51952
35747
82249
9353
94471
25698
90223
20059
23555
78499
86269
75170
49674
48211
64425
51659
2812
74764
19392
21593
641
81437
63117
68541
31436
25380
57985
28316
98937
84162
70207
24905
67003
79569
78879
72284
32935
26219
51966
65338
95880
93725
79551
65715
45535
92696
91573
10280
76248
62014
36715
49026
51115
70108
69867
10403
48765
73076
44417
99493
15341
33948
58184
69582
24446
55173
73263
91696
76771
50597
51376
43118
69374
28799
15252
31664
56136
43456
51919
78249
85217
97638
40297
50692
61022
67392
13745
17971
39864
79934
3533
78230
71990
92280
4091
55113
50646
82837
94118
94276
39110
849
83390
96188
76908
47271
62535
93977
9995
86028
32941
34243
15439
83359
60189
66795
85616
3733
43676
49266
83738
36056
72665
44300
21727
58590
91005
76597
24850
43266
45433
64986
93459
8500
58105
37072
45329
24181
6314
27895
26560
85990
91434
84288
85074
86940
55103
85898
46626
24281
79673
22378
498
70696
54464
47916
94467
52052
19633
73979
25813
38793
80325
85332
32688
69033
4272
97111
94755
90858
95835
47608
21823
65732
23183
27266
45981
82363
26761
58108
91522
53721
70410
35283
89568
25619
75385
53268
49382
43549
10890
34803
11808
64800
