17415
83150
47848
56772
37864
67445
17845
10642
64443
59713
61694
55850
47236
72826
53176
4573
57237
54371
78515
50653
5804
55306
91780
87579
99518
35812
75311
2996
56189
37723
93669
35859
62835
40314
39492
23787
83826
16399
8522
30903
68612
22564
26970
81074
64091
35696
24252
92641
65285
7979
10579
9108
83440
22110
4379
8087
15470
6581
13783
56126
73265
31177
84913
79448
41291
53831
18467
68889
87751
82033
81797
11436
7514
98421
1512
11583
77774
99337
98373
99351
32834
34713
8197
67097
55651
90193
27671
55153
25256
71869
57195
51426
83228
69628
97584
33958
25059
57761
67809
30880
96130
5151
76191
7747
13128
45454
15719
80511
7651
88578
81158
69890
429
21282
88747
27876
1488
24496
97696
13461
38036
51447
42855
36222
66622
74442
5831
7539
5557
7711
9412
91477
3451
5577
35555
61591
20618
28153
58771
26391
37041
24176
14945
76836
36666
29158
47043
23369
57996
12914
41283
20213
13271
45904
91644
6816
57295
32818
53865
74672
70110
95668
37877
77271
59100
64893
20343
2622
79376
26714
78183
77397
63186
33621
62114
18395
60254
62435
20958
37407
80921
99518
46588
76537
20404
25689
51656
56675
6885
23776
95608
24671
29448
16284
89490
7404
36882
59838
61038
25833
67741
92484
30385
72924
95683
90252
10554
86123
26370
99067
70027
3590
37807
9731
51865
62928
93666
86148
47958
10867
39719
39572
76970
93704
27728
8062
92807
55719
46117
72292
65502
52737
21594
18865
67176
90110
35372
79950
71847
1372
64811
40616
16568
54793
85930
69811
80729
64295
79184
4275
51446
35308
7485
11968
43984
11661
87094
45140
46353
31818
60586
30749
84314
18768
27160
72912
91229
36534
3799
47670
74892
74971
90587
45387
2289
72928
58643
85450
4250
34703
32242
81929
34554
34465
41533
27141
49378
63758
43680
11860
36119
42983
2283
69942
79197
26134
18895
57180
92103
31231
89520
8919
4653
3
53221
56961
16191
20897
17215
22467
3390
80077
15560
11692
14127
31331
64356
90355
39119
61317
15812
47668
26426
27216
4626
54446
41173
68166
34856
15688
61259
48945
95630
96045
81650
46671
80360
58695
56817
92741
42263
91308
54223
2961
64424
41947
90728
19678
26309
64006
16083
8474
27775
97562
64492
76004
66151
66516
1859
48964
18205
62751
15091
37428
41029
55686
85356
24000
66364
41459
82652
83688
96903
93715
8244
66609
56244
58607
82280
31610
63688
71092
96986
90921
57643
84557
368
96051
80499
95245
26698
1589
13577
91056
25174
88454
3686
61177
72364
74611
49241
72351
57453
83389
67036
38107
44127
28387
95847
52715
58945
65532
58922
64812
53169
90029
70170
14873
75184
69367
19154
10301
27781
5380
34290
99408
97290
94194
58779
73234
1635
93476
92183
68851
36504
99068
78408
54255
39986
32293
39022
24423
69040
14484
38549
80022
93746
30623
74663
13517
74448
11029
59566
98939
7595
46959
9481
48957
97786
30264
42681
25443
11376
96375
23957
36262
36355
2275
51235
79796
82411
43020
10105
28642
82017
8924
80686
50155
32244
5396
90075
43706
41549
89535
64186
41152
23192
85925
93178
89015
28100
68822
54041
46886
83837
99954
77424
18084
36020
65861
98666
23160
46181
42232
70211
5211
89402
21339
33746
50183
95044
55731
50712
93689
73153
46890
62886
84229
93421
67879
98227
41226
68106
28347
11597
14357
94596
18336
71783
13484
17644
34015
72282
10490
2149
27022
48489
25993
62569
65000
17479
59303
80409
84315
28009
33827
16114
19437
74812
28911
93251
10461
20235
82489
46290
77202
93713
77935
7599
21269
60781
21490
80788
55185
60156
14073
31863
15746
33004
88490
94810
18237
13423
98021
85747
6420
4382
60248
49061
38252
87590
83380
26761
60023
78818
50344
2094
3425
68880
37437
93582
77099
68735
86509
12077
72024
71606
46861
74515
34171
92392
78592
49673
34728
51123
94811
40367
23365
96509
73130
52509
89589
74196
71162
80912
38282
97155
24611
31442
28001
7769
76424
11194
34731
6847
83324
76944
49901
59068
28222
24289
10030
68394
64989
30752
38677
19706
88412
94324
52289
92732
89819
45653
71516
32232
11065
67333
36874
21177
19197
41901
9217
8612
52378
88164
17378
63758
49988
18164
78450
69126
59401
29149
92454
23209
63870
26183
56426
28885
64491
70585
89387
85392
32509
60930
10864
89059
69163
92599
59669
18846
41458
63596
28633
24622
18235
79854
66678
16715
26680
99321
34817
51179
48050
45656
18201
94602
23494
52965
53276
78414
54448
73598
16067
32146
57321
62647
74959
96770
64680
38728
85871
91117
48782
63150
21535
28470
86238
59007
95780
17122
62654
93372
50349
97645
69360
893
21707
29121
18428
8225
38517
34318
76775
18367
89700
31845
4324
73416
70432
9812
17263
42753
31581
76139
19347
58954
14030
96377
46876
18366
75421
67459
53536
57980
43160
62571
93773
89852
91151
15886
96510
87668
83952
26473
16814
86306
97601
23657
88366
17685
23496
83112
23681
94555
28890
39718
24957
43303
76325
44472
18523
8419
4601
34145
54183
19986
955
63462
74180
7214
55852
73232
75590
96255
10986
43616
27307
37206
99812
88819
37759
93930
29057
50913
67078
48130
2188
78869
7247
8749
52351
42499
55879
25411
68606
27151
10333
69909
22736
10473
27124
57610
21860
1707
89080
20231
22620
74288
25409
41257
81506
23096
62888
20901
79495
34417
32742
88502
10851
79420
71663
97318
65505
9071
56902
17096
22554
55237
47387
16504
75853
12761
71215
65271
79500
9546
42894
97354
68660
31791
92269
6812
95242
82851
34825
83641
11959
90175
25819
26816
85829
78391
70723
2150
38241
7906
86225
37532
86835
95475
97762
32978
55711
10274
84057
99486
8260
33931
66166
18475
3103
55586
8821
64638
43345
82396
75952
88317
1506
13182
53162
73620
90264
16872
58986
42754
42113
73386
61870
18570
5624
27855
50111
98732
36664
90221
93933
84651
90131
82803
31747
54431
89762
74568
20607
30580
53078
47835
43785
81653
99769
59021
36321
31041
92233
5173
51391
8234
85640
7967
96744
15277
54781
70423
58430
8135
20126
53810
66018
35598
84353
69586
1854
69129
14381
