20294
78267
98921
13643
92868
78066
16921
86562
98396
84534
9769
81813
78957
92731
72861
42727
1462
74993
64294
48464
5303
24995
87677
42803
75268
89162
99764
80771
82056
62349
70618
38505
31758
42049
92542
98716
56761
46457
74069
29601
96099
82672
18683
922
97244
30897
75609
19566
42246
3958
31177
77999
78966
39549
82306
71891
40343
28535
72942
91352
3732
21780
45996
26726
70583
49764
62185
5003
98773
23448
86282
1087
72083
53684
42592
23840
66271
83474
99858
63364
19653
5803
43879
46607
3806
70324
95648
94899
17857
13701
64972
42039
22825
14930
30908
64212
69802
21541
38299
69172
44053
78945
93044
38811
75175
26807
32036
8236
23898
43599
48920
72314
40697
74301
40740
6189
28536
93503
54274
54475
41542
78806
54405
61494
95264
41772
36712
97081
82202
15340
25479
21142
29061
19138
47746
37526
84716
77261
83957
20192
55521
8915
41199
4770
80830
67557
92710
21711
84173
55231
36062
83546
19066
35690
30198
24116
2762
34155
27028
45192
20057
97492
91896
42742
40905
68391
4640
82331
92721
6133
80074
65725
5365
70559
39021
9139
2044
68413
86573
92162
10243
61898
87644
83498
6158
8172
43274
89811
95181
47078
10943
28439
64766
96184
13159
58833
81626
42785
67572
41558
49839
13237
78286
16249
97419
68503
89776
10436
93315
88222
4887
33559
13846
7589
56718
26169
17349
78304
10909
55680
82202
29645
37095
40990
3906
57819
39450
20970
45758
27300
22161
46940
92825
64280
28644
16601
13871
27285
62684
90498
51730
94348
50549
56156
77850
74918
97927
8346
70452
56180
93080
38574
89417
82828
42786
79604
54600
41900
96088
1357
22207
19105
87233
72140
13825
51057
87011
47915
81266
417
15697
14664
60592
42230
34874
12098
31370
15993
89671
49456
88602
81536
27439
55262
61273
81972
54347
91150
14135
71506
58756
83917
46442
35645
62424
35561
65052
97566
28270
30053
96165
89902
35185
34957
3600
2872
73223
23714
52860
87470
54346
65960
46612
80216
47441
19284
4404
17842
68447
52150
62497
57777
34735
84993
22367
18281
42143
73551
26218
41260
34796
3356
6206
7244
51444
93207
73649
82019
43869
83757
52358
59219
57836
20944
93215
4622
80057
74498
39578
65354
63098
54193
89870
86496
83708
25672
59425
27741
33079
48906
39898
41925
16409
82964
37201
28955
37760
16094
96691
27427
47711
58054
82190
28038
23672
47891
76511
73784
50811
51658
90653
51887
33162
33423
27078
96966
51078
44884
36891
19150
57407
3331
95693
55644
85480
17834
33744
15816
12613
92763
17982
12746
23364
73982
67914
93712
56913
10254
40935
72393
61969
78309
98052
97415
91860
40215
67518
32570
98667
37576
25632
91677
57889
9186
90327
72819
34668
46232
5886
28207
63728
48758
51523
17875
17670
74279
72709
81166
14941
8641
34764
64427
82580
69155
44709
8468
25118
42700
40600
53953
64851
22659
27038
16245
23109
82974
95044
56760
34777
80228
39779
52506
34121
65891
96245
27425
16870
33399
19416
17193
54374
39217
97201
7365
83325
94303
713
91674
14214
2020
61507
13351
86932
10179
87522
27314
53924
75461
33229
70637
64847
54987
46092
48146
67150
51224
98752
71373
27343
40064
37247
86743
44636
74737
58118
55360
5238
38905
54741
98747
82916
21492
10909
44131
85042
58433
52961
89657
7731
38783
6673
51195
12919
31635
71364
74476
78219
76292
3038
68572
54429
59152
30277
48193
