23658
19126
53270
81338
99187
71863
57427
47163
53261
35340
40669
7938
14404
94012
1014
46251
26694
41066
79249
92857
243
86301
4715
46342
39961
3783
95201
97386
2879
95982
7074
97901
60653
61742
62693
46121
41185
79497
70828
72842
15580
42996
19160
13587
58280
79941
31811
35191
45462
51401
72221
83761
30723
47091
33926
84717
91563
42956
37798
46906
34489
45320
69400
70327
45878
57037
95060
13707
78209
9679
73992
40230
26959
97096
39535
43585
6275
66807
82213
6664
98251
48850
90188
47025
24014
90216
11582
57197
86491
11978
8150
87769
91014
27902
31754
85401
82570
708
9509
17361
81790
6555
69618
31495
31095
97838
5715
54433
32300
48214
13335
23372
9395
491
54797
50821
15380
82258
61864
18731
4368
21881
42108
93638
18115
51459
52512
36260
99797
23499
40972
95705
60261
75182
41181
12117
48856
91063
50730
96575
77631
1781
44045
49253
67202
27456
37973
87641
37463
27197
88791
54929
59472
21036
40054
64454
42840
88092
13662
9941
86862
35384
92142
76975
75112
70648
39064
25612
47246
37677
25683
48399
26020
3627
69127
84337
8541
51009
82531
60288
30151
40573
91876
2838
2149
27004
45952
88104
7672
39634
13872
51100
19017
21930
78217
51773
21456
8216
95297
5948
74939
66820
2528
630
92555
16982
14132
23286
67597
75087
48845
9971
76774
98388
47417
20336
78810
12103
23835
95502
39869
63171
73681
18632
45467
38232
44518
98130
16341
39760
20410
30618
91937
32789
75072
87407
3311
56546
36593
11127
10612
58109
4123
95331
72781
91323
11201
59390
40738
64895
56244
66459
40987
54871
81501
43183
56840
86080
94729
54710
84285
25333
59002
19677
9438
34303
8811
88118
47995
31033
59821
83108
42747
35978
63133
46974
72403
42565
78539
68663
78533
62246
32918
45558
75346
2876
43497
27821
84170
98735
77925
44285
69630
42280
85730
13735
46259
61332
72483
82046
5208
41753
19284
8543
88181
8100
32204
43088
65291
16632
36539
2235
77356
76393
92871
23790
26448
10654
61790
77118
78817
39981
46064
81981
16104
53616
91619
90028
51849
98068
78685
15271
64329
48743
1038
50967
69335
76807
57275
92408
52000
43379
53296
18290
98590
48166
98809
28071
85490
88014
4562
73504
46948
36848
88428
55587
25654
62959
23711
1231
98451
3836
80365
47530
15941
17629
88182
25663
16154
96994
22051
99593
2848
75061
17665
85458
37196
40802
48730
79990
45063
50372
79021
66315
21563
5040
16769
33890
78262
12509
44386
81187
59554
93686
23871
92901
42852
1940
17954
47569
72391
33763
42427
47590
14066
5286
55099
28128
39904
50278
91320
60847
18952
24973
18214
25284
39261
46518
3507
52565
42152
27772
57257
97499
10835
1429
28349
49635
88010
36459
57979
20555
55131
54480
16538
52814
17964
22246
90593
40070
46451
86116
7937
3485
72489
80471
37587
9844
49210
42599
40802
45899
2769
42618
56620
77111
68777
5525
59674
15259
55471
65560
39609
84222
76454
22479
1122
69141
8464
61412
25104
13277
41879
39538
94885
83864
57451
50366
82801
88133
7489
76861
63247
62071
92933
78137
2653
92847
31611
81041
3519
49544
64127
55885
38967
2987
7012
48559
2861
89156
99631
46847
40880
54966
86753
8986
28825
43202
70536
57395
16129
77569
54140
3646
91902
39486
32119
8018
62383
31258
34804
43453
98386
20314
18129
93140
52563
4168
61734
29067
22541
38156
70605
16121
51277
94623
78368
84048
40960
97211
72571
61879
64806
62890
62181
36096
48008
45269
9463
45393
2132
39951
42419
22775
75731
62731
94527
62781
22592
92149
92588
77626
23586
10541
69798
56138
90159
51055
50766
96420
73019
91660
70623
14672
96976
19725
13218
49298
33249
98777
89153
46012
7767
39939
34641
4960
63394
35568
76801
46718
63304
20097
59886
76748
57034
36930
69403
21918
69286
58442
8456
21890
954
37199
85979
97999
9467
19488
36143
33339
12542
96598
71827
57635
46232
1501
27584
98068
67090
42039
35043
58573
6376
62932
72736
38728
79651
44881
93674
28023
78137
99712
95178
97331
90996
23208
55203
61238
99094
19729
78053
95183
92180
10601
79671
82017
20664
87369
58139
7441
56254
28852
10629
38624
34142
3528
94270
47751
33942
51342
81467
78392
92899
1319
70363
47192
28913
36491
83051
90764
16195
91832
70498
24624
41267
56103
86460
86461
828
30516
73010
46382
13582
66442
49765
81160
5217
88316
74830
27171
45740
27048
93305
28798
93299
28706
56525
92243
79989
32042
10952
78447
10088
56712
22643
48642
6660
32830
63940
11979
28166
82509
76065
79751
30687
51623
94472
29336
42138
972
50002
61987
80395
46211
53881
53111
3150
41774
79487
90554
91969
75909
58263
98786
42003
18475
6391
14609
38618
43558
58862
67149
