15212
71466
93942
27578
98987
24998
29781
16102
31900
26870
87501
81194
82091
54526
85282
86287
72936
2129
86104
96670
80358
33496
57754
45844
72299
93910
93228
38116
91583
79241
53479
96392
13357
87979
7716
83397
5031
65003
79412
30974
60883
28671
68437
79766
84869
43829
15199
47266
83540
4155
32116
55056
93556
47801
65903
94453
13985
50580
69046
22640
11858
92212
63378
54185
59242
41887
77517
79782
54572
67547
30208
89464
75308
56677
36635
12062
26995
99690
30994
2047
10778
40080
10449
21003
90785
79407
50118
4530
43407
16327
1603
51826
11784
60151
32308
90824
29142
