50647
94779
94476
96876
47481
97104
71316
76863
88693
17726
16954
41444
35496
72953
83070
6005
31995
23086
6079
82395
73502
3833
21480
9826
43740
17496
60594
64331
71282
90410
67613
44119
86621
94045
66788
78727
13238
88430
89225
61915
79074
56114
81544
63136
96896
73031
95555
32539
71210
87808
31625
3627
69754
20512
32528
88886
57186
98920
98428
17636
3514
71741
20666
32256
6274
57328
89952
68621
72940
67726
30612
75996
18841
62268
98488
36181
73264
12943
41326
45728
24078
65999
9250
69047
36618
25194
27755
66648
23193
98454
58868
62014
35232
22614
63907
55908
10473
17638
33810
28210
17747
75188
41698
4545
90252
18165
93469
76988
90455
32887
19503
83994
37783
99692
58300
11083
66628
78662
28788
25812
20040
2628
79420
61108
5453
56167
73505
67006
28737
78187
38280
48254
89667
84951
27842
31347
41322
81139
55867
30834
15577
94314
88351
70683
25133
1338
96195
94158
67491
88110
15060
9085
1179
27155
78114
26614
91510
58213
51231
9849
42351
73817
99744
41119
65664
75896
34596
46106
75304
85682
17897
89506
74055
8246
86529
46222
25272
38594
30783
58609
