70327
45270
36550
84526
76595
82194
96553
18623
92443
45629
71457
41423
84934
40269
80554
28242
48960
49942
50701
98793
53383
85356
27974
48098
62282
39322
69614
62481
78266
67863
45393
99829
62612
89972
12716
15947
13561
25772
33461
66013
44681
36174
53679
55004
18683
9306
519
35318
81631
19831
91328
98155
31062
40307
21994
46975
81124
1967
73989
96641
87789
26570
50030
36625
47401
37702
41511
61544
45757
18977
44878
36240
64274
19598
87448
89359
9131
63488
10256
74388
4358
45797
86568
5051
94665
74662
11673
84146
90418
1593
78977
20811
63248
68956
6722
84139
77177
68185
50008
66189
810
26591
13466
22662
69551
3202
20098
78760
80124
99270
71725
37595
41997
17376
40706
31740
33809
16214
9779
58910
68642
32201
91507
12881
97517
19384
86654
39253
10029
63407
49109
59042
86814
40423
67618
17492
79692
45060
3503
78131
99405
41114
81719
1577
11910
64791
13913
29448
17343
86553
40805
92247
43244
86216
90972
18136
1284
94337
60755
72717
19860
88164
19480
94809
5575
11589
79730
81564
95587
72213
51467
81723
72528
41422
53718
14954
24285
48056
60111
53123
17952
14753
47598
56209
68290
7838
40095
51917
43228
6227
66062
64417
30411
6245
61552
65685
38275
63033
61537
23035
40691
75624
72847
7606
30078
4340
51165
1839
11531
5930
65966
52250
37817
81400
41171
36745
63253
62563
64440
1592
62079
30727
11355
43320
62259
51254
7848
99263
49068
64226
19826
6643
59286
81477
45880
80487
8577
58375
85734
86879
19504
95311
41425
4984
66391
92511
81612
5174
67170
88418
85970
46634
55493
36997
96729
61692
19983
49014
60316
97218
92157
32973
63008
45175
39014
88673
80336
62370
22685
65905
37177
18232
26714
77712
58821
75746
22883
89527
37053
28167
94781
27315
68896
94097
30650
22473
95297
2013
37738
48463
93246
25264
99876
62951
80955
73055
4007
50242
86294
594
93917
17875
14159
66427
8159
30715
15558
83553
30549
25713
50211
65921
5676
98287
54064
33651
57712
30446
87239
69255
26777
30818
38901
96736
80122
62949
44310
99979
84331
4457
16809
11788
26317
5383
80460
40818
13082
71321
52713
13472
17827
16437
61680
22242
15258
36244
42983
95137
10170
33734
49239
36024
37962
16844
88314
52252
66961
75507
13147
66378
75339
78990
39772
22252
90177
53195
19691
42123
44821
83966
