84283
94990
47536
11161
85285
35893
38359
82027
85830
95081
75056
30500
9647
34041
16687
60177
65843
95061
30360
51159
11123
43876
9080
6419
93926
59994
82549
52351
44176
44426
51632
57329
99172
33288
51570
3444
83696
31811
42105
32789
77583
97884
77062
37372
1599
75132
7229
5794
90343
38279
38596
72036
67983
53580
96579
45686
28080
36806
79071
4543
52749
28546
59445
63150
29682
46154
95819
67929
53196
31739
31394
23653
29977
19478
56672
61397
73538
15230
66645
73159
37911
47361
74126
94455
50849
93564
70114
64763
45547
89980
43519
7000
45312
45427
72301
30893
1350
2185
34509
77374
88907
15132
24350
39002
85937
99165
10981
57939
56834
74624
65087
79318
47755
87107
61230
57299
97009
74189
47281
35030
39440
53540
18394
35961
82296
97602
33262
24691
72099
24803
48341
52291
32410
99560
40197
73550
15402
56037
88243
48875
21884
5648
35784
2165
86017
36435
43998
50329
58250
80563
73857
75278
64765
65731
99628
98526
73962
45464
97379
90958
87227
70924
88229
9665
48314
82342
69693
91217
29860
45967
51246
63263
30700
69665
24093
18052
88951
42932
31037
20288
83520
76150
4491
82640
91337
53221
55028
26358
86385
30633
28960
20472
60056
35976
25481
44983
6317
68512
41912
99810
56293
79867
73771
24974
23550
94597
35409
8311
90936
17041
12466
9849
33616
77645
44202
87573
97428
17441
32805
33081
80515
68410
29579
20832
16727
25771
23342
804
22559
47418
38917
62672
94702
5113
38198
70875
51793
66405
36230
99873
10513
90929
92958
93992
63028
81642
6370
68200
99888
65227
40857
70410
45993
85878
95945
92226
91957
73134
19401
69371
84006
45569
49042
26239
96898
17119
13681
35122
76728
32037
38201
29474
54136
36814
24957
47838
89319
42195
60411
93760
69556
91797
88401
4323
62022
64566
24024
68538
86934
48903
83882
60207
71317
94646
55700
28579
15919
41884
32664
63025
31591
35370
47724
78159
72021
18756
24792
74016
53291
28342
34789
76199
32840
34212
87562
4237
12371
19910
21494
47472
36062
70865
88390
28386
79391
81363
23194
7762
62528
81227
37159
9072
81548
29591
23713
44502
31417
18982
19347
57756
75597
13199
27540
51703
52769
64929
19347
57700
41677
48402
71126
69057
98161
30910
99410
34695
5356
25536
83270
69203
52697
51334
38537
69536
50701
3284
8687
5050
76612
69600
32437
61751
9505
50336
65865
51456
98159
6320
20831
98336
72509
24153
35400
59723
27642
69957
26926
44358
96403
93267
86576
33940
11572
85351
45507
8115
97882
51152
94681
45742
59735
34568
63306
53844
24520
95777
64673
22704
77623
68896
98174
48685
17285
6147
20468
93580
54004
13873
70763
81405
29182
44942
22902
12620
98409
7122
2308
3899
39088
32281
34870
48066
28648
79931
51885
7748
30225
76599
59986
55858
84407
83024
45416
81978
55500
64446
10682
41000
62193
43815
79290
90566
96753
67365
76003
46406
22983
60754
66412
53020
72516
30934
97523
12055
12446
86315
40378
6986
22938
9636
56039
21234
72730
27241
37011
22626
68409
12002
26421
53856
35170
87959
84163
74467
20923
42979
22834
64086
51768
39320
32285
93001
18679
36058
12053
73988
83316
44703
8508
98183
402
69387
44243
74332
59413
31101
6690
38504
17737
5254
1164
72868
57532
2969
98344
11347
4514
73818
13061
18433
5920
98421
4433
14640
45239
13428
80382
36813
94592
54913
89548
87955
16975
88325
27035
60922
82487
8948
97262
25157
12288
21833
45096
6211
90042
89706
41908
33393
26621
13100
68751
62198
35895
73983
89424
99015
87021
18412
45134
37923
54687
2207
8360
13897
70619
52230
9576
47102
27276
12616
45485
48600
99123
11707
67030
30263
19175
64852
26352
86569
10836
14241
42555
99989
52410
23150
72271
27887
88787
94768
15339
7363
50625
29422
81680
51421
12697
90543
9098
16564
86548
63262
15839
5710
80709
33182
70519
83230
2718
91967
35503
81279
10746
14830
54337
7696
42075
31631
7932
13316
99325
430
37687
91951
76633
32166
4625
36148
18977
38482
56714
59165
56577
63337
77808
68977
63128
57165
36822
44812
30679
4781
56181
11159
56634
15511
93958
1486
84804
51186
58829
10431
9294
3756
30633
32663
51000
36933
23352
77663
34574
63127
39408
17041
3016
91127
15750
3473
81041
16249
95758
56184
50325
84881
40105
25081
22020
78468
67151
65759
77578
6014
86505
42101
66353
53299
64302
96093
76296
57068
13383
24648
58607
82349
89145
13013
7210
85337
17759
71637
58565
78180
21346
55316
66108
39193
5824
84042
52416
31289
56197
77747
49388
46239
18209
32235
60191
3720
20359
76327
92596
4920
98867
6667
60058
68532
83220
36441
53272
20387
46440
91300
29854
49125
15808
78567
39833
61146
45018
92678
84830
97137
34612
3931
77274
94054
12653
53713
34113
17856
98443
79439
87223
932
72096
82393
31913
51490
61481
80623
78472
34069
79617
80885
93971
12766
52624
21342
86062
88221
87699
10807
26756
82577
33480
82319
83852
51952
36355
2732
19887
31584
21712
3348
75428
71345
59829
11904
73282
8325
14217
50677
5626
60520
23069
17541
12988
94287
20095
25355
32025
26351
72549
349
73990
8437
7309
52715
56835
89791
72167
66871
65846
36735
82238
25060
68943
82694
88646
