80658
79158
69771
97065
12348
31867
80654
2188
74547
72083
63493
85750
48430
46616
47374
99511
19675
72918
59
1014
51411
36405
36094
21414
93020
38140
98112
12336
38532
89520
8353
94474
69741
92818
37889
85445
19572
35296
9337
25094
52876
61758
32899
14563
66056
67032
66253
82542
40364
83121
63432
72760
44205
34069
76580
44222
19103
56516
38935
65179
32748
88711
20691
49964
27950
49024
18925
68339
40736
28276
30394
15836
54616
96798
37154
35537
52489
61985
47075
63540
90905
87770
6467
88728
1144
27679
91310
1309
13217
39405
56332
38087
9518
74949
21460
70841
81755
6373
18103
50592
82565
23423
60699
39245
65872
76811
25755
61207
74131
77900
19899
33067
43684
82326
10286
84382
67018
33209
34438
82929
41601
66511
12650
15485
50941
39221
67738
31143
2970
16209
25271
27026
17932
73943
24152
13483
14453
6057
11990
18831
92950
57363
68399
52849
13422
90707
63683
93250
95838
89265
31700
75060
88513
80889
56251
77332
84218
13226
94460
43529
64050
48338
99627
75174
4661
45864
22977
73351
78702
3900
59572
92983
5118
27191
87064
39912
77056
32486
84780
54846
61623
72388
86911
65151
65208
13321
87669
12137
86127
80505
6483
65359
48959
28958
84738
45361
66515
83116
76501
16776
58089
77730
64490
55060
71030
66674
54108
63837
83425
71358
73111
40246
2838
4125
27142
60736
51395
78125
4931
87936
96557
73432
38418
74141
52465
57111
34218
89014
2277
73044
9840
76641
71613
66014
58416
71839
65459
40120
71910
60784
59119
75012
78893
12394
99124
21943
92150
10903
41818
17843
81178
11515
30113
98084
33924
44003
45141
59631
85678
45014
30698
23930
83030
38352
66904
17579
43032
15073
37545
7599
26554
88251
81767
7219
32899
23293
83305
69208
44610
31117
67442
56685
69138
59971
660
92288
33600
2967
80837
87625
66532
65202
19305
50527
76525
13819
54235
93573
27792
82889
77096
5915
11604
21519
62605
68652
92850
75608
94410
87720
59531
8597
91161
90870
5220
35899
37734
83092
84408
5128
87054
64770
58663
18783
82803
23222
83473
84445
12842
30532
40235
12080
28385
54141
14148
89306
10707
48866
75100
61819
55725
35482
23370
69313
3401
71019
82441
41421
38992
13451
77313
51968
5275
59519
98805
62903
83482
38055
70781
73995
95702
1032
49815
22344
31379
79511
95525
35892
19940
34148
19823
53724
13914
53848
99555
61704
28456
47385
70405
52511
19611
92613
99861
410
93238
90281
1871
60156
12802
70128
5441
48223
67089
35836
78194
65795
80284
91621
25683
51165
11473
34549
56083
64278
88721
76577
93323
23636
50621
70208
53620
65994
19934
20346
42000
72295
28211
38725
35920
90645
24494
66278
94475
87153
38087
8609
90258
20121
75696
74201
63318
51520
66513
48321
12108
97759
83064
7697
59531
13513
10043
86573
83371
67002
66000
31814
79337
71203
67661
42424
4084
48118
97546
2474
88165
33371
48074
53903
23844
35021
90328
90371
21311
66729
74674
12013
1597
51014
73538
7994
59960
16036
15863
4048
46357
1704
40418
84036
46531
17091
45111
62516
81604
81721
37483
67822
55328
63125
5702
36403
13136
68468
364
33843
78697
17459
37855
7756
60278
66332
4744
36830
84145
71615
95214
12748
59735
43236
41406
86739
79543
35490
61972
24616
20295
89666
70555
77236
70919
268
9080
2338
96970
11816
96506
14236
56961
10658
23681
4251
56825
36954
75932
55018
54339
51570
3452
28385
62978
46620
18833
18436
49631
23811
84600
29762
96985
78590
19857
28370
97089
21266
10298
76451
75338
70104
4919
83533
84682
2548
35327
32370
29707
78757
20748
990
47507
34234
56627
5405
41430
92454
19555
62030
9618
58545
33139
54343
10156
95338
89830
17864
42159
47303
94436
30901
36706
95620
26314
47945
85171
26676
42170
32734
45556
38921
26011
56328
70109
85447
62680
32279
7891
24156
81544
67060
49941
33538
62729
62033
57345
75978
14393
2845
24770
8453
67899
34908
91644
4581
90104
31938
63387
16347
35365
59724
54114
70218
10807
36698
75029
78922
5578
58073
95808
97133
64584
30111
71971
84403
17966
50706
88298
72144
90063
34343
87334
67121
60372
38061
67896
98
51022
98793
51911
43096
98616
76009
48764
53100
20520
68028
2609
52129
8651
97609
58030
86958
56584
79343
70364
77745
12976
92989
15568
54227
67173
39898
54693
94006
1923
33162
32150
25880
59979
28701
63655
12231
64993
6115
81809
21156
59856
76436
19772
8860
17608
30393
96759
65489
31020
48133
49013
29992
67211
74896
38902
9621
9702
69354
95214
14339
88215
82239
39112
45040
72049
94958
7280
57647
49892
17286
15960
29393
95973
63675
44160
79896
61240
21877
78848
47387
9174
90715
88380
45365
28752
24220
52265
86088
36267
28761
82097
58835
7766
18458
16027
70595
52242
2607
21416
28063
51202
23181
1762
16944
66859
69442
82789
91117
54135
21841
80017
99298
45750
5192
69592
92705
33465
29841
27419
26499
66560
44761
84122
91085
17491
73017
56481
47725
95434
2224
90826
57365
97864
40006
65220
24991
19224
87002
100000
43377
10949
19934
20431
75763
8391
27498
45888
22575
3428
24120
70609
82627
67325
99728
66133
67093
2853
49427
89730
47228
30749
95094
98920
97934
17601
24819
30917
3053
15930
37760
20963
26346
89500
73959
92554
96701
94496
45413
38184
48960
50426
79737
95202
97963
10368
59653
55456
16120
19839
33633
62909
78197
21520
81951
3754
98085
67003
88467
11034
44413
26405
76016
64769
45657
29287
17876
38433
30876
18066
34099
93148
85470
39427
24632
88015
15936
37370
68164
93087
59053
68973
95598
57052
45178
90420
42018
