62004
62819
58296
54219
39366
1509
68661
45620
6383
85859
84160
29281
13810
6771
98030
38993
34697
36637
42615
11058
56184
63515
65514
61755
88150
94648
90385
51442
56466
95811
43953
2553
14511
92251
17675
63196
99829
64352
30820
83782
73873
47720
398
91481
77640
52273
18404
6189
21262
42281
94689
85044
87673
78139
31138
24625
57183
38194
9880
51503
83009
84024
38236
17782
62825
64445
1238
14350
73251
90703
89065
72515
28012
81312
69030
52489
51027
81019
40528
34853
60360
41711
21558
22654
44782
27784
60053
78357
4822
51920
86454
76280
98697
43230
50587
95939
84263
67630
24394
78429
5159
7716
79203
13931
36110
88806
21011
20653
17461
64835
44821
82946
25065
59967
32937
56345
54066
65783
86102
68097
75355
45147
63718
72491
17996
48128
61805
30726
8224
28204
20128
91203
952
15585
31221
18338
1263
29486
58455
14926
59742
51642
23924
78299
25978
7601
53245
58415
47035
95902
75734
17910
14853
33664
81214
20830
86227
70397
27159
57782
15528
75887
87232
55324
4887
33021
77202
97507
47453
25060
74855
46338
72906
88018
68800
83055
53191
53671
28803
85006
49047
13007
16891
86647
30099
65654
11537
1583
7656
84938
13864
9296
38450
11339
79937
55305
87545
25634
17035
6089
48234
46078
5049
71912
94313
67003
88212
36057
87242
20275
61081
48595
16705
66185
40744
60915
67060
37035
27725
69553
47965
24170
12277
37822
54929
64999
99871
72973
17310
29786
95174
31866
56320
38052
22038
82958
36874
19741
82015
88326
46919
45826
73368
55475
45703
12866
33841
45534
65545
86985
15417
18938
92469
67299
51252
69413
90877
20209
41698
93372
54289
13765
41078
85373
16734
53176
687
48725
96330
58723
31719
92572
97655
35445
16911
24492
27030
85082
28702
91137
94023
97523
10189
40685
74445
52322
42002
1171
89498
46804
9041
48473
61997
56207
37392
22959
61404
92928
84729
99155
43325
42287
4059
25631
72050
13730
53282
79256
5692
72614
77154
84725
24540
27821
78950
63029
89176
24646
13881
96505
6968
10969
55557
21169
76597
31324
51324
82157
60375
98518
31540
73412
93968
59317
2144
39234
89121
1093
84040
14896
52287
59843
54879
16528
77797
91026
22668
81152
79449
49751
46180
27821
69682
9132
76913
37025
64197
26930
1437
67260
681
51312
71787
90400
5256
45319
56453
80518
23554
57989
91495
11421
57004
31665
81878
71243
37823
78533
56660
54400
70041
36746
66901
72326
52080
78421
84889
87606
38852
62165
82314
11612
58168
99234
62016
78288
38295
99907
82014
69602
55915
35653
98793
63137
7744
63328
17891
96814
6259
96616
63691
17444
82151
65683
96511
11624
73736
36606
28328
99927
19251
46045
64809
15701
92330
36371
64964
11862
67950
7166
49130
26
43550
33145
49350
99985
90586
27239
92469
75307
40717
4776
81692
