62824
47638
23839
51922
22091
73060
74212
44201
66034
92281
16034
81778
4366
82938
96923
25991
29194
48409
89706
37545
1075
76656
15651
51015
92453
8521
6901
81677
7722
84613
43785
81954
63972
49826
94353
42580
22159
16391
87684
61147
71316
72799
94274
7442
85808
28694
51887
47387
16506
15312
39443
8807
25100
45186
23660
46553
1139
49067
46842
48092
56104
5610
98890
93737
84986
14268
5197
45872
52063
91861
55083
49853
56002
96322
35497
82401
62333
97193
68570
26419
11714
69951
31100
82527
89277
35184
31242
75768
92589
97872
72385
34829
60094
65152
71886
41363
70130
32430
43132
96484
44951
72735
24651
8936
88711
11409
46148
80040
89969
56983
82745
45821
94725
84859
70064
21150
68980
12253
33014
46990
37555
63906
33490
59942
12874
68103
76291
74848
29996
37376
63782
42858
91517
81095
26041
69016
8071
52211
77928
88640
20582
8761
47756
12223
31760
72581
34605
90638
96792
24726
55750
55354
15243
85881
49141
80879
92453
9808
44868
78753
55670
24821
62572
20791
37217
94086
51333
28671
66154
10191
74796
55586
6995
76873
60624
79320
81356
5136
25998
34045
73312
9765
19227
37033
94772
77082
69515
94332
82720
22584
54755
33561
50634
74658
28413
19384
83197
52166
34720
23507
79099
66666
11909
53764
90326
57110
25173
70791
49208
11084
90747
25508
2148
2058
95561
47259
52108
50619
25258
5793
73507
495
31548
15600
85656
72371
3606
7679
61513
12386
66102
39928
46289
63937
63468
78035
87359
87358
68753
90277
40864
83637
42635
54754
24996
95680
40192
81710
58921
54263
66539
85176
1520
51192
61992
62633
45289
54607
48697
21281
64905
24312
995
38600
28858
98095
26021
25859
2212
81255
4241
76348
36098
90522
45380
82015
87046
40490
4354
84072
48032
45876
21071
39460
80573
43256
84396
90844
56106
39926
26320
45270
36488
32221
31750
12991
34413
66951
16084
14710
