8735
12356
75688
45355
56711
21099
9389
1290
87026
2239
33228
50969
10384
18811
58311
4077
22713
28103
11715
99506
44096
99346
43904
70828
64923
25646
21530
56958
59698
15373
80199
56491
23087
23189
23998
26734
13021
50662
54609
83273
15768
2534
2999
6820
34597
57860
18752
53754
18665
99343
6959
59852
5558
13563
47064
82016
90293
2363
29443
32144
39881
70148
35179
32544
52721
53870
61056
44753
40531
80439
2205
64911
29252
25429
72564
39152
7594
40271
23595
59770
27110
33937
63953
30523
89365
5523
22347
72088
47007
25485
12822
2172
6563
12985
32775
38311
72009
8907
2078
28511
67304
40406
82127
68904
33187
59683
66942
63035
1186
46086
39495
80653
84780
42429
76923
4542
38475
29928
86460
77040
68795
8389
95847
54458
52411
38836
304
12073
15379
66864
53342
94186
31290
75280
93183
66286
26990
11287
98526
64375
11673
80859
44545
47359
45920
58573
387
10215
83544
79648
6158
97314
95134
60743
80527
72707
39386
39921
36311
68631
46359
34649
35583
29077
88398
47501
31910
92125
94744
12009
33759
81468
86605
28651
33545
77811
33130
4683
5110
83685
44410
82923
38910
46038
39658
21239
58742
53842
90625
79308
86902
17252
56164
12866
38530
49823
48693
64279
96273
97390
76898
75151
17728
43926
46970
2556
73038
5520
83156
57152
26674
97357
21051
98362
16535
94259
52235
83228
70305
75602
93821
98298
42127
7776
239
17925
64292
27125
80680
42646
23955
6206
4940
26718
42998
47049
35342
82286
33820
94587
74357
84249
17932
77034
68426
2025
35391
95843
78975
96753
76626
11512
78624
97822
30948
38920
16208
5246
74443
26155
71716
85901
84512
46099
62795
64208
13587
64533
78634
60465
96649
26484
99793
60869
96671
88553
66715
52087
98399
32872
66073
53645
77362
82849
96173
18503
77275
17171
88436
87397
32467
65554
25773
53939
21480
10445
48379
85880
39818
6217
90954
11636
65813
76466
20827
29057
52623
8083
47893
17242
88511
49831
88001
84293
68764
86278
20614
61083
93081
64341
51276
62229
56616
9177
33929
26889
22393
48916
11627
22994
61754
59348
35585
62798
18955
73033
26003
19765
80398
3738
22392
30030
10945
47353
38984
92006
87070
44139
18393
30804
12044
29252
28690
84360
99892
27105
44379
63890
63262
10037
96752
50483
35839
30165
68785
28545
49551
73079
93436
20657
71476
59726
79393
10964
64879
84896
6650
73302
50281
55335
87340
68248
99595
41110
23844
45404
88358
76391
66578
35745
45930
21401
83534
5625
37132
61852
17717
74666
79227
26254
46634
48478
52832
23236
19442
53986
17790
98932
98659
6715
61201
68447
44223
27870
5144
68018
45056
38608
66791
20070
14219
75786
92007
17952
18557
88118
55956
18117
85995
76156
20304
39366
12210
20277
84778
18709
38501
67055
53386
25538
8746
3623
1382
32702
15554
13061
9152
15257
26067
91245
5972
81542
23218
14712
59206
42285
59799
13670
46150
17909
88172
55576
44867
53207
16328
29050
28540
68530
54434
40457
36897
5202
28540
59412
99759
84697
63629
78096
19192
47729
54475
36453
52935
59825
47178
90006
74510
48303
99242
3675
78022
72430
96620
35393
40353
86992
26460
3383
71900
87101
59370
6138
69300
88587
34963
3115
58465
97138
43602
1388
41106
45459
2378
72131
74265
29756
6221
61168
16056
54521
1987
95377
43294
18100
10777
23527
8027
15746
45755
76700
51439
5167
44531
4428
26129
44932
46159
68445
12294
19463
13233
4803
21110
94609
48278
91460
24532
96118
95282
58864
95431
51192
59216
6178
32081
71406
76159
56459
78180
30997
54562
3028
670
61106
82615
63133
39371
96597
47556
45800
38567
81580
63106
83734
77031
14665
68961
82434
28084
819
66101
27155
89775
91613
92319
55179
67862
15245
29420
46471
15526
46595
7057
2404
6768
51636
22445
33028
96252
58262
86692
89814
57133
207
82677
2882
50217
77102
18341
51932
91975
71750
70017
41559
71519
86067
80589
22980
15940
7342
8064
33589
12285
81013
43993
68853
70953
75795
50793
48676
68260
3047
10604
15360
60099
58737
61294
43124
70812
3224
91396
41889
5574
95368
1892
11728
13860
45729
49074
58233
85971
59973
35344
15147
74147
56894
92127
27153
49452
22080
89260
35564
4329
59415
60263
3334
48374
2263
42705
21197
56403
39579
93451
70604
1737
97978
67600
25288
11139
15871
33909
87108
83015
92734
24420
26829
4885
7924
88131
73480
39940
53638
60327
93073
25303
56162
82560
45291
92654
80194
69875
54926
12406
5392
31888
26019
93783
55128
6157
89083
69995
66187
64048
14677
81907
67804
42175
20529
23309
43865
17325
85921
32364
27245
99189
11430
99332
12111
42463
53216
76421
60815
86529
48708
14827
94407
43930
18759
72382
89538
11451
50470
25975
57531
87631
71124
49356
4391
96756
31161
6281
63190
9532
12888
