12866
32091
46838
87757
78681
41941
81563
77996
41033
28505
65551
78162
30650
20942
66504
5612
25772
39191
64828
23337
13934
92575
55024
60049
6165
13418
23987
43500
84559
41056
8393
70326
33818
70460
82818
79722
37171
15469
82943
77589
99130
28810
1182
74898
71776
94643
3176
91639
24162
86716
85012
49821
19875
42142
57475
47602
27927
67426
99454
64039
77605
63316
18386
14439
68751
62641
80936
41243
49020
53639
80111
81140
68877
86101
58305
8425
7327
46537
27399
78160
90610
34157
62994
13942
28755
78307
70458
47787
29734
23309
43344
70065
38166
32130
98227
38401
82965
54826
38901
85387
50328
35230
1617
87484
93511
89767
62972
32001
21618
27372
26718
41066
83525
51949
87434
46866
55459
63746
40435
67581
94828
20112
10064
53144
63445
84644
66744
36956
11599
51641
1154
95412
43415
56774
73522
40453
80134
74781
98701
15868
92262
95615
53732
40190
50291
13622
52257
61449
44376
11763
95287
27471
95143
14127
23866
3611
93998
78625
7923
72542
76514
25259
14303
94545
70165
21836
93420
59978
23981
33214
6661
53098
94198
27522
48549
36545
92774
6486
18758
57595
75194
46317
22775
68835
77941
6235
92016
54657
89106
46280
97812
63454
46101
4465
50314
9686
93027
51065
30547
90412
9554
81435
26662
91832
72967
24796
34746
60219
74523
68084
43406
12334
91027
41990
8487
42306
19331
88661
72366
8724
22459
55949
13376
15774
10127
5588
15427
81422
22178
38270
94913
43475
58751
4076
16311
30192
26562
23695
40496
90731
61408
59489
460
46858
16831
74366
30044
35388
48580
61733
22891
26072
89998
49785
9494
70584
71716
86220
51252
74797
75721
1109
47124
83954
76314
75759
32117
73370
91980
64255
7209
69787
78484
34981
12481
76232
93237
87074
97690
13093
57980
42113
75969
69340
68328
60170
41044
6641
23453
62021
58034
42587
40335
97534
1364
40544
96772
90826
53864
61010
57746
11014
18206
78782
43944
43810
94096
22817
79457
85490
84964
44287
14108
10990
17455
60032
22299
72076
41149
73891
50473
81890
76644
7611
13530
91779
70716
88199
8584
67736
2706
86727
75394
11746
23822
73522
46738
4975
25853
94757
27960
16486
72441
82100
15203
8685
65793
43604
26621
5780
41457
44540
60428
76786
96897
98185
44850
72486
26867
48430
44554
319
73068
11230
42027
26210
9462
38444
9730
37986
6966
78747
61869
91818
30542
15500
8769
80654
2788
63495
27010
41957
48995
42600
54938
16297
1541
10620
87528
39296
36057
3090
36912
64100
98574
83471
46120
24909
33511
13998
64027
72835
95474
85178
46523
93476
92596
889
56905
69929
55240
93406
19237
