18785
17427
85860
8097
90223
34931
71662
79732
13247
39474
15919
42391
43159
50689
6253
5409
14382
21943
94569
69235
99425
86601
59530
91802
71605
35165
4442
57578
85634
11230
37065
31253
55690
54261
35303
17861
80682
78517
87948
96522
90228
5520
76742
61935
8112
33571
18300
61308
63473
64622
68831
2397
90353
13882
17717
66452
30317
18468
93322
9261
55166
49912
50923
32407
57598
13499
71176
8584
77771
60460
23869
56593
25899
73293
94130
87080
98831
89086
21118
23632
80255
799
30607
96794
56427
36406
59152
31738
6296
21428
30391
66101
31971
24973
15565
99746
66861
93450
61800
34880
17548
32066
15422
3950
95385
78990
46580
46975
91247
32944
73913
14718
68933
28381
97539
80252
49372
69495
63099
74681
16335
34546
92158
50470
28886
76435
97251
43107
85493
35313
92649
948
36615
75479
33956
83840
48231
94578
20635
11087
47118
92198
27284
58960
17970
10276
14477
13173
97272
98726
38970
56625
74938
38513
69813
2861
92623
57716
4443
77025
17574
63776
45048
98010
3578
46018
10464
65642
12118
66128
81808
96117
91551
41646
22810
66810
35796
6438
1207
88709
87633
94888
24388
73272
50285
19046
10162
52
78588
92639
26789
26215
90245
92573
14503
49458
10730
44092
28169
26104
20465
54758
87115
84797
28512
96078
25930
89534
50248
98661
41235
21768
41280
66495
51048
46533
63002
45776
43336
23276
94336
52071
31540
75758
15840
14230
59591
9574
11186
365
39794
28
79749
95417
23964
56843
39057
13475
73818
24620
86595
59422
78800
48368
95465
25432
28729
33242
84753
88810
80954
42266
47504
74466
2537
47561
30372
49060
28250
82297
19776
71894
83495
48977
27323
12986
62621
31358
21782
79458
3384
85578
62539
55231
43110
33323
41659
50135
87097
96866
66442
51833
33441
36144
63680
31932
76189
74929
83109
63415
74663
14545
58513
97571
26192
4550
78835
28620
12305
8503
16429
22437
93995
14289
54153
21231
26562
25290
47897
83095
34304
37451
24344
34550
69462
14971
20456
93113
5635
12469
68689
21553
42896
30029
78387
10692
94165
69861
15530
8234
98679
49923
35208
26397
44998
56427
34760
96756
27938
52175
80480
83276
72619
66722
68941
49650
49257
33596
41436
91286
91901
21598
89352
96497
71641
38460
81690
18277
85189
20449
84049
60790
74504
49775
43717
37155
39780
59125
75631
81313
76660
88680
90657
19030
35307
98166
24155
66925
67626
54760
20956
6805
68169
82708
24571
56638
89988
81242
90615
7726
57664
30653
77592
50168
52496
81294
61733
13312
36974
4641
7887
55674
86437
93811
23691
60382
4159
7526
87415
28636
71148
44618
75692
12385
51559
29563
56041
46127
28663
29969
73757
88827
68101
37405
55654
56075
25925
16314
87934
59749
77522
77710
34299
54701
35849
92799
24021
7140
99294
76272
65326
7781
80293
39038
97771
84137
37089
44787
15107
6076
20298
39535
55648
45469
81290
99662
60809
80044
58717
24374
46575
66176
81968
88039
24084
72485
12396
35059
30313
56227
86446
55696
56532
5348
90411
91281
14389
37114
52043
54914
11303
76160
75333
81556
73233
89357
71224
20748
9196
64879
86416
51290
11853
20136
18731
9211
4309
35121
60473
41205
21507
59016
49860
80482
17994
13706
58613
78521
64946
17894
37627
88981
53930
69994
51865
76203
8059
43894
10311
90658
38291
36650
67302
16264
53819
4285
26855
39139
87333
53916
42969
56322
79259
68494
44978
29818
39247
2128
78230
69654
41402
31463
93915
72903
45414
56003
21041
37062
88493
46369
2339
16846
30953
9581
31436
39020
88890
21711
88522
37625
50380
9557
24543
89416
68188
1351
19846
49528
781
32928
4403
5753
95180
44169
31502
45502
30376
19876
47926
77055
15495
16240
35690
32186
34714
26515
31288
49907
60826
69392
29127
33181
54738
50433
146
69840
63646
71975
49984
52017
21063
92943
48486
80460
49410
2112
99284
12961
32069
69328
57314
51479
85909
27650
6474
6333
45795
59978
18570
1139
56704
88263
92206
61038
26605
37366
95169
53289
3771
85058
28849
46617
64748
87092
12369
84482
36774
46618
81051
80305
38256
52705
90932
38602
74986
55509
12668
18006
25757
82907
75802
69216
73257
83511
29924
18227
30601
1594
96542
31069
68272
17445
96237
94241
59408
44268
94934
97456
94526
52756
48994
12849
53498
9346
80663
55799
79869
13300
35496
61594
82278
96004
93061
17995
30613
6541
37137
40960
1679
33262
14758
37490
86091
75460
17389
51307
95237
92987
78482
96651
53551
96925
70755
46420
57489
93271
46483
16246
43633
14513
18878
75002
10303
56901
4875
39452
53087
11070
53741
92980
57299
91846
11861
50011
9402
26170
28060
87767
56795
18384
74166
75294
17652
67356
21038
85048
62044
42276
21833
39234
84411
41654
60756
99250
32963
90206
43428
75743
77220
92841
31118
96380
4500
44255
72969
54245
71983
76366
37373
11366
21136
27112
55296
30576
77449
45573
27314
61968
56845
68820
25376
89738
79344
93846
17414
80067
35113
23834
75579
10428
69823
79771
59631
84859
86163
94383
49127
55576
35221
46036
8329
88629
46198
23227
76650
7578
72007
89680
578
30674
18063
78028
77510
75578
94694
60485
33026
60081
43220
81135
92365
20067
58433
61278
61709
13947
412
25140
17225
2528
93285
91726
79147
87526
8127
86818
4894
62763
18575
93615
28284
67386
26973
19053
16975
88326
53343
12041
74216
15502
41052
34567
48062
57694
32034
82914
93926
55898
48823
44086
32561
47331
70291
38881
49264
57479
26776
16807
73108
87648
50519
56317
85472
85411
48600
95965
23057
4719
19069
94321
92925
39145
96769
46808
72190
61117
63539
74797
69848
95156
40890
12893
87780
68785
29837
53286
47956
70707
27251
99743
22086
92072
94874
89208
62738
10352
82585
54680
76506
87872
7894
69795
4691
52815
