54445
26577
76499
82053
24922
56915
33854
66828
49120
29710
31358
25683
51044
72640
22666
47006
6384
94853
47385
70919
94545
62882
25924
2664
86032
84068
91693
31646
69480
8889
95785
99868
19610
79519
37139
72708
71566
70692
83156
54513
72133
7239
64228
49248
83500
30812
39052
24478
91861
58700
46619
96783
84413
80516
85337
6352
68464
39368
41476
66376
44197
3282
61756
99246
62615
36488
33868
7300
92354
34401
61178
85099
12898
70222
87846
76302
73776
18034
86776
95241
60669
30425
47036
5755
21268
51694
92967
47447
16515
64117
80565
8359
85925
1946
16565
10545
23888
79562
56342
11440
71528
32834
21882
65149
27730
44624
71584
65982
30208
94442
33339
21660
38119
52027
85040
20063
88956
34562
75462
47402
59264
14963
78647
81007
39440
55540
39453
68683
13267
72906
99233
49296
89921
52965
55846
75423
95237
94302
76830
38343
6771
1818
55898
49916
6760
15064
74891
44596
5582
16691
26993
56556
99939
9996
98174
53282
82584
48715
31556
41054
70630
47882
35897
111
67790
14061
28079
21664
6063
10487
48204
37049
61003
50635
98003
79329
38940
44809
90284
46181
48189
96777
71985
13879
63761
5477
60545
46865
36155
38944
15467
52895
77713
79177
79226
1204
46789
58085
97222
48417
18670
82989
43379
42854
20573
69968
17159
80760
92727
18561
46707
87300
6240
78478
31524
14460
29476
97144
36960
76205
30312
45287
22924
70577
55378
3304
29258
32315
97291
16597
38312
95712
71101
52798
50436
52882
58302
56747
10697
82354
77119
2981
15516
79740
47722
48057
77688
60688
56386
51220
36259
94751
21087
2219
3961
85224
12192
11516
48035
6461
94553
6939
28837
54271
13142
77331
51538
77194
64436
