85796
26287
95305
31423
15064
82467
73176
31535
90022
45679
9046
39125
51043
57093
36005
12593
43763
6010
6855
21491
97671
8499
51957
14138
17347
54504
17650
35455
73016
37753
4104
83018
44190
85380
31823
29503
52512
44780
91832
75455
27505
66119
19230
87952
53312
94187
55542
71424
87394
85450
12828
117
75677
62473
47447
13733
2431
62872
58239
87173
61958
92207
74140
34016
96238
21352
58921
63347
42449
16271
56730
34124
7917
67320
3564
13943
46741
52144
51488
25789
28845
91522
51873
1181
61307
56406
86000
57224
41329
1534
93740
36429
51612
25662
90786
90946
76280
93460
31296
75067
13132
9702
62038
46842
50045
87937
4699
77962
72439
37197
56606
49832
98257
51409
13976
1407
58804
85202
40344
48666
1284
83801
97740
52392
30918
30183
78522
68050
85783
10697
89623
49416
9205
9759
13948
17013
43097
7234
91191
99149
47950
70187
95364
31664
57388
89504
48770
62269
27973
31105
67436
69048
48447
18253
74080
24591
94322
11469
57396
30259
55891
23987
50596
49870
48402
66470
30379
64114
25812
9454
97773
23219
36803
37766
13866
45661
