76608
13112
71607
55898
48044
56077
49833
11642
59950
52442
68326
10438
36784
14864
14649
5716
69468
16390
66039
80241
69237
29993
73201
53918
79217
60434
89749
60715
3160
17393
21682
96182
71604
6330
92926
56450
26816
90177
47631
9477
82301
90444
39736
19507
46883
35987
17376
33164
68775
56961
15082
81995
47942
31744
10273
53560
49339
16562
57828
85350
22110
89055
91332
62449
40299
89152
24558
36383
74631
82902
83412
52472
76868
72839
59411
83139
64204
35726
34539
87966
87898
55233
67228
67018
39460
80517
9336
19595
34425
73459
85318
92305
25330
13482
95904
8885
25135
34559
21488
36507
53841
71925
9222
94667
10357
68680
75580
39533
6240
73721
96013
33107
7790
34491
75464
87192
84226
36861
10050
16363
6046
25664
19786
43679
98484
59118
60125
94021
51072
46571
98661
31775
32043
41127
96082
95290
90566
172
1991
77771
59974
55373
33501
43726
88448
96764
65608
41329
4776
76691
8153
24496
97854
83681
76825
62045
58030
81095
21626
55395
95552
81807
90653
51866
78011
93291
88725
58493
59889
17862
3955
85053
33735
67878
93269
12036
92136
73490
3552
3712
91831
57540
37508
85537
69080
83745
55735
9058
34205
61951
75355
49193
68755
20441
40115
88791
63705
52794
81286
24446
56357
61776
39218
24669
5001
58005
56265
13717
38416
40818
17177
91892
85418
79223
61647
75886
75424
4261
23138
67569
91272
53781
71242
21862
20365
75167
83322
44536
91383
24109
95624
94991
65729
70752
89857
68126
55803
52655
41039
16112
99553
24137
60228
17397
95637
23047
37413
83160
17103
45593
60805
18656
55229
9589
70131
59626
97486
98297
16563
79055
42137
74866
39941
62632
23552
34707
6034
12269
10454
8963
43985
27621
18949
75514
25701
50770
62158
64132
25242
39999
52915
10346
85095
41068
3246
66637
39525
82795
88728
6581
6980
10325
25557
26617
50352
38226
45406
16732
6101
40354
9392
53380
23619
57902
33316
30040
71355
19550
74548
93380
77815
87832
35439
6267
35320
7908
10569
38437
99433
10167
83360
93114
6806
90525
7243
35614
44875
86325
16259
68855
16904
99919
87443
12924
11092
21910
33069
69548
48946
8073
93744
96355
83842
93374
91386
76575
59185
95269
26887
75928
82762
31709
25431
16110
54867
22289
7199
334
14369
97471
40881
72945
42204
9972
94045
62823
41682
23582
36271
89343
37191
46270
43248
49983
47714
14740
36696
28508
18307
87546
41688
27347
3726
31384
58235
34134
69829
81620
39790
30278
75519
14101
96396
75394
9099
37743
27800
31263
23096
73858
84267
35913
78444
59303
81698
48587
76207
73505
62879
82018
23059
37930
73368
54383
83029
30363
6281
71228
98844
19554
45904
89163
9337
30407
40726
66651
64609
56966
95553
915
79624
88943
9901
4328
43265
32036
11752
23826
37070
20423
44633
19058
11445
54658
14065
86056
983
28049
7204
74793
99120
48702
8910
54057
10422
68930
73528
49180
42547
70598
3925
78163
38964
53536
46037
29648
84410
39535
40322
81328
30507
16835
49281
36060
40653
39373
16282
44015
46549
18838
10839
76835
29169
29111
52705
82410
20258
71911
77246
35701
15244
3578
35002
57875
75591
16192
42964
74857
76115
21573
64026
49091
49285
5309
39618
37505
36110
81640
85014
88423
77403
63152
65791
8892
56531
96179
28121
21841
76437
33911
31875
18622
81858
40771
15257
17119
17243
97972
52710
63714
569
77801
64141
88149
72753
26574
21112
28586
32739
27525
99947
58354
28483
7768
54484
84469
21891
18798
30202
90553
74434
65494
24537
93165
77009
40419
2928
18211
75023
64125
22456
14765
61537
20569
93136
84387
52190
32650
36038
80585
40892
55543
89803
64427
97868
15068
44146
35637
32639
57575
37554
48291
2448
51763
59997
44187
30816
16132
27000
73118
57985
17862
3910
22131
51225
7705
3215
42074
19274
36073
63635
82496
67518
44924
17909
85019
59002
11481
63069
64410
10393
74266
53935
65912
52689
23909
32346
32602
30307
60064
68489
57542
76497
41027
16990
49376
35727
54246
86962
26537
90401
21853
84354
93101
93988
9757
82840
54307
11940
72963
41421
36381
45600
82938
92151
27402
36629
9422
61520
38129
17973
72838
48634
68758
71236
20359
67331
3059
12163
26403
44006
88371
95451
96115
53153
17256
23100
29261
79731
92673
320
78408
59465
91540
63197
16549
34297
8272
27381
90907
19708
25335
89608
98201
4051
85645
95096
28014
15966
31508
48416
99678
27621
13700
53119
41212
34126
35171
8203
72420
25433
48815
11821
70251
68508
74791
79123
82808
12873
48835
43409
50104
79238
17714
8159
23716
94471
21272
5600
25249
56906
98627
64848
71440
51677
6092
95593
81235
72857
63860
68866
89041
55184
46459
9790
46990
32150
37062
88018
62026
37097
76785
91984
18759
75830
31931
55597
85855
9943
9050
10782
11030
79424
36612
29419
34073
46517
92206
59385
45825
53523
28259
32848
59593
49234
52621
79217
57608
91454
11631
84601
35144
55521
8367
33553
12398
75321
73851
65566
28588
63642
4480
7558
38399
59921
68117
10149
81803
23750
53699
88157
6095
41101
73473
17803
14376
10349
36707
19626
44787
18391
86181
96733
43266
51504
98850
16504
83410
25650
83714
37838
19542
36537
69176
9121
97271
71252
1871
55263
75380
65680
57380
62147
73806
23541
51972
69682
10283
26120
86570
31630
96993
10334
87524
61683
75814
65112
3552
11405
80323
42010
44723
42453
84064
23896
11863
89498
43852
6141
9704
5030
49681
67884
82436
61520
30251
12035
80521
71412
85257
66919
65250
22106
23297
50296
93214
99488
38651
95165
81633
56939
38287
74107
83069
96335
51289
94911
14517
82090
39946
56689
44691
99472
63321
8928
61958
91164
40152
11826
58174
3479
71662
92301
49782
66062
62167
13296
69717
99640
95106
87510
37705
87932
25318
16482
18775
40639
5068
90598
34121
62360
46393
98306
73933
48822
25031
90665
50614
40678
63765
71230
22655
62738
1777
69783
13487
79421
88086
16209
27712
40509
15671
81055
40977
84960
82967
76079
16610
56078
68897
11386
63394
32433
82763
51226
