28464
87556
12188
43831
43474
53834
58886
69489
60315
88909
51640
82365
60028
59477
91944
46107
97553
21304
52708
40099
24756
65423
24962
22838
29095
83560
50490
55471
77335
25057
16866
69712
17511
3322
43060
92548
94927
77099
53804
51869
43805
5165
11545
38421
27499
63951
98639
64954
42760
44115
18531
41594
51606
14306
44827
87300
10470
74652
36201
14856
90170
44582
64576
2581
90022
46798
5796
15124
92149
89533
25272
35269
53532
77469
74473
23938
22268
53449
92313
53807
11505
61751
17721
25551
24770
96501
43926
47779
3564
2625
29945
71288
97534
91090
91968
60301
45606
70651
1908
74052
57983
98239
46600
90667
94291
87307
19264
68291
30224
64477
34259
74336
27081
33125
21427
19274
29826
70173
58327
72983
90117
44687
34004
89186
97093
91200
53052
12245
97728
58477
92836
45995
12470
87656
90232
76835
22758
86511
36385
2084
30614
22440
43000
77613
3557
96630
8449
3923
31874
98180
52539
97429
37653
15988
8264
98616
86525
69783
8848
16972
40810
74278
56571
63400
32328
17935
21997
92481
81285
17993
3449
65188
82186
58083
73155
69719
32305
33831
84125
43356
58380
60963
80713
102
23837
13216
28267
78060
11712
50382
47169
42539
26350
57262
67590
50113
27135
53066
59737
64586
63339
2494
31236
71238
60736
57626
95359
42330
19304
32552
86841
90639
18340
40333
66126
40222
96388
33790
95902
70650
70965
73638
94541
95617
84945
26042
79877
56215
81278
92581
63011
92143
97283
76211
39776
98563
96765
80648
4342
75966
18783
73679
76471
98789
90121
12796
67914
95624
91596
4634
89164
27427
53698
71309
44700
49525
37332
29772
60937
37405
44631
98256
31390
53470
38555
77632
19883
64643
13241
33226
11522
46779
92430
15779
3923
46519
18532
65658
77690
98433
10521
33447
22385
18027
73661
79588
96949
60070
62154
88638
85433
19940
22011
31021
60991
39291
38416
37646
4911
45054
94520
48661
17487
8700
31552
85431
92110
34175
71815
63527
59165
53862
32877
58321
63246
46173
221
17043
46642
82758
59817
19309
25620
94757
22446
48115
48491
63082
80686
51940
22859
83412
62304
14635
64244
15705
45341
20732
33173
24396
20108
49113
10541
58074
25684
68946
39022
18720
17452
4886
20197
52536
38184
49212
85944
10226
63735
53066
60856
74490
14898
89467
16950
82402
88117
35280
34743
3413
60102
9092
14883
34449
63356
87463
40487
41063
24823
92232
96396
79148
94626
26055
96406
46431
35923
36454
67785
26469
57156
86901
93790
79568
56991
13703
7090
65261
15108
24076
30903
80657
59221
3560
43625
92870
13883
25916
65439
2451
346
20277
90908
39105
28589
81839
16685
14372
54092
90473
26328
84180
74383
19963
21211
92137
97222
52435
50172
10758
14355
65554
34220
22672
46305
31533
64059
8527
15071
4906
55563
25679
79605
82557
81727
42737
53766
13502
19422
25895
9019
92660
80613
18079
51254
6383
88542
75313
50786
39076
39381
57238
65888
49522
99447
55340
75573
12115
18434
16832
88405
69376
64655
29321
86328
69986
10000
69640
3746
68144
58260
48861
88761
63248
68932
98959
41761
55361
16605
71236
20349
96333
20772
15918
33806
59360
27210
12924
13027
38052
18704
47859
49007
34785
23170
11710
5911
49457
93100
76302
73819
41492
42604
17814
90890
34701
5779
39512
57400
92506
2225
4235
86827
54263
74604
21710
77247
44288
25352
78179
20061
56811
95715
28841
25444
30942
27689
61703
15726
1170
78348
58071
73701
55495
81792
26949
17630
12283
35744
29426
47668
38589
50093
90861
42615
14735
52637
46895
39345
55803
55175
96208
21026
84895
75189
65086
65766
90076
56491
8524
70828
69177
16433
93026
33304
18690
19691
48946
19464
20684
28778
57378
29533
42688
40604
11006
75327
85460
86502
89408
35578
38224
18827
27557
45989
10370
85133
89880
64808
1208
10651
6434
36648
33493
99330
89949
27446
78945
79247
63999
94114
18354
69951
26983
93651
40876
85217
95678
3233
47120
15027
62475
86368
38000
52140
84114
56434
49309
10128
18555
47236
68320
13716
27029
66491
86997
1812
62364
15501
16434
95610
67082
19567
65967
68689
19787
54817
89910
61052
65128
75075
51890
95766
91039
38491
93506
2932
77520
42072
90137
81428
18337
90460
15261
94188
56690
68018
34693
69424
69784
21431
77122
51926
228
33181
62188
61254
60855
58900
4777
99226
31753
63341
43312
27109
4112
12902
45322
11304
89414
34576
99170
97232
30671
78606
90808
66597
53342
88836
12057
43481
59951
66602
46491
51589
26602
97353
55611
18836
71514
99451
12424
12197
97338
12496
21062
76709
12804
3898
17305
36309
34137
33019
30873
72723
17308
91472
12467
39330
97005
16210
41654
61926
50993
20397
12533
38853
88246
5683
15227
18001
39496
99715
45061
19190
19317
59151
13572
7090
61476
3434
13341
27699
34419
70559
52786
44648
85128
96401
64313
75682
47611
81276
66232
27892
71265
5745
62029
91781
18155
30807
61367
67241
77872
51626
45743
86004
14845
1447
21280
51200
88493
60518
96356
147
78663
46194
65855
86279
40523
53755
26337
