67953
51130
23192
86245
73073
93273
86893
59002
9470
71011
49402
83177
6360
3318
80151
52344
12662
9741
10918
92244
85068
86914
23246
96518
22749
39327
49895
63958
2097
55051
18437
61265
41580
16349
67319
2203
39523
46975
92887
3263
48787
47787
36945
22227
58089
70296
29898
81126
45134
44351
86674
80862
97717
75632
1796
89975
61170
53241
90554
82875
42151
20438
93198
19749
9796
45253
41696
64126
23881
67799
57266
40759
10047
56854
19013
53916
35914
88161
76622
41264
8589
60009
33229
73475
60449
37477
52630
29546
61751
9600
55097
84250
46988
97920
77625
94778
80485
59925
27407
14125
96604
65421
91737
79160
6698
84425
87185
64246
49416
4900
63977
31021
59443
21115
79685
16649
23552
34926
89095
69221
52660
26446
74843
44871
27162
95814
97105
88829
5815
31160
93264
36925
84521
2528
641
76707
74832
56244
69162
74141
40948
99257
60987
85344
35288
74601
83690
27209
86953
65417
35108
50647
99954
67260
3112
6947
62800
47129
82763
54043
68511
35897
13017
73603
7237
42148
54840
69764
87062
96124
96824
69589
45561
15597
41183
48350
3044
65901
71517
42498
49183
94836
48252
51964
27962
50324
76068
41709
89051
27836
35834
41002
98227
43792
86194
15771
57112
55459
69416
39562
3634
86848
9975
45996
36968
930
34888
51747
84213
28762
86035
48649
28364
11204
4501
50857
25092
7333
43368
65530
29446
93502
43526
13629
68754
14578
5156
64843
88892
56857
58958
83326
18796
836
60771
43264
10197
81865
58297
65608
40001
82816
50467
75228
13895
40478
206
73483
85446
40645
789
76669
40575
28662
9365
527
57815
71629
27652
45596
11121
14558
68528
8882
90532
13921
61436
23218
16945
88
92046
58547
65441
37101
44443
36160
26770
6218
4698
57763
86562
95423
26479
30868
86493
33959
32029
5314
9907
4687
78631
10202
74127
4664
94510
82948
62671
72732
65390
78499
94090
20880
26072
77289
58725
57574
14498
64275
40291
60205
34268
34216
46786
16449
55648
54785
37564
21113
46195
79610
63941
16876
31361
64758
53451
32210
33450
87440
60124
65099
79485
58224
48826
97005
12161
97158
87293
91282
19905
44947
2672
11525
5652
98595
32377
45407
41339
60909
63488
5407
73575
31301
66176
83988
37940
45819
50083
19620
48426
72530
71211
12846
99934
38418
66716
62566
14340
12837
52734
75700
41815
70885
28139
28461
37592
88105
35014
66898
21066
45336
41362
55849
28582
65662
43451
57850
59804
87047
52375
44487
70753
8255
52927
10595
76711
36644
54849
15555
38746
89868
60805
24069
26762
86233
72563
21446
29657
34351
19402
80450
75745
4901
68305
58265
33624
8773
46689
79186
34521
79230
72077
60922
90960
11758
15581
59792
86102
67050
75599
45155
96331
88235
21257
53558
29705
40868
46316
15626
22218
8037
75207
62420
57336
18550
71248
28472
14961
55304
69553
46567
31521
61168
22908
2698
58888
97702
27733
94975
93637
1699
64103
45909
63474
73792
78504
69595
44846
3977
50301
83925
88221
82140
79518
20296
3386
8910
55608
68060
54344
32118
90371
18361
90137
87029
46780
1625
25296
42421
43884
33144
30284
73932
36019
55518
71478
90730
40031
90329
15645
35752
69677
31139
37084
52187
86308
35026
63669
44136
74348
22978
89733
443
61403
60163
28085
8591
96280
18800
75220
82756
40685
75188
48411
24506
72936
2382
47927
78282
40621
95157
52032
70090
67516
3110
77278
63584
20670
2515
73616
28547
75646
33217
57139
6061
70722
91550
30846
13816
7023
44479
40928
59428
71843
22207
33775
41661
78756
7632
69967
4107
28343
45290
73603
4061
50960
54640
3673
36838
20587
1411
18398
19148
23751
77691
17244
14210
33081
71439
37190
29647
70141
19838
20698
70407
89282
10447
77537
29908
47446
7283
15294
44086
30529
86969
39587
27441
89614
93780
9289
15640
59831
47901
55030
63885
83772
7030
64614
32822
25562
5500
46026
35389
71817
84274
39533
12449
22647
17712
80258
52041
34813
95959
30570
70064
28735
42250
69373
10856
51720
30902
54843
21287
66089
23760
19965
42695
63364
33829
47047
96240
53726
51828
49201
2853
54673
59509
29474
63934
8970
67262
31937
60623
57201
55566
64498
80727
33832
94652
61681
47538
45390
52646
208
98848
86263
81935
40004
22007
65403
95561
42027
32249
4020
63511
4172
21185
55876
78373
73885
36922
39581
25704
90445
53514
78631
14491
43679
820
88917
86118
30408
48476
15367
64999
12325
41669
14301
63202
782
49203
37235
87024
58128
33639
57131
74783
29555
16752
41803
69625
41841
8676
28394
5655
46267
81661
39667
62753
59259
31474
72984
10109
97430
54482
48541
10828
88129
42637
75826
64184
11886
63943
50942
62738
12481
74016
54888
75206
53836
86691
70635
23782
89368
60528
56769
90733
94271
60354
36089
27031
99911
40196
60980
52562
78330
50265
71416
51536
47292
11161
84210
75756
93750
9361
36886
31982
15828
22375
42251
705
61854
44309
74302
48308
90080
23322
62314
86917
66113
28981
73101
66100
16053
3419
65463
97107
24852
74256
82460
59820
64520
53655
48899
14933
78063
66231
16305
42722
7626
76374
83163
70978
85959
70041
36840
58508
15149
1744
24903
34294
56844
53115
81653
92099
51988
43105
53912
80340
25171
47667
20812
75162
8929
64706
87235
8740
89755
66028
1945
93733
9586
18679
30205
48096
32327
4744
41363
70831
18216
45369
91535
80897
91479
39850
35216
53667
59894
7932
19745
44462
54644
72907
6957
29707
74616
24104
10214
75724
47089
5320
14099
54109
76725
73546
51081
86419
94782
41036
67792
45785
90199
16717
52645
75932
55474
22991
3358
42756
88718
28298
89323
96649
21417
42227
81984
66574
75043
12536
95404
1377
56380
45891
74400
7200
15881
14185
7440
49369
15060
4627
64104
58804
85135
