62588
84039
89646
32459
23709
74364
89762
84087
96868
97776
63368
99351
41948
97316
35035
19308
9820
46268
6421
25228
97994
28275
7012
59849
59276
25392
48310
16863
11401
21528
16991
61983
16796
83300
80595
8002
89858
1320
99641
3748
97305
54905
58732
73287
695
88965
82494
23809
45839
88868
61626
13809
90116
32999
8624
43756
94851
9882
81300
60521
49044
65154
15932
62343
68004
7102
63698
42574
21459
59134
40683
47494
15100
90637
85310
58792
82743
15609
45707
72754
34688
86340
64625
15330
47321
94936
29507
7534
34353
50609
61072
843
80574
71110
14227
14622
46060
5246
80170
72356
48129
80202
10297
58536
85342
89523
54769
79326
87105
17422
13990
22897
17668
42500
76674
21314
11945
60552
72885
44466
20281
54028
17674
36634
86883
91011
64004
78331
70187
87703
69324
95339
16887
22921
23120
76000
90436
4182
98173
38263
61568
42102
81954
60726
87953
69265
94507
30309
92124
73577
68063
99168
62185
17609
53533
1379
88185
76002
27746
23742
22104
98634
82650
51919
71866
16148
1494
11113
79011
99807
2504
99572
51754
97810
33988
19482
25988
78434
94317
33584
32789
72776
7371
84273
34461
75964
90401
12426
47087
66489
49903
91622
46499
89068
19389
60441
3826
8128
8579
85179
50042
32863
12745
9989
89056
13977
6498
10979
30901
46390
60477
12339
81619
31349
66775
55179
59936
6927
27910
71483
82147
6626
64976
16106
83301
88142
49893
20068
77646
47086
46093
62427
84152
4254
97648
11749
62171
82377
61696
98895
78764
50977
37171
17825
88971
90352
98685
45026
29794
40031
77942
30788
39209
64113
20432
90382
94675
47119
12603
25221
75399
94056
54126
72453
86717
4904
32032
44166
76643
5067
63750
20046
9421
38845
46850
78236
71676
15393
200
73574
13501
9782
10801
29945
73292
71206
26050
6399
48713
99159
14071
91279
73932
39364
74770
17190
17793
44749
73485
22514
82534
959
18882
45872
50745
40895
11145
13169
37998
23593
13183
61582
68818
94909
86821
56703
77152
48007
28160
81015
67720
38810
64048
19533
87951
45345
88719
49324
65590
30344
84998
21409
15836
51935
45104
42332
47867
79712
68464
34293
52374
31884
55452
57007
88621
95516
86733
80700
78996
44554
2774
36471
44621
20572
55294
96963
96342
69594
33268
20128
83349
2782
65646
75815
86418
75722
20213
17710
40984
95422
7306
89597
4571
32866
58852
99103
60008
21904
38295
99549
70737
38437
95606
88192
92358
13196
83630
19480
2425
70769
68933
21496
83746
74250
74852
94157
44702
89532
19043
57498
42816
83694
98306
76220
84165
12906
8230
25200
20552
10200
35499
13065
80003
61086
43246
21562
81392
9573
94609
37562
89921
49726
12354
30378
59946
81942
49622
66577
24665
41037
86510
18404
20324
78509
65494
16824
62674
27962
40714
60818
33934
12551
42946
75850
74919
20238
35735
76787
13570
65749
13109
18320
94023
84770
82519
57374
49919
61385
69904
46675
47327
1238
20436
70189
24959
81273
5593
12570
67910
22119
41303
61692
30583
90642
76604
47090
18824
69400
75532
31661
10135
43260
57199
7961
99057
86915
40269
91207
64327
3362
18635
185
24138
85812
88122
18312
58599
46959
16945
96547
18578
44896
42796
46820
77829
29653
68941
52877
82288
69672
42885
51216
68772
18093
85275
70404
45521
56367
37058
25290
39268
62683
79438
75682
48465
32047
2770
66623
96171
94196
94598
55921
29394
5801
1442
35566
36190
23442
78409
76294
37244
41320
51929
43688
36211
87422
53706
10769
95471
34123
99226
28835
26052
53648
42340
88489
84920
7088
30538
47712
81066
29593
58807
46791
90124
60310
94366
48851
18949
74705
24694
21178
37734
76000
84865
75588
58303
71100
37848
86954
95597
44820
64770
54861
17726
9735
10987
65148
14069
58569
38053
38041
38272
23075
21666
31184
94175
39045
20511
30727
22038
92403
63524
8683
35128
78551
64970
14563
59421
62449
39621
84825
13576
71418
83712
99141
4640
94903
81869
34963
9779
49738
19506
38324
99418
62958
99247
87801
25090
71796
43426
37321
45063
50752
71757
88735
11959
97532
58187
20258
71087
26315
70462
19385
3187
78601
4075
91137
86284
19801
92089
81571
20922
23581
19580
71855
33280
28998
63838
97625
20365
67847
69182
2437
61779
80191
24990
98866
91447
92754
65059
16981
97613
33862
9200
18791
23929
65234
60884
47082
84776
90166
67574
72203
72895
10316
77013
13090
10214
66993
16685
27584
89879
52255
27751
95278
77490
31276
44854
44468
58829
3940
25007
80265
72080
8792
68148
22833
40843
37152
93757
24852
87413
97482
32366
55391
35380
19290
96936
49651
63490
35064
9713
46549
29119
98881
39985
11981
72155
77493
80218
76952
95671
89835
4029
20591
59658
48927
85080
89765
38024
55302
29654
80078
31149
8659
28808
70665
30138
13259
42586
24058
38394
68979
85866
745
21403
15174
26057
25010
30199
48936
48552
85315
44192
9931
5324
90083
75572
95436
32485
68529
29781
22731
31253
49018
18295
81767
18623
96613
15808
82413
64350
90042
79829
41220
59478
10154
60848
42257
91894
8621
1916
6986
19390
83560
40146
15129
69341
73044
11685
93253
43347
15713
84932
2413
58580
16419
50002
61369
88910
53391
20519
64499
5374
25249
49173
26136
51229
79245
24368
52522
10805
95009
60078
93811
30461
53722
78326
85758
84352
50229
69445
30484
35011
15209
19205
