40819
20505
21757
68801
97260
94278
77332
78795
57541
59971
98989
56354
9621
97708
21923
52254
3686
56039
17803
19715
45429
10657
10745
98599
92350
80018
18240
59275
98999
23964
62355
67969
10743
55240
99312
77654
88242
35332
8895
6199
87597
1737
99041
30431
36491
95830
65663
68567
75767
72843
41184
55717
6410
41630
53020
83024
33569
73228
95726
5739
60917
2478
50757
46293
28319
45928
89658
26802
43758
14601
98108
53571
47589
273
96246
51840
49001
44202
78505
84592
97558
94899
15682
72505
57813
29031
20086
88071
61915
75594
61260
63856
1420
75305
1878
74813
41400
88099
29874
88253
19167
39464
46295
58140
31208
97057
75536
93488
92896
47503
63916
2752
67148
15859
32100
93165
70858
78026
48268
10937
26526
5995
54798
62873
70422
38892
37201
27000
79622
65887
25885
42171
51707
6307
1781
39796
37387
49072
26299
98642
14696
96943
71544
98772
10154
56194
29888
8966
95256
18517
13854
46662
30597
30503
46734
39004
28067
19691
36673
55059
55980
19506
25072
79634
72027
12840
6312
83398
15850
89689
52648
23051
5033
95957
98211
74464
76290
69820
30121
36517
26935
93186
32134
59633
23347
89005
61357
90478
4847
76501
11457
65009
68353
65861
86447
66367
95154
97648
13998
66132
43345
77745
16196
7632
71600
42891
47614
19707
8846
78950
64467
65820
4903
13775
19120
51668
57771
30891
75850
73152
19005
20052
13585
14728
24763
90437
30667
8891
31112
87750
73157
17942
55002
98268
40371
1794
62990
45183
77212
56627
7991
14668
20010
3423
41601
75632
6788
97930
61805
26159
42772
56939
51913
68243
16372
60348
45773
80958
14489
17673
27059
63552
83459
51432
90893
95519
33317
46229
44115
13598
46480
69132
72995
94916
99222
62955
54107
43606
71396
7158
8383
90216
15238
98500
29735
47456
63729
63604
65554
25611
31106
80452
16387
20096
53424
65996
53719
29516
63495
27318
24545
19844
13414
45967
43290
55101
57891
51805
66197
46040
68097
76948
26240
4959
53657
89408
28217
40088
47583
12973
31678
1151
44375
85500
54468
16009
65299
47279
96839
21880
24006
59886
78567
39569
15167
5556
90303
77297
96317
44504
58306
17053
1431
50284
97442
47485
49320
91440
75572
2370
40735
12645
23123
20887
38571
54070
31867
78031
23876
71203
78424
33190
12524
83781
59050
15148
83921
8128
16490
43573
15900
36416
33870
33936
41752
10432
39306
98562
74803
72460
247
57830
20638
52305
64573
36505
16474
71063
22733
61341
19736
91838
70469
35715
41411
69428
42042
83523
29939
76865
33578
39557
15719
83413
68711
91471
2758
66705
68602
60723
43896
43054
92149
88719
45343
52316
53918
69676
2715
31298
20337
6621
84252
69592
92205
41354
22221
65542
35950
96965
43315
72553
51973
84087
5582
17715
32136
89733
91375
95954
38033
6716
78089
683
89389
3124
10290
38149
57930
92896
52575
400
35002
72433
49030
17652
78076
75195
62097
29263
20284
8334
71541
57526
6010
16145
43693
25626
80344
93393
96800
54604
99038
74556
22452
51631
33045
76876
16654
97807
86539
19026
66482
28547
79833
5932
5984
83885
1192
34713
99718
6439
30601
5177
14538
47186
38302
18286
35750
31264
43675
26162
97342
64706
83341
68692
76107
87588
50246
61536
4890
83485
80245
38380
40044
95103
36103
71206
21052
19522
94717
51048
42191
85838
35943
84244
44014
15776
51718
97397
2109
48222
47279
87389
90003
30580
39851
62128
46352
8792
76413
39891
35624
17555
49235
67651
71231
46508
37300
84560
51925
74922
79437
61258
24321
51439
10577
76605
54389
90968
46923
12643
90389
11472
17068
66434
19789
93651
40951
47978
49487
6275
61686
