92693
35014
65610
69948
72701
47551
62362
87902
22116
2317
45661
9351
62604
56441
67592
80184
8470
64275
39408
9587
26427
52616
97367
95960
44311
10956
45000
94288
48811
37500
47952
13685
95544
61606
80687
63086
45824
40950
25956
28458
84022
11942
16583
6743
29326
69707
20963
26861
44685
92790
71732
52783
2007
40949
7482
46664
53218
14171
72798
75482
85216
77429
9727
77751
26380
62384
61128
48773
11164
36612
26476
75866
38916
39755
38902
17169
64747
75127
17399
15062
52453
52065
36245
58495
89879
44360
32430
40626
91237
75689
58828
85861
20101
29727
6813
3366
84844
30952
91804
90738
79290
81655
27824
35144
56962
37629
16053
95756
11043
6130
31183
75470
90041
74915
48643
14894
23737
36299
57784
52578
49467
71705
13317
18436
42018
77007
7300
777
74293
96990
59560
96662
45473
45487
77830
40145
95347
41811
2787
44153
57675
14523
86926
14925
41100
54938
23167
65414
80974
90614
2376
38431
98858
44361
50485
71997
21592
89814
46290
80912
42622
34856
7762
52941
47435
20638
62663
41680
4587
94061
35224
93323
20184
29302
72701
43046
62365
37037
68967
94775
34649
35175
75960
21358
51830
74738
84351
43718
43158
42417
83968
6144
67060
40251
76604
47780
7303
38228
82609
68456
439
87893
65180
53976
45499
73448
850
99254
10127
13333
85225
28447
2348
64730
76923
98829
63275
35801
88403
43848
41005
47003
53057
96365
52719
28918
18586
74987
63911
18484
60321
86676
8534
28487
71611
34529
8200
22747
7706
24076
42895
9700
22134
1427
96312
60238
90942
14548
15461
45439
63881
18101
12912
7035
37160
35503
84659
8763
85211
99465
56591
88653
45497
41718
33505
99718
96631
21676
2784
4868
16900
29169
38452
43055
97363
19190
29608
5032
83453
40285
43840
90975
67605
99032
73335
4776
81318
73296
38363
51811
55670
25494
74823
2848
81130
12065
81824
74510
48519
29682
58384
36764
76806
39891
33825
77020
35571
23984
88044
7790
21742
13559
81682
89026
12307
47433
85390
3309
19748
98531
57146
21152
99667
45614
10360
22426
11338
59083
86024
52724
98225
12008
11234
2557
78927
87709
76161
91378
34020
64143
22125
44059
87083
50661
37547
44047
71728
91115
23699
97694
82040
661
20517
16709
