52878
99058
15689
78410
852
29130
81944
87774
73833
73931
22834
66961
78752
48716
40343
31682
64286
20249
26950
47487
89486
43367
42084
94851
2196
11189
56095
54615
87728
98014
64530
22850
38032
95276
43534
54583
51164
90873
48169
49512
21939
25689
44622
43664
44384
34903
97692
46051
50452
20564
5807
98902
83567
60344
72481
55878
21768
50919
68435
54563
20035
19130
15909
83487
13061
15786
19840
52699
88962
32761
93244
2938
88335
98771
81454
54510
22929
55474
24687
7597
82431
78201
78960
37776
91217
31401
45758
29933
71474
32570
82729
87180
86517
42411
83964
42596
93375
594
83398
31088
80608
40649
