23677
32806
61511
91531
4740
76185
97825
85974
15339
99429
45000
94507
18714
18888
44291
77893
4502
74151
21010
15453
23755
40658
17672
12391
48583
3522
95221
31812
44106
67003
85864
74722
5642
25236
30908
60840
3320
6768
51822
53046
16434
12122
38122
97921
9473
14111
67464
28366
30233
12325
54077
41158
24318
98840
45105
53233
66853
62364
22231
25778
40625
60331
46116
48970
22353
75559
81798
32329
34487
11264
22174
80449
67425
80235
59847
13173
2050
55160
38262
45991
42442
678
9366
21317
74796
61606
85865
88487
54305
83879
4759
91858
8737
48841
39086
99566
54301
15576
87639
99772
14901
42436
4161
45903
