72226
64270
46796
83481
21968
8009
2813
86220
51254
1102
26840
92843
53677
27744
85724
11529
67977
60308
68680
68139
73405
76702
89177
40921
46713
77772
69920
439
81186
50449
75776
28200
45201
74726
86722
90955
24243
46881
5516
14459
10522
52080
87554
63180
27893
91828
94979
63892
3270
57520
2276
61687
48511
93320
70272
20751
48636
10099
32754
81036
32517
99271
85964
44293
14758
39562
4140
84189
22079
74796
53732
45695
73972
6406
66761
9922
60269
2945
8725
44564
58125
69490
81344
4635
12018
83539
99043
59018
91419
19827
31134
54178
46090
8006
62449
53769
65684
21317
73262
67046
11659
47195
78651
45981
79313
66486
98716
55564
34328
42014
1995
35986
3809
25561
2506
32821
16353
38140
802
87646
17883
56894
86839
60225
62497
58052
51713
6736
20987
18411
27610
24815
54371
84565
42517
64281
37722
74130
64926
69709
66126
39360
14074
41644
98523
12975
63558
94027
51534
5079
75257
2462
92135
66931
74888
6452
43019
98596
49711
62147
80447
33355
83089
34318
63286
12989
3924
48343
79993
97260
89036
86476
49909
99549
65752
62021
50574
73922
72904
58092
20911
50543
58547
64863
16458
5208
41916
55272
25135
28101
89661
86557
21615
85678
45999
78153
79082
81216
60471
11967
35792
44213
70563
21911
52162
69136
23689
30936
32694
69185
53887
51736
2894
53363
