65613
17365
47005
84639
77647
71316
73932
40944
19093
98348
73392
57178
59448
16117
77434
82976
39909
36591
68969
29702
87800
1727
31497
61540
66679
34859
57582
43577
77554
12188
39235
4484
62389
39528
28565
87482
64310
22277
99516
8357
67057
90650
3254
96810
28632
12753
41181
4380
23751
75202
75076
56159
36474
98182
86274
64756
23273
35652
94891
78396
62933
80373
80149
23761
49815
14665
66503
79569
68015
84680
77189
73973
17762
28090
93248
61610
48209
18505
6300
90830
28573
20734
66152
85177
14254
63174
31850
86399
57585
1201
90289
34176
80158
69655
58878
29037
9475
46917
8100
48074
62262
6201
21505
28666
85781
69724
10377
2189
574
53612
31232
10221
78987
82975
13062
35670
91594
68021
89622
27927
59056
19786
44147
51288
68756
41537
221
22935
55135
26881
85773
33209
36200
5236
3918
54520
91835
25094
45388
19554
45287
23983
67640
88779
58669
12665
57493
62426
66995
47116
59659
58931
29832
80048
30487
91663
25181
17209
23916
53256
46738
1368
85
36262
36115
64068
54152
99237
26455
20972
65837
87498
27615
13852
7170
4071
21607
44033
48801
81911
37262
53199
93327
89097
6372
1999
11592
24612
50777
92109
30718
71574
12654
73402
30572
18604
78714
8699
948
46370
24176
20429
45363
89317
5304
57046
48072
22157
93424
24274
59527
33178
954
49060
31495
17861
93746
28237
68791
29455
32021
70300
98912
55034
21743
29484
21617
19172
27731
68932
1643
24990
5787
62927
76782
32830
56158
10802
54235
814
92325
46735
49522
88550
2122
70722
87674
93336
38062
83481
18142
12338
62934
98036
34628
73854
31432
63768
13593
49857
29906
20807
92117
61461
36632
50684
15584
13826
75606
68437
79570
83270
78137
3080
74810
87664
23335
92614
4714
32762
21898
28550
37220
46227
8691
73572
76793
18633
68479
85638
75288
21245
58574
23559
40992
28659
59228
16841
47879
75424
7622
5463
24492
35636
24032
92317
22820
24875
65043
40450
20327
28771
40629
40886
51416
18990
62297
95458
6804
57860
21131
41241
22683
28981
68201
23443
7121
88439
53172
28654
74924
4941
42908
42066
92221
99008
64593
72794
11077
73911
76793
23657
89432
33132
36941
51259
86581
16793
36367
1091
45128
48476
9305
88984
96006
17141
86079
79313
64729
68481
22168
67375
35768
45659
74471
98684
23518
63954
36605
7377
86422
39365
85509
189
83858
58595
83412
56415
32450
71239
81483
37994
53945
32099
78699
49564
92710
25228
97256
24261
53432
9140
19324
77542
12001
99923
53752
79990
52746
81020
56765
23148
39161
57276
468
75384
43543
525
28375
92240
18233
33124
7157
99582
10202
59252
17098
66594
18370
38535
40797
57097
96106
91271
37032
80375
26472
9083
53278
10660
69058
20886
29801
52825
542
14691
4909
5537
60227
97391
92974
66921
6619
57163
4151
66624
7381
61537
25901
9828
78293
30524
6968
12931
32080
51424
60185
96073
44392
76242
51760
98127
59050
17381
11649
82330
69375
42066
84959
58246
13973
37200
9634
23576
28797
72974
38225
25063
23713
36749
16930
