8962
34748
99880
29109
22491
7084
57034
44806
35878
87556
8912
82114
47087
62889
42520
13171
67439
16136
98166
19916
26057
31782
49848
74223
18510
88806
9574
17637
26965
85263
65334
39781
83474
2840
45029
83086
80832
94582
79538
51329
57213
47225
80238
23899
71049
78252
31298
18439
95557
74400
1067
42872
21855
9197
72962
38642
40467
5709
62140
59780
96894
35790
12448
11294
22150
74738
80026
55936
95659
92356
76792
9298
70205
99611
97411
36485
84058
8740
91159
63907
57542
75565
88032
99960
70011
36426
98105
88653
41636
54127
93402
47605
82552
9109
95679
20904
19983
45164
56878
14957
82157
64770
56984
3927
5458
42769
4898
17696
21772
14050
31156
20454
67191
39328
72084
73587
43187
28174
13555
10556
13066
97824
72630
56566
67914
92392
79643
15197
12521
47835
45449
46586
41458
68039
2634
81766
93918
31813
69808
23944
18179
35888
59975
65309
20723
84684
44789
44770
34294
64471
23535
43477
784
80386
96939
94188
66119
31589
12424
5235
94476
1562
51770
80252
48610
57714
67141
2155
24806
7920
10009
29046
65417
37345
44147
51953
49467
67991
85486
8149
66666
25674
89274
73405
85098
2912
54312
86576
30462
69335
69906
67254
99635
14313
49229
75086
34348
75682
44595
86613
55941
64133
42770
18875
31033
57318
17320
164
59666
84172
23825
27533
41629
39547
53874
34567
52890
90203
89399
78315
4754
9922
65943
67844
22584
65910
14370
14898
88691
81558
1912
35887
38047
35887
41293
84610
90822
86820
29393
89194
38795
14389
43015
31534
81328
33504
82657
70559
53196
37228
78846
29666
81317
49142
12748
53786
61364
5799
66773
23164
4611
3357
19545
87099
29594
70626
68852
54159
22007
72893
77224
56321
60427
62268
7451
25870
94722
42536
79475
85373
18390
73419
11213
53228
76600
68592
81657
72458
68844
22992
27601
81057
76203
97084
35839
22726
42116
25686
2598
77820
72728
4748
10560
88493
53794
92242
59617
52334
45861
58017
70248
27844
70213
31670
66047
20691
46382
23104
8466
94763
20773
23116
95958
14012
1871
45677
67896
279
2697
28833
92596
3295
78468
67444
98427
12775
5394
65276
53071
30524
10724
37917
47074
57623
35181
74586
21102
63419
46105
57246
1694
85300
91922
73485
25612
45189
69548
52606
15143
14789
61155
5800
78689
89449
13714
98186
57665
52459
55023
42156
97631
24092
3920
84320
21961
92361
55766
30811
32389
46360
45049
9841
1868
96828
35329
62982
303
2290
93146
60211
40677
35137
32307
69510
12283
45777
60871
33691
28058
57692
96538
53814
19302
10628
23187
89010
47592
52748
17651
58844
60541
88700
34159
4628
81824
73510
51143
38883
88764
2386
15716
32293
42801
30867
75290
50770
58572
93518
6883
86511
38966
83250
29249
85256
49635
90353
18873
86213
40405
65642
10859
1696
4908
99311
69301
11112
53333
37476
37004
14351
95726
14612
85308
32233
22410
44510
62350
80411
18584
45138
5092
90909
60448
18983
41990
9729
17352
33896
76436
22524
57549
88442
91781
17716
51538
71909
36967
89630
68016
6539
1690
6316
65178
6813
11940
71337
21021
97158
83969
27181
14325
56236
36427
19559
25804
84749
35193
81336
68007
64776
52505
22632
68418
67630
29031
14566
1312
57921
43789
47250
10044
16148
4130
26195
42443
19033
91790
66921
1083
7329
88949
17518
27838
69809
46540
80930
44014
28769
17599
77792
7193
95115
41424
86156
73319
30543
23527
13925
29470
94367
69574
