71285
46605
74702
68136
23891
29191
3223
82593
1337
76271
51563
98584
48333
2780
26581
44406
9131
61183
72380
48620
31895
45845
3085
50413
69005
21869
44616
42782
22294
82302
97491
76362
66541
15460
39608
68229
92138
18564
95446
12565
87266
30442
32942
39002
90417
91395
19468
89276
12799
6860
93426
61481
77018
5318
77820
71231
41571
63264
48721
35421
5346
59982
85515
96460
51266
6299
63494
6540
18025
38835
89047
55505
50442
61054
7839
55707
43496
24724
21511
30146
44202
75013
5582
22020
91075
48219
94813
71210
87483
85962
21568
81639
63950
67619
41237
52187
76048
2138
40651
99680
69776
89384
18943
76689
71744
71246
95214
5669
83807
98224
92363
98774
30957
83636
28834
1016
90573
12034
58446
69081
442
44221
95258
47722
33958
12360
37699
98175
71043
81287
43873
46300
49746
54711
6228
83601
27445
66379
95329
39653
31325
60556
30976
96854
76347
30496
35771
83092
80251
32256
9504
29819
52706
7663
92703
10284
41221
75578
96541
16555
31443
47376
29564
77399
99599
26
40314
42270
6548
48153
91333
87618
39518
64746
51653
9264
3580
68978
76568
33854
62282
38818
98581
1495
41196
57653
44421
70154
43724
43282
18494
18413
63149
11603
7016
23082
31988
14152
57916
63036
14043
23209
72359
5221
61520
26683
57113
75615
18680
49949
65321
22312
95571
99998
17272
92967
49504
84648
37195
13817
19589
28397
65274
22213
29641
61183
63907
58965
89136
57078
82553
27093
43206
50814
6255
37722
81297
14076
77503
52051
94322
15001
20399
34941
44695
61843
66878
81107
20047
32937
57284
38600
38421
24115
163
50456
90503
27482
88060
81146
68378
91771
46569
56879
43601
84154
29127
24736
25463
52290
16655
13989
6682
10832
54954
91196
87430
94202
98222
68851
46102
17008
52774
42777
25726
63841
34539
84114
58151
21852
65498
92262
89646
29860
40010
37835
72053
52086
80521
74258
12394
5011
30437
36274
36858
55718
28423
91661
92990
36518
41424
95940
8705
12756
82059
26249
50350
4838
18354
79990
50505
8595
51401
65752
54625
47364
26891
48528
93054
4480
93383
31388
29758
31672
95749
93446
93021
54491
6855
22976
50388
46830
57887
80086
53906
78868
98290
97985
84259
88099
37391
17142
2518
27050
15949
46542
12856
78730
71804
72544
8288
94989
23033
5808
11700
39925
3967
86503
3247
73311
1796
87453
79695
97208
13478
25269
93504
62664
62985
50448
51747
80885
85743
27090
84750
42459
87865
96429
29692
20330
82447
39934
57747
19884
89984
6291
32138
28920
40540
38481
36839
32105
72423
67192
68685
44018
98031
48102
31528
85673
65504
98849
2779
18742
96159
94843
77212
52714
39099
12007
94947
19805
62009
53323
74433
49726
15355
75122
34586
74267
65858
37424
66277
85657
96682
73132
93373
74688
40703
75231
65211
67987
26502
13070
73837
46550
48818
53185
47460
42635
40737
53972
82108
43670
48863
24913
2058
87718
33241
60015
37321
39210
86796
30096
10163
8619
59851
78224
65224
93236
62969
87609
99825
7302
25575
25465
81332
771
63099
73864
96947
24910
54948
82849
91445
69681
91661
92494
97025
36046
17519
31263
30744
99431
86228
82959
45310
4322
48991
67302
16723
61933
82760
3752
59300
18338
10729
24440
63092
52262
41715
82779
24387
65173
34981
18659
99009
92518
99623
10867
37580
90297
70035
44621
22441
66518
35511
21991
94412
20721
54383
96244
18764
70310
56111
23045
10244
76035
84351
33390
65894
45634
49253
66500
28516
60176
46723
48242
86560
68888
60764
26583
79085
39917
72806
5247
86974
18153
95837
84762
44858
99758
81226
26618
67135
7858
65460
46076
72167
76434
91870
10877
6831
13347
15170
66510
93444
55985
17676
82474
90554
95822
31960
42763
92246
23313
12082
66458
19710
56240
92873
56935
75829
23633
99235
93092
49074
69228
70255
34329
47050
46563
68012
45171
61280
2743
6031
65800
65378
75683
71232
62320
83095
33990
62787
24570
42680
5494
34709
33967
70637
65851
31285
90257
92960
21185
43687
34574
69716
81074
61163
40563
27861
57490
10336
17244
15893
13704
26582
46968
74605
46365
34432
76615
19132
48253
63395
52056
87459
80451
1535
835
41203
85641
21331
10667
86928
45746
23756
53137
41522
49518
20352
47607
3744
39748
26010
37191
60217
30432
63108
16383
52682
68
57310
87349
25809
70960
89701
51761
28534
62279
97424
42603
2704
57189
38627
81703
32360
56691
72874
53891
22524
62191
3501
41296
43110
35786
36601
39129
24291
58714
72898
56774
72169
10722
11532
20036
36520
79723
62951
87792
71313
25257
81133
58475
61446
87389
6204
79572
20670
97227
40916
63790
82292
29287
18832
99200
90288
19247
84981
28062
29615
28808
66725
14015
41541
58110
29031
14339
86719
45366
42935
97002
60230
51856
17054
26599
36349
97476
28713
68926
98495
56944
27641
54188
4590
50755
8114
73836
27605
48448
34941
38951
26259
28130
77775
22172
38790
31239
19784
2787
53000
47990
50781
45033
55012
52565
34172
11843
42070
57823
1359
50645
61659
79171
77394
23582
39260
23622
2862
4754
7055
70498
14052
73178
59994
87727
77753
52657
87355
30436
20725
23888
70186
74072
96267
8668
77685
8776
5697
47800
47530
9492
30492
69396
97957
15950
74624
57288
15063
62612
88116
11953
86367
21750
53384
96344
7028
17969
7065
44524
88312
13120
4325
15
54219
36743
23197
65317
51961
76085
12633
19507
41715
81587
91184
86484
82568
78211
51523
27621
8523
54026
83854
82930
62921
88600
57110
24309
62173
5939
21975
26518
74311
13127
23281
69167
50632
51829
