72863
69328
58945
50800
78497
64474
81892
15532
45189
67499
16011
97673
40186
82693
82288
62408
62665
73918
95586
56821
69254
8293
91179
1371
48582
97015
68934
43744
93063
57938
33715
38304
58086
18556
59889
25460
840
26697
91285
78313
58845
82952
34001
34439
3415
7529
41243
58698
112
86092
2025
35565
29133
28972
24648
57335
94305
27717
36502
79260
82574
68306
88234
4968
97115
63910
98215
51142
17767
12962
54790
23525
79565
12811
9196
66170
76997
50608
43261
73455
25101
66870
49103
51099
91333
80700
73269
85202
50802
96306
65557
86242
28043
3759
87232
61333
86450
11226
82909
2912
42420
41212
39297
42188
36641
2560
24747
15148
94202
96170
79644
26386
58945
61204
31677
90630
65512
23021
7634
3905
30880
86385
27452
72005
42469
64643
19370
40468
26050
15696
2450
82721
44564
65479
75550
23663
98168
53392
39485
6865
88194
26249
50743
8035
49743
4224
95422
345
13039
44760
55304
68948
78697
23229
7511
40001
77156
22338
21457
18120
43212
48925
50815
30480
73485
30888
27965
98657
74525
6815
37074
78636
96395
60325
59398
70817
88704
94503
60976
98859
66027
86545
14209
2751
49355
91008
14520
43818
31096
18106
1740
47778
82008
68637
39525
73635
36899
46113
2865
59552
55726
65600
7085
89714
80842
65902
81182
78514
46195
81883
62514
44663
23359
80364
39199
93969
75766
55115
94942
34101
17997
70561
88569
22261
37099
98940
22844
35184
30892
82875
41469
50344
4410
25457
52495
52012
39405
67122
89237
62578
15883
47651
49870
42166
57160
64059
11687
16877
42776
12620
3812
73429
74468
39412
74697
89289
33291
7811
86608
65783
75121
20579
61087
59012
91285
72753
14399
928
8946
56594
54811
87037
75750
86532
94282
46215
8634
17783
69107
49827
25631
72813
25511
49240
51777
97225
99239
59299
6145
88012
66911
32050
54183
25198
91972
21044
89304
76920
60774
239
31603
39730
22986
17648
6668
77031
21378
88922
65118
12302
55280
67395
77325
52041
24138
78415
84912
71284
34224
81921
514
39383
91424
9791
58010
37356
29356
67403
98298
31631
15603
33503
68100
23425
2855
93850
85062
87477
83035
28655
89366
18468
85851
43290
54326
22495
71319
13967
48807
69242
14824
50747
86689
25590
84352
54056
91425
21486
14925
38389
90250
81486
89009
30401
43150
6121
79695
90582
66742
5363
46165
75198
14032
27179
92765
56476
68205
92584
98791
30293
22571
41153
38479
92379
65932
78587
75793
18007
36881
37564
17645
48648
95332
90203
94439
88651
14582
80610
68044
77561
19317
54787
81258
57125
64028
85702
43596
325
67341
62813
61497
42240
10498
33219
90362
70820
39753
15492
74494
73669
6715
57316
86243
37301
99813
92768
98575
96815
18048
