50647
98798
39128
206
64325
73079
6856
34271
85725
36431
81758
69762
55804
73658
35847
58557
33044
58296
59100
66331
96992
82884
79270
49333
22879
24195
38520
88303
58668
6076
28982
93867
75314
63656
39815
56773
61515
48333
6007
59613
80482
10580
21114
49251
45115
27818
19753
76969
68320
24373
28881
98699
85016
17683
97193
71452
58634
25594
44929
95999
3297
11102
93176
48179
29691
98055
46978
33824
64281
44667
760
89089
75837
43771
43743
61468
66195
6150
59452
83303
24112
50182
84373
17110
58416
70098
98303
17935
22254
20072
40699
7582
31492
68945
29952
92734
22004
21114
49524
22629
22883
80780
17266
88101
61527
53374
38212
12326
63557
72882
89047
61743
86061
78497
51996
71196
53968
19282
76693
29381
94442
26167
80433
1400
45045
57143
65866
77269
22935
68235
94834
17958
21800
82004
99126
47198
38283
98160
14063
51166
18678
15083
90784
51724
959
28506
97892
18608
42963
55018
67283
88765
23535
43974
53435
61323
21219
24905
70028
18922
20334
40558
47473
53945
34709
46550
43938
52527
3101
20142
13640
54815
54493
39406
75485
37362
