27219
60499
76409
56447
79729
53611
21527
3363
28385
56810
81690
26279
56268
75772
62078
8735
16478
43486
47118
81872
76329
13297
74988
77186
19727
42507
3161
35046
5162
63985
56976
62836
55369
65582
6184
43218
47458
98416
25926
32780
17130
2224
85670
13422
80637
27164
31440
96578
30935
18811
47455
61167
98134
80372
63559
3111
93215
13980
59790
51780
47541
95141
72597
5438
8408
21206
96004
79108
25580
13005
70953
72984
2417
35243
21130
33056
60466
16934
11891
55468
19605
89180
96452
20472
73093
38469
37266
18507
36705
88829
4128
84769
60316
97824
73181
16824
62528
81361
86457
29924
24463
39911
67917
48966
40004
34951
2595
15640
57616
22706
18723
65898
10641
41582
50987
14106
84681
87414
14937
40556
8621
363
9889
7294
87374
39126
73629
35688
86285
39279
50180
56535
63507
21405
43308
51791
23901
93966
34047
19242
91893
91305
8791
52410
26648
69663
83468
