25369
73160
58220
74769
94377
45680
28552
70755
46187
50817
51791
24573
93062
40545
17288
56597
99899
49925
66890
78212
59782
26295
23260
21644
59842
28662
4398
26647
50678
12253
33564
94098
56609
7008
87029
52772
20110
92294
30826
83759
90195
52348
80646
73278
49869
19017
7842
10196
62193
51220
27190
68761
25640
18447
33288
55318
96894
43083
79361
84336
92346
7247
6193
92111
61801
60746
23631
56535
62380
93120
11701
52037
58697
85739
64328
30609
41138
88997
22843
8392
50736
94737
90339
81538
63326
82329
62796
84557
98686
62810
23110
2003
68637
37782
80169
63595
4727
55603
97342
78891
82428
27777
33604
74929
91877
25197
79305
40289
17647
97548
30276
36694
94599
65073
49684
10665
46908
53574
87064
37416
42807
45510
67118
8648
57435
74564
64838
5455
85113
52860
97730
384
64537
36934
38063
2933
94779
96051
75432
50833
23373
17359
53346
58773
73196
59322
95126
34465
31467
56393
65373
93824
51736
8451
32038
55072
59177
61408
57175
4737
14363
93990
35092
83815
24294
8282
93788
34202
24508
98577
33331
86524
61978
39367
27345
74900
98790
10469
50508
68433
23559
46242
64209
19277
79352
28141
53245
65153
87918
96524
27631
77227
16817
34374
15846
27106
63340
27334
92717
35848
78660
1005
6125
47829
32256
15554
21682
11179
90083
75054
87634
11412
5888
60591
27633
16898
8172
48874
5095
30786
11246
5902
93739
25188
23886
49739
31599
77362
85201
23275
77905
1637
13726
85671
24302
31315
94125
987
96315
6099
15532
37298
51100
14725
86610
4256
28040
51904
30999
96030
16538
48789
81236
89992
52693
91159
57638
95775
35701
9273
53401
83703
53689
27464
72231
52627
68964
40886
44363
90292
86342
5821
30247
53737
29228
16244
8691
77214
94480
77353
24248
35509
78893
15809
2211
68108
47066
10525
95609
48115
37739
56468
30093
58389
7228
77282
32409
90290
46841
34605
90188
46521
52981
29231
74516
46987
85520
82307
89266
41079
96792
30368
81342
71232
56125
57781
96820
95344
86027
14587
64978
45399
2931
67741
85608
61286
98089
25674
953
33014
52722
75832
69244
48848
58667
78584
23578
76809
91536
99076
14297
84333
41877
12128
36395
78465
18823
46224
65834
33181
55366
12916
75257
99447
44855
54397
27666
64854
68566
48781
43703
89595
75928
78255
92253
47888
25364
87493
45591
18910
10030
75501
1298
20384
92998
72359
3350
10832
61452
93868
90969
65540
1579
48767
2541
10496
4648
24818
9150
83313
1968
85880
42000
78955
53716
83295
1316
22285
36866
96543
40460
462
68273
30527
61648
88537
93105
64706
85213
32530
16898
96700
88171
36572
57964
67924
67945
16920
73742
39497
3013
40854
9075
23808
33647
92456
55215
74501
98591
60276
27226
76188
54838
38759
111
65639
54325
12176
38744
48351
18606
15637
17137
22420
3556
73281
91769
6565
40936
93680
31598
49224
80545
71023
38949
96868
11659
50865
69873
24876
86225
34319
90574
19487
21880
32027
72966
98463
10088
48310
16827
6327
45745
7200
11252
9583
66894
57816
83241
90271
37212
10322
81310
38271
8980
22109
86001
65286
25250
75019
3372
86686
79575
81619
21442
66243
9960
596
30159
69373
22406
75189
53237
30707
79178
6054
52205
88517
48331
83141
6194
1727
34896
75248
50509
80748
85117
15655
4324
75250
89736
48141
78992
70118
33719
98693
77352
18101
12575
50912
46132
13547
75667
93521
62292
8279
46845
96859
54908
6813
1994
13113
97781
44569
43363
73848
30027
54954
86557
11827
71366
10421
44432
47097
28960
21768
55868
39778
23807
24513
87857
63805
29795
59223
34905
26159
41062
15931
52150
53188
6730
17765
66525
49016
88227
87278
31855
71075
17528
97428
9523
56025
87179
64176
