94376
22304
64642
4337
95840
34908
86390
16418
27810
85971
70018
50942
59019
5724
10365
4343
4212
4428
31087
74122
22129
23301
20339
30108
15997
65603
55385
22556
96846
41730
41079
97550
63227
23935
68565
27992
53030
50737
9445
41918
92863
87980
24903
40378
14319
60693
36264
65348
70861
15589
3341
65365
55430
82184
15099
67622
85290
25780
76165
60273
74325
33354
65103
47327
6693
89124
51537
58237
66760
98254
97967
68731
23784
28782
24289
11852
90392
69908
4502
66891
93407
40397
34028
92494
89238
69102
65785
20247
80621
56935
81539
80452
13315
78363
2772
99955
89303
66141
93780
5029
32776
59415
50500
23098
6294
82092
68854
91511
72950
23731
39112
34684
21246
77995
21426
37
23096
67851
42167
84391
10330
13724
52417
46548
15421
81444
79552
82523
22935
55124
42729
27923
91101
90328
98697
38057
4108
40818
16524
8484
92374
81937
75584
92795
47197
19058
1887
20710
68847
82515
85636
35091
56320
45199
42347
1736
76176
42783
35543
49468
86180
79305
34919
69573
76735
50421
5091
66700
87763
80603
45402
54112
32798
15488
12092
22882
65483
39814
33057
75710
13084
4377
68330
90356
55986
25249
45282
38702
39823
84264
85777
7909
24926
31356
81835
57971
91581
51843
5450
99962
8570
36262
41085
3715
39091
87936
86930
81953
43872
34477
48763
37311
69341
85412
67700
779
2284
94505
84238
42317
603
40600
51716
71352
70660
44831
51370
44574
37621
75508
13845
99550
75334
90582
62610
53413
86557
7926
12930
16728
53207
15904
99704
74734
9691
78450
72870
87080
10734
10674
99058
13943
32328
25306
4285
21571
37978
78179
19211
71808
36975
19437
66924
51975
18643
36994
44137
93525
30021
49453
30863
962
75858
1507
30808
76262
96806
70360
8690
55073
87231
45455
48891
90273
65251
31295
61816
6503
94334
21498
18631
30246
36695
18847
61217
43895
29829
32746
42404
64215
35515
78582
78388
25003
24161
69753
3161
26405
87447
75709
7228
87807
24426
28324
39538
99988
46501
12119
90254
47038
49521
80582
96657
64504
81840
36286
37610
92062
33861
88600
45565
92921
68762
51131
37024
39822
78798
19783
93155
3674
46718
60739
2009
72462
31233
15932
62110
48177
90066
95926
66111
96478
57205
10514
4460
61254
62274
6699
96026
52493
22453
60642
72502
5281
60552
72726
74250
81495
43430
2498
91764
31875
10054
74287
4063
85095
43549
725
93526
31617
70009
98791
19725
7095
47287
23205
96779
5340
54241
4763
64072
21063
94711
49719
96143
12608
954
40266
35636
19721
54456
10968
46248
70125
59627
12856
77973
52099
5507
56822
76396
49681
56595
65484
51963
19165
1849
75686
18960
58675
17711
57686
97062
69066
48977
29857
91772
52063
96408
78539
56546
31728
34085
50785
15320
82734
68404
25141
41126
92629
60817
17495
43736
45088
72978
3887
40260
27927
57221
87331
30259
43697
88116
17503
72966
97048
28056
34867
92886
82014
57924
1533
72513
92796
74419
20639
72761
51735
86577
44460
11513
94465
17148
559
921
83822
56745
88042
80457
99712
10850
54365
92896
53559
34702
14591
24753
17870
40823
91584
8487
49655
20160
26495
98975
23884
3238
26138
99462
7169
93290
75691
95462
74786
81935
33399
30422
85633
86579
93034
74490
7773
37462
13865
27320
56823
94839
5323
64977
28653
64682
74594
57784
52504
13011
69015
2005
10423
83803
34786
25973
15392
88180
92071
77047
85587
20494
42947
98649
31340
22981
37704
74473
19784
2009
78145
40821
60958
87972
90470
76331
55020
89783
33596
37716
71374
52689
25190
65084
25193
11333
74062
12106
58746
6648
41848
26217
28665
64189
83274
46415
78208
2319
89010
44546
58242
36060
52212
7531
69784
24394
90483
99664
91036
92136
82033
77051
46923
8447
72980
31460
34733
49917
35770
73032
1575
77176
60626
10811
2566
36514
79996
42685
86974
22005
38734
93702
92454
27790
52937
81981
4347
57550
21301
5797
28904
77578
8260
24694
25267
53075
4217
83694
93193
42581
47206
76777
51396
79165
86307
7881
51157
78198
38094
26369
73587
35602
54905
56438
32714
8336
4473
81693
68769
61767
81506
27778
48792
24005
44003
35778
14127
30590
7725
34528
4951
8257
80379
92544
37937
97849
89212
36798
52443
75748
60878
52872
98652
91100
66610
86583
51689
10748
42982
82608
44480
60735
42108
82232
28096
7822
61675
34564
10571
65381
31420
57051
32303
97605
95704
46319
66920
81422
18637
30575
59064
50155
34852
46942
33327
11793
12868
68631
44156
6761
32685
19065
14417
10489
88852
91707
72805
95962
77926
65759
69860
96605
84097
67207
4577
37644
73607
67594
22108
56403
41985
28164
43679
90791
70626
75655
86806
94156
31586
58506
75647
51607
31479
51888
60937
34726
19245
54552
35450
87246
88828
74260
44491
41482
67864
60466
15298
7339
58395
15862
87550
12083
83446
22479
97593
92984
28223
26741
33973
75102
5938
3
60486
63490
44613
85817
85044
82282
74910
70194
6413
87111
19106
5548
49486
83645
67556
82007
43786
93896
51175
76867
56858
85556
88192
92365
31581
63674
32266
81919
67832
11271
32475
95113
15471
20002
61631
92573
20645
67161
34227
46850
90623
43378
36376
59901
31002
38310
62594
82104
84439
18267
1591
54401
92159
62536
7539
17597
52293
57081
32973
59294
30494
4287
59184
82282
66236
14
44596
11031
6453
54980
14641
65765
71279
55339
46784
76671
75380
64053
10672
71801
20442
61234
30356
89107
74311
396
63916
1547
10326
52640
99982
47009
51143
33154
3099
99294
83822
46676
64677
94211
46316
5799
63373
69997
94102
19875
32181
49331
88710
3904
14561
30095
90357
86480
22779
34738
31345
7532
93047
81011
618
99586
81819
82629
8038
98763
51700
2672
17852
40801
29935
5142
34442
47945
91778
57725
48623
79312
54381
62371
36372
86036
