71556
96750
29505
75107
81222
48835
52520
73244
79394
32333
2499
14105
59107
87691
74549
1249
91676
51224
91609
16832
86367
30088
80591
42692
7013
74910
64288
61154
82895
67583
32668
44780
88482
64127
52868
17995
41576
51523
13511
72201
48751
29394
10152
23299
76566
99800
88752
97821
28395
18139
62193
47710
32492
79774
21055
72343
30093
55807
26066
78647
69597
83654
34101
19290
601
14565
91266
50247
70996
94618
83638
50659
94142
96014
57929
79888
36770
84358
58484
13283
38862
29501
4913
84569
2501
48811
50275
43930
12691
4286
44290
65870
49308
88816
88545
31701
80551
75424
13580
45183
66826
5981
19729
85945
37887
44585
13395
22151
80461
60456
54548
60634
51759
79750
8321
56086
1139
44855
53204
81309
10601
70286
55055
74324
19993
16943
53482
45054
2169
66311
48373
76802
71358
83723
92335
28095
87842
6238
47496
39190
50794
62930
38032
87023
50090
44331
50465
41096
77604
45668
26982
75561
4431
79075
71762
65043
44856
76104
34567
60654
88842
25437
5108
63133
39332
38906
69530
52550
74732
86784
27881
89411
80549
41201
51449
85353
73259
27959
98794
78656
34026
53121
75240
20967
80432
81385
84539
94290
84694
11950
47234
32810
26772
45683
70843
22038
83987
20938
6280
48641
93941
18155
27488
76192
15021
64350
5038
85154
34380
8318
11841
18023
7967
4007
48114
34321
27069
32809
11739
1051
79701
92732
97955
66031
47687
53180
69334
53511
35048
33164
79884
61698
21277
89993
57759
22413
85404
34138
42657
19659
675
44946
94325
60707
74776
18901
69736
15954
44733
12254
54222
88090
76858
14031
26150
95546
94378
55713
33689
5655
43926
51862
13674
26362
61855
62679
6642
29559
87805
81307
81421
5333
29489
5574
90798
83827
38221
62185
9661
76910
84178
28974
50872
74694
49935
34985
73133
2011
5557
4538
70841
93519
20823
68465
47606
85000
40976
73462
40801
16298
13701
67730
95957
98144
43238
78085
25427
48324
53469
22351
54948
90187
21273
25229
22022
15053
93157
45079
21077
39574
98806
70978
91018
96068
60121
29952
95894
36964
34543
52447
54041
38603
77395
42840
87990
90520
11512
78545
56134
23774
60690
81985
71865
94589
1734
42891
52032
72790
48052
86949
11571
68281
61591
32909
81944
85809
44693
41434
55787
89109
98101
35812
77414
60355
62900
22878
1498
92090
8426
19149
34366
69239
69184
35520
72009
23886
39098
5975
31925
50345
26216
2888
44483
97146
82207
9309
60241
47565
3599
