61197
4112
16757
27682
46927
74604
22440
36567
66705
71546
32084
27057
41369
65906
39267
38823
73337
37295
7671
37847
83798
46405
9192
91173
89835
11485
36642
24848
4906
52426
92182
57431
9716
95342
62000
93581
56638
89496
7512
63039
58635
46604
58122
18484
49577
24751
89111
39451
42023
69255
30056
45151
37531
71140
9592
6845
56005
44293
9522
40782
4179
47250
796
91101
80885
85201
24675
96862
3868
20369
44451
74206
42893
75135
59187
19401
76273
87182
13901
32593
73668
97005
5765
4474
6621
82394
42520
11499
57814
43280
84632
67559
34479
78349
76459
8578
74640
34410
10296
40344
38905
60510
68403
15157
38370
66918
60844
66333
17501
30271
45258
25463
52533
94329
37755
24837
26617
42689
49578
32234
52389
73701
57415
48010
76936
24508
86
46433
69472
73184
69999
30260
63919
55452
50536
33175
61034
74804
88748
43539
48066
17427
94204
40534
41056
1835
54813
12118
67514
77150
13817
18486
94726
481
98412
62738
9831
35320
6924
76272
58849
47109
41327
60190
79605
73514
2964
16346
29402
54237
33979
70547
48727
33590
36439
19779
17577
9023
43924
5738
35182
93080
44897
58795
36366
86229
2252
51727
49246
50891
4924
60599
50434
23717
9040
44634
42711
31795
69503
628
61924
17541
1582
4264
76461
34518
30330
37129
14428
90801
35336
80483
29733
7234
91037
7851
62526
34778
99850
18167
30608
15867
66632
48819
72984
98605
97420
87978
95254
83162
52436
72939
41031
94680
32922
836
53051
94391
81110
69374
36693
84267
35192
50658
92494
94156
27447
88171
35990
71553
50888
44374
79040
83179
39377
95481
1200
67926
91256
89071
68633
83051
96956
88896
26760
54482
50063
81777
77804
4221
45776
29849
57361
35243
6162
67038
65287
48558
94553
96026
46777
60408
42074
20309
25368
54658
16041
99348
91330
37208
30932
61987
77884
62043
31253
64014
44698
21562
92279
78639
41610
19895
69147
21953
51416
31200
61247
39758
1010
74751
97465
30842
51643
31374
89120
86687
96665
94380
85665
28805
7223
97983
52079
70483
66110
77127
30022
76357
92012
94261
85687
88889
3010
92131
94271
51755
15520
43464
81010
88834
90523
64642
9663
7302
24329
97806
64525
29536
99833
37456
12145
17533
78891
73209
76264
30535
85074
92071
91278
60747
37652
6481
29314
64830
64208
17418
39126
71879
23838
32933
85112
23425
97263
44330
27254
52632
54459
72838
52464
30196
88921
37869
50340
39790
31095
94911
23737
33602
43016
46544
44497
33391
81880
11565
73124
59394
5598
84315
35351
29426
49468
79128
63757
34524
25802
53454
68195
17892
9588
41699
22301
10029
59961
33021
66019
43160
63009
59888
3747
75557
50853
58223
22164
372
67073
59618
62421
84917
57717
24402
11536
86709
67477
54780
65830
72057
18932
84231
25994
80768
29817
26535
58455
24064
30108
20855
97956
84049
60830
32191
27801
36968
989
34575
94349
69954
77795
50124
6187
87739
73859
8167
65473
72658
22670
6115
71839
55169
94238
2030
27589
76755
87474
24630
41065
60208
87726
63617
82259
88583
62434
89820
61703
2902
76507
19026
59830
34581
90870
99189
7109
90472
17973
67591
65702
10947
92188
53204
77093
64350
1257
26092
25888
88578
78715
16944
76011
76578
12090
90716
18864
50819
89287
95811
47038
41597
98572
46267
81246
55011
40110
4935
41534
46251
12040
49712
83844
16347
46869
7117
18376
40045
25370
84808
25909
42168
3365
63160
5509
87258
544
47657
55228
90718
40447
66270
70962
23547
52695
21552
24098
15722
41083
70672
47089
95584
28476
78847
32499
97997
78270
44097
15525
24588
35951
15799
