41223
8256
58882
97702
16798
23529
37439
21601
34994
38029
37440
31894
33493
10148
54094
27365
8614
83230
96971
37998
16711
65161
33381
23621
85954
77904
95078
19290
10605
46167
5985
96847
54078
68248
16063
75541
70807
20471
50284
97896
76677
74429
93147
76072
2003
69324
86801
22314
33075
81694
80221
27857
83214
24651
93816
5086
79687
50633
60630
73237
47966
44564
73448
94173
5441
49865
63717
61833
2989
40360
17919
61580
51502
67552
10043
93287
29637
805
41948
92829
24421
30778
65702
10810
77122
54551
4848
87648
47577
98110
77871
32959
28118
67309
34281
51587
3620
49790
96144
38589
53797
47694
70615
93846
11369
80279
5561
62474
66164
86356
32560
24661
71087
28064
69158
97178
11492
52078
41454
5605
12545
42549
95951
94286
10480
44337
46447
20529
21273
30886
84384
91022
59607
75963
62883
38718
14333
98492
93574
53018
42333
68609
81158
73689
48873
92109
17519
33093
84281
59954
18626
43938
37968
3353
67562
86803
47923
24718
22306
83453
42258
17669
54636
39167
62928
94843
69431
91000
91850
67913
71035
52479
94957
93910
85876
71519
75942
23305
71937
6129
19645
62463
76675
32888
43181
25262
70565
53934
39022
28310
90706
48089
4203
52231
28875
92982
98882
52113
42939
58162
1734
56328
76107
96008
58599
41741
20702
34477
36536
48979
62707
82176
78722
42740
9185
72043
87393
65076
93661
8343
17651
62800
52893
47189
81803
18467
65692
54563
17256
23215
76022
62689
80694
85278
19002
55725
38736
16782
50005
10126
95638
25669
2571
10940
64899
22617
12131
78605
74910
73888
92252
32821
1967
71687
98224
88704
91704
9908
18832
6873
15701
92511
74895
19445
6680
74874
65126
35860
81804
35297
24550
8246
98503
85885
25854
27430
11379
44267
82608
38592
91704
24662
93873
74029
62932
65306
56752
7955
2444
84459
48173
13976
85549
71169
99896
94124
89307
36702
38476
42616
22365
88828
86525
77360
50583
18484
60003
46240
30958
7291
41260
44786
98192
60841
28273
75547
72711
21395
84943
97803
25767
54410
42275
2002
48787
31643
13949
35129
460
31314
82786
42195
50883
59655
95638
31125
97566
43411
89907
14658
48581
73407
11502
11410
66669
72120
87124
37628
98442
56808
45707
68146
85240
85926
11425
21981
24151
95066
13961
37812
87178
44586
28711
28449
24514
92901
26754
41865
13366
50113
23458
56614
76357
90755
69291
35470
29675
40593
27283
38903
26080
20517
31785
90577
70564
37486
12359
23725
37452
37739
61476
87972
94675
51584
41759
22496
89435
84488
48446
6700
11149
75577
80861
93753
51741
87703
83683
14562
50413
62454
37895
78523
98489
49394
35357
25849
34478
63379
70978
86721
68667
57239
85167
53402
6473
2343
87833
52384
98736
96405
31309
4915
6970
55730
20166
28007
96703
27155
78912
30315
87692
94663
40212
21791
36197
50131
20045
86327
44525
4421
9964
69005
23042
62131
8019
73950
44109
19470
28348
28360
41993
50073
55190
52651
80271
77805
26465
89325
35735
86902
13007
10065
72542
66699
76874
85232
47278
80049
47017
99472
63623
86290
28322
95059
4966
63652
74097
7657
92505
71446
52963
15532
37429
47781
33335
46066
1468
84660
37549
68042
40277
25910
53274
55488
67113
30047
83968
3629
3966
64262
12314
69667
55718
22792
63375
10518
83615
68675
76701
64811
37479
96226
8178
58956
36701
21885
8811
90206
42277
26533
27675
25404
61059
87483
84240
83257
48467
60920
58827
70217
2369
25809
56931
8212
29220
98175
77007
13079
15127
37701
18380
1609
54228
78515
51308
2363
23909
34928
26918
4502
68743
28399
92179
96517
98499
16874
4560
53063
9706
22427
31876
27392
69949
96536
32730
82811
61013
11461
20624
15334
23960
91880
70186
84819
10801
30336
50180
51472
58557
44762
96674
51388
57309
56098
8575
14467
45587
65460
46400
17830
58494
79985
67443
71744
60996
20170
89382
89729
32970
21514
84439
21837
9131
61549
28347
10948
96724
79353
50376
52101
39872
12940
88245
90681
30980
71479
15463
78366
56509
25252
99885
12079
20352
56909
36407
76675
31692
31053
93211
42959
93825
60163
35188
92291
83670
89663
14762
10111
38379
12803
77830
51780
39421
24683
32074
55929
62402
51051
87214
56963
55560
69127
87548
78498
75874
66680
54685
69107
42979
30067
18154
6644
77908
62490
33183
92612
74944
49863
23692
77586
37373
3584
46268
4299
65335
53389
88227
73817
12
5479
85169
91056
21619
43989
7749
42286
89485
23347
81578
31995
21024
45874
80393
19190
19666
25735
13570
62888
22894
69016
11531
5065
31039
57862
56979
10617
46181
38315
48701
308
80875
24613
66570
9055
91140
35809
30386
89249
57200
31831
63001
32025
31441
24725
46052
80036
20249
18365
50533
90448
4170
96427
96623
94255
96598
67938
96510
85949
98254
95547
97248
90621
14160
92662
9671
44195
64937
66055
59847
14562
36855
99545
2794
58899
85803
46395
39968
28500
89317
94876
30327
1736
87399
67972
73576
53757
74398
66778
96901
61577
87782
32
47072
9775
92069
57008
9385
44189
61015
54689
30135
74652
40369
71885
25563
21641
16405
20245
45983
10144
99065
32561
45353
30690
97418
48376
27197
95792
28633
23992
29444
53625
45341
28953
464
12226
86209
67819
5270
73740
5182
1888
40440
49303
12409
50887
34743
8635
35267
24524
72118
50027
74821
80335
46912
35554
45393
3165
2938
82323
64594
1003
65344
4413
72924
