62814
78508
39623
18666
9279
59952
78612
91229
27955
25230
28676
48482
8799
89423
79785
98676
96138
41759
28820
71967
13586
37752
82631
30172
87627
3550
65248
83602
57381
72111
34563
84679
59455
35651
67225
18620
49239
43885
54517
46830
56506
63665
89568
27118
64871
51687
80884
68476
41576
43847
14402
50061
50566
44565
76880
86646
13936
13812
35426
97334
36759
90427
57324
17883
55513
83573
71446
56614
77912
27311
8066
69253
90528
47784
75050
29322
2275
43997
33647
98610
83379
6963
35187
75155
94837
67370
46165
69524
49136
13320
71419
227
22794
85236
21869
40399
70223
2145
61610
42501
1149
18900
43152
34704
55696
61218
57024
71317
85115
82137
27978
17653
91221
6061
76797
78027
56137
72186
87679
78705
52255
26333
73783
37365
69739
60708
90962
39048
61542
4427
7379
19852
42488
80324
61825
58942
8446
48602
30711
50837
92353
25655
80854
71712
17240
56111
22849
8646
10339
72232
60933
70019
64815
9747
16158
67726
34273
9370
91014
18798
26999
65289
80736
85861
16184
95066
26350
48977
34840
41879
45971
18944
91439
67860
85037
67251
58807
34288
58506
80808
776
53190
31650
20928
38309
45171
65834
31429
17208
8444
29355
66138
41789
25811
97745
38317
84296
21015
98321
19548
38688
13539
45348
44655
2509
79070
86299
85551
10297
62528
69613
48235
66337
90617
56288
10176
34996
64065
11045
28559
79024
13640
43723
25985
19982
30651
46357
96011
7214
54481
40964
69098
86617
23443
3861
89797
67995
55010
24091
86547
44121
27025
97338
5944
97628
83934
30915
71169
4673
50557
88599
26067
5980
4781
61923
7281
68699
81250
32001
29946
96735
66343
90674
1139
46419
47608
26810
94766
70457
24995
78543
25050
8294
98594
7118
33503
76284
59338
63782
58427
46484
31200
72886
49603
61687
33360
75622
45049
11690
71096
70804
68492
2601
18464
14229
40991
10020
15138
18327
18453
43523
78218
73417
76058
59176
46370
20467
84674
64001
35018
26911
92289
53629
8168
74857
73312
17890
81761
6477
65338
96028
92943
36050
80069
68114
52919
85420
8709
82880
21177
23254
17936
39456
26977
85638
74709
602
19339
29314
69494
47576
82632
48740
47874
1616
66821
20594
16153
80759
73219
47471
24880
55980
30625
807
68115
76269
15255
81631
19681
78956
66092
70846
64454
39874
48423
14805
27407
21353
71750
66936
55133
89705
15507
30126
18748
94478
38305
69071
44996
27518
86788
92938
57812
23106
32828
19279
17899
17516
87261
46377
32944
79996
45888
25388
91266
64234
55331
12446
83153
12264
17997
74152
24950
18422
19913
79271
59424
14549
26137
76137
85102
62747
60702
89264
10720
74865
12883
23343
20393
35336
76420
48468
72514
5750
48380
810
13917
1171
95406
31526
39939
37592
94709
26599
46668
30047
94333
99126
52096
54631
55969
37316
56903
43338
55605
24321
55415
31775
24106
48656
36722
78191
11308
53663
94050
41061
85490
83309
24044
3582
6487
37185
50163
72365
92189
69960
86344
39784
25325
27471
95613
6394
60186
22620
60031
16174
30601
4422
34296
6832
24428
59526
28084
96166
1115
41989
92946
95107
11600
63633
43354
33885
87149
62735
62787
22214
36652
92734
35154
17751
42025
715
25118
54107
56927
48710
47418
30908
60053
83776
68435
57484
9937
11036
84141
12217
28630
72839
72155
66118
16348
55737
39432
19206
90647
50651
65566
27459
95895
46195
70212
13363
86008
84284
17857
27260
41035
52699
88316
80895
55804
64305
35036
34635
270
48171
80977
43310
85768
55748
27788
26000
68375
37510
21390
96303
13965
15448
28880
73822
92157
26167
77748
70788
96861
94284
73427
52372
81930
49750
28234
24826
42238
70246
94915
85509
95598
58022
42710
9917
68770
81513
51344
20005
23074
95748
78031
29345
89811
95424
37902
10269
92461
33826
5811
76249
71527
7741
11733
94487
95409
92863
88433
40942
89928
70164
7914
14000
89232
77128
46852
22061
70135
29637
95078
16824
63050
54930
85332
21888
60039
44489
5791
29241
49075
78969
82186
60714
83006
28666
84616
96902
76307
55052
24810
72486
30993
95154
99682
669
47954
46514
43949
23689
34529
8537
92029
74298
91900
5161
46842
49758
60499
73986
45501
19879
1394
30068
35496
68078
48180
39451
38828
62376
16403
78304
8667
70104
1274
26382
99284
9182
25625
63078
21029
31456
72413
14509
50590
42030
76066
5173
44347
11071
65289
76985
52952
30114
9920
24289
23734
91062
29906
27133
14108
17241
63534
86443
293
39990
1954
43721
91838
67999
22388
72372
19445
700
80004
82660
27159
47633
50479
82466
55604
16046
80513
30267
93325
53856
31175
37917
47644
33573
43249
64315
6557
3645
70954
78598
54475
30941
10870
86998
19889
62039
61555
14778
74821
75220
73815
71917
71668
86502
91217
33960
58615
12873
50067
47457
82383
70769
75279
72337
28539
47776
42527
26263
88479
13042
92572
6496
86302
26486
45007
7284
30857
93826
76153
66891
93964
5886
33127
48381
22262
58996
15360
55416
46524
7067
86887
62897
78050
39896
9241
14606
75139
14250
92974
64199
57779
57632
85638
70179
53378
99421
16752
50539
92105
48502
53956
3183
7899
57468
30456
70316
66964
24276
4028
96505
99502
71306
5836
85485
3543
56678
51943
73670
39885
27615
17156
42425
20638
63694
78362
93372
44147
53947
52142
20665
3671
3964
35570
7937
96117
90201
51378
80895
49661
33447
35979
86014
84545
9000
60362
70281
73948
8761
55359
88033
26769
5317
64701
87591
95932
73914
24277
16032
49162
46943
48878
64227
25083
60578
99382
56770
5632
55372
8446
51805
69129
20094
17849
87288
846
27071
76571
92131
92654
76049
7460
86349
11296
51865
71104
11190
67028
99753
92803
86383
87085
86940
54658
1395
52684
27088
65217
63602
23660
43293
2496
63890
73198
97263
37706
6823
83849
98855
91926
47304
16337
65710
49321
19741
81983
49020
48937
65361
89023
57743
52821
29521
48726
13292
93188
57377
8459
77195
73275
95529
99542
37849
18870
46156
30005
77603
39485
98978
71795
24963
39679
72109
95093
73844
64013
33710
55663
97967
79719
89687
23093
23209
63778
87194
15842
62680
31113
8760
38964
42673
84743
25021
23890
11885
46868
88105
34166
21354
89012
73528
42670
42569
33650
44612
75651
30609
26527
34252
58828
326
