48656
35301
90929
93385
62800
43517
78074
42186
1473
63818
63354
62512
11171
46856
94070
83556
76405
5613
41793
97046
88923
80159
88472
2026
55353
96125
25908
29777
52741
88815
70622
10165
44362
66622
76609
28646
34653
5779
30960
39212
18128
81094
2752
52019
53315
47013
22457
31787
29917
11023
65442
46574
44628
45282
31024
14405
11001
95863
16526
47861
85294
83434
36126
51318
74656
9931
6051
96790
95747
58166
73287
87942
95524
21377
69960
88520
7287
83607
32208
4901
77050
38589
47012
4430
60801
44179
2174
42663
17879
86765
16178
7612
36259
90669
24131
54046
17918
47108
24977
77751
20084
53387
52207
10606
53200
5842
83789
97089
12886
72790
49832
98643
36222
65321
12859
24227
79890
59645
16695
90600
64160
4388
59620
97512
34588
14178
82270
73447
90221
92015
44738
91267
67656
50498
87535
59125
84826
25058
37352
56718
38882
74180
8026
96322
29502
37607
44216
17054
22141
25578
80245
27463
57984
1235
65035
14184
94886
96989
46321
490
39070
38789
2045
70682
19376
42143
72919
11118
63911
21730
9040
36201
10743
67062
73986
43931
33399
26967
24851
62389
44864
11029
59190
71970
62981
85889
83380
17019
34937
76873
68525
66716
64928
12444
54525
73345
64851
23697
68950
9510
40117
27907
29030
94877
52239
54930
80059
4879
8731
51895
80506
16437
55117
27807
40196
58110
17653
97859
63262
5668
59203
96033
71472
86218
23869
63537
39379
21893
54390
11446
81316
31772
77783
63335
33260
82195
8753
12342
32260
72916
62133
42587
36898
26135
39508
1404
5398
23948
91870
3624
10763
93898
84096
51110
83965
59740
13743
78494
10645
4444
88810
87178
54270
80418
38914
12321
85803
44956
50169
72683
43556
18978
63734
50233
44176
45362
83553
27724
53726
52250
39088
29981
75916
75663
31375
99640
99782
81339
11884
31384
53744
44597
27933
62308
84674
69603
76614
13640
48187
55140
17258
44687
36789
90331
41465
78917
11633
17923
36200
98545
86497
9726
62511
96002
47700
77592
44409
53838
31335
41100
49904
4907
84511
31343
61449
45933
74631
85185
52983
62545
65111
81042
29804
6050
89042
86490
84459
55520
1651
47824
51912
61777
53007
54792
54899
61942
32306
54117
16916
96792
33656
40365
1025
35044
73298
81573
58785
77095
87010
29462
54622
9749
56282
9348
20517
25137
75533
34963
5928
33145
61689
82461
77936
35037
53294
86360
11257
2889
60404
84468
10111
41274
68633
76239
6462
10021
17685
33878
67988
34141
93955
44631
89081
29641
57351
63006
14597
34029
14237
80136
94052
71042
67294
80616
75107
75041
73445
50997
77235
53106
20263
51368
14638
18734
60710
22956
18140
78342
49628
72955
12589
79699
50831
97252
57378
18340
30497
49433
95455
64901
51927
7993
44975
73789
33914
72508
10203
82449
68797
29647
65633
54074
92035
87931
15350
89958
79839
3830
72718
24176
18097
60256
94492
73433
45686
20129
7566
59624
61876
14511
87911
66820
4482
32463
91643
96058
92838
75501
9931
19718
1226
9317
98893
44712
56368
49536
22832
25272
42722
16966
40416
46992
78181
37102
54037
75182
47774
19550
70780
57933
53851
47791
8013
77422
83339
34548
29351
83810
43180
11184
73546
46641
65031
39880
48816
28937
30238
1784
96766
87795
24651
94747
58085
96721
29998
59931
29378
46275
29465
9717
22624
42190
60414
48593
75915
64926
74685
84698
77665
77965
21776
90877
19237
17857
22749
35807
97354
68244
47135
69625
52492
5298
56117
36756
35923
41321
57981
61860
45807
61568
42610
31909
75072
208
99136
26852
88211
18328
27842
23100
26800
24248
30357
718
76388
18695
709
28129
45760
66851
35220
22874
35400
50237
16996
51866
88834
83744
39763
79896
70425
94628
57253
19181
64806
61214
99942
60997
51015
79804
30302
73142
57198
2589
24670
14980
68685
53050
92638
16643
13780
99066
44405
88336
12663
26795
31759
56239
83705
86725
35314
6733
68969
26195
45715
14983
10372
28539
51067
54167
58302
50858
41666
64909
88761
48914
70627
83371
69910
45442
14751
13723
47507
32893
24203
70216
74664
29424
11846
3285
20093
95072
20245
60437
34132
50972
67626
59888
4514
79414
75736
51801
86632
80272
82150
56246
1396
78290
79272
79150
29237
78233
12062
18368
5582
27247
32008
41453
81371
53170
8425
2354
67427
15776
51865
70307
7489
70846
63303
3818
74441
93239
10623
34353
56191
73823
98563
89849
40703
75921
66844
12375
79446
3140
86038
95887
24685
67128
87375
67519
53262
45115
31366
58987
68421
20288
81041
4976
28726
82279
10673
86952
51293
62017
85284
19923
35502
69367
10233
83533
88837
35961
86195
29725
75835
24187
96737
10269
85971
62694
57880
63559
931
46786
2337
79864
22827
45511
88510
40886
53462
2967
77529
86602
72162
93793
18593
96480
90766
57705
15642
98886
21463
25587
28042
92287
13370
17247
67760
14626
23052
21392
23085
88894
99106
13091
16413
58075
31662
24353
94808
89828
91794
24017
48172
1518
16849
74178
66480
88512
71970
55787
89508
6525
71685
68571
31483
29817
22153
23600
36205
77766
77757
24600
48471
32360
62065
86720
52505
31705
60176
40879
42130
51625
40698
96746
51656
55574
99522
10107
63533
64322
21890
97110
73224
30400
25591
1093
79155
9008
3443
70431
1567
42205
12545
43668
5851
45845
97453
30051
57612
47910
98931
70273
45466
31817
36147
4004
6692
83733
61463
72853
94415
81457
771
69104
89656
97350
1290
93974
68336
84075
