51502
72175
9414
29349
54271
6413
81140
82083
29809
91167
88796
45488
96374
5779
26595
67435
41481
46049
25187
16583
11827
76275
10922
60091
12458
80573
52971
62251
23727
78515
63899
20357
41752
11260
42850
66043
54121
85958
44235
30445
76640
53935
61612
72676
18784
4098
77007
12234
9046
32326
84168
62750
6634
97697
33918
38353
77079
16703
29950
60247
34954
54543
84558
12380
67094
7984
85602
64579
38254
12950
44735
41368
61641
64327
9481
54880
32428
96814
3235
70413
97796
95036
20888
59853
18469
98301
93605
71273
43126
97441
34242
87384
7231
39548
60207
61792
13154
84024
51369
38192
68556
79367
84666
27865
14115
25695
48433
87195
44498
61984
28879
64491
59651
17941
29194
52410
31821
2984
63025
27266
47589
221
28094
64845
21910
27937
33372
74098
17047
11540
46711
41390
29664
44661
91913
35222
65894
46007
10450
33312
60264
19895
69181
87568
517
3394
52145
81284
3301
93870
18436
50022
700
64866
62270
35345
26547
72090
71607
61908
55912
85405
47269
23604
98711
78004
68542
42150
87461
6109
74484
4005
17390
69582
22816
55852
80675
54872
1353
41398
51982
35597
71933
32269
31769
37233
66054
42086
15859
41697
84800
94105
74818
27453
98695
12633
29911
8049
83303
20667
47248
66910
19322
34277
84265
89262
81689
95979
68261
23084
60497
40547
50302
96143
18706
82048
32372
69955
98679
45557
63431
49749
9953
78863
99328
55268
57201
40639
8780
65816
42165
54252
84618
28750
82490
66471
47388
22033
7297
47922
7530
65324
74165
46569
60817
20261
29189
76010
59934
83832
20435
53495
68013
50680
50729
73332
49860
80659
90750
90389
24105
19059
13422
81105
79972
41078
77990
37140
90677
56019
89391
52128
81538
58633
12269
1843
77937
51449
74883
15158
54721
62511
95924
32322
21536
57908
26165
41744
70655
61257
11944
37580
96324
67286
36279
28908
50567
55981
51051
88130
46884
61383
31191
21313
96724
80094
93853
32364
28174
12721
1781
41100
51583
32918
37411
57662
93300
34574
70406
69552
29991
47640
64656
47794
54968
25226
61908
60150
13114
7549
82652
92170
44402
43200
47394
26462
42313
40857
67973
85127
90380
72293
88508
8063
23438
20928
36469
20636
23021
2782
63632
31141
69168
65043
39204
79513
36404
23528
24341
93115
29488
87035
51468
3695
4327
30045
51559
18803
17888
39929
76464
81573
48666
11886
64888
40707
39860
17417
32297
5156
58195
60694
45695
81537
50834
34864
41141
33079
48897
82054
35198
66031
43642
74452
72503
23122
938
75058
67226
24411
60896
40702
63885
88034
42511
67273
13683
70601
50675
66525
45114
16637
18022
94766
86608
66376
45684
95465
26766
42768
88391
38733
72347
91599
58669
26051
26571
74209
96317
38922
45555
19337
92160
80691
35748
95266
83005
17240
52598
88692
92980
68162
66295
92051
56394
90331
41521
25987
51993
20204
72126
75050
25216
97555
53445
25788
8914
17387
27358
2755
16259
54942
82180
60337
45102
12606
67349
90698
15261
84327
45385
56432
27256
89259
24999
54624
43351
74315
74120
97266
1440
11109
6908
7930
88477
85231
33578
36303
35461
78280
7849
20128
81428
10255
64539
77208
92061
21240
70762
56423
73717
28314
57548
72877
2579
45413
34020
57703
92835
32000
9751
89780
77931
35736
1836
66032
58385
52183
6246
82378
74586
28476
85170
1877
51535
21710
66749
12651
31933
90758
19365
66855
94771
67598
85177
27360
36353
68524
41908
29600
70257
71202
61032
29917
6376
71457
43694
44045
41373
34956
84019
69021
97587
89356
62679
7791
39307
10663
11144
91652
48543
35639
62917
11507
96745
36326
12506
95377
52095
32344
88964
75602
4786
35352
47426
60073
20246
67331
92619
88142
46662
21269
63768
16310
19776
76076
64134
68901
84091
70524
52513
67298
39201
27525
9799
90738
86707
40015
14988
97877
60473
45250
235
55846
80250
14588
76103
26364
95900
38902
14233
11767
72010
31870
20795
98968
923
26203
86484
93104
54381
47408
62429
19779
16881
15313
70612
31742
72176
27606
62631
7720
46916
92031
8917
75612
76428
77432
52186
70252
85255
39349
23390
2357
28208
77703
9477
84827
37686
73574
25905
70871
94119
98677
2807
77725
82360
71205
