57870
88346
85548
57075
26644
56
52148
29461
36773
24670
22783
11858
91558
66819
85581
16089
2545
72528
46851
1480
78368
89884
28688
52098
87975
46407
42671
44060
91601
87428
48500
22767
38253
96254
82558
6291
39853
98874
16266
75783
38781
82073
49004
92031
19079
64276
54377
88763
97169
66859
67984
77299
21843
7614
67307
87921
34884
73255
52274
36304
46266
66196
20997
86637
66598
83415
9630
49949
60748
64784
95381
10723
21376
55113
61335
23992
24304
72760
39326
33411
32221
21729
92010
57359
11320
60915
59370
1157
45497
45798
4153
96772
90945
53238
46210
29227
9076
46386
93861
62688
69116
1425
52050
74585
16161
10457
56905
65553
12461
34468
87951
38302
17861
80096
26334
93110
43625
85961
5477
53099
14966
28812
25073
93997
57021
24167
75171
64554
27853
21262
37289
99888
59969
60618
79195
78971
19568
77267
82948
62753
53878
99247
94326
88146
19951
20040
5366
91338
71850
41271
18145
65429
23211
95618
96070
93857
97283
81514
56628
21166
32227
30449
49192
48692
49629
96994
30906
21443
94713
91821
90520
15878
63476
8342
4682
91533
39313
18054
33212
81201
8056
7839
55184
43618
74729
37818
88020
95834
27726
89536
77093
60119
91932
45856
79629
74609
9376
84627
81745
48940
17110
69492
22374
30952
99604
94451
91115
18239
36930
71767
46331
62093
70783
4161
47565
8428
54344
33491
75252
27095
83235
87679
74118
57958
66055
58940
82488
37758
87860
8348
3423
38035
33860
77446
91065
79776
46458
4539
98290
96542
28688
54477
62308
74866
26445
52023
33296
84286
55488
60946
91426
42533
33192
36661
46318
45863
92157
38079
78262
2086
62361
66018
29307
54277
14026
38880
30822
14988
93958
99504
13664
54116
99292
47384
59350
68539
2653
95167
19411
42457
47420
61754
63630
99911
54470
46443
49988
18573
57876
87285
46803
92878
44018
83645
68495
53387
40864
86046
29966
30071
97509
81435
35829
62042
13479
41696
65012
27113
77882
22325
3285
18123
87010
34386
18197
36619
38945
26495
89640
25610
17210
48262
14698
32653
78471
25855
30707
73099
40655
73552
54958
48018
17539
66643
27503
25377
99277
84447
50050
74332
63498
80675
57109
8007
68960
80056
53751
72364
82327
19192
48076
94755
85331
17000
14689
68966
78786
16101
9062
99607
31169
40107
67291
31619
9089
59042
86025
68261
27039
39694
23476
52078
56703
80681
58396
30600
86359
92469
67508
76466
19634
82700
98374
9803
54166
47863
18908
90850
63228
37094
23046
27220
81498
92295
45526
38031
68110
89027
24069
22420
9065
62730
62354
50395
55795
19049
46304
2096
37283
1349
86063
14049
28167
86175
1516
80844
8273
53073
76850
69740
90260
51340
53624
32709
26963
53476
50915
99888
67693
75262
86087
20784
7554
68088
11277
34341
51501
47664
72526
160
99655
39256
66656
52458
29175
38611
11051
32031
40120
71607
57117
41631
79387
7521
16777
73792
81994
35447
44820
61938
64489
39721
70119
55803
45714
93330
45314
68614
66152
87222
98235
78406
22994
51753
93518
98667
45524
2255
8878
17096
34317
43379
46626
21787
71734
86525
74568
31053
94069
59501
8165
28217
26477
90218
39758
93236
65650
52454
70208
40838
51631
40883
98818
79826
90049
99651
84758
76961
43675
27252
7398
44966
27437
29890
55225
36197
48215
19594
14141
66973
83004
8755
52482
36960
70371
95201
92643
90983
99156
65096
40953
71386
52704
70675
92501
17289
77238
4504
7840
64882
45246
20843
97064
93180
30055
25415
38691
61199
31555
27704
6623
11883
16366
59036
89107
70062
88534
45786
390
70995
79699
59459
91356
61125
88383
99825
8142
52734
77479
40354
19973
79316
26454
7014
81346
40964
70971
76763
15357
4702
34271
86825
17490
44305
10103
9599
37423
45616
39049
74191
82649
41141
44331
47621
40263
90630
72211
19368
5789
8418
79637
15446
97646
80203
20192
61762
97151
60883
32387
9422
65612
6083
48437
55126
79347
40619
66161
30833
3490
60507
7049
77284
72690
62669
45192
23373
30050
41869
72804
74385
41397
37445
17309
10605
35514
69904
42441
85385
18760
90718
43112
68041
30133
39783
13215
99054
47496
37046
9438
27071
67897
8797
55274
54107
41532
13879
71750
66100
6895
91056
31674
30585
33908
70112
35553
20213
19794
69498
13116
45837
65511
13403
60848
40526
95735
68726
48508
58875
85621
77290
75272
54765
15270
42383
16784
83718
95998
90002
15246
44171
55741
4876
64500
13469
74785
71759
7966
92384
48730
82617
2297
7077
47869
16275
26162
97922
11654
73695
54667
54158
12461
36252
65412
40755
44227
97750
27133
14575
56895
97613
21988
53223
89960
5813
4056
77903
75696
79114
29586
44980
61201
66317
52791
27662
6444
2050
66262
37768
47701
83521
84285
24869
58811
12281
11486
41206
24532
98373
91319
48757
32531
41433
41356
59734
13005
76700
