82804
42226
70376
69727
61229
42662
95037
41114
79806
53744
41970
70699
5600
15822
19639
72015
20763
53302
15335
40853
3038
68714
35262
35607
31844
91281
13075
51920
85910
47557
59686
12910
76542
167
19364
54418
81225
10739
90118
60221
10205
14626
25872
27611
43244
86402
8415
25982
71295
20917
50087
87675
8954
87489
71704
83808
15744
5468
99090
48603
49480
78454
33913
68673
56689
35839
30231
73702
75632
2210
48322
32690
15831
73940
65816
30811
32382
27975
65005
97059
22378
99765
92991
52003
88940
61069
47993
92738
92810
4021
84193
92780
8249
38849
15796
73534
52321
39596
66458
16419
57754
36393
40419
480
73193
21676
98365
72866
24332
45980
71687
9217
12447
92742
59210
10077
66428
18092
65323
54274
56434
65451
6816
54533
13131
744
17038
56551
24968
35832
5910
35398
11768
82462
584
31703
26216
11569
46197
14566
16931
54731
29770
29453
343
71103
86370
68625
46351
92179
8533
14231
75530
99437
76988
87227
73551
32308
90815
71299
79026
52395
79390
56860
17840
34181
66560
46835
41634
26493
59778
56334
80666
14547
94584
15772
84443
85416
43200
45823
26828
92327
89778
41587
40017
48524
24142
53718
15199
54573
74064
61725
82016
93273
91957
63951
86117
17645
49805
49769
44229
28791
84926
98649
38507
72136
45498
60398
74745
2936
56899
77244
92678
86256
63321
5900
69988
47463
88418
84185
42864
1917
18901
72521
17100
89109
99974
12804
93769
15330
54099
19811
59277
44415
64058
91162
6412
65577
19189
8625
65378
81144
45146
48153
83292
45692
30610
47600
86595
50598
69944
3365
67440
30372
52247
90439
64783
82112
14711
43674
5543
61037
22483
69568
93406
28129
48546
81151
55155
56457
47260
77813
60177
59819
50423
40944
28152
40181
10989
98842
84250
39480
26870
997
57570
50149
34272
2210
47090
15488
7993
36543
54975
44740
22854
6781
75821
82928
20801
91686
15946
6894
68731
33287
41965
80273
4842
76371
30150
26076
44429
95103
44511
82252
67852
47359
46558
78903
82224
90204
4071
24820
40295
24785
57789
38213
35945
5138
63062
57549
93437
39196
45034
62052
83960
76721
13502
19476
33506
22697
57344
56706
28898
75863
90553
75687
24692
96952
23049
73043
95787
34772
4452
30375
8456
21139
73329
99090
55565
52342
89389
3205
65131
20883
82027
80398
7853
84963
27309
69186
76368
67726
28062
34136
18188
79920
76198
21173
50832
6705
94489
16250
17451
92088
63839
8908
24163
1840
34401
59349
44716
27934
83687
80142
5538
79450
67351
35204
57510
36232
