90822
92616
46279
90496
15082
81808
4187
72778
48536
20421
16213
92199
32960
50164
82952
23352
77280
2374
14025
11416
64725
95915
90645
19265
85882
74558
62999
96298
21977
59749
70606
37765
5875
45579
29441
98566
50694
94393
5056
88161
64541
99537
56216
87666
53723
88076
42379
41900
90700
37592
87945
38490
76989
18738
23607
52699
91436
11855
40084
82248
96059
11766
52256
43647
48524
11897
49695
95115
50576
6442
78183
76009
41535
64799
43445
58765
38790
21423
58245
98156
59870
4596
54065
46380
90772
46942
35811
61889
41998
44182
44477
4406
64647
90729
23097
82017
12409
54462
21204
69149
46648
92601
92675
40007
80224
82933
14626
19303
14791
88139
95482
3595
31641
82045
81876
48684
6455
97313
89386
59392
63978
40048
75128
36295
86747
10381
71080
96189
91660
69695
27445
57744
69686
80303
2633
58463
53306
92529
84906
62773
89101
65249
8165
28189
66096
45597
34482
28548
99295
87799
94182
63302
80207
98628
80860
71447
69046
12532
30805
27936
16730
85299
73453
83767
23733
68474
98699
74614
3962
97720
25425
10973
28835
22633
84790
18374
4243
18912
43821
76747
51718
96467
62268
6748
13777
41362
55754
36975
22836
93786
11365
10395
17805
38112
25000
60969
67883
67989
55916
58388
89760
45476
94651
45598
50537
52014
72491
16812
59615
14279
82829
53820
21575
6982
46856
91339
90022
45707
82585
59305
2182
75056
24257
81956
87678
51478
71752
2098
67569
99978
76417
6600
24268
70642
45364
15750
13646
40703
76489
3331
93764
31579
28766
60578
6619
42377
16116
52609
71420
10947
90105
37844
34955
71685
78621
39157
2610
74790
50010
1695
87758
7938
9114
87620
87380
44627
29319
46552
81793
48193
63804
27370
95664
72817
90485
36495
60481
73024
73013
92777
56438
19229
81884
72066
73380
64095
16983
28335
11756
89016
41615
8272
33311
43933
66302
98677
14065
81680
45054
93555
30051
51353
57141
41352
87763
91508
30156
14566
15891
73359
9822
74852
95581
71427
34138
47503
67859
71493
41108
83798
40235
4800
71936
90071
77798
9218
34873
87966
95141
80303
4391
1848
62262
5345
44426
41005
55320
38264
78140
60215
660
6513
69300
93447
6774
58462
34331
92316
95363
11391
48209
20596
53199
88572
79891
76142
72047
55497
6906
71174
81793
58153
45639
35143
27954
19124
16047
768
15831
77700
69723
99171
13769
22632
74894
1994
16874
1684
12925
24750
68506
39917
59892
81053
13750
91303
83172
23998
25945
40860
10084
76811
27056
22786
55735
5549
65815
24083
62500
9639
9349
30340
5061
60211
40879
28812
26924
2680
57680
94926
74623
48401
53906
72769
90891
54756
58210
2588
2496
55274
63247
51362
9775
83375
31678
7433
29757
9889
12927
68273
23836
9991
21545
93107
1993
97005
14087
55453
66202
19211
80648
8905
75650
12246
12568
33045
73890
21834
58815
65648
15048
11654
76323
25055
86427
27176
39490
91908
38337
6997
5479
97010
94575
76913
35774
31303
5638
63284
77779
89110
28877
21317
70904
47864
23336
1773
9156
95476
9472
92435
94638
26062
23502
93804
