26847
12323
14780
3076
5555
62391
74083
81056
60539
50507
42907
26217
15043
22667
52210
65861
96832
3856
7853
80507
42847
3074
66847
63337
74599
51637
40505
56476
55532
93443
47091
38135
12583
80544
59132
6740
81262
30379
70879
27076
54696
54946
47220
5123
3131
24528
29474
51015
79546
89557
38165
21743
21271
99019
62510
66149
36268
47771
61076
73042
77209
3523
24099
32557
78867
77720
3521
77911
9685
71816
70506
64565
2686
57066
80144
31047
560
11776
13578
5765
89911
75339
74207
57030
71842
9078
79137
13732
93160
90594
65932
86766
32780
25569
26268
79328
29995
10270
8958
54946
48514
48321
4691
39395
95900
44968
56020
5892
25860
26478
14164
58544
21080
80920
73478
7211
2067
45551
55815
52547
34531
56088
36705
78873
74910
79238
11481
64620
35199
71370
78723
48402
63623
76933
74898
68895
88736
40419
8387
65820
9732
72593
27604
38799
75157
28709
2376
32680
44889
25569
34367
94632
30382
21427
16495
33911
30282
37529
40613
59605
43848
37029
38960
81115
47961
60240
19547
24626
79597
49266
87965
79617
75100
61236
69314
18445
99803
31429
12838
70900
74906
1767
97842
80899
32733
28146
33111
81974
89110
29388
10734
11929
97719
13036
99812
81173
25339
67529
27878
37321
43952
85542
51361
6278
12288
27220
82557
89357
78928
93396
51517
14202
89208
72818
17869
26677
50185
27429
85408
96658
79664
70535
43795
42916
62200
57806
14018
6520
90059
68902
94657
46537
19697
44975
74973
22427
20031
58105
36853
75426
42793
9976
63691
17598
73445
51107
31916
7139
87232
63386
1962
82066
32701
1035
97313
85721
73400
89567
55
33506
19603
60457
65922
24501
72974
35985
78950
69472
71082
38948
74672
70494
54172
38098
96994
17970
15787
30234
34881
32828
20135
8132
80741
63584
31112
87081
26675
13687
40416
46668
19360
79483
20055
65342
60969
67200
97895
67133
64096
32455
52235
92360
48595
15889
46793
31108
23705
99438
99594
20972
63963
97352
35701
13010
62695
85245
59127
23819
25241
16429
26865
4918
60222
12531
7657
91777
38430
81669
61071
90078
84578
58187
11646
26904
58220
71857
62319
60501
10703
81343
93372
50219
14115
26310
87304
77773
94401
37488
39072
62197
18416
10638
96058
95675
57949
16861
80394
29350
82025
52565
33172
1313
75712
42336
13707
67661
49357
20258
63313
69832
27694
42210
5491
86442
74660
74813
41162
89350
59474
45287
23043
83106
16137
20651
80599
82392
17071
3226
31547
96513
38681
99870
64206
81836
76266
61160
79285
133
43378
25669
3051
87363
59066
83737
24039
22697
63449
56181
1048
22964
48997
63852
19493
11428
74247
33500
27405
79544
57424
96624
8531
87292
69848
3672
19771
89289
28446
85923
66912
61351
92202
84845
40469
41752
6806
97851
26613
82197
41398
56458
62060
2614
34279
21352
59993
70871
84819
5473
92566
9636
48327
3897
99246
73403
48175
60245
10642
58712
47744
7475
32223
55065
50909
7106
39828
76409
72233
78293
33985
72980
41606
47169
41096
83938
99202
38370
61112
72959
82745
44969
70259
99440
23062
2798
24323
89097
4645
71612
49499
527
69049
67816
47972
46130
91940
86681
91666
83414
84663
78637
1966
41537
1506
21439
25528
37233
66152
86310
60927
74825
44389
31093
62875
13262
89900
96298
23687
753
70369
52820
15517
88163
8689
30504
76960
24788
260
80638
30467
53541
37582
27156
99865
70129
18698
46929
11382
97432
79341
38864
64454
52677
17935
33992
87295
22000
45186
22517
42036
82765
86149
62826
80052
87591
91365
21612
28572
93683
79480
84259
98346
46664
55631
67273
25917
77318
37353
82547
13582
71743
53463
28203
94820
84842
97784
95196
8698
82436
54271
13104
45948
24632
75674
7151
98901
68636
25704
4206
89023
61711
42479
21419
84344
26282
5492
8996
92874
80473
62573
31080
43640
37280
46931
51206
88005
50340
42465
90713
60809
90354
33444
83267
26393
80458
16901
59911
92578
9638
83350
22346
57501
86879
28285
80709
30596
10432
31230
64717
65671
91390
37736
13844
75300
31803
98613
26905
80682
85310
49593
86381
52676
94209
11417
91959
94803
94924
38265
2758
64943
59446
73966
1750
17148
4432
98976
32894
42695
54547
43357
82092
81001
38156
72410
48737
93866
59342
34491
76036
89450
43413
18320
2058
383
40305
82790
8423
76262
94135
76513
20594
17782
53772
14684
92565
93745
21386
20609
72557
29696
85861
22037
72177
43571
73412
91459
1453
30639
41867
37219
24675
6238
38755
37788
90771
42462
43581
53403
10661
88217
12238
76071
82484
61465
4883
65427
98481
9896
32128
67709
46257
26691
86233
72890
19725
13959
5925
89075
32942
42209
81449
62894
28427
64012
20378
81042
24298
69219
20696
26120
82707
17731
5763
66496
66891
5322
59295
45373
70779
40462
22045
10029
63326
81118
744
16850
99646
90443
28228
19497
80379
82700
89710
97475
99076
22166
45578
3027
84839
33852
41925
22184
44697
98371
66889
66706
86081
10910
61702
527
67942
68373
5378
93004
58652
25849
39556
91943
32149
13059
74775
96065
3006
32943
66054
37626
65629
97787
45954
23331
11871
21431
81579
49543
41900
88568
19851
36614
48059
4468
96154
13357
97839
19022
94982
12468
45168
24193
97784
94655
6283
94548
15681
45613
93974
69146
98236
99844
18149
30291
82094
1404
96633
62166
87227
77884
51628
93921
80012
18967
68201
23287
76368
76333
80170
73311
95741
64051
65615
56139
98363
28963
76266
53486
19635
4675
82790
668
35466
64820
95
1538
51125
37261
27637
77756
6551
9176
30926
68996
72193
10724
42116
30251
15437
46842
57485
14602
7558
24911
67698
57905
72514
10744
69490
77008
32702
6669
91367
45991
55629
28699
28774
924
34313
85940
51338
7645
818
47938
67412
56502
2249
99392
16594
91422
73899
86253
4666
22255
37020
85781
70910
38353
76398
86072
67849
3548
37481
26989
96381
19036
36235
83174
59270
27294
27365
8633
98921
10420
38758
95356
90664
46289
52897
16262
21165
15480
65892
4922
29139
34294
68126
64837
86725
36262
35960
72774
68727
63828
30941
7475
39057
13860
45476
401
52180
71571
51591
62964
95609
46816
15619
1543
40036
72304
81901
72580
8752
95016
81291
11609
19010
89372
17467
59947
97255
3302
8388
73650
135
80157
61198
19142
21925
92146
38640
803
11661
81050
58507
