12373
57696
72784
34406
53034
17808
1443
55090
70357
56480
27026
17442
52831
98822
47851
16500
21109
71704
89789
36922
39056
99521
89328
78091
29948
22330
86987
48999
8125
68224
97421
95639
57594
45210
25049
98788
80180
46653
73595
64090
23925
4571
37795
1349
79334
17859
58712
38790
28246
19734
59314
65190
17798
20787
55173
57144
89621
7607
60650
17249
96676
80987
6914
4303
31644
33606
5437
78790
76987
80980
80089
8139
96280
16488
5801
1381
9570
42468
45972
22822
68412
70297
46176
53417
53083
44895
35972
72177
41108
78470
2461
64259
68791
35411
32278
85951
31660
90903
49685
30437
37668
63739
29025
14011
77505
89621
15163
47230
78629
77513
14476
90116
21176
7641
26356
57960
11693
21551
94925
56003
20002
68845
44104
37631
50852
39067
83430
56349
20873
11802
59813
43217
36322
46449
50675
65373
95908
67096
50589
24703
77711
46112
84686
70963
33441
29612
82242
3729
86790
27390
39770
99979
94171
73767
63822
26735
21288
80875
24949
9539
24524
67230
91526
23735
7460
80497
73648
61327
84266
14403
73140
29195
73540
44388
10673
80787
38977
71705
6572
59171
61352
12320
68498
1751
31241
51375
41917
78324
43383
12456
51893
45900
22107
46185
6248
9855
30066
9883
97514
54203
61030
4765
96544
58193
25629
43251
94134
52378
84365
82092
68495
67079
66226
17555
38372
6352
66604
85991
9650
91105
58702
78582
83956
985
61789
53456
13774
93973
54986
20067
58693
28331
47805
41132
88287
94588
79109
40838
45924
23527
11414
32148
96180
34610
79823
48808
734
49193
57685
86549
87509
19907
71001
78818
46084
6076
27449
25612
52231
14094
70715
62669
45474
58735
31842
53274
52424
56915
35003
76576
71982
59551
41589
68894
57194
29979
43380
59924
4489
45175
33097
46104
42711
22869
50655
32759
71448
96509
78633
49881
31249
96970
13081
53010
20056
74823
5843
7485
6661
61364
11253
22302
28952
92026
35569
90309
67787
62530
4359
62861
78407
51337
89547
67070
8387
55521
19157
71549
89898
70392
46763
22698
84298
46540
82509
75187
34363
27331
36942
71263
84014
68438
238
873
82914
89812
19635
2664
77578
10101
62383
43639
27585
11072
82894
58085
11562
17720
16544
51084
45895
29354
39242
25333
63683
92431
36983
52947
56898
47606
85382
60021
47001
22926
15339
98912
63507
24553
47806
56252
92987
72948
99435
40587
31280
4316
42275
96947
35914
83925
88371
7663
87141
26378
32518
12927
58864
2260
96837
78223
53610
91158
44670
50812
73244
71872
11364
90228
5463
16514
46015
59968
44371
19898
17880
7759
5756
45572
2832
98614
47837
65342
76183
63506
19078
37123
10327
67218
2263
37481
32878
65411
36481
24594
37242
4160
23663
5177
11249
61855
57385
47637
13679
2717
70824
99324
89062
13280
97419
57991
21370
56929
80322
28544
20804
47936
30645
44588
70690
44530
89222
8745
77110
51358
41871
8907
97664
75431
28098
32406
35020
66443
76503
40550
4119
28894
14264
35543
59558
64696
5683
26669
13093
58918
339
97487
15624
93844
91481
76990
34635
3161
38229
1580
68669
89986
39271
6069
98629
464
13065
87060
68710
72567
86388
77610
45073
14736
69879
11487
62310
16177
88123
41398
55613
55978
97243
64
82493
12399
90053
67429
41463
45732
91414
51359
59642
65457
99548
40554
76112
79240
49822
28781
18990
60771
45587
63768
21083
31520
44200
48984
50362
5400
58330
24217
2244
14928
87095
49904
13403
68780
40920
26166
64770
54827
52114
60634
38793
74250
72547
56277
18934
17066
19092
74018
88178
58034
45513
9159
42801
44785
88939
43714
76103
13493
82007
45950
64093
76048
93629
67000
27769
96029
98460
57038
6257
70592
543
29748
70462
14616
57215
88279
48551
76059
74451
55518
59815
86271
12540
55766
39185
64670
68495
54825
17509
66304
29860
52690
42205
28234
11163
16720
10033
29377
33740
58545
32234
48574
62183
75382
1934
6182
3800
70542
67770
80404
3864
51085
66721
51409
5003
93337
57302
42824
22706
11957
64634
65402
84410
26986
45787
19312
76752
31124
92019
9426
16852
23444
23162
75136
66280
32099
81377
61795
60850
75305
10201
52096
52100
16646
74556
29449
46413
44204
10092
10564
47318
44425
24083
57469
43997
30688
64171
89007
91352
95897
86687
7264
88621
4192
62140
47001
21990
83422
28513
8949
5590
60288
29715
763
29096
10161
73740
9081
20861
7449
2932
83772
14456
67667
51152
92809
95059
94504
71322
78660
700
76154
79222
44901
37633
82277
76442
14356
82494
34609
54833
48651
52943
79323
31895
49866
74049
4865
77578
4398
23949
9600
55100
36864
49230
81379
90732
82361
99303
31470
99128
88005
50003
73188
24121
92990
28084
96306
55643
67325
2780
31638
30970
5729
95035
93293
18149
27421
60340
96496
55493
49696
16787
31326
79824
63858
21594
27105
50159
91394
2229
77297
92080
29945
73585
3871
61251
5779
27484
10125
78247
48704
47546
90350
56097
95307
78996
41203
78296
86273
50635
89644
96972
52456
6467
94874
97772
4538
69258
83424
61868
83543
68794
89556
23850
39129
19137
27925
31231
89798
91668
4202
27948
19733
51908
90982
88484
166
97537
56066
71300
97929
42461
17361
88660
57273
64409
88718
40899
78315
96778
93997
50756
28168
13109
15122
47681
44434
78075
68681
83197
38954
85782
86165
31809
2290
86909
37747
98798
36847
70097
80935
22429
58485
29564
76924
15252
34784
250
3297
15725
92547
84245
54324
3658
86171
23078
69670
5053
23855
23764
95088
95003
65489
41255
60099
54093
6769
66927
7821
59147
61014
25613
67254
877
55130
41596
92188
50893
33983
34097
61875
99930
67242
96303
9961
20716
61198
28413
28436
6646
9720
63599
68819
5395
73764
18954
60058
62659
77264
30207
82214
31853
39466
89020
9770
5100
22259
98609
69789
4748
2104
75066
97806
66638
57894
88830
18856
12576
58411
85642
34567
54223
91088
68985
86433
35016
98675
77642
78506
6761
44109
24774
71508
2086
69188
6428
43830
34787
46889
36978
67842
88683
44211
32115
42528
41017
50362
4634
93936
26016
46262
10292
72886
48941
20434
33590
27954
19663
65849
86418
70963
