74976
88993
62075
56931
2089
14054
12568
29142
75995
1459
29993
74627
20102
50506
26487
59938
55078
74692
6544
89489
97227
45681
43994
94812
55489
67528
1548
31048
12087
40631
69099
5679
49496
58428
61517
88986
39587
24776
994
10165
38920
8395
4226
29209
1592
63459
20838
24574
3337
89124
53759
1813
83112
9023
50583
31242
79753
58476
76540
71167
66631
32214
15564
81913
71164
22281
73340
78008
40939
45613
90054
95023
91091
7854
8316
75532
22147
25954
4990
67964
29384
54164
4181
80208
6422
45111
56589
68037
61810
1737
3191
37535
36236
1452
5234
70208
42343
46348
43786
97238
30964
95901
46329
30441
5657
85121
74703
91170
39602
75656
10562
16571
98226
28575
50425
67905
49525
49396
68966
75421
54854
98776
80049
41257
87659
38105
19790
11634
41096
80131
19219
11940
73688
34973
80996
62468
70460
89667
88440
67390
80202
7550
88774
67873
3323
53469
24649
74444
35907
80954
45691
8438
27353
7835
86505
46912
35784
99453
42403
41388
92404
80099
79413
56080
7798
59425
26328
90511
62146
53549
77440
94279
91412
2119
15953
25692
93972
42034
38182
7444
8227
71305
85576
34150
41366
11484
17564
88338
41374
46864
18762
22517
33760
94708
9079
86177
31973
60146
46386
90063
40553
49413
64383
53386
35587
90116
25297
62289
52559
37254
13643
3561
63915
78278
69562
84655
57948
10350
54107
41283
30978
43500
81026
64899
28152
35655
42688
32282
46877
40187
2772
95099
70105
13036
1369
22959
68603
68231
14941
19678
29353
19050
70995
77513
20953
50787
60143
86493
44522
68583
45819
49991
80630
7842
6321
37833
51025
49510
95703
18946
26658
27366
35666
30439
71206
16313
73393
75693
38393
51629
6048
50429
31656
30039
59230
41210
90784
52594
14808
76260
53920
9048
69329
81676
89154
58595
67917
51055
60595
81574
62182
64494
19717
83621
75604
38037
73646
36637
35158
81856
15432
61669
44890
37442
64039
72345
56768
76051
55687
95892
170
62248
76268
93907
46543
28363
81396
77069
50185
26739
96929
27827
72587
33740
53491
98287
54218
11791
67576
19988
29474
60854
48852
36566
53111
16713
96763
43509
31230
77591
32177
86584
71339
62675
41265
15491
63184
1562
57026
7874
37583
41277
20339
33250
15265
65579
57548
75327
87063
25439
37376
67126
48955
61670
62296
77484
30274
10236
31103
41281
82914
91022
55379
19247
84889
75918
13472
16736
80072
30297
86416
47506
13333
84965
61394
16252
37544
89051
29381
1392
97495
35761
12043
8734
2377
65008
48569
77794
42872
36427
19405
34510
99325
99788
85822
54511
37996
78871
40493
54968
12637
96531
44549
20242
4724
8694
25606
58392
62862
87342
1720
13019
16194
62190
97434
20587
95624
6742
22331
14383
36488
31238
10603
8962
27956
51386
14810
5906
