32679
26951
54114
62530
14392
81153
88870
94942
43867
50850
14880
92203
9219
54372
1208
10237
61241
40688
16765
69219
28902
43491
34886
12394
12212
45202
93172
94982
1575
70876
72707
48528
89213
58889
17848
71770
873
88401
10952
74529
62274
685
22387
45363
95694
82297
24262
56200
20902
1365
56228
98499
23889
88729
26552
51955
88428
63100
88780
68508
81975
4502
77373
61966
22604
4148
27652
41274
75957
69301
1922
14814
81269
35884
92341
15742
79531
30242
70324
99484
74722
15586
43996
27470
75833
84098
94418
22006
50669
62520
39448
77513
16419
50947
37979
90472
12461
25525
92874
83662
64222
40249
43569
39929
72801
21886
25375
63626
29820
67809
22979
8730
21579
68883
79224
73832
53914
1786
30788
35173
43229
30328
10371
99887
51763
56401
2572
30171
66398
20454
61372
40983
79527
67214
30746
32019
35883
74641
56190
53654
38834
70493
45178
88028
30915
83106
12954
24233
75914
49382
40636
52527
98504
2229
68834
60268
93913
35196
22658
680
36436
71067
86925
94819
67909
2622
67520
73275
87241
14174
27373
54247
98931
74124
62059
89638
92014
25486
34613
29683
62904
86685
63319
64478
53628
4051
99135
470
13786
99471
55843
24572
81073
50961
81058
96327
7041
48243
3944
93239
13546
63718
74780
79647
87126
71104
11866
31891
84052
20171
17469
5155
51594
8567
92608
10148
61669
42790
59008
10690
62379
68596
51197
38320
24372
12874
77614
21009
86436
81639
56124
42984
11474
47920
62087
64850
737
2846
41299
89957
55217
12256
89496
2590
38923
58448
1535
804
15051
63219
86733
79601
11088
57568
8296
35950
2749
15508
42687
23744
65458
25901
7208
52594
29423
96772
95740
46441
5589
44164
35564
2678
18094
3098
74024
87765
23772
20994
48630
92793
12847
12859
25689
51147
6717
92543
11517
65736
92326
71549
90081
35221
52367
9246
97775
48290
78648
92736
61970
5674
72542
73665
45505
73968
45895
42889
20692
69179
53221
60090
4998
11905
85540
22809
43274
88515
25674
94399
4346
55462
27020
10297
61050
35277
89952
73192
4160
16792
28153
65339
12902
41027
23366
13210
27383
16507
32428
12585
17647
92941
7133
87403
33129
78278
70307
20204
67136
19708
26823
8093
14330
39307
17971
41131
75902
36036
33685
27004
41771
20615
63311
28733
9614
83104
87786
72401
98078
38827
54648
35991
93609
37528
15732
974
74530
88262
71913
9858
93128
49304
36274
35910
26491
24618
49128
74877
20560
44321
85422
45912
21446
39956
24926
20445
18156
44151
33295
74315
76347
19764
71157
97075
79190
1819
72670
22241
93408
56433
41802
52237
17490
55895
91263
9960
6537
67342
73813
37857
45521
43259
37571
37497
92029
84115
66593
85359
85839
46427
79111
77344
77631
93434
93227
18373
87512
64815
8520
91036
88812
17932
71470
58212
42203
81014
51612
20888
52734
71699
99700
5442
66193
77851
5654
38895
99373
10573
6057
99076
15712
66365
55320
36073
60713
66285
24489
84966
82625
25656
92543
23396
13789
50082
10717
24191
71476
56686
90116
33857
25166
58100
62904
1170
79227
16609
52617
16039
58275
94172
96039
80907
52801
1968
76603
17105
84406
69851
41011
47098
55598
10630
58582
55502
97103
52105
4205
79869
15112
86496
84227
59782
31617
82112
8823
87798
63661
18541
21691
46571
1738
18202
13858
11682
46541
99522
12029
69214
40988
66364
44742
49599
84560
54767
36292
39728
97122
72107
55520
92481
72383
6912
77958
96529
12728
13903
64608
28989
572
14130
88862
59175
18394
38644
73449
19103
58528
57301
31306
51698
63167
15098
45135
64070
96132
28469
66723
82687
69468
18883
60824
40535
49303
16357
11700
37628
97630
16338
89436
6124
37276
79858
32899
23710
81116
67411
44797
74335
16068
59458
84741
98541
26323
94599
66552
10324
20071
31782
46581
70350
28849
48239
32530
24073
90544
27128
