75756
93907
40118
48993
4984
71175
1557
83145
78003
47781
38166
44342
36635
9384
14764
31546
80921
89102
82947
41413
2943
65775
38874
44995
5833
48190
12829
21755
38198
84508
77468
55315
58896
27121
15520
37944
7405
60400
4581
3907
77751
26735
21045
90050
25623
45521
55464
57598
28436
11042
81344
11546
46732
7475
41242
39212
10481
55520
791
4973
86449
1990
55164
13071
89402
22595
45561
24836
8387
64873
93663
44348
30939
73964
81096
36311
59747
37815
47049
21818
84988
47824
47157
52570
22772
24835
98804
44236
52702
43801
44350
70857
56145
94921
89581
32487
95356
88706
35534
443
62001
22802
31892
95330
52972
69180
74133
15905
6859
79195
86322
59860
41784
47151
37741
344
83550
84068
83330
83522
5190
41224
33989
41975
52439
12567
8928
53348
99597
74299
96684
14211
48375
22583
41110
23735
3874
9880
55289
7834
70317
87307
17295
73384
19925
68104
90024
84205
90658
30762
10451
50542
40703
85014
87447
74640
39168
72119
72820
52321
29713
73693
13579
20231
11201
60655
97247
70715
74106
61644
24791
57281
86039
17481
3210
60014
32412
38709
71137
64734
58553
77420
53467
94274
10517
53850
30465
9658
18357
23675
94440
97507
36436
72471
84804
50412
49741
81067
48797
13076
75571
79952
11278
54520
82227
49306
64295
80655
20226
29686
15667
14450
54401
83669
70344
26887
73936
6392
30155
98976
26848
29753
49435
36130
19399
35028
96192
49415
92265
43602
3985
85346
55305
82495
44300
24921
39161
53536
51715
47160
508
44340
9675
14319
56672
65303
10892
62287
33060
24008
98547
22624
27618
63360
62604
61099
58883
16469
97032
67335
63916
10542
86709
69838
26576
56395
934
1530
22319
14650
26365
5612
29912
22680
80044
49258
47804
21982
41625
79485
53965
65962
96589
14760
65227
29702
89601
81729
71844
42799
9695
39264
87253
18234
51586
78495
21412
74135
50611
98030
35434
24464
62898
94402
61797
95444
72328
85728
85680
83290
16250
11758
11497
36527
86805
89277
30929
14146
53154
24510
32322
24273
56672
61347
31695
79358
31283
63448
36572
46275
29390
46956
68815
39148
45848
46585
24285
47824
53438
11644
96046
91569
44510
58984
6005
32736
79717
61906
16560
26557
39269
76607
98318
73111
32914
78241
53061
63700
64388
30429
6726
44466
23061
76251
8684
49161
25803
65313
74252
11076
56269
90619
89263
92035
75781
2934
12693
25507
82697
38579
87412
80627
52586
83771
86458
51768
46430
34365
60435
2323
55094
36475
14020
31909
85490
77007
9817
90180
1401
53006
44226
92040
70318
492
71624
43911
91265
34175
58148
59087
45590
13135
61452
89895
9231
44717
44909
62841
36963
25945
45033
46034
65569
79308
94280
4771
89742
36481
24927
40752
92950
62161
1061
38911
65955
77023
85665
31597
39907
97962
98448
61833
90749
62645
48954
49314
90437
27799
13445
77324
38340
67241
91299
17854
62235
46168
30318
47829
31024
11506
89407
19649
32518
10875
82811
58108
84637
39929
64407
60763
14227
7222
90237
55977
72335
94211
44114
4219
11593
51714
26676
26656
98533
84688
2628
74795
35428
18269
39804
61344
84023
30074
37024
42034
38222
78289
61816
10418
2686
50842
81295
73697
81978
55270
97236
95889
56686
98838
6414
96179
31941
25436
87395
1039
75566
92604
44334
94641
79835
40722
4606
25100
46895
38360
95197
24464
52155
45632
17930
52271
96019
42347
12237
73580
14003
52290
16546
85616
3768
35596
49490
47662
33508
57981
56001
76620
15422
97124
2354
62225
82611
1005
5562
77109
28673
92748
62443
46119
2867
96795
78292
13524
93742
62613
98131
27707
58936
10459
82342
76519
5319
93264
34747
77555
17568
58311
7582
38489
63728
41111
25949
15914
70628
7409
27686
13869
96229
68125
46336
44546
60842
32914
64301
71107
55060
62638
18702
18519
53301
97116
81423
27167
93613
93306
32933
97867
90561
7253
6448
78023
90419
23069
18665
1814
99211
82256
30730
74566
81960
57522
47315
95891
79338
95504
79340
21388
66881
37113
43922
71306
95224
80783
76048
89505
59739
99327
33272
83402
87444
18449
76773
79270
40062
3215
34131
21573
72233
79617
77027
45839
99345
38108
67096
39181
95226
7391
17679
23158
16051
61210
16400
39800
95368
94162
26086
24681
7667
68490
82766
96481
5858
54637
51629
97395
69636
32170
62995
18663
72351
59437
28216
12983
5914
620
34541
21655
44921
60584
10179
76699
36861
2883
54058
22693
93875
11550
20856
15021
54810
60477
2263
39869
65058
593
70638
71880
41690
57475
45289
58512
86054
68339
31320
75165
61632
13862
82353
67000
37777
93398
90985
32961
55726
53703
56496
94064
86777
6422
41321
65993
3938
83417
35842
83156
58533
29940
86135
26934
78502
40936
92929
3969
11111
50131
25366
18866
80585
40647
38410
39354
8676
22251
61647
71650
87173
70663
1685
33939
90560
93236
69657
86649
64572
23840
75181
26090
80956
90675
21876
68944
99472
66202
14835
24715
74412
98497
88809
70593
25695
52739
59285
78548
11284
57414
35834
43598
29309
78078
20440
34664
85875
60158
48842
62181
41269
94488
385
77203
4536
34155
36442
71998
37700
7732
57604
28746
30873
74759
30287
24413
7366
12087
48288
52516
14366
46920
64616
69290
12731
72941
80452
11054
90250
83958
41795
26122
30726
7291
48901
51975
20105
95101
15650
23502
97667
29132
14092
45006
494
8671
30646
51298
38034
24972
89980
50099
90821
82708
32593
69718
9880
51761
23754
18997
73692
99104
88479
16916
3774
31132
18114
46270
29803
94373
68893
45545
49136
416
5065
33734
46322
11889
23858
77942
25963
46163
33431
62627
39378
6333
44113
92509
38987
37227
65025
33932
82318
73010
45808
71864
80572
30710
29319
55511
39944
14044
34744
32750
16346
20082
19037
59162
9968
29500
96994
15709
27674
11416
76725
69651
84725
21648
24608
82783
91806
31679
19226
30896
55991
6946
41945
51539
96822
34900
56930
97252
57934
70678
54036
59458
75205
32898
96801
75277
42949
30452
910
3010
91842
40524
69919
91333
84355
