16782
53088
22862
28571
87958
59588
58965
95774
27429
86988
54136
36377
71997
9499
50776
60508
20591
63965
21017
19126
39066
66559
26645
13601
91446
80033
76693
31651
53552
27271
34835
57178
65106
4784
4518
41155
77347
22186
77523
81008
51170
91225
65150
47635
71528
27037
4995
63847
51443
77209
10408
24738
63000
7520
99783
21
58355
39091
80935
26376
92993
81330
74185
89772
55902
24851
54776
84905
58173
84342
96002
59484
20884
83783
97478
65689
6050
80279
3625
33178
4966
62177
79224
76056
36952
44821
79157
47623
71431
407
43724
55924
91486
47691
20705
90524
91793
14250
2164
81639
67351
33941
27310
81535
16687
61803
86243
34284
91995
6913
88949
15042
9281
96286
29638
13373
65329
43853
24803
48408
70363
55056
98086
68720
34702
15281
26386
62261
93767
81654
20688
98992
96031
40439
38887
48768
15762
17282
48721
22486
12844
71066
74441
92047
77420
55663
3774
33371
51077
24951
49607
19076
13114
5008
72332
47120
20703
53679
51346
51076
14939
73315
73190
62002
35882
57844
62943
49072
29786
98726
36868
25574
19346
45088
68533
90427
56437
14651
45430
18511
8916
48538
47756
11938
43785
68547
39740
97911
26675
12301
45073
28964
92424
26403
42384
33739
34026
63807
63782
48914
75457
68493
29514
24302
38691
55335
83446
28196
85947
62671
72146
13208
83661
41193
16614
26029
53647
11756
78274
6000
39969
36005
20899
44818
29939
72243
47361
79055
36952
31080
51415
6917
65259
74248
38977
64396
76588
74922
73859
14274
4407
71491
7367
24391
25690
64083
12373
57018
68457
23424
88069
26889
17682
76323
12784
61482
89154
67814
19430
54125
50450
81379
96105
83053
22354
94788
43834
3483
46132
13813
61105
59662
2259
75644
13352
1077
4193
70822
75024
90537
9876
80488
22271
96891
92806
41148
49063
86303
50686
46694
63382
31199
56846
76061
24138
75782
22444
10091
98457
5743
20748
8868
53445
26551
33849
88909
45747
47563
64781
41792
71490
91737
77661
4058
10443
9816
86044
96837
91155
93499
77832
72284
42118
59507
3689
99539
91679
98538
76999
77688
64009
67870
54559
41510
47888
25470
63252
46262
10686
2387
31448
36402
85060
63499
90714
80631
22954
79485
60590
12698
16491
62098
52693
78655
12866
40710
96252
60336
44205
25222
99419
83528
6858
69708
49367
90650
11958
79983
37311
77567
31625
8892
42069
40652
20606
28128
29134
41127
2833
12398
77959
15237
80120
39548
59478
15623
66301
83697
50739
53092
88703
77062
42169
7955
10071
68032
85561
68531
67221
46895
44872
47789
63654
94932
