63134
61341
23165
31694
76721
16202
12
17342
56994
62041
97627
59292
84191
47811
44735
32909
95601
6092
418
40049
81341
50991
86252
86858
81713
5987
35674
52507
52933
16963
93636
93019
22925
1802
91154
68542
43285
73593
44443
24616
8531
88371
95757
26086
21759
4611
1021
68671
14468
68396
92883
31429
16044
48777
70846
64863
19300
66582
2206
91136
72920
32182
71561
82336
74142
72668
95605
78238
2596
34348
72392
46109
30133
39424
88787
92330
41319
36306
81110
72429
75893
97025
46339
89713
52263
55668
88348
17555
46628
52413
79099
70150
72535
49254
81364
45084
5802
15052
79781
33845
16021
60634
46318
47832
87065
48379
74635
46324
52492
2441
31670
65254
82762
28002
15981
85871
92301
50450
86236
15299
36153
14760
76858
8008
94671
81690
17233
38046
22699
118
89642
65348
74024
83166
19013
51748
99949
85487
30533
64740
56896
28649
87705
8368
50517
7400
74296
52146
85277
727
28142
75871
14589
91784
62324
51161
44442
13393
96500
25897
37330
91147
56183
47337
76906
25553
58327
64767
1743
10218
43096
90140
33737
3759
80873
86881
57124
57996
9526
98576
18669
63631
10966
4209
41203
76760
65405
25309
56622
14760
70769
71611
33728
51886
24323
87801
21988
43370
97039
74276
9405
77228
27974
54646
6793
78736
76314
75552
59520
25388
83617
99202
26688
27808
56454
1555
36590
51776
80645
49587
84985
1706
73896
23769
72737
47166
3691
38539
10243
57660
59931
23214
47114
14713
76876
15148
89936
8072
74743
62065
799
28447
92364
9356
48970
15392
99005
21983
54767
44583
90863
85400
66056
69132
57841
11447
96197
24568
10180
94832
83610
89296
54683
37829
78518
4517
14631
8934
51311
58090
86117
20382
61724
60511
80046
90773
76849
54854
5384
90019
1071
9423
66592
74617
50223
78124
81805
54310
56146
24696
51402
84058
21510
8211
9549
91098
38589
41838
57954
5680
76443
43031
10640
21388
57186
1254
75610
41386
56446
56038
1879
79780
15279
95237
89250
82342
70669
93979
53845
39639
87322
67474
97167
24094
32355
74258
11657
14152
52416
31431
50185
29762
96823
42603
3265
88449
15527
66917
31771
56064
45972
28490
28077
79672
599
83452
23325
14605
69802
18632
45703
10672
63800
49362
5911
52327
41158
32333
6685
60516
56834
73781
98468
621
51135
8073
79326
90595
83278
13963
80858
31856
98299
58572
94980
78145
33583
14810
4166
30826
73190
61565
82922
19505
24399
67384
89970
68931
88332
52906
70015
7320
33156
39462
23855
26146
35189
1260
78590
15601
11273
74475
53190
44752
28340
97181
71358
71466
91005
74602
95870
39469
35514
62618
80762
16827
15487
84420
92112
69503
7081
14828
14129
58618
70854
8307
22804
54290
17015
68723
88263
94137
11408
34438
86356
28844
70521
9678
60983
11271
35354
74711
27109
11520
13419
25759
23654
53603
79447
26897
42685
84721
65432
75524
94194
62042
11335
13495
4712
2841
52935
49405
17765
77079
27722
22002
76980
68476
37536
57195
46496
40728
89397
39728
97155
24563
29061
18808
10003
26542
75545
47759
65775
39614
75317
10537
90630
59335
13398
83916
37222
70978
83795
99843
11968
41746
5007
59532
17066
28199
31387
10528
43327
73471
90072
83919
71771
18234
52368
19118
6384
93284
74059
72052
35191
43050
24607
70221
73655
85139
85767
39480
26495
337
64075
80809
14721
14065
93654
97871
69697
64754
85227
64696
19614
50779
15006
10286
72747
22940
50338
5151
71153
36874
29983
12362
73450
36481
25032
3356
18059
8070
40143
72966
96354
73810
88237
56483
78836
58140
33381
25098
7131
60628
42356
52469
28205
23485
7757
80078
30627
35089
29933
78702
94565
8681
4709
43782
29323
24961
6274
55675
96017
9214
60167
94010
64537
35467
74729
26936
97879
2190
20583
29967
36239
49284
98430
52134
82626
53319
12852
10407
12680
15882
21962
3386
18816
29831
62156
21950
2332
5114
58029
61322
4557
94110
61857
98659
12161
98349
94191
18848
80593
78845
6364
67014
60978
19575
99169
76075
44569
50738
21904
36923
40973
13122
37069
1505
4643
45435
8211
2967
67818
74514
17076
705
61007
11919
17804
22363
44663
31938
72087
33753
66242
95212
78176
65249
5602
62719
80914
83546
6488
41311
96887
27489
92539
44847
21625
41705
22804
52537
65706
88692
96499
7549
86449
1147
88545
34379
92783
43564
63657
58132
94660
4648
27236
41174
89798
78997
57679
78494
11034
55027
17953
27952
86079
84586
81738
19785
14761
92664
48573
39617
25629
40670
26122
29302
67416
28731
77652
56469
44528
53531
70126
65720
15025
16714
11225
64803
16547
627
45862
88848
23902
8329
84813
8371
90075
38844
30274
