88569
32473
67606
12761
69538
89878
28838
66690
24151
96296
91704
18968
86978
95597
49095
23862
42048
78295
60478
28391
65622
77866
58195
60783
45226
95438
79446
8409
37275
69389
87956
26031
90700
37953
64990
47456
66625
32585
39522
26160
54984
95352
22896
41
93095
2365
49488
13573
20671
18999
5349
8915
38687
94298
7079
86730
27701
57709
87556
7541
49846
40594
53251
54977
73420
29926
46925
53364
55191
74845
81977
47816
20644
57379
38300
91320
69687
90887
81187
63540
85881
53663
83413
81208
17855
77779
93371
38049
72857
60036
86349
24717
12863
83111
4436
56286
70965
64910
3596
44560
98319
84021
96593
92061
11343
41228
93495
10623
44143
83657
84960
78147
75109
14852
19325
90833
76321
93321
87542
72036
67341
67482
36940
36375
41167
82154
21410
37637
50444
83731
12273
71008
90526
11240
11961
32512
18945
487
91313
42590
96130
4115
60588
65605
87854
7070
25523
51803
25963
49732
27816
94216
29703
1470
11397
49556
69186
64319
78455
49230
88126
76305
14146
55715
76830
41944
40462
31388
26688
29397
71780
64998
88434
56803
51254
4347
62408
66808
10020
13040
66202
16227
25287
96599
92356
68100
23431
94935
22771
6114
60413
36305
61587
64570
93978
40134
11740
17916
4170
95520
51392
19596
39045
20213
19137
33476
17830
65092
66340
42728
13803
83778
2763
47992
72685
79842
67627
76690
89841
12918
5836
96508
48212
75654
68924
69771
105
80550
62339
95556
48645
49670
72439
41867
32050
43967
28923
341
45028
68228
69494
53436
78127
46005
85095
37725
23458
47604
50054
37906
71259
13825
63861
82832
18221
32880
7618
32926
79659
83270
71151
92454
21497
96557
75301
49642
12690
78118
81928
21671
23265
15172
89026
14503
56937
8240
536
14235
38477
57865
10591
10235
20439
21043
70662
80217
60018
87359
86599
22739
72121
97668
58491
25490
96132
43005
71857
68451
20357
27473
33720
16500
4740
73574
16816
16036
9655
68277
214
419
49445
5606
30740
41599
27201
64111
87757
80654
15770
45223
49558
4929
50012
30202
87844
49204
50491
85729
2421
95235
58278
47851
13725
77811
34055
52451
17659
96131
17497
63898
99586
87849
32493
1939
88689
48857
10726
65731
6064
27816
86022
22792
58260
50575
95537
40812
13308
74983
93825
58132
87980
37147
18093
83288
72960
97332
5097
67458
31553
94642
98933
6078
57155
77289
52231
20670
88765
22259
3313
89769
1349
80162
34558
1753
63975
95022
85618
36634
89078
87360
11295
29691
11394
5751
65339
16890
59531
4277
95456
72292
76215
1659
94162
19166
18969
1441
30042
9971
92769
9008
2452
17745
41935
77099
64215
23434
50005
1570
98528
97933
6247
89799
98718
93445
77225
71774
68636
29415
66273
21504
7736
27425
29970
88197
76046
59920
46899
11206
35773
23242
21717
89803
68143
38854
914
65364
40245
72567
89656
94637
10293
1166
197
26948
3435
42198
94373
75683
67731
12312
25272
33921
2722
62232
94921
81422
17496
52366
91809
78967
57390
22692
74223
33319
71454
90408
29552
75856
77939
78453
19711
80203
35270
69311
70803
50362
8469
34296
97066
38962
12961
40990
96100
96262
20898
34004
97333
27928
76340
7837
22939
34238
31921
91006
93555
27776
13316
2672
11758
12325
40071
54287
68595
44427
58134
25768
80513
33952
21312
92843
63658
64733
33629
82180
52758
77063
59974
56425
12179
97084
31024
677
93724
64127
44196
74128
30879
67177
7411
65423
23315
47288
49736
83572
56263
86460
79148
91923
92906
10325
28674
18118
7950
18573
46597
28176
43973
32170
73153
41560
72498
41443
6812
110
65124
99140
93349
59566
92269
11092
20102
47840
24716
763
38843
14168
29046
66092
75904
77327
87596
74004
42272
40730
26289
22015
96204
47151
47096
14309
83031
62705
46731
83541
32917
20333
29053
86926
14120
19015
78712
73936
96943
71970
54426
15083
6760
12425
20346
54482
48759
67581
93958
93112
86755
51249
19726
36381
35382
47200
73841
13789
55725
36310
40068
12354
28586
37792
48322
18740
62880
83014
67821
26487
59529
75653
56533
19143
25760
45660
85249
39370
67609
71051
10367
36073
71562
3965
44588
65778
4566
46881
5787
65668
54468
21374
21297
39167
55638
80546
98635
4264
72444
29325
53679
57882
98285
20943
92041
87110
14817
22841
77770
43371
11108
92373
63337
76030
96747
