93639
31450
65543
52860
84356
28613
86163
95591
45408
45477
4935
52021
93735
47612
95025
38663
99764
81952
17952
7630
35056
79806
50804
36377
65340
36611
8447
78571
2055
39176
9570
44685
97475
10249
58129
49978
55418
76453
7569
21637
41001
79966
39824
7853
93286
4592
79886
4915
12404
69263
61382
22928
43717
28622
37283
98204
55256
58470
67355
636
92343
50090
33112
4198
56428
48504
77111
70886
41806
19747
75607
82965
53165
13427
70376
78906
28746
16583
99912
70531
75139
27668
14509
49523
13428
87061
91163
28171
66936
53107
47723
64852
31472
38588
27838
63159
78883
43086
28997
36448
67980
3979
75846
96959
32869
24438
25226
59289
47606
87576
43216
18732
28423
3272
95068
54817
78221
22517
44139
26967
17297
2114
34607
21922
32251
32562
55517
45662
26487
51437
78734
36189
20771
97716
63758
45819
61140
43054
92066
7569
11485
36489
59862
70604
8746
3218
87728
92349
57479
15718
67068
78349
60876
3688
88884
16131
17449
70709
68371
72973
21328
48133
47384
56980
25742
29802
70041
44216
19718
97607
33630
4747
81433
91692
15223
50584
46682
64347
41094
55655
61096
7416
37129
11991
29931
39839
56831
26015
23344
41342
9379
29624
71412
77302
71911
68001
50113
18677
177
77066
1386
1783
73305
90122
22137
45110
35013
44662
9055
95057
70474
10849
43638
7200
20903
8830
3815
19292
38520
88844
47929
18405
21706
8080
5391
14437
49368
96157
48793
48326
97682
79319
69414
4779
23397
25673
77061
21839
38552
25247
24313
22659
22043
68830
95795
72459
82993
17006
10902
28763
12812
31499
83098
74363
74160
63505
97658
78737
91882
4210
58506
80502
57651
9020
98432
89732
77006
5725
22222
70941
70718
13513
20175
75393
90021
35461
86467
96379
83297
29464
84789
95849
85877
84555
65282
59531
99598
83243
18065
19974
93748
68983
67670
86325
10472
9813
22329
74011
59347
14502
26303
69340
61307
57620
87511
51610
77966
33734
54308
33049
43530
84537
61653
72117
37758
76185
93432
66966
69634
4971
56027
14608
17275
40010
23147
28238
83139
77683
83261
13585
21085
72911
68640
92172
75720
91661
2089
14965
10413
6040
17003
62291
94949
45915
72071
52678
31271
61230
63203
15959
27281
7074
1356
353
39293
86052
29240
21145
73218
29032
21851
49841
50915
1195
270
39152
9981
59298
83221
48060
21118
16488
12559
84264
74768
86859
90483
94083
91439
69980
18621
60733
7125
60933
74550
25193
5228
74587
39955
11641
48205
53683
31417
14185
12990
22813
14794
33436
49351
22761
44470
92092
39541
47627
43324
32837
85337
7764
97882
50569
81961
77586
44435
90134
28950
44315
81214
20262
36582
13449
29160
78882
19091
60447
1650
38404
46184
90773
67573
69422
37518
43746
18619
20891
14015
52040
16051
73573
93494
93969
79116
53289
94020
36357
42375
85094
23662
76362
75962
47497
61735
45392
84062
79739
23048
62027
56348
20281
54393
60490
23402
5841
71240
89399
75315
73169
10842
19481
4883
73634
29003
37638
72658
27432
46860
57677
43774
83101
38696
54239
65935
39335
85259
2078
25069
30137
744
13662
11147
56834
74166
70126
76406
16721
20221
52117
5187
83422
35347
67748
157
53583
42067
95928
8454
94835
35360
82920
94878
61827
1872
72139
97159
1874
98796
14863
93605
61144
20073
68592
95108
33300
52150
59111
41376
84315
27078
93986
74643
85939
28786
94666
99646
93449
51893
47502
47893
18593
91933
67310
51012
39917
61120
6175
92667
7641
21072
56800
2539
86849
23761
36656
60183
67275
51101
26457
48599
81076
98725
16715
28924
11202
66864
46172
92418
21254
5892
25114
77775
29417
3319
95088
92214
85422
43519
97193
75850
69717
223
60438
57908
36465
45473
47258
44830
33629
87871
7036
53253
90351
84761
39301
7925
1444
85027
2394
46837
63782
52127
71719
44477
5392
25253
21436
67150
57411
79373
77380
90274
92567
24483
75512
87196
58545
32851
13750
3880
17010
83995
60168
10916
65082
96328
34202
23829
81097
46790
75692
17781
33710
43873
49441
35860
79128
62528
83093
95770
45383
23737
41301
23583
59940
72767
63246
50134
84652
4457
15337
69533
96959
33294
66942
54596
63992
76868
77060
97741
81089
14218
57098
19228
59126
99640
99786
47106
89689
60710
20126
54077
51456
1738
24320
36948
68365
73351
63670
72427
43989
9536
72365
94180
33172
12335
20376
61312
30688
63762
9578
73193
8492
22958
55700
28185
99571
34936
62563
64833
17943
69027
827
9547
56968
28602
98152
76460
14312
39222
90871
17383
45622
48405
25395
4692
67706
94388
20538
85279
31544
45030
96267
3618
9501
92226
84635
6377
75064
56307
26977
87355
34099
80412
47179
18445
9137
69165
25549
86373
19495
41973
26771
34391
1273
10239
89442
97648
13862
77375
95814
97233
46047
97745
53023
30644
27855
56052
35911
41103
5668
64265
74673
96995
41122
17718
86340
67838
11592
23304
70814
30458
90284
46168
24574
12244
92281
8174
91532
25502
6473
92063
47177
86992
32460
40253
18938
88292
78735
60253
33701
6276
83589
38690
51158
81728
61637
4368
24795
13626
5496
73561
700
71017
50971
41128
25551
27136
73528
38975
43579
12377
15884
56238
59978
16764
42219
62995
31811
29526
25256
68709
55390
13555
26168
91495
3757
42047
67374
25801
32286
11091
7737
44442
19428
25286
73162
2445
7961
95614
23440
49489
31012
16
83219
