12412
16772
85614
72043
81405
25512
80029
95130
97441
37126
59057
47794
52122
84935
48252
49097
45671
72096
72525
89072
84301
95396
67689
14727
20216
66982
23975
33165
93350
72463
40234
97545
83792
41694
25664
20883
72125
58788
15999
813
70202
42023
55518
68086
82252
60686
11359
14324
38841
80541
11170
30021
56286
76508
19970
23286
60584
4072
50916
13587
64052
89061
90738
89666
61300
33800
67626
46489
11821
83103
66710
54290
28503
39887
65754
797
7159
22731
38441
66477
41784
51912
65333
10622
26288
19653
98100
5463
26485
25157
1146
64640
65360
71886
42601
79408
69194
1581
80260
84296
15191
21050
73630
57126
81440
17817
38756
59276
14612
81315
21653
12575
41213
44505
67433
16421
88361
28067
10591
97690
12750
83472
71041
41227
80859
56020
94912
38883
85532
90437
26279
55655
63209
22619
50567
47528
77087
58820
58877
19488
33374
8422
54941
72046
32054
11769
6550
87054
60447
97190
22403
24468
22600
30416
96999
7972
87200
15878
65534
2780
28882
16515
57097
4320
5945
22620
63013
32072
16228
50125
18613
30283
48428
6981
40015
14156
15407
39627
90743
67080
80486
79407
51270
66895
68511
29627
24941
82619
36753
89039
24739
77618
80650
43841
20873
7722
89165
46163
42008
14887
7249
41014
3727
49879
95184
5069
5953
63878
62244
1410
729
59440
69177
29152
41930
91954
25155
66454
57625
66967
75851
85439
33333
20408
94295
59292
90688
50483
48273
4248
98961
86012
56861
33536
33215
33033
69676
6327
49142
7754
19522
9605
41151
7997
5306
85445
19781
60510
59561
16918
31037
29863
93697
8138
71200
16799
44108
2898
10234
9650
96205
68725
31008
40380
52119
35594
7726
62025
23509
875
10020
10399
85353
74994
76735
40931
15523
95248
74477
324
57389
12513
9327
68598
96959
26613
73132
94334
14372
53476
51601
35750
34278
98879
9771
23505
33368
4521
85575
6907
84634
478
48186
32135
88240
93966
26455
27588
54729
673
24571
61999
93373
70887
65954
53286
44706
56216
99924
68207
17129
80217
61948
24575
18869
25862
52521
93004
59693
33529
10623
38273
43469
56528
36412
52957
17358
40568
10179
71947
67117
99335
61698
26427
41855
46060
14199
46244
9282
98017
12642
77713
72873
38689
36679
49973
67352
47491
58683
61029
77663
41720
70281
82630
10476
72783
22757
72191
74849
46588
84335
71504
35272
4781
52673
55924
94330
48523
7679
63981
99407
84021
98182
81077
23663
1338
91967
37443
89497
25306
14198
27334
87681
4434
22194
5511
23685
69489
63751
33996
62377
29771
44845
82560
44528
67718
8672
51487
10119
63887
18543
42578
94622
61224
63676
63063
69961
99215
53677
18277
77615
31332
84778
25056
15646
62971
18641
99770
84649
56809
60670
42088
51494
33246
55831
28153
64050
48630
92833
83692
66448
64806
68261
23409
32468
73729
30146
59259
27408
39102
73146
28684
81903
99246
71152
17906
48154
2864
34854
75083
77446
90732
89420
33232
11909
55680
90776
29292
2724
92212
50417
27607
76829
17268
14969
83370
48688
67576
15359
38027
95868
3162
58023
60649
94530
16166
7613
53853
74462
49335
53677
25391
45463
76572
97749
10475
49548
26526
6668
80203
20489
60198
10150
89589
77543
29872
53307
2943
61701
73457
52425
78443
42843
44574
35033
89115
10726
69815
42484
2672
9658
20736
11162
98458
27144
97679
36062
86367
25285
55849
27705
33428
15654
89037
89874
63617
83379
11637
89556
22652
692
35963
8589
64568
67146
89137
70016
27669
18251
37739
68335
67689
7176
12558
58966
18327
19334
41525
83817
71557
12369
92086
38889
92751
5516
16950
79003
61255
75890
42991
22602
66128
77618
83939
16019
26230
32509
57957
52813
10155
73843
47601
98971
51302
8637
66821
32271
70535
43898
79216
36189
11986
46547
96785
11045
29914
61368
84484
81927
1269
43714
78781
25725
50147
96027
77042
3879
92296
74506
83001
47936
32868
1318
62601
1165
95118
93157
37780
48937
62051
61691
12250
89681
22256
50886
18124
1296
82928
26834
94167
12089
80283
78995
28924
8658
17081
74443
31123
71904
44158
35614
46741
58086
28129
56911
81892
21682
7581
22159
23285
46166
98317
50352
34180
53524
44342
29849
52969
29389
36017
18447
29589
90560
97819
85032
93566
4222
59059
75785
70714
56247
18718
84569
9408
17754
96413
56807
26502
13873
56460
96098
60457
61827
90779
64709
24370
81855
88130
52634
89043
98864
45701
67535
27510
52826
26385
39314
38123
22408
4366
78727
29590
10327
75425
19634
89664
27541
71860
15187
50875
26897
46443
49166
7105
19315
29019
6241
2160
4331
2846
42371
10631
73147
47326
78607
84037
62914
65145
53732
54837
23260
28984
15978
35333
26493
55764
90604
30695
72897
38265
11606
55258
95703
32073
41837
28613
83670
87651
9551
19544
65296
91626
5317
61314
71190
45507
15999
95896
72394
92959
2178
17322
22609
83736
9112
40674
97419
72785
54098
2107
20799
65177
97461
71670
20733
50655
27200
40156
90049
99446
25312
4538
81178
15473
48773
7691
73297
64396
72802
50093
87566
65207
4894
60932
51888
57528
50019
53129
12418
15317
30518
894
28674
10905
82727
52709
54635
29890
51187
75854
31428
1990
59525
5927
12684
82451
3464
28895
