66553
12898
82852
50373
96612
97495
44526
21212
11135
44662
11035
60962
63059
3467
80474
81982
18486
93720
97879
3125
26195
49243
99067
61693
42154
69261
39072
61311
15184
555
30996
33145
49873
86709
65020
65069
81320
1778
83299
52941
58691
85134
98678
26435
77154
79267
90089
68671
16345
11155
87039
15730
73630
55190
52144
56622
14578
5936
66007
47180
38409
22574
91662
4439
15763
18691
38676
7004
15733
22444
8988
64781
40954
96948
41966
2094
97967
81812
76045
47518
12119
79015
58775
277
58992
42902
39111
25769
86554
67972
73063
24877
6686
79329
47368
97855
1652
66509
85229
93924
34331
83295
98062
76260
53932
6354
2735
69651
88305
87034
38483
69353
79540
83613
37434
43618
66167
35478
55796
32587
80371
48184
10280
82120
41662
91830
28354
33096
33288
62737
94717
56929
79687
47676
65654
5543
69947
65103
50666
20714
30352
11682
36740
74749
67486
1651
56577
63775
30768
7312
1668
38852
76642
74607
79218
77453
5512
48927
92010
66476
26537
89995
95045
68437
89159
43367
45776
41223
21227
56458
62401
37663
78673
18498
88646
17489
35962
3975
9886
62248
69018
50452
29333
80748
79104
55173
72757
94355
64667
21797
34611
98357
30290
74140
32704
50503
81902
89161
71558
44889
31593
79004
84048
53390
92372
49382
44153
52455
91975
73736
41153
38630
31056
49114
30533
58200
43920
44842
39653
28066
88222
96922
14936
32068
55892
46393
3821
21225
26134
19239
44842
38736
11836
31276
43125
74618
70053
42262
83450
90285
75220
79692
43641
55704
86886
46134
50414
84418
72391
33737
8351
54092
520
47156
32533
72883
99653
8598
6830
95291
4878
82790
4126
48861
91253
31724
78106
87295
21572
50069
90909
53874
40395
9079
89486
46151
30075
63663
44049
16496
39877
88386
59907
23743
34792
34540
94438
69648
40834
70887
65523
18706
86415
30458
97726
25450
29675
42656
643
16465
26255
57963
49427
91538
19302
17
97410
14872
55608
80206
74684
80459
23643
66562
71002
90865
9046
33789
81734
60945
74211
25167
79287
35696
24779
45132
17521
75136
65817
45063
49541
9705
21028
12919
25160
63305
37752
82830
71233
80002
53265
97537
45164
52314
15273
88694
25877
406
28826
73745
96755
7163
98272
1710
42364
95265
61458
93712
71147
24876
84775
73522
52466
77485
53389
80788
60302
72716
4393
43185
92245
10415
50963
4445
10157
9107
70029
32111
74662
11086
18809
20016
2833
21432
98875
34900
54102
59494
82172
14519
11955
27607
73281
91191
99080
77265
45299
13375
90037
8649
70806
6873
16530
9205
17936
44630
73456
40754
42445
59748
51363
25805
99073
62501
14633
43613
82098
69712
18984
58736
47982
10499
61719
85218
7599
14208
87390
14368
86639
92584
15177
70423
60117
54530
53074
92915
77358
21302
22465
64933
90233
95449
59081
42647
43994
82408
81249
8650
86958
48254
83675
79620
36408
88808
54726
45984
38508
92009
46249
93433
79160
5506
38064
32931
65966
55689
35521
94379
72040
34669
73920
33966
57596
84436
66138
41540
42910
69494
53244
42297
58115
2298
31650
37062
90308
49982
27214
77814
79677
86219
41083
67749
17724
76996
22651
90284
51244
26830
22296
26889
7728
86564
33936
50243
15779
95522
88090
73979
21279
38953
58161
89311
626
25975
51327
30778
78346
23261
33079
49704
43598
38107
52859
71945
49143
22801
14074
36399
41895
6287
76241
33422
5085
75780
121
38013
60955
43838
62035
93480
72792
68607
44641
57830
21121
68187
85422
35218
88215
80845
25386
47293
32324
62389
32546
83707
11971
2525
40625
66025
39857
51842
90326
63724
74606
57288
8568
99403
11256
78211
42835
7521
11055
6512
58942
16335
38692
80878
70171
21726
36516
1824
67346
48019
26549
92945
80351
23409
20917
50261
7811
83395
69521
99137
44700
60136
76267
79469
98787
63226
9495
81346
36173
43536
95186
29747
44601
87460
86111
16510
79046
91116
29628
50720
28630
74004
44977
188
63489
31501
20558
19445
5713
29955
47868
92571
85050
93840
14540
68456
5393
51311
63349
79510
87161
74613
80095
20617
4752
73938
42038
19010
3412
48875
18135
99051
833
8752
90510
54985
9625
74131
75272
62665
76362
74836
32363
5687
91505
72133
93408
58034
41280
73526
11442
6793
68416
30585
34372
83457
18508
64033
66169
75674
7566
70402
15716
34162
40871
93860
55075
22308
24129
23065
51893
34561
50161
25193
13937
36682
1996
51644
58310
89571
77963
86959
66103
55600
37556
88036
64492
91151
31231
89497
27460
13397
69920
8194
21978
79764
52191
47256
11858
91237
73770
5760
11433
59090
95203
18021
68029
27213
67474
5102
56027
18393
28950
50744
26351
74476
71801
28458
82238
21327
38570
34514
58397
47011
94794
45706
65105
82809
33256
25849
41910
58508
18229
75021
31158
58986
54029
35450
98414
93251
23053
38229
328
22621
93134
55250
63313
65158
73329
94714
99636
17845
12232
79768
23152
13534
60876
17846
27586
30599
69675
93366
43642
71979
19714
27401
13362
73888
98020
63018
7529
50968
94401
39726
58880
65320
92356
82071
18382
50434
13256
95636
2559
10944
35106
8652
20795
91344
69967
91061
15388
24536
66238
21246
80309
17150
32532
45941
7121
88400
95484
50628
81673
41106
48113
6842
97897
2522
91129
55283
13995
19082
3930
56350
40929
77387
98452
34180
52368
29364
2502
56210
92948
17640
74664
29157
26408
37145
80126
27707
53739
56215
84848
86966
94600
82468
92420
43495
96828
28758
23853
94078
19640
81773
22077
42017
60322
95047
1352
23939
43791
82368
6946
41670
21408
99515
90418
3521
89888
1962
74641
42802
58268
75932
49442
46819
58338
61101
85008
76455
32035
95611
87679
74413
