49020
48318
60722
20639
78518
10930
9849
27496
15093
60841
23168
73447
91360
43915
60874
70725
38564
30954
37230
1826
90383
16343
75256
83743
27436
7877
92043
20667
48854
58464
69536
49285
8099
19685
35242
99019
59883
22066
55123
24786
64391
90340
89036
76527
52227
49622
75570
61585
31552
75511
67962
4428
32772
81054
28395
24810
71850
50126
40000
57290
39971
68469
26491
20133
64822
37466
68171
15416
99913
84644
64079
35186
52428
35405
40634
17911
20018
35451
5163
84055
59326
61564
71903
40608
83229
79729
60252
18187
58921
47158
56534
46663
38932
5092
90843
55530
71900
89331
34485
78097
38721
73973
16434
6126
67024
28681
37608
61133
22829
87487
51974
3349
85850
40216
99438
96288
59411
96276
63535
94822
24650
91050
32786
24324
9540
33964
14954
27102
1658
78028
67171
14157
40061
83661
47506
14994
97284
841
41811
90754
52189
12248
56487
44190
77595
91187
28889
33225
1207
93130
80175
60772
69984
80208
18432
89848
32955
66664
93137
94612
93158
55444
16570
87704
89175
14628
58668
97253
80667
22182
9693
8764
97647
99857
37886
37846
59361
45969
82697
47864
30688
55220
49237
5541
37739
60797
83646
83693
86619
50840
38736
10664
26915
53448
68828
61520
42176
36164
96351
16616
62696
95032
47131
8274
67233
41861
35327
34212
80551
72689
41125
61123
68605
3831
93497
43850
74670
30490
38228
88177
44437
38067
71596
75794
21540
13037
17805
52315
39778
33506
26140
33970
23046
34956
93448
32593
75318
25168
87371
87925
13955
38988
59526
16181
53496
76544
26868
60530
1973
66150
46171
69381
52929
57188
34316
30687
44949
32197
24678
51171
10349
43504
47042
12448
10165
41248
40889
96813
77625
99849
3815
16611
86829
94021
60259
45627
28185
95302
94229
55420
17049
46693
48686
42695
56732
68708
47097
36116
86771
5812
83595
32893
18897
746
49815
10498
48938
70855
28548
92680
25212
32122
58075
38613
56218
23453
62874
95654
3566
33199
69162
67918
68408
93026
34132
35389
62736
74131
86240
