19994
33874
9177
46048
0
1673
22779
48419
59400
5635
13474
58141
41278
33572
37342
92747
51222
60393
91520
30098
49903
91741
45873
74269
90873
58503
32007
23207
27323
10481
57374
62096
7874
40664
14549
26594
57943
12450
47914
74309
76480
58128
20562
83796
9408
16914
69253
4793
67480
94674
40243
43504
50386
5391
4758
76586
39052
36175
75085
10852
99243
17417
18914
88695
48655
14831
66997
83225
9243
44085
12215
1695
98696
31997
67554
51178
29592
40090
74171
59995
98521
81517
7956
11749
69734
87342
3117
92518
91746
31237
96386
4801
93088
84097
76742
57067
91611
47061
37919
80087
70860
2868
14975
80035
11369
75592
40734
6005
26464
65333
19799
54346
66895
65378
75052
56132
84972
70029
39675
92782
28070
58298
86277
4991
85351
53736
6946
41316
75902
46152
59431
22443
92933
75548
89956
38605
10147
41637
71823
87187
95680
44634
42557
40501
84079
65223
66409
4044
74806
30630
94322
21067
75340
4625
44412
9727
82144
45388
8089
55582
37747
91063
38051
5354
97010
88571
61121
35370
54923
66616
77797
85150
64099
72676
24927
48109
51623
6722
78053
93393
9484
3664
86386
38148
44699
28263
1776
52354
91990
