78393
4567
63625
4577
32133
44695
70327
40685
81716
50927
99348
87147
30259
59888
13489
13794
28357
85908
10820
60770
28210
10415
50587
90634
41103
93904
97202
22070
16519
25580
12581
54758
94737
89449
12535
75441
87944
33884
67001
45007
8004
19179
33953
26098
28198
16311
29287
20794
75722
20540
2835
49726
21130
23700
20192
66334
41525
85513
75795
52044
81569
89551
41204
84
26935
82534
9203
80790
517
92795
57904
62754
69970
54092
94429
18680
42669
22023
33803
5079
73190
63335
36768
37430
71061
79334
18535
10421
47530
9752
97549
55492
25139
3822
44067
19168
53373
15251
19917
44223
30988
9799
1176
71270
93077
128
62647
73924
7471
73657
5179
54041
44711
29483
17232
18550
62071
87264
92164
42159
46690
95027
67005
24400
79944
81812
64352
30062
37768
55717
4520
75255
74336
19014
70282
94585
34448
59912
10833
74146
35005
7238
50189
96765
78672
4204
61182
55491
3225
11169
24725
44665
58385
51426
99699
90904
68983
63162
33710
57369
73204
1676
75415
66353
56313
19503
79702
2458
25730
34566
41531
89411
79394
39377
99666
34456
90092
31479
59712
46109
37806
85920
8681
7051
13041
81998
98948
63511
90160
76470
93427
73582
47591
46708
96789
82657
74370
98947
41460
95596
34034
92545
55166
51980
3204
63335
32961
70605
20191
37773
33828
30569
69734
77842
55706
14335
28079
11641
45620
6750
54980
22047
39973
593
75959
4419
77750
93701
73735
28862
71688
28458
84948
72865
4692
65056
55691
72578
86344
36557
5448
66959
40026
99742
5208
30829
31994
10195
50190
24867
30868
82919
73806
22639
85666
48388
27923
98060
40574
7385
23889
87462
17430
43893
87107
54807
17389
47280
5888
58487
57123
34628
77154
87766
26970
80491
64525
43100
54818
1478
52825
3155
35159
1526
48817
51207
7860
1168
39849
23690
51120
55496
99752
66713
5163
76743
