72745
79173
12102
6826
24424
82824
78839
10642
54634
3401
61543
29639
30057
51277
92160
83426
95053
3762
35359
66115
56938
26078
88312
14324
47993
87677
40474
29621
21016
5481
29240
19799
61871
40477
79896
67153
11829
14226
3425
68101
36274
35289
95547
5115
78174
26433
57098
13682
51449
77708
299
28241
35208
24893
76590
4642
28069
52168
65880
14903
70568
90437
18111
95975
89056
21206
7953
63617
86030
63488
13076
67453
48957
97441
42602
96049
44838
69620
62170
53995
66215
47314
75791
77144
25473
19934
21846
57794
21834
51443
70206
10395
9095
62862
87400
75102
4498
10204
4665
17729
68719
19220
33537
39059
52300
80170
80384
66439
4578
47738
17890
71779
43184
66310
33648
1605
75505
79365
44053
78284
78100
90163
19237
7974
29984
32967
59831
43053
67371
66388
50014
57729
19396
88684
68871
81380
3775
55853
93375
1238
22110
92969
73379
40669
11229
26045
26047
63397
74876
99035
23327
41861
36994
38607
48923
19300
67270
77535
84404
34130
15698
39968
22260
14235
50751
48578
26419
11237
59299
14735
50733
43751
569
66226
32905
23436
75073
17106
2371
54304
59710
16070
82623
97133
63612
93121
25789
20054
48276
55975
45355
57146
21446
45486
56374
55607
54476
44205
27960
11334
94270
42676
31686
41290
46856
78839
97867
92889
26592
23472
80572
35393
41532
9734
96185
21959
59922
84250
48994
11051
39267
46805
28726
79165
84944
7152
269
27208
83320
5574
83120
45256
89402
26404
65003
77948
33407
62688
61098
40962
34396
87526
96129
86774
59695
68651
73296
41596
90072
96231
93866
60968
54890
15259
51081
99170
96146
73228
584
30168
18502
61807
59042
85637
57140
24576
36513
51499
13597
27994
76877
33223
63303
3003
81358
34722
65146
73285
62540
76478
28743
75093
39172
53354
95601
8882
80489
37785
44246
29234
23303
53558
29096
7227
60223
32646
72929
73014
15133
46744
8074
99446
34785
17878
65859
65594
10236
35892
16098
62249
93173
2372
78480
66784
5349
7012
61852
6640
9232
71014
98725
21161
55542
70587
26002
11238
83132
47301
68940
33402
76810
96950
83763
66500
32627
56976
66199
77158
49189
88149
73301
34220
13485
34095
26445
54669
93070
78885
79234
36271
99631
43613
89468
38846
72518
69566
54890
4365
63635
72121
1024
14508
31294
48767
6702
49139
60000
89096
81493
3910
15591
38248
23899
55167
61771
56980
25591
4275
62419
38133
90590
93591
30373
70547
38940
45587
51984
77791
92149
560
14630
85412
75028
59612
75550
28620
14200
53803
48479
61636
76942
24308
43654
74381
84225
14440
93752
33797
11014
7358
67407
74968
54728
78705
45386
75618
78992
80145
59934
80231
99902
99488
43086
24473
7605
28102
4202
36381
38547
41082
40632
91906
6794
83406
64912
45246
36053
27598
36561
70723
5263
63975
87707
37246
72341
88800
9820
50145
57090
76546
67403
7887
57499
61048
968
80904
1699
65444
78333
98667
40558
41530
77304
3587
93507
13774
96819
82127
58163
23880
42499
61366
46555
23496
86760
33444
82195
5715
62528
81836
70800
95170
64527
78884
58739
4572
47093
68244
38455
94219
86191
62304
17250
11017
63445
80351
18266
87439
42003
28810
2040
91440
86120
62696
94469
89566
80254
90289
35896
92164
51704
70177
31276
36705
87325
22566
57425
7758
99961
89226
74851
84731
20589
38480
20825
92639
28371
23156
73640
31627
40039
23004
23152
10536
81904
21007
64587
80749
8304
75277
38455
1453
32335
46106
76894
14158
56900
87213
32356
752
45994
91534
58303
68192
58406
4014
61207
68515
99538
73082
51598
83193
79110
55776
98949
71847
91059
71699
1679
23964
61021
53929
