7875
65920
86994
64970
21917
52327
29208
87286
72921
47629
74540
44998
66043
42087
33453
25490
10001
93737
82291
25808
50286
32631
20302
4210
57622
16730
74250
81558
95734
47342
60964
94015
61729
50643
34981
19464
21091
68744
48855
79341
46585
26481
57328
76293
8871
90533
31514
45229
48423
16577
7562
90400
10138
85439
27492
40604
10479
22832
33220
19345
34171
99627
72123
31232
10909
41157
680
28409
65911
38104
3240
61830
38081
18560
29619
844
93143
7642
40815
60870
16965
31805
29117
61204
30226
3521
76286
89289
32589
8872
8807
24864
85900
79942
41184
64848
58396
30798
14263
9280
71357
55476
59303
72929
73650
96005
1895
50466
60144
14270
37901
89675
24461
7299
76262
92711
36634
425
43459
90136
64114
30443
40365
89442
6502
75179
95919
50167
29913
42158
38135
24222
90389
19805
65353
59420
44586
30926
66798
36381
36751
53160
29211
31698
36714
32271
68173
45794
37528
15578
22834
64665
98720
29674
18259
71053
43556
22064
15929
9850
44058
62208
97265
72714
62198
30892
95029
6499
29848
42201
59702
74216
7595
48424
46510
73835
2952
17567
53737
36900
62739
28589
91939
66202
23041
42086
26590
93160
95258
49299
51976
42394
1565
4046
13213
65481
2998
92458
83835
68731
20569
6211
97186
44244
82887
43369
83281
57151
6370
62025
29724
68189
11767
70337
9090
72379
39568
95292
12729
28343
51826
20808
10065
69686
68560
56491
23796
40513
81842
80438
81736
88366
16850
88416
60024
85714
48289
65946
20057
90094
62377
44591
24799
96799
44418
15757
29788
35171
8346
79562
53012
42112
61463
77204
29423
98017
10245
87688
30961
54155
50075
82775
57586
11227
90195
64595
10974
44485
45595
93193
35178
25612
49702
14234
34634
72812
8378
13020
31726
12083
71756
57640
25481
53145
87079
89303
68136
22759
8826
42695
61783
63197
14771
48912
34744
22071
46189
72183
36798
51543
62056
41826
53972
83696
32687
61184
85027
530
14534
78595
1664
66563
88401
99368
19677
13032
23301
7214
54392
41434
55196
58004
49898
7726
53487
28936
11029
68594
14620
22774
54021
3212
96484
59045
32829
43156
228
42673
91219
59388
11733
99007
58481
54935
58883
14020
38856
38429
52290
7674
74379
49577
9806
4548
35528
3730
96939
5593
8751
77469
86724
20038
71281
78502
32867
90623
50444
88693
20385
340
20571
38946
53983
63505
87064
42339
80078
21257
58050
19241
82764
65628
70746
82897
6942
75668
10625
77590
10392
64304
19484
55897
36936
64494
19198
49511
3408
83670
97903
97749
11394
5236
10150
98062
80353
48195
87941
76757
6914
3956
91369
84732
41372
23922
55198
92199
38494
47380
95915
88998
43716
6519
74571
68773
27282
23790
26611
46641
78382
17038
60375
94334
24592
2364
45470
95230
68461
93889
35927
17165
90687
33036
24235
8864
76086
41285
53043
61679
7987
45485
52272
3496
66166
19805
51375
32930
33480
81793
44511
75276
15065
773
5829
70187
2002
54631
64065
3
55048
71035
50035
15703
18365
49438
88311
94989
31271
62486
61864
15053
94765
62941
22410
46311
29194
45194
53981
34878
87604
15873
67220
25086
14824
53559
35060
39022
31477
24046
41562
19912
63133
41658
31936
35430
63369
13153
61453
9540
48003
67440
31930
28266
55897
36159
2789
87592
5551
99625
41021
26370
86482
57263
90235
28395
20014
65494
15183
79200
77527
61782
39527
18192
47296
85017
27392
69818
99855
14121
23352
63800
54844
34979
78296
79712
82508
65702
10563
33680
52983
57371
5477
50362
16201
93633
35122
85294
86995
72667
76180
14599
65749
10585
97386
11303
70102
65085
43036
78031
27513
96815
8215
67908
89462
34113
20681
83584
52959
59919
29906
16360
65499
2075
77493
85617
24870
87783
12558
60148
80535
15737
97697
31668
34392
16107
655
12645
31375
14330
48824
54769
81644
48596
27719
66161
28553
73381
77117
56403
28909
67983
53867
24013
76403
60541
89365
14871
31081
67085
58725
62674
37675
92265
42583
64614
29970
93194
62923
13917
