4987
18202
25281
91087
52509
99390
85815
40145
2604
69418
77847
33880
5839
42961
30214
97726
24375
69539
98047
27981
67525
63160
98738
41301
24138
85970
45184
81542
23331
8856
39922
46847
31646
66684
23591
93564
70039
15153
67297
32802
82232
26888
98391
96214
18983
51311
58083
67732
40338
48938
81021
82983
48432
65870
43487
64162
44866
33598
61556
35476
26500
73494
74089
74877
9234
95990
48959
33306
53978
84119
46663
35314
8327
50062
67440
26881
86395
90466
6822
67924
58915
61776
31880
94842
49453
27640
33702
17584
29383
37260
8867
23831
13868
74433
48538
61075
49794
57362
53476
49749
754
82500
36391
3766
95868
97910
17243
96116
65100
9690
54625
58689
48918
33868
13927
65398
5426
242
79119
5640
2896
82601
36568
78251
29243
76618
73599
32874
96394
44189
67940
39323
89727
88290
32821
6970
50640
81145
57867
36520
68622
89754
37201
21964
48208
9420
30390
59731
73367
37802
20223
80490
55979
3833
33806
55536
71002
99727
62439
81258
57143
66565
23592
98494
25690
70947
71016
22884
4620
60293
15273
85020
82041
19268
38455
92805
17310
24421
39172
39978
97521
