93412
25012
67979
94995
31002
35365
64924
47820
94395
37956
7250
51512
35364
43298
82606
5765
95914
64822
23487
41680
4310
50776
62357
2969
13500
42
12023
79123
83203
42378
31342
59376
1571
14779
88765
22941
60257
2989
49777
84188
5902
99343
93093
61738
97370
39665
30242
64441
22526
86202
48283
62865
35850
12393
81491
67308
13356
72158
17231
2795
89658
29308
75312
34987
3742
98919
80217
68666
36612
30478
31135
79919
47567
42791
71004
18658
78657
41652
23540
37065
29655
8826
35214
24810
80070
91113
76711
31657
52124
19405
32747
63860
61908
51945
22051
6490
79719
92275
9486
26328
93513
20040
3749
15628
63790
84155
48435
28459
3792
42165
53431
86304
65753
70091
79189
78570
87056
94392
89731
58247
35955
87388
78305
34202
12136
63640
72440
52394
63530
8684
59217
25553
67031
47940
10423
75033
33540
94651
52055
69213
26404
58849
49784
941
26088
46219
73355
43215
96199
65364
37748
12010
51557
85245
57546
53187
92968
69105
7882
75165
57209
81861
89786
83811
71012
59561
6069
6508
85328
58748
39471
71872
8256
69725
30151
32412
37422
33170
67659
10605
37208
34680
55433
37272
9590
73485
23566
74366
29876
7324
3064
753
68397
18450
78539
54194
4621
74687
26419
18765
85499
31495
26294
12555
17411
18441
32876
38649
56169
7754
28980
59871
14621
40817
1236
75725
68497
631
21337
99816
54949
92609
32219
85079
74240
6513
61024
5386
29707
81813
86256
64871
50384
79842
60190
76330
38102
57699
17131
19590
41713
50512
33548
31110
58083
79172
95972
41677
44053
75577
79179
26280
72158
23788
92004
60235
40524
74427
57098
13017
83892
26814
60905
96305
45573
30806
40974
32378
72644
92843
67430
65947
35394
51542
46566
15389
35478
69219
33048
19057
79027
59371
19018
27883
12702
89622
24882
77703
13755
83382
51556
71736
36477
53962
8703
66130
6222
80862
4592
84194
3314
97576
10293
96471
38065
37073
75764
22024
53172
34799
45240
30680
29126
17624
97078
33733
41281
88403
38471
61391
70587
14549
31994
5861
4562
70641
30425
36421
14207
69332
30384
54038
95000
14606
87789
18777
77856
80408
69465
61365
23849
19218
157
43547
71162
83223
81393
27404
63997
57608
86651
44
45173
7422
49544
55012
66978
61010
59045
46288
48690
14701
83307
91037
3499
14360
42659
44509
46307
67406
54357
49962
92089
90265
33097
49974
88149
69703
53145
86160
46765
60071
77236
61954
36887
38745
64479
65375
15964
11599
42590
90859
13415
60403
64741
69119
38059
40974
36415
19833
34066
39167
67288
74544
17154
4986
96478
50075
79591
48013
30983
11319
34881
38378
6734
83430
55413
2107
16966
51122
77534
70700
24617
26340
89454
103
38597
80334
24344
46343
57447
85513
68611
13507
11441
94596
14156
17448
44682
52610
83035
26179
83963
20505
14811
29012
97537
42284
46408
52516
5442
67535
23426
16407
51529
15675
40179
69506
56487
47117
72727
87577
64040
88174
91946
87816
75579
17626
45126
9983
80158
70887
62926
61316
1005
4478
72279
52897
15567
27456
42168
91896
41916
63669
52028
17051
75387
92527
42927
59846
99956
95268
11087
40594
42296
54689
28209
3200
85901
98088
11545
35786
38726
51639
71138
82226
19201
4191
44782
22493
40507
89160
57335
1265
70043
74119
86148
38860
98191
48532
58795
35055
53648
38362
27829
10732
75229
24951
50758
68287
62659
72445
42392
56016
40967
14677
75848
44401
28095
79464
8190
47559
87
76744
89018
81476
30228
31217
49055
49841
57812
12295
39681
1647
84474
6130
38935
63649
17110
67870
54592
93971
21429
51801
872
65892
8273
53621
84495
62113
95770
45047
80768
25832
47494
4223
79419
45032
26837
42835
6132
63100
86571
48544
50152
73438
30457
71684
46615
28526
30207
70940
51670
90001
3502
58566
94396
54490
93984
43315
79634
67364
55782
92225
65513
46408
55700
28169
23339
48166
99399
46021
58131
70233
75214
83027
94114
23247
7374
31431
41712
26952
78500
7968
29455
43232
85029
27973
25481
57535
66624
8325
24993
51904
23034
30020
37002
80551
84019
55227
75388
10533
37685
58813
45637
99235
79969
99667
45783
51578
43502
18181
66856
15539
68888
61701
84813
600
86205
98322
36558
22916
46147
75546
60970
88408
25837
30873
68359
71839
65943
69156
68319
5360
84135
6687
86251
66235
79641
85967
92578
10834
95479
54401
85107
46988
7144
73830
29011
74855
45774
2182
84435
45989
23811
88131
66460
50544
75664
51159
857
18912
57141
40908
16414
73125
78830
53389
79011
1222
50307
90817
5021
88510
31288
48672
4161
34871
54138
62512
2976
26791
75297
76867
69108
55347
86082
25684
65585
56696
61796
73087
34635
99126
51577
33675
59336
28812
34434
26343
36546
15590
18062
61637
97922
11349
43720
86060
66804
34540
96846
30670
65032
51667
44725
70554
57338
49246
49299
36985
94917
15131
5584
50848
71056
93744
94979
59498
57957
60692
16093
66161
24822
82472
55619
63750
12043
12033
32403
77091
23734
