96261
1110
67016
394
22799
80934
13327
80038
60576
66820
6954
85252
87364
83634
94008
44707
71328
73084
90964
78806
47198
28343
58321
70866
11362
57565
58814
48824
61420
62456
61999
88604
11757
68
51895
76353
22487
30932
68048
53900
78366
55782
92240
28587
57619
73001
93706
61259
42255
57127
4612
27515
37236
14044
44957
63257
30171
66776
73731
57109
93786
12182
42942
3000
21185
45900
20306
79341
41464
74462
40325
27374
72546
47431
54927
31931
52714
40485
20503
88210
92611
68364
52891
10736
44553
86681
2700
91156
14846
12915
63603
39678
48530
24350
37249
34624
19130
19217
71355
31871
41333
67277
84853
70016
20989
63904
4156
56312
4126
47408
64684
15815
6774
52418
60852
13883
25728
8530
67926
92746
33864
35885
10034
35836
78725
84058
10322
88100
47303
96600
1098
61578
12378
36455
90161
93008
32771
67627
75321
83882
57548
87931
15515
52250
47549
35484
60829
22319
6034
16414
59715
1981
99232
27873
57840
85639
84571
38216
82048
28480
56213
36150
58847
18282
61346
14665
79439
85225
32490
41617
34877
69716
73106
55695
34345
22027
440
9884
25825
31612
89966
9213
41853
8736
23642
40023
52669
84338
18179
26640
34923
42060
79729
66916
22613
56852
87747
7835
90412
97425
58401
11730
46531
23917
72371
1476
16247
61305
13685
134
61134
45449
44847
26915
48097
36441
54161
63082
83206
93955
52213
22887
60078
97600
7904
42258
10852
98378
82494
24526
7852
77876
19841
68567
68673
46991
60520
35237
6186
77025
11778
60043
19306
67586
89442
6739
73928
66319
93133
26037
98520
68293
61711
40998
34470
23815
49678
5931
81920
92033
39267
39692
87186
85049
63703
28287
10161
73063
31063
61002
34214
18567
43801
45098
45869
92015
41872
22126
64986
92821
88173
76272
57087
24798
79010
72181
420
63904
8516
36013
51853
61397
69312
97981
15330
47951
96881
31296
74738
75394
98721
52867
17340
31863
7355
24495
79584
21866
91762
89178
66191
42769
673
13598
46020
34709
43401
26286
72507
88156
87885
26360
28765
47217
58462
48532
54477
65658
86193
1082
143
10949
20712
95290
82932
98217
84563
10430
98812
82584
46183
79083
2730
97314
97683
2599
81180
55054
61676
54929
58744
74870
93200
64127
42210
2988
33809
7636
44365
15475
88098
19308
12236
51984
61786
10523
63239
20975
29686
25386
58077
65090
35400
60699
30404
93941
20598
80433
610
59729
41004
42202
67778
8057
16727
29495
9021
17817
48293
38070
19697
46500
98535
14343
65079
41162
90105
39716
85642
36917
41866
23803
55754
23155
66565
21466
72829
3284
1569
71434
53570
27304
80637
18369
22427
22875
45783
48267
3016
97133
57850
55000
49151
61829
25035
58222
11107
76942
23433
24575
22144
61274
97789
92219
69506
46053
94093
75272
61085
32035
93683
76768
93262
5538
78529
98508
76020
20253
82807
93221
17986
91765
42028
40874
45510
65016
90756
77406
27002
16833
14914
53633
77685
6642
35343
94230
73640
23867
20322
40328
71548
71823
83871
76272
70220
58362
60300
32965
37122
99316
54089
38894
79152
69546
24147
30593
58279
63411
10848
21190
30517
93721
8521
20825
553
5150
69062
89979
32241
61049
18042
30586
54712
10704
10059
58130
68389
84912
62413
36141
3285
20590
47720
1183
84721
64853
54881
54959
67798
39838
32412
28116
34740
52930
75601
76964
92210
19383
67125
26164
23630
39597
88300
12078
1085
37181
87227
71780
65308
97331
78774
13798
1929
33191
29774
93066
13178
80041
2909
94178
2824
61410
85182
99561
72450
27619
89377
7364
68751
57786
88046
39261
48343
78122
59727
99365
69094
18538
68302
22087
13352
98735
82321
15905
17577
20194
87810
81217
66517
11755
65344
5574
79978
45987
89426
24241
12232
87731
49699
66391
91522
55234
96665
93794
46637
9526
193
46992
73933
51545
87030
65755
14993
90402
39665
38051
99693
89958
81438
90157
18443
72265
15721
15512
10408
33379
93873
71359
95394
28329
11191
81053
15466
37538
87419
5971
61801
58610
26969
51843
96761
937
57740
13560
96517
5747
86638
72894
92412
18551
88116
18712
95555
38068
89504
47406
22077
50406
42522
52830
82566
43865
24247
4784
14150
11556
25254
37039
882
32180
44275
2142
7305
80714
9182
20824
90954
8285
41331
26265
26840
98129
94301
63580
58022
42522
53011
34241
73910
64931
64987
94006
2991
74917
96718
85761
29429
94736
80541
9378
21021
98230
91493
69551
3527
92073
11939
59969
62385
80427
94653
82770
76109
23930
85428
41531
84375
47980
82915
4168
52016
11749
62974
78154
86803
56397
40682
16188
63950
69347
84782
89843
45996
37145
86841
87131
63105
78030
99138
53947
58879
48394
28733
9998
41608
88007
92123
56948
89725
64539
68250
47061
30949
45685
4318
74929
85753
96881
18138
46561
27285
61983
17863
25052
45159
67882
59308
67356
16523
895
53333
47016
68415
21678
44370
4597
74660
74917
90616
38899
59521
31091
35201
8796
45039
55295
12012
82970
25309
55067
91358
7549
83696
26154
66592
81264
65267
13721
13360
33524
18182
79690
11204
10493
56188
16526
49875
29964
681
46805
32327
12853
14511
77945
79755
92229
33250
19117
95326
90928
77057
61820
75256
88034
36452
30716
24043
83669
82281
48322
23172
39574
6744
55525
79299
34219
12312
29735
36768
48879
84538
78799
31948
42337
41027
26617
40855
30273
93910
90664
46336
55278
25455
18931
65362
1540
91898
70216
78004
69753
4198
55163
5149
46851
98891
99900
57839
77901
46312
46795
60526
34790
93162
27842
33187
65857
23948
84514
84414
92884
54502
89446
73268
71435
62679
10981
54110
95395
56939
47577
96309
11023
68176
92725
77569
51773
26620
96852
43687
23306
94763
36090
42568
15571
92323
27355
48805
34209
38532
85766
22831
6158
1135
77650
25063
22844
36054
44740
30625
97501
40784
30777
52115
74366
21841
83788
74203
96397
82829
56846
87240
99563
6861
12427
61538
37860
99572
43224
47926
75309
82570
16253
56712
25092
6815
35566
44457
66809
