98487
10062
18509
82426
79972
48180
35377
73410
69806
89012
72956
40412
83382
52191
52604
91631
96354
69405
45615
26246
4674
63463
81257
43684
74185
84682
3723
79151
48729
73094
47118
86524
62389
45101
96627
54031
69069
5826
20349
8829
86623
17618
98069
88639
5030
43177
59981
74413
23259
675
56953
86445
34831
89944
37121
75024
87103
91097
20871
66595
18624
13512
97972
63226
11037
7441
65983
43477
3604
86605
17094
91696
75432
44481
67306
68082
12897
64884
65920
77912
28520
17501
34713
6105
7043
82349
93013
18988
27361
50231
11327
81267
8013
73122
29630
80546
92836
34764
68900
69579
73157
9123
38222
82191
33402
79674
39778
35310
32447
25436
96040
84530
41643
71674
85749
35060
40612
46803
87490
93406
24939
33742
96422
9359
529
99498
2424
54918
78605
69600
25497
14038
38706
19397
7876
78451
78993
89092
20778
12672
82867
5714
35331
1173
17864
31824
51654
17605
83404
17568
60013
3897
7085
74267
64709
27676
43415
55817
86451
29922
87224
17345
19990
62313
67106
17662
40790
37886
25668
86563
24087
23090
62043
30194
53797
35737
20334
55593
31563
71770
1612
92415
64536
25234
2222
48538
58695
62307
53344
23835
88510
37163
80937
61518
97662
49226
13275
14666
82650
55179
57354
25765
29275
8667
75512
93890
49661
26522
51345
26422
70908
16548
25272
45204
14444
67304
39084
65394
47164
67181
75298
84736
17198
40937
12921
69866
7149
55353
92384
37692
74874
72114
72799
86236
18134
79142
95011
99937
76304
1685
21248
2033
79206
68468
4571
22249
40996
96043
46968
76426
42054
88232
58635
40792
78161
5971
55990
91804
90019
4118
17084
23742
27112
56509
18933
96275
36343
6235
639
48760
92852
16319
67136
22164
3380
17043
38742
21666
27364
3730
3647
99250
40316
69957
34628
77542
12037
4993
29535
89781
3474
88232
73171
45926
63925
56863
64580
64699
65984
59559
74301
28858
5519
68537
70872
7052
30638
18405
26391
46602
10737
62408
63836
65124
9699
16745
24507
86487
33756
27420
39254
20538
79196
374
88575
33382
36922
34423
29147
70976
57212
31743
98494
36573
61087
64655
30028
64190
1143
26107
78522
75764
16271
59744
89328
91530
93486
72230
35127
63623
82947
48533
76025
15495
18764
56628
14902
49382
43950
45626
21795
94698
42482
67588
12600
66518
36756
49654
11215
91960
17650
32648
3562
77686
32168
32685
25425
15178
90937
33812
71640
20934
29119
91282
29946
94777
68742
13780
92744
1331
85917
60953
10697
78426
58303
64673
19015
83864
52107
36364
55486
21821
34021
71529
41182
33241
69347
69827
47436
35346
48474
75203
99918
70253
3326
99566
42761
63109
47590
20150
49611
87118
36876
59879
47253
59099
42390
36049
61763
14379
67632
48625
19418
59238
88527
26568
11572
86244
53969
22683
29860
39894
77923
13531
18198
42288
11764
11429
89930
8919
9349
22676
16413
47040
76536
96412
43985
41298
81236
95816
16806
61518
93338
74599
41336
10467
28749
80229
65204
53010
18010
90846
90615
16341
41307
25431
13790
67067
60873
63302
88128
14866
53445
25379
29488
99232
39957
39030
64695
94510
77556
33133
60664
55449
1870
31208
7139
88284
42064
55319
24641
36618
29150
20106
25137
70837
12289
42736
43067
1345
6946
51166
16206
75451
70622
10011
53068
81197
41200
33131
21157
79003
57326
57073
4678
26101
70252
82003
72246
93820
87366
10143
78265
57737
48649
22099
15205
42442
1424
44919
30505
84154
34323
52674
71838
50113
20824
80995
39604
9117
39838
33808
94460
34729
76115
21274
39281
84969
28849
53603
75378
40401
3476
32516
79745
38642
35696
20274
45135
66660
21983
58271
34051
75365
23061
85949
97160
19715
39182
17195
86580
4060
37539
6793
67229
89459
84608
52096
50996
69820
34204
59782
26232
70959
76803
90642
66525
52727
50291
19759
77884
56022
26079
1276
59287
10449
25078
82511
23096
69242
16431
55455
12458
86465
61465
6375
49683
92415
74479
30840
23224
17665
86195
28055
18823
53573
66663
71019
81976
28076
56036
69636
30937
45792
10825
34953
48597
42145
3456
84724
11437
20410
20077
36842
83543
65074
56491
9079
96858
41593
34728
66222
57511
54155
51201
11060
89193
10981
55400
72822
80697
33118
96350
95500
21127
69629
25614
89164
27763
96671
86777
20790
5237
30681
47986
84234
79222
42957
50493
14351
1881
21698
71136
44022
56951
43494
81759
79056
56928
54978
82880
19650
47078
23777
10950
30812
44804
91601
86212
20681
77263
9886
57500
78196
262
12162
4138
58461
17908
73420
33152
79957
89439
56641
34776
58849
44311
16567
31286
12180
9224
25055
97899
35266
5770
81271
68554
57374
63480
76911
7244
49759
73120
91824
34644
39082
41842
23651
99647
5318
81565
25215
74279
73218
31120
29287
20900
64636
96775
40478
95362
98978
63508
52754
4763
53348
1138
39857
53173
51749
16627
45127
27717
31630
96988
18258
58599
40627
2874
11839
70624
36200
4812
87727
76273
78863
2385
99698
74443
18705
74049
752
41315
58243
57441
87143
70152
10212
37934
43187
16143
13667
94058
76086
28024
88570
39581
17069
77956
69723
95807
65676
87907
1199
65361
86323
77207
68985
95228
44029
72375
62794
49049
51201
8143
65058
96881
16494
10470
74608
99592
83469
21727
61086
38404
39133
88379
42738
71518
67515
83417
36125
31668
35884
87212
19030
31361
76813
47953
15526
46384
55538
1060
23215
66921
10547
62825
66904
17258
49983
35256
32890
64145
49228
59420
48312
56068
10490
99711
87234
99630
27152
39190
49733
39559
53511
39928
60130
75362
75921
54927
32939
94783
62452
94643
8627
94555
27709
90668
4113
32998
81749
3529
19490
67736
98777
88989
83720
40056
8285
46530
6817
75458
79411
11574
18166
9758
12353
9612
50732
34339
13225
75266
60258
17556
54755
41252
99666
32445
98035
