65993
1249
183
85416
36834
52986
17459
26307
36905
40185
73928
59964
84448
74517
74612
61296
66852
40770
96322
35134
79047
2244
15824
48170
66714
28844
70628
11746
12774
94781
34265
74452
71622
11966
19780
31052
77635
69608
63672
534
75111
41612
60178
80990
46986
77781
30894
22281
73695
49823
45421
68330
77687
35767
26914
28313
48375
10587
33142
7457
30817
37536
56544
2551
74366
29703
13493
79750
10451
47517
1347
43556
19168
60102
11441
89376
91608
4258
70910
50139
59153
52126
49082
97734
68121
71478
98758
71496
90269
98953
48385
78011
89508
16510
74441
94281
31457
80984
48388
38417
63925
56191
65484
58202
67938
94854
65706
87728
91044
16974
80753
64226
12771
38482
56648
54247
9491
10674
2560
29719
67953
54701
30732
93393
9260
41685
76073
20754
7554
66031
56302
36823
64112
89713
51947
41541
61892
88093
22831
6460
78496
44014
28958
87662
87881
60663
34803
18339
19929
33957
1585
49627
56326
47405
20629
2759
79979
56690
67350
14519
16288
46927
76387
99905
39020
93071
89200
32883
48526
54638
77557
55778
38946
48327
14297
86659
21753
2469
1348
63611
71599
23179
56541
52144
52626
51384
93862
79250
16228
37848
1592
63336
55696
61572
2530
24676
16098
63215
24933
44071
75906
10259
24913
12318
33757
31818
50337
95172
94706
62287
21739
67753
91009
31073
33086
60793
17270
51172
24560
76667
99628
83495
55640
5441
59799
11476
76109
21737
28538
20918
70608
66601
30549
22267
34122
72898
62025
20869
46334
19906
53577
36238
41955
13288
27748
56777
16800
57576
53126
55875
54799
82067
53693
85386
30785
85375
55130
38103
73719
48677
92566
6802
18492
99213
22030
58386
63055
25388
93731
85485
95448
41374
51555
62514
32347
48650
35388
53217
84720
43485
30411
1306
61207
78728
30041
86907
98292
37883
77056
39591
81630
17795
78349
65209
36162
67550
70712
10669
8408
16973
60366
47749
87591
92486
57825
31254
72381
71749
39213
35133
60092
30876
15294
43415
57741
31591
33271
69290
24809
62055
30583
99941
56650
81775
41047
50154
20940
25369
69308
15319
65829
46781
17645
56842
15393
8972
1124
95949
64852
36321
39401
895
42780
81463
10197
77843
61028
60033
39698
93734
27340
99001
45319
50056
61529
91766
57371
7552
34183
2732
27645
24993
53269
63226
7587
25585
95158
70500
59808
69395
79829
48127
41575
31852
19588
9343
23373
25496
28
86067
85873
24141
25094
42048
79229
52936
72108
82584
36996
80027
73206
33786
35497
88309
60209
3647
3552
12406
4003
83932
6074
83384
88945
40903
38662
71508
91076
56058
43060
85501
71455
5624
31089
1524
14848
50899
29641
67868
23485
97032
68078
46852
17488
12604
29447
5802
20928
25196
66761
24675
8997
18978
64226
10805
96192
48591
41334
78363
8126
84955
98904
28695
59846
95012
15998
70768
57171
46509
60067
14829
32246
42290
46053
91636
72407
1012
15893
4767
23581
21250
42018
79458
4936
56367
23512
59688
37576
31033
65903
1120
23643
52996
76554
156
30773
88339
59776
18510
97998
706
76090
11544
20381
32897
93685
10081
36470
41835
6273
35359
63379
84482
42019
90091
12175
21756
45582
77257
15526
45850
71508
93220
97414
78919
55636
49677
441
21314
10456
42064
56752
9210
87955
7989
69790
16564
84706
12419
21907
85338
20576
12084
919
46361
64276
58727
97466
62606
84603
80015
74815
69242
20624
20247
90232
85340
64874
2811
51484
60243
73564
45825
65288
69017
34329
48336
58222
13965
1386
94939
77740
35462
3271
73778
45725
80624
2428
10699
14187
46533
54313
12523
70308
29900
16146
63583
2606
146
60972
18177
95586
53519
73461
18408
86689
26874
69702
48889
55910
48591
46128
58411
91950
54025
72113
63093
79378
67537
52977
63636
90545
40979
9436
93707
82845
36628
92168
7541
52834
48569
67803
21731
30673
6646
3854
76027
42629
47122
64720
9044
116
53553
44606
77884
47406
29282
30939
77223
40276
94809
95798
28816
99760
6491
96370
38917
59811
4483
55809
55710
91173
313
66893
43290
49105
86793
82569
94333
93061
23463
36066
47981
95986
85431
88466
3334
37537
61890
56016
28360
33609
46794
50769
46630
80007
28723
32272
89440
73427
43870
5581
11248
42462
33053
8768
70384
12056
33751
32172
98067
52647
15358
16542
11483
90996
17544
61305
29665
73993
56081
17288
48993
97784
3792
42420
41562
19035
17745
38302
17256
12222
18043
39452
60718
60415
68930
76858
5353
77053
80365
43110
23399
51744
42586
18727
48007
26192
99262
32980
88304
73088
51299
56229
10867
45671
74062
14815
97129
97214
26523
70237
32336
51034
6236
18830
68888
70741
10955
24748
27105
44479
34419
59449
34895
62894
31263
33305
51748
95850
99148
20026
69666
46694
59724
50438
86919
2987
8730
34256
33791
8722
95316
30284
71879
33657
60243
67548
45881
7036
50525
49431
56306
99732
38544
94172
89978
18041
12038
23306
