47627
51538
81748
93123
61080
37096
48235
55285
46105
66013
50327
14379
71799
79345
3691
44568
33802
437
58127
13816
11373
53182
6365
77172
83874
19723
81174
54671
31696
9943
20420
95730
78884
60470
87580
11428
75788
33291
6092
87756
59293
9685
71619
55754
23309
44705
31331
62372
45524
93172
93509
59319
41514
614
35010
2987
9795
23395
96117
85143
51659
8733
69947
59260
44553
85783
2162
47664
61813
51238
27087
38956
14859
41123
34505
8585
90134
24395
2474
94478
31751
19326
1098
53899
47502
36513
62651
41793
90020
7447
73261
58248
36878
95693
64172
9051
25393
78929
18998
90546
52575
8977
74112
64745
37844
23991
13550
26684
62054
2264
56761
49912
48001
29351
90132
99408
89166
71122
16014
40261
42521
35734
64575
75161
94766
81311
41600
52003
81055
49900
51191
48593
83095
24537
91447
4461
85052
29225
75805
13479
37831
11650
9204
96448
41864
81242
87494
63612
97824
66847
63294
51141
95810
17929
26255
51256
34696
13334
2003
71774
71282
2340
36432
91116
36340
57528
35755
12355
46159
79589
8950
25882
85159
12072
97099
81438
83750
41611
33747
64725
92255
70421
22656
75215
99322
55788
93531
16949
52820
14736
73845
74840
3085
60066
94560
9912
97826
4615
64660
2424
41344
52618
23288
88575
35819
97792
29920
52799
74694
41102
81439
96967
69475
24454
87203
76288
26797
66901
74062
27160
71682
13486
55378
3998
96663
54507
79557
73053
59993
68568
86402
6387
57696
69517
30533
63373
77246
24399
61526
33933
98349
88709
76630
79065
94428
2914
86104
6222
74843
52035
23699
1362
99571
30680
19158
91100
58138
96928
8926
21981
22447
59288
18682
89680
3747
77172
87100
39600
41687
10254
38352
64922
12211
23763
84863
40881
67136
14857
99705
83917
42979
30173
7067
82880
15548
8122
11027
32416
7502
88296
35515
93214
1434
4713
16448
31379
69258
81022
92922
88270
9067
83291
25276
1135
75557
51859
73983
93011
82783
80940
17767
12357
86920
15233
25908
29904
83654
29619
752
40995
91502
28743
74217
33247
76680
18513
45506
849
78199
47171
83898
24638
78027
58347
5301
95062
55636
52446
38512
54478
80876
35113
24511
53597
70291
43058
64136
99602
54218
7958
53521
61
28504
64738
24538
98820
13058
65265
77651
42541
73035
53860
2213
6418
77155
819
71464
56849
30539
58682
44428
86015
2830
73352
83319
98045
91153
50694
84515
91217
38681
2207
94006
7825
12653
58564
48081
66476
23927
35294
76230
54483
64561
42374
61102
7725
43806
29846
2806
64245
34825
92159
64536
15445
74759
37401
79111
77047
79195
80431
64521
73220
67062
77120
11660
77772
70482
44854
33646
81530
28462
49470
23004
17211
60203
1901
59694
40976
68830
96740
49069
84555
76079
15908
57138
91100
70471
74173
91796
62860
57061
95175
51590
44699
39024
66237
9671
35919
76881
88989
83198
66487
9410
54566
71245
70880
41533
31298
9095
65744
32765
64542
25343
28379
47335
44262
94595
4086
80932
82876
53350
24705
13290
56359
93163
32056
53133
83763
61180
26393
72039
21703
55266
22629
11921
48952
16452
2723
67735
79139
47523
94407
41010
42011
56036
67173
35995
56798
73631
73105
42141
37204
64732
10142
63585
32306
59747
32047
3697
40696
59840
98372
74238
80689
99479
83386
30137
3203
42836
22340
64705
69632
67103
57824
16015
55153
32624
1540
84047
24659
30303
97807
85385
17202
14695
77654
96666
9452
66906
51338
4972
67512
33159
92528
63214
5791
28948
16407
43768
82806
81943
72036
64495
27187
23284
25322
73724
46697
11283
34539
90343
35922
32568
59273
68428
37364
67967
80554
21914
657
43039
32068
56480
24880
49782
65852
36954
63076
77894
21475
26997
26712
44131
82788
75551
38628
98419
70769
78539
57825
38156
75557
40081
22764
82561
60198
19522
6087
14914
63407
42073
6568
97630
13953
9869
73185
86583
45680
16034
89218
31035
85797
43871
21250
49901
64318
50618
8778
26674
95381
20913
83578
53243
23805
86937
9164
24849
21187
77334
2370
41435
72125
74241
24209
67964
29021
37656
68536
52975
32747
63509
69015
825
74527
38519
70347
84676
96350
93852
19268
39147
33897
88384
14957
89074
17865
60968
58916
65145
58899
82932
98336
83938
95634
70293
80646
74364
94162
21475
22616
5011
31831
76309
85728
87173
67546
10185
76340
10209
92046
58213
48777
72755
60083
87001
77214
97416
17175
51806
75175
19882
47401
48648
10261
51148
13830
47236
81197
32840
24465
83554
48931
55363
64871
51621
62812
45830
43050
15324
53250
50182
80217
70546
31989
26876
98900
50608
41564
42908
34307
85657
91891
58852
87355
34941
33877
50312
69202
34893
29172
87552
32214
11788
14928
91597
23593
13145
30199
41912
93389
29536
5697
51337
89458
67539
94489
26909
45612
75415
53588
31333
2782
67201
12371
25193
9501
81066
24900
88751
85841
83504
13072
6434
40899
71667
68580
82836
73335
95679
29176
55426
19989
50067
49928
22014
90930
16988
20229
75852
4464
28004
48069
64494
22998
24260
25353
4171
9670
24327
56262
61945
76488
84932
8959
76786
4710
64973
67886
26371
1506
22969
28012
82515
86389
89028
45552
67343
94557
65612
1865
49569
83859
66925
79080
47159
73787
95411
19742
7578
69664
7263
72348
10823
7552
21646
92353
23480
13346
13430
12504
46818
52196
30243
85951
27829
16306
56441
67064
1380
5111
5389
77621
29842
50917
29247
44858
4186
57921
50353
54840
60669
40150
82739
45369
94060
14985
49755
381
5925
89902
36486
9690
60767
76392
72415
36627
76380
82672
21337
5386
23006
59158
36978
68628
95077
