45860
50613
35499
25209
87189
33864
30656
16484
40360
8704
88990
1794
52886
29898
90741
39306
5488
38359
85413
89077
69943
87104
5606
31392
85544
93567
23801
13988
98059
29883
26767
67020
71381
57385
45644
24159
25603
98501
56784
42051
35722
58460
9124
48560
17299
36912
64768
18745
36603
68978
69956
10729
26904
71188
16816
24776
97906
52740
74819
41595
61169
40331
18969
11894
98761
20880
20017
19654
22446
45831
65765
77449
46577
90461
30569
55792
69580
95947
20855
9798
79645
45045
45032
24291
53593
7721
64212
77388
21119
46538
38744
55337
16082
93391
62382
17179
24631
60600
78528
78610
54346
69283
10709
85797
36152
85532
96374
97694
82293
49334
26569
31109
30869
95975
5142
23437
5813
10692
95641
77888
22694
9649
78580
45626
7822
60284
60301
39506
63253
58683
48004
72476
63344
84732
51392
18598
81133
56097
87113
58931
22430
71608
78976
364
33929
25611
29118
83008
68198
68830
83823
72258
9089
65766
90139
8791
53369
40028
31313
68109
69382
64222
53063
97238
16962
74797
68409
5354
85073
67136
11882
2188
78334
10063
25346
80683
1218
79071
7558
34258
63278
77342
38366
94659
72446
62393
832
90370
95092
62523
94604
50612
18246
50156
55255
39648
45281
20958
30503
51437
80063
71307
22555
76508
27633
25088
49315
14282
36594
18423
30139
33389
57778
40948
86535
46312
48892
99501
61456
65532
56186
92356
69110
91808
68021
88641
33089
6146
5059
35135
93807
69361
11901
16452
12445
63975
92071
82718
97869
32111
80835
41787
89169
11510
43078
92649
98259
87618
47247
58312
11907
26270
11227
91175
33125
12761
67483
48053
6879
25164
19474
97614
37786
49094
3739
45241
41450
25123
30547
99660
21451
29121
21792
56322
73246
8009
13408
48922
14177
75788
33850
97893
37974
6911
49267
5302
14738
94252
46468
68405
44419
31852
24095
61957
76480
62108
20681
84663
78867
82333
31894
31686
38074
84826
25049
92662
25551
34367
88137
67173
44571
82753
90383
16053
95205
50785
11516
42214
68657
75314
62973
56567
92430
21357
37753
90873
52617
15589
8004
22424
69521
64
84545
1607
9765
25492
33032
56831
26510
49687
71160
41933
53791
31527
55225
44046
67463
16172
94361
79236
77172
89804
85908
3324
73877
9431
15319
66128
71525
81771
77278
67104
73216
98232
28579
13973
41590
89183
42602
85658
2115
52433
12388
98936
54103
86178
47105
75306
33716
44226
92731
85105
20442
70430
87260
25358
88216
1900
40959
78974
76371
25916
64134
61950
65381
17435
25330
16712
81549
47203
10044
7597
85946
51820
21308
17550
56982
65973
73496
8076
43489
3148
13510
57072
73053
68747
93585
30952
6560
57851
75367
49937
73559
70275
78405
8598
1144
33086
57613
73469
48730
75014
13336
36508
69267
32904
7312
94077
94585
37235
516
81891
99459
53419
78607
2775
40489
76122
48346
26271
19659
9985
22298
62415
70905
54681
92752
34010
93425
35737
22923
68294
85806
93235
41015
24111
26894
93685
13473
44948
21181
85243
36680
60291
73618
61988
97154
8076
31557
60638
17636
99082
16121
43571
69362
33805
51261
