6713
32471
19532
68207
14965
23170
12635
53679
62006
5542
49389
54794
2164
84415
10649
71589
64648
794
59616
43823
11668
12788
34094
96753
73994
75356
68554
53780
61328
2945
95107
3042
27060
88936
99968
6172
30864
19497
83648
26032
6049
75634
35949
81421
96116
64822
26945
55076
30743
82405
38922
39139
97815
22475
25176
26443
14418
20531
51833
33333
20922
36325
2559
24000
53291
33891
95083
369
15783
66185
29623
58872
27456
41062
18757
50445
2268
25294
13
32686
36826
26274
81210
49460
53674
78783
59013
93515
61022
61918
16216
47610
59963
62527
63480
75225
74007
92374
79882
33759
70836
5671
14381
3205
66796
98974
99280
35279
27445
57581
33699
63711
62713
76905
98957
13998
64519
33406
47487
88407
4304
44111
46996
33595
16718
68643
39170
12751
3860
79594
95335
47912
27779
71176
8925
99666
29291
75152
31967
50624
19732
24742
36471
57970
71426
15730
70627
84142
26381
72567
91792
91299
14986
66789
92380
80912
41913
4377
74361
53374
25446
61042
95717
68652
92406
17413
51586
82257
51628
93614
23729
99241
89117
38812
93169
32182
68673
44891
55778
30768
4491
82298
43134
33267
12015
44430
17866
74785
62573
35219
13975
76936
26985
31797
95519
32237
94016
70581
19880
24600
52764
80839
11582
56316
75336
30819
64148
98179
36208
30678
91590
96626
36148
18375
23226
50664
88971
86778
25374
60076
64280
25233
79282
45512
1691
29444
46187
44981
77217
45246
23521
9291
61320
80132
38364
66526
59866
39061
82936
58534
46295
60650
15376
19680
64633
51939
13104
34711
75831
53112
23158
4974
8930
83751
58134
23171
23119
48546
95337
67396
91105
50624
18428
23701
28185
92724
65681
59027
37697
53165
23529
46199
38694
8470
59258
10531
91018
85830
95542
22630
35654
24140
14031
13383
31104
50975
5615
83774
39431
4747
87737
45379
55312
93267
90694
35970
35533
81185
34350
2543
48053
1878
72519
87676
20176
99523
34174
42231
50687
71047
56363
72722
92598
34596
37542
59809
77899
8787
88871
10807
36732
40641
28023
77777
48971
37331
99425
83703
51087
91152
33460
51458
23856
36956
2027
67773
20285
20433
15806
47793
33250
21017
32699
51899
37308
17703
38545
10464
64806
63884
67480
97974
96577
6706
17280
20058
17952
10594
48417
27539
41609
95332
85185
52408
94519
28118
70257
71414
12550
31261
89933
56172
55592
14248
70721
75960
20725
23575
21826
25418
96127
51256
41212
31697
18995
43873
53283
7759
5778
13876
18527
82834
39584
78429
7905
64328
21108
54264
84136
21582
28967
34283
82572
48571
15699
46149
10804
91322
92627
28141
60385
67077
26652
23037
71183
33691
35621
62657
37958
47436
32284
90893
82401
75986
51709
46494
95712
70885
22354
95731
94140
53926
13471
12265
45686
28537
5458
30860
43847
13078
93869
2144
40962
32662
38750
53988
49903
98477
47294
48208
5174
57988
68284
9803
58300
12968
54081
3981
17604
69442
67310
35678
17927
3610
72974
41817
907
46557
57160
57094
43056
28140
44158
49780
30137
3717
84870
65612
98020
72440
52721
48655
17427
84928
41948
97630
9699
19082
1690
10233
86688
11717
20466
68062
88201
38282
87874
47103
34651
60676
52381
34619
25688
36950
97173
24486
20178
25966
358
32614
29482
91543
19453
36478
76475
77153
64839
13327
85821
40693
8030
57674
93688
54410
40195
39259
8890
22438
4417
35777
96004
89075
25799
822
16029
98785
25046
41858
87463
49100
98401
68482
36700
6738
43731
67225
16675
62100
75964
79961
54172
45148
73079
91686
21961
93687
51421
5912
73588
50407
58631
83906
69440
37567
65776
66584
41380
50918
53118
21957
24859
94960
37150
58462
42044
9649
68846
65233
37044
82981
10962
41862
58568
22519
74994
88391
40159
38530
62888
24722
96244
20935
45737
85468
6726
46601
93418
29821
82578
34786
35974
94381
657
55208
47022
71635
34105
96285
3592
81925
61937
47945
81992
96030
15287
29050
35504
97702
16487
1478
39908
13190
84137
45350
69770
80967
65427
2839
29060
6534
19290
10714
74543
8899
72083
59543
11779
69986
11758
13025
12702
80964
17780
27094
54981
36262
38903
30980
76329
16276
51423
36130
27832
66996
60926
44932
48961
72127
94563
62077
97184
14087
67789
96065
4320
4983
56627
99121
63972
39136
40040
36831
97812
62900
33225
7608
77886
89769
90716
20305
66926
96227
33298
29486
51983
59484
25260
39713
31972
42842
29490
22254
10975
54328
67518
42444
33584
33690
12773
77546
74903
55971
78167
5233
49757
34103
49641
90993
76446
90612
68317
72825
28932
53122
94192
39721
78720
2676
80404
3957
3229
82865
63481
91660
77054
12427
53428
38404
41334
89959
94517
89801
34937
76635
69776
96316
21962
16321
98167
43187
27363
73088
54286
51049
49860
66562
78040
69643
49353
51989
46033
49045
76730
60322
2612
11547
69848
4332
21561
62377
38518
51477
47067
31915
88384
17459
28549
9326
45550
31324
44500
94360
48095
1464
11785
62897
75766
57170
23608
80500
13656
21959
65354
71475
39087
14243
79732
4479
77691
11276
16647
84024
50713
2170
73269
98622
85494
57190
67074
68947
55465
66461
68675
82951
10886
63891
74220
76097
19760
6531
63249
94924
35951
7034
32448
36601
34692
55521
6055
64138
31026
44205
41131
63126
26904
59118
72395
5808
13534
72384
17855
94094
83890
97345
29055
13340
6770
89222
6365
76469
71780
66367
94393
12172
69163
85340
58370
94913
43461
21982
43988
90743
71213
32436
39016
18538
67996
78962
69186
65514
51120
54603
78135
76585
27319
34723
71586
2574
