70543
71749
41060
78052
82949
72308
48363
17782
60271
43664
47223
56813
31300
44318
38405
58958
73596
91021
32301
66927
7033
136
95999
93682
64316
29793
13031
12032
19107
33848
76975
76929
566
15058
78309
2520
58105
44739
12899
90718
45850
79960
40875
75600
75197
90977
3701
3922
27321
82648
16922
644
26950
47431
42412
3007
39803
58925
25691
72470
68269
63681
57938
36797
24731
39900
89115
10349
29692
22306
95739
30278
66905
43613
77178
85059
45479
51263
50497
72757
89475
50855
1878
66255
17981
9237
41821
60555
9193
879
75615
15448
37996
75884
45674
15975
91750
92553
89726
68018
49950
89189
46798
13997
53574
90966
9003
12059
82602
51585
59805
9174
88626
94098
49865
60898
81923
33953
34583
15160
92483
6029
40480
27478
16903
92191
7028
28229
39953
67541
32768
17692
37924
70805
77978
26401
12114
98192
54883
88557
33213
2363
25698
91315
82736
6057
6054
60574
41872
17101
17725
94204
34786
39704
85290
22155
47860
63888
27582
55570
43207
56261
56558
39027
1786
20074
73097
95105
84164
5299
66656
52388
58490
13722
29065
90405
91385
52909
15220
95895
60619
94356
93975
78201
74302
59640
30487
88710
95977
27321
75223
40177
33436
51436
64430
37728
76487
68734
78355
76011
82400
49898
9952
62834
23089
51128
87597
86616
2262
23145
95114
23141
27034
54846
69701
32538
47163
37951
34272
1097
42416
68413
87947
77043
18978
54996
88294
10832
62491
48931
59794
28411
99795
4649
45363
95847
47283
58567
99879
9863
71072
73599
36359
70170
15238
4842
80576
92253
37255
31279
97663
69387
54619
53977
65389
63582
96220
12696
84787
76211
44411
95241
66236
93256
9100
43595
78607
97365
55801
23919
48
11172
65592
69226
51575
93092
43827
86295
12445
55281
79895
56325
29300
34264
60970
84629
6238
49063
86211
98541
30551
51310
44547
73128
20933
13534
60084
93071
84769
69342
351
12797
78024
2981
6988
43011
64603
57009
21227
60863
91869
92340
6965
59901
18873
94202
1024
11992
55050
97219
96553
17748
86519
68955
94373
78048
5294
80682
83479
82906
50294
74411
79951
96867
88223
8342
7492
13596
1622
73454
96653
87550
97077
20273
22592
98370
51974
8294
4576
7218
20453
51904
19720
23767
38148
42219
57093
26011
51992
11326
55658
16370
32507
26398
66145
58377
4779
23545
11737
58001
90329
7852
63577
13456
53203
60746
34525
43982
89429
88238
70421
21327
40097
97539
76996
29651
37680
64644
43509
29314
63986
84436
63166
96644
39569
20037
61524
3492
95275
37367
2804
34170
74568
27585
9671
50783
80294
59055
5661
44747
34802
96999
3226
22682
16811
40093
32728
52033
88662
93534
78982
8173
66962
88926
34686
51702
30988
8416
45297
80249
3731
6881
50662
56436
84192
74052
51477
50874
11895
14810
4883
66535
11074
28050
31122
54272
28982
83506
45589
93332
78772
79505
3342
70671
24895
7029
34024
30531
17720
17325
78556
55306
2636
9411
77462
58736
43128
30764
35298
30404
85361
15720
10316
82474
87008
96051
67190
28387
95411
12905
96170
72855
30509
46888
28079
9375
65431
59011
75768
85934
51289
81180
44622
48111
84156
69848
2693
64396
63062
51316
36740
75119
76070
66225
4861
10386
65643
27819
44084
1641
94147
75905
95672
99018
37317
72317
93860
44726
89893
87214
49997
73775
4828
43064
62380
80302
92268
97203
27374
72834
74869
85644
64392
5270
76289
47041
2542
22787
71593
27416
73319
40981
55476
64745
31151
46029
95442
34956
92790
70266
28908
52693
81646
73457
57504
46466
30697
8508
969
93627
42683
53016
5850
18362
2506
21962
7671
35755
23745
73104
12012
82490
62044
36460
76105
48919
61497
42320
52185
40393
68593
5044
73138
95350
98915
2489
40584
69038
84290
13146
52446
38074
1513
42537
96573
42823
13776
40496
94523
91468
50267
16450
72585
2556
67482
40000
54497
7287
68490
80126
28783
40184
51947
49239
42460
1484
51101
36316
46751
17098
60295
43605
51812
73307
32746
55855
25057
18821
14696
92163
28261
75041
66655
41965
89619
74117
44685
4272
3433
3592
71078
76871
30088
84639
87192
81649
34621
64780
28740
19072
44300
32699
61415
74106
58216
11239
2147
97282
65433
99090
54472
89668
6882
75649
90826
54182
14596
10881
78077
1832
90421
58660
73605
41458
64820
87992
25734
5251
51372
89999
69791
33235
73348
27316
92556
32828
25539
21822
50654
15634
53614
56502
6277
1887
26654
58643
89197
84546
18530
33925
70882
72214
59428
81961
74262
80337
84553
40239
78071
89248
40414
22736
16265
65088
5546
22958
49464
18875
33248
82513
53628
98155
32794
49620
37452
46249
82513
57638
84963
29400
16081
74110
19039
83470
40031
88512
72572
84198
71117
22586
94763
28426
53920
2399
27977
94956
65866
72827
62088
86655
65018
19274
40566
79480
75511
78560
6594
22378
93333
95237
95551
70261
32952
7332
31470
1782
58237
53570
30771
51876
51528
4435
38761
44702
89034
40087
25438
26802
46420
50604
79478
40481
41726
68295
96120
33729
77710
33255
7558
38099
8868
52872
97988
23539
15717
47185
19749
21113
48895
46992
72217
5306
82783
83782
79141
72652
22780
63019
29989
11803
79433
82146
87746
90602
91587
52261
27349
45168
10818
12854
40717
19073
48614
36328
51068
82059
19516
1543
33141
87514
93613
1811
40817
91973
34982
31795
58878
24928
52138
54123
16782
45275
8687
7777
17528
98056
72010
31132
16782
45384
50218
86255
38631
56796
37437
89759
20888
55534
35918
55283
10459
90312
21446
38219
36691
51625
43693
23101
46252
35113
36265
83894
62803
97964
20695
10609
1116
59105
52934
28384
33574
72305
85200
15755
96399
16044
42680
2906
48316
30847
40903
33002
43378
37304
60283
45794
34216
48788
50663
63930
31622
66148
8977
75505
65318
60031
17849
92844
79525
31290
72300
3589
31778
73022
33524
18864
49784
99992
4784
13489
9767
52166
26968
35329
52026
73710
5960
74691
92634
41608
82085
57477
90402
29168
19568
81835
48400
34018
22094
22204
78907
43382
5400
57424
92143
3147
3242
92649
