87795
26767
62564
73764
15713
90261
66495
50243
11294
11213
50678
21586
92379
53443
96893
31940
95859
53477
66287
53256
52105
9983
94219
78524
7885
26276
17348
64659
87933
33360
71562
3243
3648
23406
71161
72466
95858
23449
95257
22315
49144
41925
13505
82445
7626
69758
81117
82239
43136
68618
28744
86991
2917
24564
35529
21637
42243
55012
54389
95633
43445
53417
45866
40747
16743
5023
23161
54307
17916
15215
21644
61623
66664
80173
15417
8499
47365
40919
3704
64472
43113
72102
71939
47824
60905
98697
43521
43793
4453
46047
86572
69677
28486
58928
77545
49777
80211
58400
714
7093
9426
22308
31591
31193
46007
11596
90446
80884
66276
66304
43191
87853
89192
1137
20322
48007
36425
71765
11378
27484
12972
18538
62360
58600
57793
91555
5431
82094
1304
26101
65978
62369
11737
70848
96455
58429
91905
97603
52812
79780
23071
41103
94349
68547
40453
67848
86761
49465
26891
54251
73484
3091
58358
90795
32715
30695
81629
94978
40465
71211
4107
24837
29514
37978
74669
24513
82821
32390
73333
63729
52465
47819
72557
34373
92844
71780
61496
25271
23420
5318
91011
78173
14340
18060
27899
91132
99051
86463
39605
21333
44018
82597
55584
77835
27611
48512
11330
30797
97524
23644
80452
11112
63629
75437
35806
68602
51025
55423
72501
78770
36833
33014
59333
72648
53499
24748
33874
11510
57463
45948
25278
40694
20152
83401
75210
11733
90094
63248
71594
48112
98694
88137
64021
61151
24927
46108
17409
98445
1211
64810
21621
74358
674
42058
43725
66783
87013
74516
51900
51788
75768
83953
59075
37471
60275
4722
65586
62856
82036
34474
92291
86941
72458
57789
25867
35084
37744
42479
17230
85320
26313
35943
71973
5914
2191
34175
71645
96004
86970
55289
18551
85011
37673
46922
91563
40739
86298
59480
44772
65639
60158
47291
91392
80296
90031
5919
79492
80296
83170
99897
15864
27588
59409
60273
76556
34777
88181
8478
98636
14385
63958
2566
34164
79198
34406
54338
32004
85293
66202
29377
35079
64661
16304
23611
18656
39297
51269
59937
31416
96498
84976
52544
82038
66374
14005
83113
38664
10493
59720
79532
54557
18769
38536
63087
63564
84502
80981
4846
54241
4834
47911
21511
22559
44624
66774
36010
10737
53934
47873
71242
29202
89660
57398
51279
26927
53202
47256
2838
7087
14194
57350
50470
30523
80986
94324
46850
87123
19678
29676
51562
77495
19761
24240
93804
3083
23604
99466
71400
84456
1886
99500
35671
14287
14451
69495
67446
30766
79533
68830
91082
60403
57467
17896
78474
71543
82547
19166
10799
2298
29207
70966
90326
59411
97285
18754
92348
44653
64746
56626
88378
15202
95273
96871
60522
54431
89461
23515
5362
18415
94817
39802
37272
13245
14784
66814
9840
85454
83163
77607
98466
67749
