77554
8566
63548
10341
99109
74852
94256
15231
85720
43901
23641
23597
81161
19885
3281
54764
83385
4818
78462
59619
89166
62692
36663
77770
30464
92145
23634
3402
89579
11149
83883
81916
17678
17125
13570
65067
43015
29536
99731
27465
89279
55083
52916
26737
64684
5292
54220
41062
5748
8332
35103
57045
34313
78728
39265
17341
54723
2927
96523
4886
28413
27751
97093
94257
31711
51685
46468
57360
18291
21621
77031
20830
81277
72746
6792
61574
40251
84202
31510
73391
49912
39765
12136
66651
61872
58201
60370
10964
70920
18912
58400
5336
93314
69931
1076
83923
48489
30556
49099
82903
10505
62603
33612
11323
6138
63633
42073
1148
94558
81710
48789
78597
35448
62579
34332
8524
62736
72258
96094
94655
5256
36788
80265
70717
94913
41700
25980
32790
94464
98585
66620
53978
73979
26303
73060
81219
96831
83919
75879
49266
94042
18707
2630
3062
63073
40254
29945
69883
86500
59933
64269
28581
42431
26141
45693
40346
80610
59615
11360
32385
88596
90944
38080
96978
48400
41367
36077
35602
51380
11817
8076
32317
46111
62475
79874
1096
26403
42098
19455
78873
77212
64501
35007
53623
22043
67267
14542
2513
44695
70114
62858
29249
75644
8076
31455
50647
94769
36628
90150
97103
57782
8563
20407
74055
2570
95325
81243
12196
75795
41582
41853
96357
17707
96845
22294
93292
2849
97356
3054
27216
2096
28278
53972
86579
91211
26183
51734
71983
79101
9829
95429
19357
29261
81533
72671
40666
59668
2480
95945
92869
91210
8328
74579
9559
60554
7930
83837
96477
35183
2639
57767
57378
15096
21237
26587
30838
86158
15239
12704
23435
73359
97180
49247
64060
30407
42113
75147
57872
29768
1904
482
15927
83770
81227
31910
99835
72618
58814
50005
10471
83300
72305
83180
52700
99104
92583
82181
67647
1395
47978
46571
95298
23141
23997
5029
19274
30421
80199
59892
76258
33702
7480
14098
50789
91550
21327
37559
39832
34188
89416
61265
56180
86941
73488
68162
63529
93443
49913
57508
8301
23914
21720
41528
40845
61111
57233
83867
7193
4546
10226
68371
76053
81450
78828
26210
885
86184
41859
3305
47352
21373
5671
23972
89614
85558
28843
52250
47867
75920
38404
43515
36385
6156
69727
63891
78665
76407
28023
73943
21762
41844
52589
34308
4876
48697
25522
32077
11275
97641
91891
60946
86868
34925
68653
18824
62680
24032
93373
67269
56034
36945
10749
57923
75091
19479
77973
41487
53422
31565
92683
70584
69835
77689
79295
61170
51753
85220
42302
52762
41387
69055
76569
57615
11005
56577
60380
82831
1284
85109
77703
14040
71357
55590
66601
29204
24075
21127
76806
32612
3680
64070
90950
50454
56000
56298
77558
67903
17287
32092
55083
49661
33325
83992
98571
29601
97834
44598
36384
83659
11738
74150
5398
23874
42259
25374
53588
32606
3980
4185
34749
6422
34161
35223
76192
10273
60374
79292
22116
4496
65782
69875
50800
78840
25828
77405
4407
80395
57911
76568
31945
93370
22240
79679
12843
58947
88177
37203
57690
65596
45475
84785
29062
34467
77659
66111
96865
55171
37418
61779
79956
78858
30704
31940
9734
96285
5642
31669
54971
68415
13729
41438
36273
23719
43233
93771
55683
36627
69733
67628
85739
73831
43792
97122
81987
8822
68639
72310
72275
92035
85652
11546
57687
20918
62012
11800
24784
32692
49142
11917
97629
91640
43021
40168
91597
13178
75813
46197
16180
40024
60548
3426
86059
49729
71703
68274
39543
80027
70307
12189
59287
4297
23223
1164
78230
60917
92618
73683
56906
91560
99381
35393
36472
70556
97344
4648
25902
27134
34649
25012
74142
67849
94635
76480
65847
56284
37323
76035
85243
28697
4898
31749
84719
27846
91605
50753
86515
3231
5794
82355
90814
67806
73711
25739
83836
82843
96358
38169
89238
76851
88197
69518
44250
96502
51132
54621
89387
81805
48741
67011
11508
21832
20166
32049
35968
97306
71705
4592
80112
93207
73839
78387
5077
28953
98604
79928
1018
17356
114
17659
99158
96316
32035
5454
62216
25906
98800
73561
705
49939
4332
16317
45212
58513
1752
46295
51157
73195
45986
67888
58557
37508
74298
80816
34500
34145
55307
8812
5880
25620
79556
49755
11457
58205
22552
18152
81887
31806
53932
1759
76902
53766
14809
99390
87547
49458
18062
68693
79237
89550
16813
75724
58510
45262
93388
16380
90678
78791
98586
85814
24094
44910
74024
78157
34829
64342
63863
14452
96657
56186
83479
78951
84251
67041
24037
89582
48144
36699
77153
65124
1302
89855
35558
757
27787
6108
65086
66585
62081
68368
29194
51557
94205
42006
70161
55638
81039
72361
31840
21535
40385
26211
16987
98876
48689
84224
9388
86109
90564
52355
6106
29251
7666
47553
92875
1120
25026
95725
92015
43636
70745
78427
72560
73908
29670
60943
40906
92420
51959
41790
40354
8105
28566
2103
55820
46383
33150
37218
14190
98220
29865
30071
95780
24736
22613
46228
25197
73613
72857
65898
