42294
12890
37498
17417
19004
1376
38115
89311
93821
1252
50257
51029
24124
50665
8967
5285
23654
48758
44401
31642
92390
48523
7797
50201
9044
9635
42965
87361
34037
52197
49341
51306
80378
68495
61777
49373
94952
2907
56551
21754
13261
78807
67790
4263
55924
79364
21964
39183
33198
41894
90265
39464
55965
73078
81585
59293
9455
17559
16516
84862
34624
15826
83965
54788
89787
7004
22707
22613
53332
22047
36562
89582
58720
70559
51063
93183
76396
47505
2242
82765
93093
63151
53093
1985
62457
82205
66557
82460
51251
43795
41387
72870
88088
39649
57081
27327
81089
12375
79950
74177
47019
32953
34895
68100
17046
86407
99952
39338
28900
9400
82590
46733
23968
17668
50747
78042
2641
91592
37390
90181
15377
40034
28650
3577
32773
95914
79195
92638
10853
15278
77808
80903
407
48554
27892
75529
80689
91370
10235
23023
41668
95980
80625
26482
65785
16024
15982
7862
39791
52526
84836
97793
55260
19541
22483
66770
68646
99229
81125
16861
77246
38006
53124
29346
7464
57826
59071
70834
68624
27646
43171
62936
32146
68386
30771
49763
36325
91001
3224
97550
70053
38041
31965
16772
79339
5041
37056
79839
7255
33652
77067
23395
99201
11029
60156
16885
80239
29178
80133
58480
44948
16664
61631
1286
27433
60368
78746
42999
67363
41672
55899
60238
91952
82926
88550
11304
90856
63837
81670
80586
66398
10886
56425
13475
79741
59266
53141
19976
23766
34784
94126
22363
52320
15356
80774
31177
72431
2981
1921
98603
61278
72779
60996
28580
39887
63208
98405
33188
77981
75984
17156
33466
49333
22280
61556
34713
1565
1972
55700
30069
60715
9137
59650
1905
21420
92667
3565
16192
37547
37552
21669
89819
35820
7437
89707
63041
98578
36552
14321
93570
73898
61064
76605
57648
63302
80980
94561
34664
86080
6446
45701
78815
99773
31216
32955
63458
2101
23109
84199
80708
8991
13522
58299
6891
14986
76451
75779
75682
45501
5532
79477
29952
83941
52454
74097
1964
11914
44133
30856
80646
66518
27526
27140
25859
5856
25247
14079
23847
92526
37917
49354
61427
67452
33502
62924
24332
45497
42651
12808
67871
67726
27531
2719
12586
37575
1300
53846
56503
11791
70262
50604
77662
23713
41291
61464
94121
35198
63359
36641
10792
89349
36387
48274
14024
2809
12617
56741
13092
35135
96465
39593
15468
74039
40200
22513
68422
25174
86928
53820
18138
35586
85000
52200
98651
78834
20587
1919
55202
57935
90147
54284
27695
67408
91403
57775
98761
18932
80264
49491
64430
40066
66824
68044
77150
13583
85509
2123
86846
68671
15857
3197
37265
95965
28952
92138
16558
95465
26482
81102
35476
35598
86173
65276
55654
51149
36042
38325
13538
36049
64610
67828
56847
5541
40140
16589
3355
97554
39605
27517
72025
86362
35053
17227
27264
18462
82346
42888
98381
28636
71327
56834
79054
15473
51929
43729
33361
92130
84553
34436
55954
83462
97209
29106
79927
86211
95249
92605
68152
90438
37950
4803
21864
61697
13070
59467
30017
81887
25676
33535
11671
62118
90467
25975
54045
697
24512
66588
9863
72334
77490
39937
4569
97320
1062
64167
25242
39836
3773
18195
99308
6231
27000
83406
51253
85500
53645
91391
51179
43150
2999
9269
79619
11203
84515
3344
9098
14896
55844
43767
77498
73015
20504
7973
4446
25164
19663
67673
47874
2561
43431
22156
75226
85765
1590
25755
63853
47056
48058
89511
61671
73786
88111
34448
54496
86687
95264
49114
32311
30431
41889
4285
31092
53698
72054
67098
83153
824
49213
5849
16051
72553
67273
14153
62868
86996
85533
11147
54190
40700
26647
44390
47949
55809
60446
84689
17094
96089
20744
41309
53489
63609
36585
75732
80572
34913
65113
15567
35064
10050
15827
95711
66701
2252
49124
99779
36561
57892
62216
24608
76680
18636
10648
63855
79006
11615
21555
63240
36201
23299
79982
16042
10472
98604
81296
93827
97169
72159
45374
73223
19712
97590
46467
46533
62071
92781
26302
43911
95035
95930
33230
90857
79570
85778
22842
99029
26310
86287
77861
65708
12970
79332
97504
2615
58227
87525
85598
2677
92736
54898
34976
32011
91541
83754
549
31675
52845
40531
87210
82395
63515
61617
69091
72260
32745
25575
31662
32951
89068
22272
18961
68829
74839
80032
49742
81280
26624
65543
50854
71221
66970
34132
47346
26167
87943
11909
48352
31943
56030
68608
62246
38930
79735
55793
92046
62012
10372
19137
34721
45493
81899
37575
5994
50211
68575
10140
24049
82325
95024
6770
83277
90264
18664
81140
76374
72994
77084
3521
91790
65647
86734
94786
20705
83015
81285
10943
27364
91475
76012
94634
56615
96634
78856
91561
6231
23034
20052
10474
