88819
31869
11741
36052
16687
59732
81344
1114
33168
36703
52347
67039
81680
54456
9897
38725
27755
70424
77024
2458
11690
68929
61144
16936
48246
48493
6326
19040
266
85895
95336
65080
69073
67010
3854
77877
38162
72222
89612
55220
62070
74901
28225
63553
8805
89175
20969
17428
13122
33137
16921
88533
19608
45952
97875
32601
12878
38563
10995
89564
57135
40815
53336
85539
10560
86637
66185
38218
13669
33221
30637
3737
11422
66668
54527
3326
12423
98810
49335
47352
16551
65242
95536
15264
47662
28088
68063
99317
61403
74112
67886
23958
48408
69850
26176
30374
81271
85173
51560
40260
28735
31920
65800
62953
25275
84704
72510
31803
433
88366
12280
96656
37636
25765
18774
37572
55411
68872
89137
70880
36287
61520
26848
32560
18885
96201
91339
85361
14953
19613
33150
39293
84861
9188
18015
66667
41858
96266
89652
27704
12283
40012
70137
54811
86373
21343
11198
747
67554
40896
28400
1377
45492
63675
51836
79004
83380
20061
63677
80662
45831
53341
74364
98690
29239
15855
79981
90957
66094
5740
78298
8444
23495
70642
44524
88595
61636
81680
57287
87118
41170
21508
72334
74562
18496
57060
70440
39564
29638
21147
8658
11058
56115
92830
40626
79770
46520
45909
71687
9544
10726
77044
30784
79750
18920
84559
41868
48864
26596
95839
18420
88886
58247
35442
58508
10594
46753
62607
99919
86313
18867
1683
92834
1478
51840
55703
80011
3339
26698
6139
89650
99991
84363
39324
6557
12915
64310
17539
79692
40457
46131
6638
67261
20701
11819
34639
71572
70575
21021
91878
48576
95833
8946
51458
26560
83264
63668
31392
91368
70834
69723
95554
30158
57414
32666
10254
35835
62369
9539
21881
46918
23606
37586
91967
37978
86682
8710
85870
68614
64488
22286
56542
69387
56681
1028
91832
72027
27108
86549
76339
89178
71085
93350
80684
7526
85375
49889
60401
20393
36548
51622
91734
17417
31396
65159
88024
70064
24186
79335
35998
97537
54125
49928
7806
97230
91089
86782
90210
5957
23207
37061
69799
81517
14588
76873
69684
47462
70077
38530
57353
1197
32158
63563
72748
37529
36775
53473
95000
15004
69908
3527
77283
44982
92593
51231
10176
27476
82559
25452
57513
96263
37655
43255
72767
51996
