37283
5373
9637
70748
20199
81812
68436
66481
12624
79357
2465
28157
22214
50625
27145
17335
45833
91376
8551
13871
31286
4799
55938
13676
44958
82487
5361
13490
31238
12932
54610
96103
45665
66342
68163
72155
74393
78100
81684
24351
60731
74298
86221
61344
79621
53223
84592
97201
9926
35641
3922
16902
66390
79559
99727
53928
47066
11913
30410
92500
2271
69376
73454
4101
37830
84464
46930
23556
91307
47858
23278
30614
21794
91134
40173
64924
43331
44317
22742
25535
56225
40375
58506
85804
61349
56067
88031
86259
99960
73751
85183
26325
31684
97824
72827
71318
9166
50374
5374
32969
98049
55226
63720
845
5709
57332
42963
52982
41149
80260
82773
17938
80256
20312
80622
71982
62936
31682
68195
23375
51810
43228
6718
13479
40870
87777
10751
90294
15381
3091
54917
66782
68617
8096
77151
40518
59652
42280
85410
33840
42002
2539
82303
26613
81087
76187
36062
79607
2943
63972
45722
29088
78711
51896
86532
87383
95656
42544
17691
34786
37304
55803
53564
25729
17451
94698
31690
3283
83984
79717
57290
48728
46100
73288
3765
78085
30899
6390
97151
64660
12522
64553
10163
19553
18139
58858
99460
69066
48952
8935
73834
84384
91553
77869
6001
59362
60337
59768
88116
20599
9312
14510
70050
97588
13137
92864
16805
31192
37022
6215
55535
50531
49487
1156
35971
51156
56917
73695
59939
58013
88209
82982
37422
31662
33480
81023
1191
23710
83895
76480
60247
40996
1714
11863
90285
63401
44477
4043
48139
55080
95869
8337
30807
66888
53996
81866
83430
59753
39812
117
72621
96968
83570
10856
56827
59310
87317
90501
96713
94631
16577
1922
4267
20943
82154
15420
58615
10129
32918
32230
79647
82576
8186
78495
18569
86457
39197
70436
81098
76594
71589
62849
73414
21512
46023
81760
95971
23240
93641
71680
82929
39776
91900
5489
58276
9620
77940
96934
19890
91051
45827
92589
99131
36814
11725
56900
87401
2416
10841
99464
31222
35218
1964
19044
75060
87306
10913
17469
99348
84787
71618
44883
30475
84474
12162
1953
33109
52903
18301
84542
46551
54581
17610
75221
92594
70532
95519
25761
59649
82738
32762
12988
85935
56122
18915
6468
10431
21200
99043
57450
31243
96524
17647
87625
66670
80268
17958
22768
53227
67503
82221
41590
83410
33482
26730
47644
36595
29988
3527
91376
5076
11093
42523
64142
7282
95800
57149
66552
97761
9844
56317
92066
5994
46084
8697
79456
77836
54160
37842
143
17909
97270
55101
60494
88121
4965
47209
13202
80878
68576
27478
19711
74795
42659
46032
43561
8199
7671
26466
1543
45146
40171
41054
79386
99208
31570
92017
74499
63705
56893
67625
34954
51431
71979
8143
61936
26454
5530
54934
53756
56771
17369
22592
89751
89410
60155
93189
70662
80704
41667
86010
14634
60863
91383
23841
83877
77728
34028
96837
79556
54495
70744
52788
81074
61993
83570
22025
74405
83666
26918
2622
73367
32001
24414
25823
4499
16758
41257
86068
96475
5228
68065
29516
65728
55050
98746
72729
11907
15022
65120
35204
61156
19687
79341
35530
42510
40370
78846
28425
32576
85700
16702
10178
56332
49229
66716
54685
55789
18278
92053
79092
49915
96958
11369
76982
1844
1510
82729
84795
6950
9468
33267
8418
76510
66102
33317
49474
79683
87568
2823
54429
53473
99614
56532
99246
77782
43568
21421
25391
41981
55409
28938
57033
21403
11583
76521
53289
1518
15326
90079
1242
81061
48741
68226
39328
67340
48533
70803
40330
3332
99396
99327
37917
51078
39201
27303
74128
31545
61042
9424
96550
61808
80716
53233
54959
64388
28823
15172
94256
8053
52413
78261
95608
22763
73690
75270
16450
72030
76530
95066
21704
81301
83083
33026
48616
66669
70459
61650
22618
27016
50323
60672
80574
62260
71299
76126
4489
52056
81122
74304
87909
31824
59572
94388
29306
33907
60627
24907
2123
81701
8880
56480
32466
49360
74091
6525
74359
15031
21822
50568
68720
41955
11349
45839
93340
9162
91133
16934
2921
7
20345
30261
91921
71351
55258
91619
95658
66980
4973
85725
34746
61672
87937
8429
68872
93936
29850
73472
5778
19718
98335
66646
76044
35893
39043
78430
25733
81102
38911
67535
21347
66819
87196
52336
83926
92051
56732
72763
83673
39673
67538
79244
4450
2003
70823
76287
20734
64577
6617
10902
36901
85807
9912
87505
45735
47921
80498
81190
11137
85555
69672
47649
18267
5729
98431
80692
50860
81581
81321
24780
72858
76984
31427
88045
19724
90564
60556
31401
52508
81277
81065
18308
94472
39476
62498
63230
77114
15218
63916
97218
91010
49534
91269
7064
35337
89256
83595
40802
37833
39926
15772
71794
7194
9438
21344
21696
32384
60972
28318
29095
91337
46436
24918
92107
82586
74716
13241
37494
52233
53922
40210
87034
24264
4651
71351
53917
59195
60465
210
41947
78016
76005
72146
24460
95539
74966
17909
85488
51269
47802
82077
30443
47945
96944
85820
23695
34262
34034
97331
90525
4633
67763
50500
26504
38387
45966
27525
98536
42090
92846
13149
96553
6125
39748
19489
53061
65423
29007
14720
1485
59812
37874
35474
94698
30229
45180
12468
49736
89648
69049
62870
29243
79129
70921
31061
31354
55919
10045
31236
69527
6573
82304
34438
79413
54827
48599
87014
96445
94476
6778
21705
91200
38922
47077
3436
57394
88142
58976
82827
33181
56429
75750
86460
84134
94648
89056
16324
54682
17016
80078
23284
26336
21020
73148
52342
81175
67452
32905
13435
96088
4625
39234
84329
73662
2459
29286
92186
13028
54164
15548
12535
72034
42697
94450
62463
84707
16966
45363
92030
96305
49851
16206
79284
84678
29938
54037
77313
65515
70881
61210
30451
76438
58041
62878
49832
211
62164
66430
55672
57167
68790
10906
616
61247
43962
49957
10367
38448
80127
54622
99040
7356
36784
20216
73345
64198
40292
75906
12224
54053
44816
803
9670
30988
8071
57634
33613
23126
65125
16457
86474
14142
85011
24989
76783
57576
52336
83713
14221
4266
97480
92404
83985
87925
14121
27589
78359
39565
48161
18476
