11401
23381
51987
13761
79284
89306
8231
43464
77136
90783
41447
78693
43158
44402
41950
27655
80734
50023
4651
78295
67397
7795
20725
24581
24432
20702
32666
11845
77469
76932
53112
33461
61321
87779
50783
92926
61045
52653
6058
21122
97126
33238
10335
1209
34427
5080
90059
66730
92921
66061
44286
2065
13796
67548
35073
53352
59575
53599
4749
17092
69930
81997
81642
7151
95672
9296
38509
11026
22535
41046
36574
89726
74576
65464
10885
49744
19666
19475
9646
29750
94521
61779
87977
78784
75040
56597
89602
85659
16965
32231
97929
41694
26658
39336
9559
53219
30716
30527
49572
25728
94093
67553
25364
78507
27055
8439
33814
5433
14257
8460
88417
72156
82439
12097
19514
62553
98729
86238
52789
2157
64256
10987
63077
9170
25399
79230
67831
1670
75072
94065
89357
74434
64397
82942
57298
74260
46452
4850
22556
98190
26768
78514
47775
39361
19227
46124
89066
88224
37507
56753
25708
69612
24009
4265
89903
50670
82472
68732
42159
53202
34464
30632
21309
42284
55854
5470
45507
12377
20205
78251
29675
37502
83013
50362
5142
30736
64803
12655
86888
83337
2134
78757
19926
89526
8947
75972
16066
14690
1744
11655
93436
19274
41902
19824
81780
24270
96688
76817
19142
9554
83517
28867
58407
19765
94160
99788
78792
20422
28856
65187
62238
7721
61869
8126
68448
72554
81512
20851
35629
9178
48967
63597
42460
99282
70600
31175
53279
30014
35699
81729
79849
79651
42819
46619
1580
69692
68820
21325
5776
78029
96538
57094
46790
84821
43458
71759
13385
69148
29854
51967
90335
14418
21561
62206
70995
79282
48494
17589
15071
91889
29298
664
69245
70980
21222
79314
94424
36002
64322
31839
7943
98710
66449
79305
42012
82271
81839
25035
52040
9408
24296
35694
91737
66284
729
62548
15985
55587
17761
7098
95746
52575
2688
83500
35868
12462
45517
79846
26334
94255
87605
31018
5991
96948
48696
11438
42982
75061
2590
30522
65786
34783
85755
42700
32427
89042
86214
54328
58213
57168
94419
44548
5804
56969
43558
53709
62669
48850
4135
99980
14940
88211
15906
30050
38813
20449
86067
84387
45116
35643
44388
6727
72587
38334
66173
38609
81846
46160
96620
35178
23063
7843
13581
52286
50522
93374
90592
25488
65245
42278
51013
51570
7730
26940
76848
44782
29405
1527
64219
91268
88016
32899
19218
91580
25515
25485
19216
55393
60553
84280
50332
6069
2753
73497
19312
79139
50150
51641
97719
10859
5996
71772
28873
51683
13432
49510
83790
5278
19797
16000
10653
52662
64595
16328
16331
79637
9880
47969
93698
28218
57702
73377
2750
23800
93822
12022
59408
39513
72573
91662
18703
43382
9391
28541
75297
68852
61259
39936
82481
18756
29481
78305
36438
5635
15640
54647
17269
42064
54037
78754
68468
2258
52834
59624
64928
14249
73986
40370
83708
26545
39041
53296
18433
5728
75744
92106
77714
92444
48929
27787
4626
51828
54937
93748
62253
58325
41306
17224
83268
39325
20343
3575
87525
83884
95905
15167
10517
58952
79951
88770
12378
34637
33931
65891
88347
5796
11100
55417
57275
87376
86358
64718
87127
2233
29727
3180
56681
8411
71427
34526
71779
45882
20537
66364
44172
73649
76492
65037
50837
99502
72273
50754
2739
46836
53431
93404
83681
79679
20721
51730
4930
68562
87916
48017
95884
62121
40895
2866
72499
58689
63485
52000
46554
5021
91812
27081
38557
8652
9367
33017
10633
16001
21945
22228
76394
10873
39626
72054
81150
46096
14620
9659
36149
35375
36456
983
22920
10491
26623
45686
26330
24956
25719
50375
25994
69273
40268
69000
39006
48823
44752
26427
49344
1414
77374
82692
60976
98166
24931
15471
23672
52853
71468
27557
34994
26086
10774
78174
33392
7343
22374
37281
61058
76914
55610
13827
87330
12041
76342
41166
63458
3941
47644
27008
9351
62571
90829
18487
7986
17572
22749
37116
90472
5452
33436
48306
62468
71161
62298
15114
16574
62869
4397
99267
26263
351
8481
48086
62209
7305
75157
30507
16606
95225
96826
2203
29292
777
65609
55813
15453
24338
40223
10268
81828
39741
15982
42
7232
51688
1621
56768
71241
12560
857
13799
23503
3949
80286
16287
32792
19140
76692
16881
15437
48908
70307
18846
45329
22185
51026
72979
24911
77068
34944
83207
6681
98427
14944
54517
43510
45022
60327
84317
73981
60488
90658
38583
43010
51380
23915
26036
71465
81621
60794
25086
17960
47596
30552
74267
58033
39097
87637
73120
89274
79634
62869
13628
48086
62742
78185
7438
10445
51333
28239
5265
776
57308
46834
20449
80010
87293
82158
86308
35823
54215
64759
64931
58684
79778
89589
69831
12535
79823
49104
72865
11072
94662
25149
