49473
68245
58243
61208
83127
67433
12656
5528
6346
54014
83371
71487
50306
69225
31726
104
53170
3692
61456
52888
70044
87518
65687
59612
61351
92768
95027
70735
2155
25878
28598
27939
64115
54529
34754
89261
56419
13073
20916
25268
68195
8916
62054
13515
42331
32562
57566
82257
43961
26041
57196
59705
37052
24496
3555
48419
61984
26260
38792
58549
7741
11999
66771
85990
86967
2516
85556
89445
51564
3992
93561
28301
37283
99676
97516
87832
39444
14154
78565
99184
27565
79855
72162
85246
79331
75468
44820
75882
12211
26162
1192
33912
43400
8015
10692
3089
15014
34522
90443
26264
16666
99004
7379
18407
60613
95582
95012
10108
88583
64166
12284
52721
48043
31172
96593
75509
35229
87094
40194
14470
89257
93704
21854
2105
86573
84661
57583
65318
63222
32652
77573
25317
87218
20062
78978
37036
54236
14347
34312
63898
1463
96380
4451
15566
12653
64750
15547
96924
40992
34519
41569
38547
39232
58254
42366
27768
90508
24855
28603
20320
9857
68631
49181
67177
6861
18314
4260
4182
96201
90742
49026
62269
24608
83012
32707
95357
11810
87701
49599
80651
64796
86996
89854
33161
23887
61439
67440
31757
21281
57020
99993
28634
48592
65867
96715
28570
69658
11083
78162
25898
64352
38512
59119
82784
9068
4039
84570
13086
40516
30912
22368
27104
24691
67430
62513
29766
67488
36753
90405
78085
30745
15096
11723
29251
17008
51057
83387
45919
36001
45408
44467
36562
78936
27865
20637
49289
69909
26213
52714
42569
35863
30344
85276
91003
39826
34014
58341
15382
17950
79409
83487
15890
66699
71166
54722
84318
86508
99873
12534
53984
90252
17453
23527
16901
53292
51069
94220
2931
61095
83718
1244
12394
99739
60815
82728
60805
17322
28035
78885
70284
22810
64944
77189
70131
59018
76999
87763
79451
83041
29008
19498
92154
81302
97917
36596
47383
46263
24202
54996
86281
79316
20800
84118
32060
12108
99920
644
30327
92834
10547
64676
75591
17917
20738
34708
16737
90198
732
13019
3180
54309
52463
23012
63538
43305
1247
66020
70355
17360
61701
75363
81877
68338
24150
73397
51596
44478
14284
78490
40204
85431
87547
60800
29471
16363
9140
22551
10570
48077
1369
13682
56862
49241
76943
30672
97032
57068
12644
7481
29464
85776
95918
43267
66201
505
92181
36626
55969
45273
78219
91710
19328
35495
49324
57332
57979
21381
45521
46402
49993
13033
40055
90161
78706
73772
50021
83936
58308
53427
23302
26018
73929
83222
62139
31291
99345
32417
25968
38551
10712
32333
12454
17018
13515
44792
1195
95441
27721
99259
88707
52727
62659
75774
85415
14958
4867
583
99191
52477
49260
84226
33079
50993
7871
86306
92537
18707
11720
71051
23093
16516
85816
69082
24115
93417
99116
80912
41744
76318
28845
92397
70952
53419
84258
73060
87533
21516
6290
14803
85875
50312
74305
10684
59404
73302
49730
95076
92725
79279
92782
26383
11903
53329
65890
74011
68031
68833
45969
87527
19832
14731
88217
19898
25256
68973
88215
77457
82679
45749
82684
27450
45114
18090
31436
35112
12069
47975
84511
26943
24057
20180
67392
16718
76025
18765
75254
48531
38928
39534
25097
865
51474
4733
57174
94757
24761
43839
80986
85927
19956
98173
33952
23707
30250
3324
65808
7125
61794
43706
41779
56745
78983
25465
86552
23323
76289
47636
99417
48792
29002
17726
14215
16371
49195
91273
67813
92189
71085
88324
20268
33349
86125
60046
66707
13044
37514
75401
25423
70736
14143
2308
89272
42347
3691
34314
92995
6344
34723
82185
31048
15325
57815
63020
49240
55303
41842
23874
35317
64511
7226
55805
92721
9282
10878
21305
66180
56094
48198
39894
77209
17285
6992
13395
23392
42353
99462
96461
57518
78687
41024
76268
92497
43434
68285
32640
72412
93741
49300
65506
18614
40926
26665
54661
58330
24322
78007
15599
78871
42261
69354
3879
5592
96670
83125
32104
64236
78667
5515
95983
23498
16792
22860
93180
21462
10077
59608
9217
6404
32413
56341
86313
16842
59706
42174
2824
71680
89067
4862
13151
24788
7618
39311
75033
30529
92064
70689
26506
70849
25249
51721
41686
759
69862
40105
23736
23828
65473
71058
36347
60389
23750
57546
38978
86114
67642
28568
36244
36805
72360
10890
21184
36058
11537
5646
88925
19659
99151
68771
162
32200
78611
78070
86628
1561
46075
60203
94618
98014
72422
65558
90441
98069
86018
53027
90957
58052
50665
93830
45435
5158
90079
6179
55097
84580
84730
8900
86796
24276
98667
40503
7610
12504
47173
10856
59165
62801
62186
35158
87563
19633
73510
46701
78036
7180
72574
17032
51060
40276
7253
6647
19081
82794
72785
50954
63380
94144
25418
84861
15763
22911
50698
53835
74021
37262
49887
26532
16922
5636
34906
48066
15330
55229
13867
68686
73495
95648
8865
99658
93643
9590
78282
43078
84868
36542
40365
3149
34400
44581
59218
51813
2615
54918
73348
15665
85404
38746
78954
44513
8007
85021
95598
55873
22433
20695
23442
83630
25151
1553
6822
60953
11359
19674
58074
12337
44401
29705
36785
36206
91893
90312
16646
66095
23946
61500
97548
35432
93791
87385
23778
36739
60979
39900
89651
7533
13095
93978
37016
7085
84758
77961
41051
18051
77023
79344
88528
37488
46249
82350
8496
92812
43613
81248
97863
35807
95198
42737
53429
57378
28394
3938
28
77414
57694
26897
41508
14589
97953
