91823
23055
71081
17041
400
31196
92454
22600
30229
40090
73447
79596
29465
10512
73712
36130
13401
24466
270
39953
79454
33282
48993
3423
42539
33857
28307
44214
87321
57471
78719
84934
31621
44451
59922
86431
95423
22694
19193
75758
30755
85795
16651
59132
5710
70889
92721
12519
14907
39667
63875
8622
9716
97549
55656
74281
95977
29855
54005
29619
98487
8189
41518
66071
24993
56980
38444
15632
17477
33380
944
68366
87044
2182
79499
98262
39096
63357
3437
74882
9327
59069
36545
1572
20730
96946
9667
71952
65922
24446
52209
46748
68399
40100
38367
9634
22617
15417
11320
53584
61078
1212
73784
56004
26979
34782
66250
24223
12842
41182
23703
64244
13619
90522
51915
2912
41928
67487
11721
93097
25581
30028
65642
14557
66457
3984
57362
55097
91226
86620
68942
72487
50215
38806
90793
99532
71014
88382
80823
47548
18571
20821
34779
8964
59692
10808
43271
40463
36270
79962
75999
77732
5198
75174
3232
27064
49447
23835
95405
21954
69225
32283
65597
52269
59584
94484
42782
19618
22683
31589
9744
66699
75213
59759
32268
8624
40533
14433
76052
63310
13694
59756
87478
91558
60153
68000
42597
16093
67949
81209
38286
57174
1061
44219
61729
52991
96320
1060
16130
98917
36610
92727
5998
15402
65197
26914
33783
80136
3146
83721
58481
61394
17018
15093
62811
31229
59306
33596
41429
72901
11853
8812
9859
99434
29300
27481
70323
77056
40035
52976
36178
29674
26387
73046
39683
30226
94708
98968
99894
63216
46580
51285
29104
44795
52540
9636
49757
35852
48337
68782
84751
64089
5693
87297
55197
75870
98055
52436
68279
23432
7268
52634
91226
84752
84026
85058
16292
20542
47129
74685
93893
8256
63097
43952
85827
52491
85875
53020
73226
74567
6483
57489
87714
67808
12028
47904
3051
79754
78029
84243
24381
66391
91329
19403
8771
10998
40563
23130
42897
46920
63241
58100
52878
88113
73248
39926
24509
7425
89418
580
49412
45836
48289
77656
26896
26775
94706
70933
31534
84953
61808
79042
17298
30979
59124
69912
79805
31410
98894
50912
47450
64512
19601
30201
80295
81009
69159
17674
48422
9096
83747
82833
32342
66513
46302
75361
51584
51329
53751
68062
76004
62948
28098
32602
23464
56576
42755
59732
78101
5009
85885
17953
26879
52247
91096
801
77399
95460
42845
76221
8079
79235
62536
14137
3952
27578
99144
55755
41888
89108
87247
6052
28391
58487
68018
48383
55322
74614
92244
93575
55335
90674
3343
87462
26066
82690
22017
29362
72761
46846
14918
17814
92778
74771
33345
11788
14133
27355
54093
14292
1046
95661
13652
56882
89185
86540
25644
94837
68409
14382
13908
57874
64811
49198
47754
76030
95800
49086
69476
48716
54345
52786
42206
45336
47539
65472
52303
32345
3353
60440
87416
47080
53099
4119
30591
31657
50778
94908
68633
76038
25942
90967
30377
41760
40736
25094
47130
86715
67472
73639
8348
7195
26094
60066
942
31594
96208
17258
49448
51226
25046
38340
61227
4506
35164
89609
14545
60185
94043
23489
72221
77916
98305
61037
14007
14141
72842
10035
61628
48351
5833
45968
69253
5404
27426
31887
14952
99351
29201
74873
56208
61705
45098
49337
89562
26150
95867
87427
35530
38345
49113
21252
80692
47129
77517
84264
86265
2713
99141
5258
73234
99130
22458
45115
25617
31327
749
95904
10225
57559
69752
88258
99537
61550
30666
98751
58140
23250
62586
51604
83898
28443
31698
33654
995
26490
13591
25538
2536
28389
28560
93825
64753
68948
79251
36105
4368
12429
97077
24648
52217
81745
37398
25181
2761
5159
5829
78596
13048
1427
91902
51848
82903
11064
54401
83834
58944
45720
97320
1057
72091
96321
18780
30837
64925
66375
31027
51494
29118
82803
21906
71970
67189
13755
72361
33196
3880
11225
64415
92276
22604
96818
63592
63528
74918
13120
15269
29305
17140
67224
91628
35946
34447
32617
72799
582
92672
81500
30026
28664
37971
57991
19706
91997
38629
19525
54491
97215
28960
17948
52273
28819
56679
80827
13875
1325
75929
94649
11301
38795
13930
21746
77503
58564
60068
29751
9038
3835
62530
12371
18093
91576
71477
83368
15587
67962
9330
14888
16665
80975
96933
5986
14168
12971
627
38131
55820
36965
53730
17333
20487
19400
56277
21284
17863
27371
6650
78179
11476
73012
72236
35512
33062
54611
24449
14994
95501
36534
14917
10251
87814
33346
39723
98809
33872
68144
67118
10175
7301
17600
1612
95070
82155
26559
76349
63186
29650
19839
24255
41177
36338
21067
66970
24962
24519
83414
87584
68539
93875
9765
30240
37008
82581
89548
79571
13696
83904
21013
60657
33404
14756
97377
62849
