82496
60329
14311
18860
69007
59017
75575
47884
59281
8714
65372
68928
30031
27921
65970
22488
50005
12482
88511
62872
56262
73881
71614
83049
50412
46822
17470
8011
36578
53391
8173
63638
37979
4665
8854
18019
38346
70154
34289
74479
36278
15679
12242
56305
94735
51667
40171
41867
46161
6597
85321
46531
24356
51640
90938
46521
49546
97298
39339
45444
53978
81120
41382
87357
53598
93658
62280
99387
45434
84083
32506
9925
18560
35854
83849
8340
68339
43197
83759
92709
15438
56635
37564
27981
70605
23278
29430
20127
68048
46408
57241
14805
26466
10510
47990
37189
16509
70810
60746
30587
67322
44390
41355
35222
62962
71952
60698
22972
85657
97787
46267
84845
36085
67438
92269
7909
23684
43155
91710
24329
88144
81126
34766
96245
36302
7029
40955
20395
81796
97885
97223
65562
65351
12005
62358
22763
72569
25903
38208
47466
30983
18212
80213
99988
39907
91536
92770
34302
93125
7465
61567
20978
74618
57522
37110
83768
45557
61596
4136
20505
25405
65410
9337
25237
46864
13773
80333
10927
51113
23242
21589
45735
51775
62858
16808
96331
73419
7069
17122
59141
59211
34680
55464
63424
32012
8083
54637
50202
18054
22784
20250
39526
2403
96118
2397
92484
18468
93489
11016
49559
19159
98867
96241
59648
73319
40188
17543
