83372
86414
6020
84136
23392
40504
30233
22481
24356
39063
22864
64329
44649
93624
93824
49450
86266
19723
83369
37866
3428
15441
8353
91886
70194
14135
62291
99320
9768
77643
8775
81775
49935
37620
61906
14323
33058
87270
94400
33439
94576
87565
58704
10146
28468
59494
81232
16830
63758
43726
87936
94193
49019
45611
61801
56760
31436
26744
71868
54764
95790
92215
12895
20077
25235
13001
2378
78346
15266
80384
74428
78355
69652
7944
20572
56721
89455
18750
27377
10011
58285
64286
27707
69310
63799
37195
17266
88295
23663
92388
12734
24954
93746
39587
24889
8292
66444
89349
33521
79137
11355
45132
13255
73887
85356
34876
38119
55055
77010
63764
40690
62208
90772
48964
12021
34743
11326
57960
1633
56033
15402
52989
54273
40602
77660
92813
51181
78289
68209
50485
81116
76271
45573
19558
8017
51971
46539
53045
1181
58129
38909
34677
99407
84556
82212
88921
49468
89344
46878
50591
55956
21251
53724
20525
63818
59369
83471
56942
2208
8990
89538
21285
27700
44063
51421
9662
93343
60917
97911
32688
72786
76644
9860
17490
52747
86765
5500
37455
88359
8426
16511
6130
30244
4087
92963
82764
69852
61689
83090
40419
10143
82901
67569
93683
80575
73242
31968
65953
36490
77768
2753
82605
2990
52612
27173
86153
22417
61385
68755
36927
24465
71402
10206
26979
18809
23930
84884
99656
69805
71797
55591
86507
82417
30652
51874
16995
33407
56959
88592
13426
48365
55183
39898
54818
98611
91612
71565
56426
29227
12691
90539
32396
67319
1024
16778
77255
74312
15241
51638
58164
32032
52260
99871
76533
53851
54648
35116
87684
60854
38648
37598
94894
28672
74838
64522
94462
73773
65524
33984
61330
47608
28646
40375
59904
78453
12457
70981
40258
92370
2125
18987
7518
62477
25155
65587
83239
45896
57416
54828
72657
7864
76083
93252
26713
58453
96941
33289
68370
62462
66080
70186
80258
50579
63556
48883
54726
49143
27159
54316
57443
18287
51087
92716
27864
96963
8017
37127
71971
71992
25342
11784
60918
9857
64584
30990
43664
38879
24376
80468
77414
55254
26568
19329
53344
34403
90832
55470
50344
3839
36353
68867
16416
672
4995
59684
73341
95178
8537
92570
76713
79787
43752
14333
1732
15985
51424
52813
627
39739
73682
38298
60468
47725
94707
82367
95091
48767
3784
98700
94777
58460
12587
54031
72656
89597
14268
8184
53846
66615
58615
12336
26574
12930
18982
22935
54678
45075
58421
48042
22593
18020
56514
8819
20922
39029
48867
85641
16910
4971
45480
54286
63545
63093
66020
58840
85815
39590
63423
21439
13685
7405
59739
2792
30819
67680
61181
40890
19482
29442
12903
67384
90024
89696
77569
63458
99387
40036
62469
91517
78932
68998
19703
37176
95348
57608
85508
82376
51236
98642
12249
65076
93760
78875
13839
87658
19036
27970
79270
40049
92758
25162
87735
19803
29280
1752
59656
12468
42600
53492
8113
65680
52077
32141
75640
42213
48892
2935
32852
27388
95326
83726
35983
53802
25403
35620
50209
40260
32731
95117
77878
49710
56227
85265
93492
60129
49180
42557
28442
10652
28541
78286
16285
2489
44286
99567
61167
523
4624
27665
58324
13433
71701
46033
48611
76383
24225
47532
42966
17612
93360
44570
61426
63063
67112
19457
13338
69631
50339
30188
60537
18299
51756
34756
23885
32208
13261
72561
632
31217
53118
31106
92536
97582
99156
63363
5331
4805
61700
62731
93042
96910
8701
40352
73366
19171
94521
62020
39339
51427
1461
65828
33542
34631
25999
54561
86470
53558
24683
33069
74382
99839
45482
1927
86677
34930
52832
26119
77965
18985
84502
70381
63222
37953
54962
21241
85087
10035
58138
95653
81423
33874
8340
71505
50232
26110
16685
19785
25625
67113
28759
46000
6554
56021
24050
