3997
80083
4855
5240
68613
45877
25426
27084
99375
36189
16084
19732
31729
60256
86842
8396
17043
35491
80871
48914
80469
92140
43602
97984
69554
54902
6111
5274
39434
46531
28524
95514
50771
77717
48100
93065
90599
40905
79315
5084
56239
76574
42644
3304
30599
64739
32480
83367
1338
3417
29842
42324
13909
65775
52208
32770
55062
4553
35096
40626
83408
98440
26823
98135
93036
4852
48085
34991
84650
57649
74675
18538
64654
99173
50152
76043
6231
37133
85380
33463
99827
27387
77849
59844
69300
88059
56163
99759
99583
35347
63858
25878
17736
92953
10608
85742
13657
39596
72606
52507
61295
51937
82362
14817
31442
37798
53620
67605
3564
99484
78063
69069
11907
25211
14164
57774
77764
29354
42304
82918
56485
16360
55527
9779
60752
19482
26133
11880
73015
18611
88985
23519
77699
43269
1443
67783
85189
21629
19945
6071
38943
91076
62763
31482
12578
97024
27317
13423
4646
98254
4128
81047
14096
7490
85044
86006
47435
11643
86284
24483
77993
84675
85433
24943
964
13942
30154
84110
97130
8564
35239
51316
50218
83190
28433
61752
30045
58107
76473
32862
92497
42810
84724
10895
17995
32190
98255
16048
13096
1001
31642
89547
60845
96387
22607
54709
61765
51656
55809
45654
78269
23035
47338
90668
8445
39164
9292
66380
6156
61645
37970
40608
74281
92576
76687
43492
46137
11119
70425
630
99353
70707
32916
6790
29218
63036
11797
71866
13630
72636
57322
85399
55308
41440
60613
93089
223
49815
8513
77802
73785
69011
29630
75269
96905
30095
1114
24629
28976
86942
79745
32622
69984
84223
97321
15376
20472
76258
19196
28498
50756
34499
14025
24267
49772
99854
94162
23069
16863
21816
58864
992
87715
70161
52288
82865
73283
29583
97161
25852
91118
62890
60013
127
45334
99184
32939
93700
70776
94427
77316
12843
45654
84397
17123
86307
13718
65194
84208
45228
17451
95245
26181
20096
43627
20144
62538
37146
98745
56106
38799
84880
38104
90871
13738
1626
38567
77896
48268
20307
90414
41127
4869
38532
86464
56003
6153
12727
485
56223
19224
90789
37980
5230
5883
72725
52886
35947
43142
71101
50312
60881
97073
45155
96597
47365
36278
1796
90517
63585
41129
29140
50367
94129
75927
70635
27060
90548
83598
85311
66928
16271
67344
12518
84298
42762
89218
44497
43945
60586
45343
62827
96015
72063
23978
84424
60630
82839
31678
96736
91295
46294
46468
68906
62838
90595
77706
59060
89869
72964
68025
59632
99214
26464
74544
13468
50689
6368
25862
46221
18235
72970
66039
86276
98027
77258
38317
70736
18643
36537
62331
66174
44854
35846
43647
53558
30157
30598
44743
79741
62889
41983
89682
32913
52739
50332
99319
