17006
19063
83217
82484
65992
99497
83107
27579
15744
16
83020
69497
99665
6070
28840
2096
27412
5891
16628
64505
2126
34848
68848
96664
79649
18392
4027
81812
76765
48995
27809
74827
73361
44524
87097
98458
34380
17515
68745
54278
21873
5511
25157
11745
93114
6085
75894
15993
93939
77013
20181
83453
45414
53706
14700
66901
74678
79186
37819
9251
84160
36087
99074
81162
40183
33382
41606
46636
83374
27213
65127
56921
49991
69221
52056
84885
17670
82947
50809
14058
69964
48358
32063
66339
25251
89925
17090
37020
78752
36821
29212
62714
7813
20602
52780
49079
50888
48689
95823
48392
93197
10056
13399
3620
49373
85180
64827
7744
51200
88
86367
27880
73780
86432
21812
81272
95903
89869
75158
38066
55803
58844
61122
48803
73
36469
13151
20280
41853
10644
92557
56601
71572
72990
428
96120
42142
54524
57856
64722
56326
46203
16424
41783
31316
23641
35218
88469
42668
6997
7556
93985
56666
56792
78923
21175
86578
66093
95116
63135
71980
22481
26009
19844
6707
31236
65090
37802
29645
25678
53665
26863
79008
38604
3309
17070
99454
64565
16942
39993
39676
16397
82809
24038
642
89963
60383
24977
84891
22009
92124
78723
54158
9664
24646
12068
19197
33216
41735
13387
88328
76360
38369
58347
13810
2942
49742
96871
63053
6903
27780
96835
55565
51713
13747
52539
89661
86400
77708
98012
27130
69531
78002
35618
15289
58111
48465
35821
30293
19507
57263
94558
76717
40834
77962
62530
10356
60268
98767
14931
49080
55494
58678
69554
63995
26714
67539
99159
15506
15306
51947
55799
84282
74307
45777
48538
56445
45192
16812
61924
17926
86399
55609
87913
99945
25017
56430
82461
80113
15695
87135
36960
73828
95442
43511
76746
22442
79370
20559
25930
97928
24525
85369
43502
14629
75008
21844
33457
91930
21132
51755
17394
33610
72924
89676
34997
83472
72147
27516
47890
63284
74922
77817
32934
14019
10860
27760
52052
16152
65971
32566
31214
5455
92287
7241
10005
53232
45709
13028
54454
82449
69934
42088
55086
95940
3112
2698
50934
28999
81606
14708
95570
95378
57364
83585
62466
38870
63692
38676
17860
71801
22586
2586
66216
59242
52533
95217
54140
10480
37542
58494
79551
67095
35647
5911
51589
37145
78753
55980
20564
8980
37472
81525
42972
9594
43828
98363
30561
23126
72533
30128
42470
72359
2474
91757
9215
70918
74315
64007
37288
83806
89276
18361
90769
2125
24128
14692
19612
12426
40384
17526
49505
3646
84639
72420
30380
80698
54386
37133
77402
56997
11318
25307
28202
74746
16721
21250
49336
67289
95915
94241
60880
86528
24292
69545
8040
38979
98088
7302
29151
25080
17401
58018
84451
16314
91631
98202
25475
44031
13541
91022
59726
88491
23643
56066
65674
48565
13354
39647
35568
69411
48738
20757
62644
21059
35482
37506
52865
77737
84888
66625
25502
10976
78906
22479
94279
86730
29369
88413
7047
45886
82546
796
78459
21047
31482
12981
71219
40992
33906
42161
74651
26926
42579
97864
44175
35399
35947
42150
92110
39556
4042
42185
81131
31337
67319
1492
82740
62452
1587
74724
45397
71433
28142
74185
94506
9955
14949
46375
2527
84690
36924
73382
97952
23147
25837
40498
33529
15262
13873
66304
44326
60831
51962
5406
71573
97091
57895
7146
9357
57955
20773
33912
52335
71556
9728
98083
22092
98331
96577
18225
1442
44412
13351
84140
90654
63102
26812
15849
72719
52415
19591
59819
50031
50901
72327
61811
19351
28984
27312
28357
94123
72885
44115
27388
2907
70150
68663
77511
83411
50864
45851
95946
6806
99472
68091
68059
27840
92554
8505
45555
27162
3637
34891
94152
55949
98400
52449
81543
49237
98938
93540
78785
91204
21589
41272
35774
41142
48639
59174
992
77527
60575
56401
3851
23445
32307
63887
15536
18913
66617
93710
27778
60840
121
47275
35927
2735
74467
23503
10986
45910
81035
5124
30163
42895
14695
82707
4305
52689
25564
52589
43128
34810
40334
78357
7476
56384
12215
4537
60066
92292
3415
98964
33673
21989
69950
12518
85511
31119
8040
35267
22866
99262
37258
86859
86958
49461
66801
93962
60259
41515
18231
262
19447
39513
75895
29451
73165
40363
69085
76717
45735
46924
22581
17069
79113
11006
74272
54165
30902
63370
18553
22525
77215
16593
76834
13767
89054
72552
50679
40889
4022
2848
65713
95780
14897
79615
50338
1980
85196
41158
30815
88357
73084
78709
16935
20383
73969
51380
24571
48903
91192
16500
6686
73868
60300
36459
55592
1528
95509
66190
22531
70263
69358
68510
5186
58738
78319
64122
63509
58993
66690
21910
37025
61899
7435
55717
7579
80223
64895
59487
75719
63834
19484
60243
