10514
5055
71280
63839
9974
39610
15286
2547
22245
66958
35411
45060
310
10710
12430
11859
12683
66231
17706
87988
60981
74748
48497
64672
6943
86826
30897
68537
62022
77278
67701
22701
26476
69450
17390
70073
83391
7865
83903
12653
51992
95802
84687
95414
70646
16199
51118
21857
37182
99479
81034
89880
68246
72607
72511
45573
28019
366
61324
47331
74429
96065
13357
91670
54092
2424
50300
71310
62459
21919
81371
52787
63076
77696
93572
10182
22864
65120
43119
85322
63351
12216
23037
75936
16589
14732
879
87503
21349
2479
65434
19106
14979
52521
88058
40964
66527
89607
82658
83160
29034
61798
5556
84920
5604
90976
84945
20999
16924
44145
27131
77373
65711
76592
36857
37606
23673
69823
84855
6576
26074
25286
79980
85016
15757
25741
16980
84837
11576
59074
18316
34691
36258
65253
68319
1320
97483
38781
76917
5062
74805
6237
30495
25960
471
28978
14315
85775
64480
82281
50742
94659
72741
21366
87156
81479
80417
17283
68185
43812
27720
88080
13281
21644
72676
24326
46007
21133
82395
61528
77327
96461
66856
16419
53735
91741
37086
83640
97218
86136
40953
75834
5627
81180
43369
88913
11741
39961
6658
9028
31218
65075
81387
30784
77387
7661
67312
75394
6433
22818
93070
69164
9298
74463
56166
46705
42157
9432
22538
83430
66313
94788
48500
13159
62465
15157
43655
81233
45557
46901
41940
71515
9781
94923
13465
98973
78359
34772
94421
85779
46874
85807
12451
71517
39662
79890
63466
33444
77118
77155
1353
55494
64693
56344
46684
99343
99163
69293
69296
22842
91237
67290
5625
45788
42645
17204
41711
19789
95117
77980
72856
54657
93582
72742
28493
65465
35684
27225
55131
52419
82641
1931
55386
44634
38637
53224
1370
27370
3298
27389
10156
87296
34750
33396
79150
28966
13869
92560
3208
18560
29363
99562
84849
9783
19326
903
78609
32928
16124
96748
89711
18606
3716
58780
84395
87678
62224
73135
48207
94201
89395
7378
98861
5524
44606
78712
64105
72327
56124
43995
6156
72128
19682
98378
90268
81014
50621
55051
17538
60726
98091
63315
5638
65691
38801
13305
9657
519
22748
18787
42124
53350
20692
60714
81951
97375
29017
70863
59283
39353
83198
61522
61839
98552
3598
83345
33825
86195
37320
20103
63593
70824
7596
63964
14787
28200
52791
26918
97203
43986
48634
71605
24681
9575
24248
23780
69517
41235
14989
16400
36725
14168
16828
22449
433
78606
84661
56817
920
65021
76671
72937
11108
86254
27093
43788
24071
47732
15426
65902
82746
72918
91701
66044
62685
14603
27578
85421
