23052
30827
5042
46669
47703
17272
93611
75065
70966
84102
60562
39931
168
35839
28308
54867
23402
11873
47412
34418
56971
76879
62689
76768
5920
7372
96820
2688
86857
52426
91588
60559
83714
37930
71690
52681
81248
95778
80988
26377
12475
70961
4753
91006
86495
67538
81758
54390
2432
89246
1121
50425
75308
57966
908
60260
66674
46452
93574
50297
19797
20197
54371
83798
38660
39398
44144
9662
85030
54632
69497
382
20701
20090
43774
95277
72035
49438
87946
65327
20063
89390
34910
11555
2482
27844
67200
89624
57998
40391
30995
23818
96292
31844
91659
66352
47656
38710
80215
35414
85168
65707
10184
65033
77570
69036
46367
59950
42418
94727
31142
97698
46587
71725
50973
79539
73556
11376
90781
745
29577
93243
80257
39208
52303
29910
81950
91626
1356
3191
34895
68541
35778
2544
67818
87412
78200
62718
70560
59051
40648
47187
45830
44486
52510
6825
12479
43004
49556
64677
98555
49788
66755
14194
55813
16447
29637
2097
58837
43266
47558
90651
15861
77878
57686
6385
22646
3838
3218
90488
85727
59476
81622
74073
5251
53511
39275
76725
82318
78635
68863
49848
66556
77249
73392
61772
72130
56443
5058
17342
68953
51781
62558
76694
52528
17447
28908
38197
60507
16838
91596
8264
96390
77177
75630
68753
97973
68818
94790
87447
71503
5667
49945
99984
65936
48976
13504
56716
90304
92822
14670
63222
36707
14145
28874
67985
93494
99837
6146
6157
89888
5231
17972
59146
36427
12805
8692
97357
20129
3207
6227
65272
92256
89836
28447
5335
72704
91475
65583
20528
12521
45332
66512
28442
19280
35799
57593
32191
25093
24893
61550
41630
56883
10073
354
62932
69633
83996
82141
90105
51463
10705
24944
29849
54151
91598
32420
74619
77444
53396
1552
93605
67322
42850
67873
7654
46481
76637
91427
69298
52966
80183
92176
49985
66886
16552
91935
92008
31656
28071
77477
6470
40274
61634
46574
44537
19443
66004
94067
30902
55935
70810
73032
5452
40995
87504
26087
35457
8894
85899
52266
10410
68868
25663
12569
52685
54814
37830
95457
91755
71232
65416
19442
51457
4777
87292
62935
16344
93593
63626
35146
79274
12401
20145
69686
70609
93086
41271
15116
60304
3950
98017
15146
56650
91016
60868
68920
95018
16923
16313
65604
69286
59977
3016
96097
42246
12853
23873
23445
34839
29514
29419
38096
70095
48901
51417
41461
20439
13895
37199
85876
74853
11038
11171
56893
64975
96261
3467
73044
13157
22354
97150
41939
45171
66742
2965
42987
57727
83634
87300
3667
42005
64056
56163
8885
25256
73396
33371
45584
11731
65792
38415
17067
39452
56420
19860
90488
86206
9587
24665
43460
10606
53814
18405
23244
55257
81840
39189
38129
21634
93062
45243
79425
46472
27571
70099
8087
19092
82272
7926
19405
37941
65490
57160
58038
19666
29703
3228
54786
58512
82006
23839
56687
15450
61140
46276
46172
90283
37746
76762
5357
38872
97354
69551
790
80154
1197
24151
403
88504
38444
15890
58226
68357
36399
49684
12694
54656
82035
15040
83963
18924
44179
96740
50208
23301
16651
49503
74772
49660
15461
48989
29421
60676
56613
70256
57048
74942
17691
37614
61908
56006
63857
14531
27405
91917
5511
33076
88528
39016
22424
76509
37003
88977
84448
64357
12253
34465
47250
2340
43505
61814
76872
39651
97509
85774
60380
69633
89115
7851
55985
8647
40480
24252
97030
31675
51446
21574
84978
75751
4731
11713
57513
91249
74549
2484
61492
61304
12462
40779
60022
58434
73329
3593
95025
29886
80134
70582
41829
9173
72330
19266
4022
5456
7255
39031
82989
50934
29434
81954
50805
50651
63958
9597
94561
39457
39820
39147
23041
45470
90379
41339
69709
64577
8031
79783
74785
63885
80954
53429
46697
18774
29356
80196
9963
44091
25109
94831
78787
22555
75124
71754
34068
59972
21035
24609
934
6856
33785
4072
37780
53719
31639
36542
47482
10460
6318
95148
4465
51402
80287
46604
57569
31916
3840
44053
75744
80934
20673
41405
71732
55833
62286
341
43439
66057
81614
47459
26376
97292
35036
28187
26287
4944
99134
96385
85294
95690
11147
53692
74898
70150
74243
63953
30004
68409
8890
13842
49619
30012
6426
4091
64822
36425
86800
95472
45309
79878
64403
82958
31307
56914
19947
50486
89585
155
10530
79003
62170
65811
48813
84670
99896
95844
88159
43192
3908
91580
27699
24528
33101
18778
2610
73893
75781
9325
26451
52814
16392
96308
89483
97261
13512
97216
56676
19564
1838
665
92022
59097
8270
97064
358
29130
68860
96054
28414
48505
95846
32888
34266
90570
60542
5567
63863
11900
2180
53290
17668
43553
81661
25790
46254
71023
44791
76673
95475
87325
27338
56014
323
38944
17408
74267
67832
24407
5498
3082
13852
16533
62729
52255
27186
98249
22784
16736
79061
35615
62208
89911
79808
95439
83230
6930
72450
26726
80915
92800
36769
69045
4800
71472
89880
70402
11266
41776
3683
5392
23623
22115
74562
20587
3954
68182
90881
85046
27042
78982
3710
64115
42770
12380
67824
80462
83578
56636
45437
41843
33997
79448
39995
71174
90228
16426
61495
22389
91209
91442
16030
13274
93571
96235
69912
74194
45124
80998
90499
59894
14565
98023
19972
60631
93141
74870
18
12461
27808
62446
93735
52465
48452
13962
62845
97640
72649
75294
31181
43576
60400
7663
3488
35126
43157
24783
16175
51794
82448
62389
39660
51555
57211
15495
26043
99926
3411
39870
70758
99568
77994
6768
56069
25449
7882
