71879
31997
61078
3657
66189
7105
9280
71268
69100
20961
90183
53379
21763
70293
79296
84096
52242
4326
20268
34553
16634
72145
7095
52647
13436
10861
34816
46522
69913
84930
75509
44817
20882
56714
60883
29121
18704
51510
11384
24668
83459
47627
50373
95772
83490
68075
8053
45212
50341
63149
18777
74555
10920
30699
48604
55906
84132
61445
66297
11865
23226
58566
89522
45909
78550
41878
25473
21477
61099
63164
67641
13140
48956
87596
81220
20111
8836
1709
33408
76573
22286
60365
25595
69881
51620
48626
33589
8402
11960
12631
86658
11848
28245
7252
96005
1380
8432
16873
80959
35094
4054
33630
5887
46487
83387
40548
74772
49036
18745
51684
29140
45850
83671
16094
83645
67089
29199
34148
12480
44971
5000
48294
57331
34194
91199
36507
54516
23634
17962
76172
88172
64858
35529
25557
29520
37717
92242
58740
20100
18063
89204
315
4415
1213
98824
84850
35087
94151
48472
40349
22683
33070
96697
27224
51817
59320
59347
9465
81739
37314
19946
21901
87275
78400
28519
6496
79431
49463
99096
58335
14498
69555
75685
91557
39648
38994
56654
52748
17785
8138
81393
31615
44480
48831
86287
82097
67112
22131
46648
84410
25224
23476
56995
88743
51943
82410
14978
36518
45895
30322
10465
93714
98706
95738
22234
72367
32462
76572
6890
99230
98808
13339
91912
12113
87422
45732
70
84769
61370
15961
53217
97000
26274
75163
23364
73003
25689
43044
25645
14349
71038
91816
3877
66258
61438
59653
64812
69547
46003
49867
86142
43903
63360
64719
2607
23440
43736
50738
30106
75372
39790
32596
23856
48838
2697
27771
42916
67655
39644
70930
85665
28821
83455
84754
15243
89295
25923
75921
55639
2877
54866
99615
76461
33914
75614
4397
6638
61169
31687
48637
21376
65554
32743
1491
63582
84255
30880
90932
37753
3134
72332
49131
12761
68687
78566
18978
65556
59077
73536
73249
58488
79529
1007
24068
11360
33018
16847
43852
97013
44568
40302
42572
88348
22751
74567
98788
76921
74319
39537
82176
79650
29967
48417
22082
20308
11737
68447
53813
14275
23907
97891
98031
51195
15262
893
24035
48459
35451
10774
83495
52781
67844
12734
12448
9511
57844
47844
99527
91561
16754
75592
31408
65579
47163
37835
74361
42579
8528
30180
25453
76078
3893
33479
61369
96655
23185
67548
44669
31833
7259
4523
30660
82953
51334
38025
66964
34112
7566
65712
85122
99895
71848
6451
32834
28470
80506
20729
90442
1765
63929
27661
94874
97127
52672
31818
44787
8569
19408
87614
83217
81899
26964
80218
76077
76592
37597
81082
3936
58125
84635
20116
76497
45889
41419
6961
95057
62531
26302
55358
69049
68712
9047
62940
7377
88529
62492
70022
14670
58074
24303
52526
74684
66973
84037
58591
16822
32912
42369
75917
97828
33237
98352
51089
24876
82406
57033
30735
44089
84747
1839
19896
80367
81374
11644
6163
83082
17751
39468
27321
68861
13108
1869
14743
77943
45806
33916
19604
78307
64156
33559
16328
18222
59165
64128
57841
10259
28758
23680
87093
20762
45604
47922
3017
20634
92137
88904
67228
68396
3263
42613
77627
39907
93140
58015
33393
16400
24749
48199
65126
41883
13283
49154
1691
25913
9489
91422
80143
13944
51033
87468
25445
49522
98401
68738
51140
90595
87457
41990
98540
5161
42725
60882
12098
24015
9933
47348
55928
47227
25586
19613
26086
26439
51056
77446
95586
56001
84094
20856
24643
67367
1658
66738
23910
53482
37245
66921
98882
53136
34928
15776
47308
89007
94074
44738
86218
25781
85066
58199
24256
56150
81282
69611
10535
61965
15338
84469
23671
30491
54853
87593
25702
56813
22483
67001
49010
89585
11301
33495
36541
25822
79634
68592
80908
71138
81855
84312
88502
4764
69328
61843
59244
79148
2616
65599
96122
65811
51103
59472
14449
51005
22574
88756
64461
59508
21897
22200
7458
48068
59976
86236
13307
46633
37646
4531
65472
47660
4128
78279
89183
49889
60491
46232
1569
71965
71833
57346
77116
39988
67862
12499
72812
4562
75197
98574
74281
94452
93142
86529
38709
62151
33045
72523
55338
30124
85336
93892
81383
62333
95278
81274
29797
80029
1805
51788
70709
71080
11353
11890
32808
91403
60650
12587
52768
42456
34896
88140
19552
13832
73614
89851
73898
67142
15695
85182
5127
74740
16366
64810
24531
80108
34734
68178
26583
75809
78201
76418
14302
70607
61839
2957
11989
91384
37310
47255
98928
25040
35973
86420
13573
29033
53973
94079
30717
47204
30290
69550
85794
87983
83600
21173
51995
53222
77439
71662
86665
29420
54669
88208
67611
97208
22809
44621
26166
65351
28084
93591
38338
23398
42916
67962
95927
90660
64750
13296
66655
28901
26740
17711
65886
9199
16760
76721
10091
95311
40707
42970
77383
34292
26854
26618
53178
36521
94490
35295
88353
6515
97206
91430
17551
75508
15916
91294
32940
3539
79545
68118
29855
67646
86832
43000
89507
1534
90038
19055
50295
84152
91883
23248
24174
90449
24095
65327
16650
25759
15428
94235
62692
39743
51042
36719
16834
20818
85741
6337
12302
54948
77040
64098
59410
81533
72650
85516
19532
64128
57472
1675
64188
75396
40477
85891
25097
5506
40229
3129
90839
72451
45663
36592
79877
40764
99377
76554
95922
3060
28054
727
25051
31596
26047
70846
72543
84180
66524
29717
42348
15672
92362
73621
7966
94813
64906
46947
21433
24752
90906
14219
77886
83596
46861
74390
29566
2703
40188
25397
31380
98411
32973
71625
68281
60474
62467
57063
36433
18808
95960
42520
15111
62503
55137
51667
39638
84146
89440
72526
3869
35410
20618
20952
30851
93936
33054
25041
50599
91085
13239
8534
36109
63109
42992
41700
31483
30163
36124
21355
8539
26076
55752
3971
54292
57262
75491
37510
10707
60375
88264
3882
54879
16427
80960
43715
6081
8452
54874
42875
88827
64898
12141
61957
76442
17571
18215
37275
68308
9431
1374
5248
9520
4828
45890
47520
53822
64965
26172
71642
55939
45031
11643
88529
49522
85600
25531
83077
22437
93364
12343
52364
54032
85525
77182
56101
66598
83016
1202
14076
69592
93656
28460
11448
99278
10995
91998
65388
34070
93528
76150
6867
17510
93113
99403
3159
2366
69130
33961
63350
93238
91288
30786
6559
41075
37270
85491
2864
36977
61284
73170
22511
