84473
90752
14565
96950
86144
67142
12205
32480
80717
62646
55457
30907
47337
74331
36467
88616
23007
68048
50752
60713
75761
77292
96330
70339
46951
86430
80315
15302
74242
43408
30156
28876
6428
46569
59860
33190
18658
83099
2499
5121
66881
28339
90063
37738
48425
48709
22798
52489
52391
8053
42536
77573
21688
6296
21435
48775
46145
44757
4463
12628
42083
77839
4813
3021
80034
85026
79936
46539
52067
72114
83025
53509
92051
51403
8680
92009
44798
6324
89934
71774
63020
37899
43893
94172
93970
2312
70755
34874
12942
24297
45808
78020
35041
14295
57649
76944
51344
14635
61845
99376
52310
44467
40015
13405
932
77078
6192
74702
82300
67828
48143
22368
31461
51778
12911
93043
21287
62067
26490
14389
42393
74282
10702
70820
27659
63304
13147
67484
74782
21580
92902
55541
51004
5302
11162
94637
10395
11157
23068
89402
29410
88669
5950
922
98585
63321
10798
86336
5272
11667
89922
67524
42439
52443
76212
47915
84709
50738
30918
28993
71624
40480
25096
76803
85931
93932
53883
88778
47159
86350
39866
17406
32771
67634
80552
88366
24467
14142
90685
89888
90643
78923
8581
29121
21568
81188
87374
44752
22989
64794
63999
92372
38043
72206
31464
99664
560
13083
80391
91857
84482
47466
40390
13479
42249
51580
72850
58581
35692
61806
39474
14857
92715
7515
11865
9739
92651
30428
0
14044
31408
58192
1796
97534
363
16859
54850
29471
12932
56130
40739
84220
36196
31559
94030
10455
13625
1043
41712
36834
44956
59690
75249
61870
20999
21800
92189
69248
16403
79701
88165
45653
70326
25334
83498
6646
2976
17485
63713
86579
88237
41824
21711
84933
27549
5338
18472
50766
96630
98233
41880
62446
92837
65081
80523
6792
54442
83020
76632
9509
15882
34300
72712
30606
91767
69706
11107
68172
35341
68813
4670
95586
54019
78726
1588
94432
70703
61194
55040
35364
55632
73006
64194
82656
52711
81271
79293
27219
53982
44891
63896
61763
18332
94216
29312
37736
6691
62915
84101
38255
30927
73882
91235
35128
77395
36837
11657
16795
72728
99351
36334
45259
39338
29569
55882
86845
61320
75568
38680
73062
20973
82487
7831
26817
277
62916
95951
99622
92947
16044
54108
61233
7646
5904
34346
35310
33222
47678
963
90893
85601
48633
43164
42667
90958
81401
54194
15624
90510
56382
89124
49680
44320
61617
60576
72300
9714
60098
34185
27252
9227
85349
12401
16426
62929
6958
42541
70280
65713
4701
7437
96365
49083
16461
64355
86136
40252
90049
3390
86128
7423
70169
96547
13681
41702
60546
69433
25367
26890
33123
87225
46526
32326
85637
52392
33754
86326
34328
36992
7350
39612
33886
2101
18293
48996
56752
1564
1840
32711
60340
9526
5370
59239
6851
48607
12555
7255
35008
59411
94240
37401
86317
83888
65014
59607
83317
68943
81041
7862
39862
49520
60844
71508
3439
12069
50590
44438
50243
4930
70993
43551
39030
52613
39624
49619
14924
27879
48153
79099
67746
77280
2857
29907
32265
63438
67653
423
21918
71835
87147
33550
58374
69969
30310
3703
36348
88380
55497
4418
55310
74861
53276
78936
28017
72473
8030
67722
61899
520
55235
5837
8694
18316
30941
16502
54742
29039
52539
94137
99708
32830
54155
63438
70394
78113
10462
36975
15508
34953
38103
76279
87843
26625
77128
39933
42657
15029
82922
28837
56905
75610
38520
87309
53369
44202
80417
32426
67497
88991
23996
86131
55517
43569
40129
27013
89824
20953
49190
13278
67446
34030
30789
56249
48185
24339
63448
35502
65061
38143
49483
39533
7426
14848
45778
64468
75306
28703
7425
3080
65560
36304
48967
59886
80396
66797
24570
46229
44728
26161
85939
27301
41946
61315
87519
85950
10943
23529
37957
29402
56068
666
6630
26992
47848
50994
23515
4033
96455
68593
6873
26671
55873
31313
63472
33241
68069
2858
32647
83647
859
41063
22234
79531
42154
57683
55222
94359
34045
77983
24671
40044
5295
3532
73820
50445
8678
54743
40774
67145
73195
53849
10748
39663
97432
92265
47214
95524
21639
76477
1295
72069
31307
67342
80899
19016
95021
59224
51751
61249
81520
60342
33627
62837
70269
74070
52038
75476
76449
31017
84764
87543
93701
77093
58574
26370
89367
42091
6353
86836
98020
73850
55830
8732
66182
89585
98395
75069
41123
28294
33351
17308
85518
51673
50362
1846
40174
79403
75087
38603
79624
91650
8822
68211
90347
16223
49736
96562
56376
89052
54906
72429
77571
85573
72560
78436
24281
78623
70009
98267
19847
57101
63593
81079
48407
58057
38191
59836
33116
64775
45754
58137
83268
36025
64013
40372
20627
69216
82711
81159
1152
67588
13423
4291
26436
99650
58330
26464
66745
49217
65547
7376
76588
75289
42980
52165
15098
58274
76556
30783
64447
23083
49471
43265
29083
95702
9498
34240
60623
53228
73831
43675
24053
47906
29070
77130
87923
66606
9061
96207
91156
5154
29673
97534
93222
22859
87192
81903
96448
46392
89006
80733
38578
56946
56632
83310
42265
36708
31239
20556
85570
31245
16757
34906
56306
98317
56513
80729
66034
93727
24218
17639
62913
38322
60579
19836
83396
