49432
78226
97615
62371
35594
11177
57036
69897
19719
7095
49506
27322
86448
78520
47029
1589
5923
47097
43169
28623
57330
19091
62728
44917
97358
42697
92423
94177
82928
26582
58649
81600
11746
23888
78440
93825
57639
1096
34012
23135
18949
78531
33519
36621
71785
45901
34009
75700
55263
79113
9203
81120
38259
3776
67075
92256
88153
34669
74633
17058
93242
67462
1231
88724
28674
14068
37146
92821
95155
21130
32594
86584
60661
5668
68925
79119
8840
75547
74057
32742
73498
39759
8454
93496
29244
98850
19838
5351
37957
22803
43404
74262
72841
97660
21461
82974
4785
21305
63404
99643
34990
56693
4668
52463
20267
20080
76959
6781
71274
59472
14108
15956
78184
