91535
75283
39422
44152
45476
99730
467
62831
70085
85152
99431
86867
29594
78266
76041
76075
56268
60270
25179
81276
68164
91421
54657
597
48983
30906
28767
74621
11718
49447
26183
43586
27990
18398
9176
31456
60950
51112
15473
57182
31892
95656
38097
77922
99845
32299
37458
40954
94981
86521
18477
39187
97406
51601
25205
13415
71828
70451
26206
29656
21310
51140
90862
72895
8130
38507
72526
9232
65104
61386
88025
82964
24768
68026
83147
4494
42655
88865
12632
13563
51919
74905
92274
3040
4959
52529
21656
69932
2738
22547
39059
47845
8859
89835
2781
53468
16168
40095
61981
87671
39112
44266
49807
90031
917
13689
72934
59870
8352
79051
61375
96970
21938
14324
38600
29175
38527
3596
47055
32563
70997
14252
38254
15532
39051
15563
70320
24237
44118
74899
89900
96699
58423
87749
53255
30501
26228
96848
66564
10480
33235
60096
94382
26061
558
90778
58233
90007
94012
1008
41021
22210
74147
53034
17687
62609
43207
61280
98589
33159
88254
30427
69727
60112
72220
70157
91742
53920
8266
28703
96705
70005
35147
93896
51298
42009
19860
86363
52636
30022
70183
21848
97222
56597
88815
66110
78633
37893
54820
36295
98677
13431
40271
16582
88759
29181
37554
51231
21196
32682
74852
4837
93785
90797
76476
84778
22104
99596
48643
15811
39966
93245
11578
92900
11482
85335
76264
31975
88027
23448
82902
89919
26142
62693
40422
55368
47701
81803
11737
69502
85108
69875
49946
14911
13726
92811
26226
70052
20637
44539
52779
24903
43814
59410
71430
83673
50165
93944
68178
24953
76488
85612
39594
38887
61409
62446
95441
14547
94854
53828
52825
8843
23669
99917
49868
13157
25501
88494
70840
68390
92449
46456
59628
29228
28716
27311
9853
99331
95223
57609
5808
17704
42563
28811
17016
88998
36902
89724
44576
67968
124
97925
69570
27018
82931
73405
83467
90441
86164
3885
1769
38239
65807
91848
34262
24313
27396
28713
61171
70854
3189
97093
88410
59830
38948
88956
26956
33884
74590
97202
18485
72214
58344
50822
47363
11426
43013
92498
57686
98599
89934
74303
62879
73980
33751
31264
39681
2428
11942
15542
12217
33818
69239
62922
5288
87752
3779
25308
38628
96234
58572
89094
48573
42820
64047
9927
51622
90935
87412
84095
36979
92489
14329
20930
67247
79836
65391
98565
17515
66246
67416
32654
4389
65857
19973
76471
12468
44480
62023
80075
79307
76045
48034
80462
73405
83820
9638
88403
43143
76298
91404
82816
40758
2599
85496
84991
2448
54611
26597
8962
33599
90132
6247
92655
96857
13824
38656
78539
66843
95998
84009
96765
77177
67335
65005
7449
91410
68071
34499
13616
44842
31613
12449
30433
71506
56432
17191
31661
16555
30554
4682
92802
74744
77240
26263
96048
23237
38477
67041
25495
81917
41855
37353
78412
35323
61012
94465
20548
40576
35874
21437
90834
3910
16636
98545
97212
84961
86198
88032
6047
32716
48488
19634
88117
35674
64248
85924
76070
60563
50427
5496
78138
23999
49009
69569
3407
72885
38829
73614
91516
51985
84394
70580
4770
77749
81130
10891
51155
33710
50999
14596
14505
80073
47098
45431
29890
51708
23115
79184
2224
88547
66715
41152
26952
76678
85974
24536
69483
56815
54275
73497
17828
26419
11819
45710
31772
74304
81635
91136
66346
40440
63090
16223
49662
46951
78127
31874
93618
92318
30645
36356
19242
98854
81013
44166
75838
69831
11961
24948
87675
7943
5957
23055
72076
35494
37838
25627
