76
77577
89078
86116
9940
64007
31889
49039
72725
41501
87928
64081
72754
33811
40952
61268
649
24112
49609
55806
6800
85228
71536
70489
74271
29357
95578
21178
35231
10212
42281
99276
79341
47951
92981
86018
56605
30031
20804
45505
75010
53575
13957
67027
80499
96690
21727
61894
26257
93165
66937
77595
90003
27222
10139
7442
85446
51649
42921
57752
2659
99400
65983
45259
41607
62375
5863
49517
10540
51836
76915
75944
49002
49956
85087
5622
97135
85372
94479
59707
59153
47750
6303
38797
36831
1313
78676
68851
37004
4329
61587
61999
83814
23785
45173
3878
76080
41362
44332
70728
92431
39782
90862
61361
60893
2942
59826
70157
84951
31734
45090
3847
67849
1012
19237
10864
93738
2451
93461
40717
7100
35259
86869
53962
8013
77651
37395
73785
67801
93890
58685
89594
64282
50025
51532
76492
67717
76223
43202
68213
16978
52471
50208
28823
16560
29057
52439
16945
91170
38965
68480
4289
82452
30970
5296
20992
8315
54798
65395
51896
94929
14273
84606
28270
23661
56098
11472
9756
70679
57738
76832
76523
74412
95704
42971
95055
33464
8110
12750
88325
24467
16526
43940
71708
49606
6544
81656
54207
35874
26942
1357
21133
85276
93743
91207
71439
31752
37192
75563
49728
54023
37563
2679
35242
2392
5283
90205
16788
60573
23383
85387
51273
24995
78743
92420
51792
40035
45961
38859
80626
38274
53770
86566
64138
28259
45597
34649
30303
93688
57046
42122
27131
82258
58445
49872
80406
37639
76104
30367
64324
55465
67912
68935
47737
90489
92214
91150
2870
49166
16014
48781
34557
87690
51108
45575
53735
94080
53731
34069
87742
30261
87855
37469
18292
22873
23075
17681
65297
15502
40263
88714
58607
71626
82375
33722
56531
94222
43675
20510
13902
42102
92081
57470
65678
16668
42034
41601
63152
56633
9680
98306
75524
90456
39594
34234
62194
55082
27934
84427
23615
85804
67752
67132
48743
7928
56835
4258
72383
5549
64075
70081
15875
5850
21916
33817
42340
80699
65359
53113
36062
84483
50987
6086
84756
43078
90284
60692
19248
89044
9327
64339
14091
26196
75731
62402
56785
51796
13421
62647
74406
97049
43383
12163
19225
10699
22727
67414
95282
45683
72641
