45226
86750
59347
10941
89766
44478
21361
1801
82977
51014
62406
21799
62510
77956
61023
78401
34799
52419
77141
70330
91528
51186
63100
90605
43119
89136
61715
18690
23246
93412
15401
39575
11656
8639
97200
83044
77033
48521
61970
4374
10959
92061
17852
28052
54879
24073
93379
70116
7260
22043
78000
5464
39653
37486
7101
43486
46236
70717
95170
69294
85397
22379
22503
2339
14386
88628
22829
77702
90279
70017
35589
21339
34765
76404
74856
71979
17005
2171
98363
35076
7275
81244
25388
95891
89914
42515
28810
95314
95250
16661
15310
21196
28455
31291
2402
76848
43210
16617
75981
67272
11604
21009
86342
3182
88861
39182
18268
20408
97553
18472
49183
86535
39274
56959
83634
97394
47954
46190
85132
66070
547
98701
5219
21945
19011
14361
57087
34421
4717
88925
10757
1220
18836
77370
16021
56328
74228
13782
37760
19843
3288
62377
41124
53560
63640
62410
99874
30868
94409
71279
51253
84060
50692
60010
59555
13977
14509
53061
68511
20664
1019
38963
36487
17272
94577
6825
12660
81528
4037
59495
5474
7744
53485
95972
47559
7853
88538
616
54136
41881
82523
26723
19412
55706
14586
50443
66574
68290
8579
83571
32180
31530
6008
79601
14836
51014
67687
83500
44981
75065
72355
32058
80508
50330
66355
1093
78729
53354
98517
19862
19030
30824
53319
13426
52129
98554
34937
73802
53097
67188
90617
54582
34939
13035
78337
67789
95459
23296
21132
57107
62935
16529
97885
95913
59290
52580
79840
30398
90894
2002
51837
91922
73345
71087
19853
59710
16071
95777
72693
9475
46396
47685
24759
16161
23903
38824
95498
73390
28582
59832
60953
7444
11318
28730
49677
951
84426
362
186
39899
63455
50558
2082
91986
65073
50690
26425
17751
35980
927
95570
92747
47513
24634
10155
75803
71510
26980
51430
60279
72306
7538
90374
71790
32846
26759
21904
37173
50182
92495
13872
50059
11338
50863
31883
40453
77991
46579
38401
91600
67315
22691
68212
99146
91007
1238
11037
93306
42968
42463
52143
42589
67326
5593
6318
95526
44588
71579
87224
25984
11400
99469
25120
86141
27939
65734
56543
93937
38106
32683
93836
49743
14491
46690
3407
70284
28821
85966
82076
13430
24254
37653
18025
47552
82681
73153
49094
3924
62687
49296
95134
57132
88992
36409
18214
21117
8542
62245
18178
7287
68282
81221
29681
40090
80340
24924
91075
43684
81818
73486
45595
622
56616
23986
29731
83282
80175
51083
26200
40818
9569
24006
61484
25428
58616
25659
43351
79873
79104
52604
88902
29125
89830
14313
50311
53608
59005
61130
73028
46771
57507
83237
21533
93436
31020
40660
56733
78032
48064
88738
76672
91425
29671
77146
50436
46556
49462
76526
29661
99873
14303
81526
57054
72385
28923
1677
85376
74496
15205
43527
32563
71818
99416
25691
82068
73059
62488
593
69261
34381
30713
80917
31532
43591
10903
56034
43082
62684
3614
48524
15546
85767
33875
19131
35806
78851
12911
96155
20711
90744
85785
42644
564
79221
27314
59070
61556
43729
33098
59306
20651
77929
1696
4534
11802
51366
87638
87060
71228
88274
64619
25355
36293
53908
4129
2266
91965
6881
60741
37645
77165
77827
95850
4616
91250
88908
34866
70577
46701
80515
65199
72780
71531
78445
84652
6283
3103
52254
31
27891
50119
30104
43129
56719
40911
68775
60928
78436
22770
91830
38180
78791
95773
97979
83983
60188
44201
62328
22289
12474
56805
92359
27657
25999
51435
50276
64793
39821
45835
22081
10216
6913
90946
70334
64201
97935
38561
69864
66410
22242
13315
88567
1740
58173
77345
88066
72766
41801
36594
26067
3096
33107
21360
94710
43971
94791
96063
68300
76008
32009
70157
96209
35689
7784
26198
241
51908
88216
89876
93688
64715
22846
69227
67656
63784
86085
74721
89290
50721
42467
19658
79627
47758
42688
29446
90738
84380
33830
73528
41190
68774
48684
13871
29365
25426
30390
60935
3876
49901
60615
20089
31901
39297
43199
31323
26768
82346
48677
83728
74334
88965
91484
21266
9671
40273
51351
32227
30265
44900
16406
25485
23685
63470
11190
73505
60425
31765
65231
5247
97563
88783
29836
38389
78931
51536
32590
30581
55172
47347
43770
16426
68280
52499
25460
95242
71950
28993
76548
4055
51966
59465
3074
63050
54356
30456
60459
95121
39374
34188
76168
20404
18610
75728
11659
57843
35810
47022
72817
96314
92688
59764
29775
24773
51682
90565
69786
53916
37864
67377
73468
36877
74187
24636
56749
46562
41113
62947
21347
68107
38314
24971
77737
85538
97416
16304
24803
51862
17987
3683
385
78902
61392
76073
9385
35764
73741
21119
39134
3995
52702
33058
95584
26990
12972
18608
46200
59048
85645
86459
76066
5492
11087
39769
78215
13886
86488
49535
7600
39583
59206
37945
22094
30519
24651
98479
75303
69337
14380
83351
29118
77150
12161
98247
84200
95982
18139
52870
59897
55433
35735
88725
48159
90548
92158
48188
72469
41921
54871
88183
36992
17102
35695
18116
80168
46272
72143
74344
67004
5162
60060
3927
2325
88195
36088
20049
55048
64689
99198
70910
44839
81764
56202
51213
7758
88961
12862
71571
51969
16237
91346
99620
48278
77275
12290
61470
91918
18245
31903
82826
16915
81445
1206
73890
33983
31768
16227
31784
72963
44771
47709
20238
31057
69804
63831
76431
31408
68312
80159
95216
34985
84900
69078
58161
85014
86383
98656
52405
41565
69753
95769
36350
15975
97201
95469
93272
71970
69055
72366
8667
75389
15590
11095
79852
33622
66869
27602
90489
92392
77057
55113
60525
9830
19153
2469
97919
71137
63104
59232
84832
16643
18856
1318
54456
22944
12216
21827
40193
6
7421
35066
36411
48252
49995
46209
15584
