38572
69472
85082
33743
1469
3847
68207
12290
50401
71177
41199
8886
43398
64835
50948
50725
12911
91291
83132
57596
80593
81084
39327
45695
80781
44283
43390
35538
67765
97441
37542
56868
45997
52309
28149
96883
51870
61275
10662
98188
91383
17249
2749
6923
58888
266
72129
33518
30878
49355
82717
76544
31100
83013
57773
58276
13415
60613
89955
19339
29882
19135
4520
80631
27641
44311
17056
52399
37514
74859
23008
82848
75556
34816
37294
86861
26253
27002
12243
68003
91113
79383
38658
15779
2559
19481
16524
22938
16358
33844
10645
7325
21021
1054
29247
45313
59687
34150
43790
61893
4092
78148
92666
80421
93187
34807
79789
62566
18023
1366
65039
70586
8799
91183
62633
34311
46551
61112
72743
52301
90264
11513
95064
79791
4366
87659
40514
7121
86956
13605
65886
14857
92276
28246
22406
79470
4405
46819
60800
29734
22879
21919
87333
58274
83211
77366
55652
13290
61454
24260
31121
34368
15232
3608
52439
12967
43664
40340
82483
51980
7391
22896
6247
2558
97389
59043
97996
55308
25380
45071
90968
50154
11442
4262
42248
43385
52786
39808
29004
54508
89207
59145
21354
84181
88406
83067
63708
9710
3001
39713
35305
64787
41797
61346
16541
9044
3818
70928
45924
19394
46309
96980
83044
80234
47476
4545
92281
12759
46366
59101
83723
87110
13467
45727
11410
72089
62038
43808
52845
39752
86046
24102
81962
98002
60756
86617
17818
67655
36250
36144
55196
58125
75581
44049
16698
33551
83003
93082
69139
83941
48291
9145
95497
55911
65241
66466
57613
78375
9767
63990
41105
28289
34780
25174
87606
44992
53560
54689
22641
14064
72714
68518
47657
46325
66483
39392
51745
48229
57474
39444
12937
24437
2553
7469
34547
24006
69807
15865
44875
73
41308
42966
11050
25229
20627
75021
44287
13624
81958
21046
15452
97287
40397
33792
20050
69956
17866
76215
7679
59873
55221
66787
52726
31553
91989
7619
55876
74761
69195
25066
72547
53625
40778
42423
82565
19200
82910
14612
78261
95611
75380
75933
58729
29557
59614
95348
66611
93426
55177
36482
40792
81003
80498
91844
73531
91080
30095
3688
87410
47567
36968
6887
48299
42957
62828
17906
35870
54307
12300
23699
99268
34287
52894
55059
56202
55180
84266
5295
2613
31282
42380
63155
7868
34965
44106
74478
4449
77804
16518
17947
36931
88449
19125
34837
83539
97532
59071
84031
54488
53781
73160
61775
19230
90314
64571
11431
22016
13851
91173
88220
62088
79705
59462
41749
59250
82173
39753
2937
74728
7169
86041
45390
53811
73033
32918
33401
57699
21130
22246
80474
74866
24329
97361
93179
11153
48504
76279
75265
45400
19372
89173
85708
47617
82224
93240
27580
24124
50682
85199
92059
86822
67569
4214
30436
18003
75047
70655
55556
99822
54664
15565
99631
46408
61611
65508
56479
20744
45215
3997
86226
48867
79860
63102
14880
86494
52405
40289
15937
56539
30513
21639
84957
22489
70436
78727
20642
23175
91860
44939
76881
91506
85751
69159
11292
92511
88520
426
64427
93024
6330
10
77072
2995
43734
21640
98920
85906
70331
10560
77396
46364
19453
39594
41667
83632
53456
7964
53472
69156
64076
85574
94930
26586
19852
46564
72050
5514
78066
20347
60651
26843
35694
1988
20246
70386
31815
895
57809
60323
23537
77826
80678
5460
74772
49761
12298
96299
46008
33373
81188
77132
14401
37865
75232
84793
62379
75460
9835
4186
60539
49743
4818
79139
50791
24584
81794
74307
39634
4526
81829
50703
47809
856
92610
45481
75861
47457
89164
35107
31728
46810
18073
54015
1981
94656
30883
30967
58771
28842
34676
79765
64168
39533
14682
63533
67473
79006
3809
25765
22490
78562
41257
90090
93744
10803
68368
18599
88855
31277
67323
63151
50587
96742
93195
68297
27762
93624
92271
39199
98610
77674
29070
74469
65074
60796
68019
55344
45031
9985
15668
36753
97637
32153
85625
53684
41928
69437
90941
89943
21194
95626
30270
38077
39543
84651
82833
23814
29784
63183
84313
95127
51503
89234
9177
46710
28098
25884
24581
20526
83348
85613
45430
26615
16296
77850
79969
92416
76023
83248
4153
9335
1167
28703
725
93583
91845
85928
46935
8925
5497
90714
78919
55641
28599
53806
96507
30117
73441
84980
16529
95533
68807
99892
28214
83285
33163
53985
3154
23266
16703
30969
86468
14766
70791
50851
20866
92304
96173
29992
61594
70225
40962
36423
42657
22344
31291
93134
57183
53146
99674
59911
88221
82554
37866
91820
65980
92300
38548
56720
66288
66899
35623
5620
67262
45094
75645
29747
46437
46223
51118
15831
66240
58940
66297
12381
91569
52957
14563
55271
7957
42118
62660
87113
57361
35950
97181
73759
27258
10715
88463
48857
16146
68803
38312
88899
80610
73926
41361
32278
76227
9111
26848
22760
20421
2773
15506
7500
56158
15049
26638
92266
55885
26237
56777
14955
54119
56951
52038
81562
73386
65277
76972
20621
78259
63690
11663
15184
29
91659
56468
28583
84750
50963
3668
61610
53061
71936
81603
53910
44261
75431
33813
81301
78028
72770
3137
24547
56099
35911
36500
48296
92777
42530
76582
71226
50781
45998
