71802
40377
1132
32673
16855
85742
11340
91259
37869
46203
8914
18121
52450
2974
91779
75233
98657
68417
54727
62681
48072
24840
84577
45779
84793
65788
60166
75956
46320
80672
6467
92752
24721
84377
83343
96950
80137
25041
60683
64370
35137
33365
53418
70125
55276
91003
36973
88492
40201
37409
24292
68785
35722
69703
63159
75606
68215
57049
99640
98339
25768
78265
56300
11464
68524
52907
79655
22414
12231
58830
33262
18176
80044
58934
67972
76844
70785
39619
53207
27220
77038
28907
26052
53321
44060
4183
13342
37419
78046
81249
4518
35003
88646
16403
78519
25957
49250
14154
77483
20659
2909
94407
43729
25084
77765
56363
66058
1321
12224
42820
61783
56047
55003
3448
57849
39201
26971
96927
93882
14275
20094
12677
67117
96853
51065
23979
3897
5568
82244
28396
41281
93126
21525
69203
65941
39578
73864
97290
99422
26020
17587
79927
81990
56918
94655
18134
69066
53261
33642
10122
17144
33192
36796
8767
42274
80939
1674
44358
11254
38833
49916
6024
50513
47989
31483
25462
34528
4798
43272
46074
48865
48977
28142
71841
98939
6161
49236
82589
24252
94828
16941
24107
57428
64276
60635
66378
79184
3502
68667
57064
38719
27842
32711
68360
83147
98587
92166
80165
94191
14469
72046
42105
45752
30466
31416
93411
6470
41805
90426
42975
56504
28715
94422
95994
16840
26311
96742
86039
3295
77818
49807
83185
44815
85717
91664
48367
84755
29123
58407
16401
46063
65059
5098
83789
98304
40705
18295
78198
37393
40584
71350
40551
18959
37695
17516
82060
39516
33208
6980
22058
27009
30117
58630
62869
9017
46021
60086
41526
981
99696
32644
41148
63825
79725
97886
6706
15667
10120
87697
82804
45090
50
45713
81313
82195
12201
54739
76406
8297
46101
94110
60052
66044
69576
33626
38064
26860
32102
32640
60615
26830
25397
42161
78559
3743
16315
1871
54857
61722
25323
99305
64804
31719
86633
86781
82129
93194
60714
80802
87627
6154
41023
49052
96146
77048
4179
41126
85634
5493
33020
48113
11007
89154
60116
38862
40729
22179
51523
27847
9965
91021
38841
79903
90843
48188
76301
55977
74798
89152
33109
41417
73445
58170
31616
65384
73111
32540
90735
35126
40222
98115
64181
57995
94735
52694
97931
77287
21057
5659
12764
18784
91410
75330
22643
61994
