53136
22648
32987
2556
66949
82278
97776
73215
87042
69005
25044
9495
91863
96655
25968
29230
62362
81957
6012
44516
55022
19358
41205
21349
1950
86634
15747
56097
90734
8310
65454
43158
37098
90888
96771
68430
71637
71941
76259
50843
88393
65317
40443
5073
63843
69974
21447
61248
60326
69166
29975
84146
89868
54488
59922
77709
9709
76125
99489
59948
22637
59274
89814
51217
83950
96175
55115
84741
87750
62022
65979
79751
30858
19145
66666
27909
56465
74285
75576
61238
89056
22516
14225
76388
18195
95448
44949
38016
23023
43728
16723
55945
43197
90123
46083
98128
85058
30605
63697
22581
8179
65339
18921
93588
83862
15162
25388
96124
9737
59554
96586
71777
20231
18590
45480
64230
82305
59654
81013
39614
73460
9773
61046
67524
41011
46796
78240
44266
54687
90688
45276
36182
27
59027
35967
83315
34753
84521
97137
18490
62397
81431
66511
18697
41581
31612
92315
83706
99013
49642
7089
49675
70759
11636
75032
27978
23896
18912
52429
42005
66452
19879
99677
18061
53447
56778
45941
12221
98424
47910
7052
32803
14911
2383
55093
27432
48415
81082
6989
71017
46270
39533
8994
