35326
12459
97577
18815
14812
41140
15336
52731
24786
75351
82704
63168
24305
86191
58171
52145
75849
50309
25971
85922
43176
33546
92381
90725
63992
82333
29895
36935
56475
45581
56298
70485
10356
52319
95835
46607
98142
23810
61832
86338
41101
65356
99966
76098
44298
3804
37054
54816
67795
87879
26728
13260
64785
4686
61770
38347
73581
34686
54049
79173
14452
94473
57143
69593
15562
42191
77429
98592
86325
24446
57381
80073
47955
61973
44234
19761
14403
77111
58316
92121
17599
83495
58781
4710
59775
13639
28876
11954
