47904
98795
96890
77612
86841
92453
8799
89649
81227
35668
51125
38732
56742
31555
32777
69419
95256
13381
98761
18449
64382
28641
65717
68328
57041
65391
91197
994
14955
40046
38854
98110
82760
4614
54764
86048
53975
35390
92395
36578
52607
41242
27544
27101
74667
91043
8852
83990
72583
71531
85922
42700
36048
51576
4794
71744
69614
69584
61962
55253
16252
39371
89971
87666
50334
45366
40835
92260
55761
50160
22328
57954
9573
90186
5557
97354
66537
45589
96545
75034
55489
79224
71622
7641
18844
7989
81707
9153
44929
98978
66581
94491
55414
19389
65558
3232
22888
74038
8395
5556
90635
54499
33980
91271
47636
922
96126
34147
99609
78464
9806
14691
8500
68230
7507
71935
79859
47291
95397
88182
33272
97195
96488
21709
55900
74972
11835
9942
97424
45630
81524
25326
44498
56069
25773
53548
57746
5739
61738
792
13754
58693
15602
14745
24635
39711
1949
63888
27474
40348
15852
26888
4368
17389
52572
51742
98807
96344
91836
37354
99336
75294
20718
3859
67205
84170
245
30485
53915
18429
32740
54331
16869
6581
5184
35557
89698
12277
33547
8987
53371
85168
75508
21803
34016
99266
168
27059
69218
16815
9684
53588
18996
59769
6529
42170
24197
64137
24635
30447
13823
29427
69179
57047
55761
44881
89
2162
50060
38682
17586
65759
72285
60164
46185
2880
9144
93098
52732
47769
36064
17730
89281
95300
59840
4685
38386
29743
75999
79824
52097
72916
54549
82472
55341
94160
88057
29954
19165
4037
53651
86211
97253
79433
78675
50735
79641
80253
69992
18950
80882
34317
44899
4417
35902
87455
3196
18336
71823
97483
46792
18995
42671
49079
46783
57120
80831
86399
56780
65965
38499
39078
58408
38754
17985
73859
9875
67019
45738
128
55928
48732
20303
22516
24507
77581
56908
24124
41269
84701
25536
68308
8411
62003
49876
47409
85260
15507
17606
97751
52642
35688
1319
75987
70247
6897
22475
29586
34833
22457
24015
12893
94941
25859
8706
18155
29977
18360
73077
60957
78299
36069
99275
55187
96031
43834
99981
30356
78192
31710
33215
30441
4358
49846
44218
55247
239
28429
1155
25028
35020
69556
89082
44787
9276
10424
94336
45187
44056
20875
33049
45446
84987
33835
49669
59178
77393
9951
53049
61394
17793
37335
67738
37593
3261
10555
98848
80509
62199
43410
76567
21652
94871
50121
63024
17373
83826
15095
94330
47057
57499
63544
48371
43439
65229
64916
4415
1191
30516
69155
50867
2400
35385
8623
21862
31040
79556
53420
97453
32616
62545
59774
98579
58097
98394
48338
113
9437
5554
57363
74208
80197
23693
832
83528
4754
12349
42656
5492
4124
23752
91721
98732
36751
63443
56712
21530
57123
35144
58647
57716
97882
43127
15830
48044
59890
35042
42556
14293
16639
45240
30576
79676
68075
97031
47930
29123
62709
9569
26748
39170
13972
23756
54023
44754
59601
85414
10133
11821
69904
41383
1473
60922
81220
12981
64759
69703
57274
72343
28572
98017
11951
62925
52922
39883
93334
15875
13310
3735
76811
27645
14427
77256
96042
29910
89817
253
60268
92442
19245
44418
20321
29472
28634
47240
36136
28112
73829
7477
74938
48851
18075
81934
23579
89961
27633
18256
29979
46398
80895
65903
664
68145
76767
83117
93106
87350
50341
49849
83462
98872
80888
46056
49362
8283
21430
65133
49189
88438
27044
16055
37675
93209
6038
90617
43176
44921
69401
87500
66094
6233
65178
11580
18453
34977
38952
52404
30112
77354
42939
47747
64402
72326
50376
42643
89611
39470
55425
94752
40700
22763
75341
16587
73615
1340
37139
73558
43415
53869
46694
59758
29203
11580
21048
52908
97679
40787
95730
84220
42933
59288
19089
16488
19664
81114
37718
3580
83304
43334
93838
75484
15969
81475
11961
35173
41794
6297
32355
83453
42251
99288
74592
26381
83438
97780
27089
80022
80483
26687
25882
85006
47087
62794
37759
94789
71908
16376
26861
45973
43908
44366
46595
95498
81632
51027
87798
65407
64624
97241
71417
62111
67998
9512
66403
97572
29505
71345
51006
29356
79402
72033
25711
17985
72233
76325
52232
38240
91099
56209
72862
52216
64725
95326
85849
22185
49526
57185
75373
53837
3463
8728
88232
60060
93826
73890
26161
72904
64270
56843
25384
16959
31319
62841
42230
37723
91856
71708
64643
16943
50600
12839
88293
91333
83477
56029
49530
25732
75398
74173
82377
57132
86057
9738
66220
27318
20828
52550
76449
33019
32129
71384
16402
58952
68334
60384
42960
6110
796
86667
64727
34784
99378
84221
63492
69596
67590
52791
39367
21206
9810
77535
91173
1162
38742
26466
12643
92039
39639
98674
49881
27123
50246
57957
52661
45169
39538
3921
10007
81599
91270
28958
85993
44022
65609
50595
32365
37831
4044
67630
23632
79802
84764
81061
40949
9202
58670
35267
25471
75037
2708
25620
91894
19077
23248
20137
30102
7309
47723
62033
64716
45112
67927
13675
31678
2318
69814
21812
85069
4881
34008
66337
83454
72905
80188
78397
75490
19598
73328
82035
21569
12783
44884
50119
31167
5960
67922
25598
18564
95586
67094
12598
40280
69477
58372
32514
43071
78876
20276
77488
4413
67705
80322
33980
86954
91394
9026
4710
59740
21719
28652
48030
14793
31900
28483
97440
11448
9880
57853
12767
82182
86955
5118
26307
36446
32070
95456
83067
64287
43508
17795
79824
60082
67767
23098
97337
84478
76321
82975
7737
37359
77732
2468
94794
48097
49899
20233
50872
86243
33941
30637
11400
70
79840
18869
35730
95366
60193
25778
46463
74367
52126
56104
13435
97217
72377
97523
21676
98699
76376
13119
84478
67571
36879
16548
12376
97238
