59016
49849
83176
84588
25731
59462
50081
94380
99600
18682
86942
78678
90870
5416
24343
27867
49344
3586
79110
63168
36387
41072
86108
70354
8631
57606
48746
49384
73039
18969
4534
13776
25195
51299
58622
35124
9777
29270
35037
54847
83457
23354
99079
61424
25968
43764
28033
41039
19307
93277
62231
81212
92987
74776
26659
49991
71952
58745
91143
86569
18711
67565
32630
93751
22803
39884
8562
1564
96831
82760
95133
44118
67957
15879
74777
35755
23207
36456
1926
73225
60934
93967
44138
10912
93835
28917
5590
56489
81274
29941
321
4944
90952
73626
99931
76977
3000
31862
89752
17086
69851
42530
78584
18590
34621
68703
55480
28460
19745
55639
3757
52867
5210
74601
70229
8520
96920
78921
82015
84640
92623
55719
49155
22105
15925
54853
88561
96929
25190
57506
70308
34261
9001
86869
62462
58053
65030
31438
59004
57477
84343
5766
5488
40766
33281
37712
4856
13026
35557
97614
36443
77211
41867
40878
18591
51727
57692
6471
54189
35820
12835
24471
79593
75438
39393
52369
44944
54779
39724
27763
97383
56715
80876
42401
12499
73273
65294
55910
58930
7545
13040
68773
39545
17196
9029
59669
18087
82294
69880
39571
46201
79197
16524
16798
24964
61470
99620
51429
47541
94557
59878
37283
93112
76772
61647
69579
82274
37494
42862
63729
53958
45229
42052
44819
44831
49191
37607
52660
33174
44724
63207
82817
62530
14418
28379
57927
54351
55276
95313
74834
340
18828
32327
5115
76256
86524
58233
98538
70200
10809
69666
38499
39659
31665
80231
95693
58464
78545
62433
85388
71854
3608
42936
12939
63243
93217
49779
13631
90526
13243
72484
91916
87516
35624
22966
81309
17608
36066
48499
3784
6500
51104
72528
32635
76244
96862
97785
10277
34631
36132
56536
68680
67884
98428
19527
83047
25986
30538
48821
6814
23306
3664
86633
94745
21826
21607
37222
71465
78599
74054
85874
33144
46166
90412
10338
48366
62756
2707
2965
42611
43912
14576
72093
30841
31964
5912
70657
2657
59999
65296
1383
59248
52271
99635
12804
1896
69940
52468
11433
51160
21113
38709
63715
27449
18025
39498
30295
55276
98110
86440
53684
40386
43338
61131
90002
12771
38768
57777
33841
50222
56680
94574
46848
46515
49019
47023
91219
67960
71921
37954
72106
41613
62984
37285
31494
3851
27948
19149
39188
22823
73184
55732
63181
46537
27990
22415
14370
8106
40197
67259
85330
477
