75229
34812
75218
55432
15958
5885
9069
27527
42624
60221
95429
18667
40782
12701
65594
3871
69364
57852
87963
46854
44764
21796
13994
1512
14750
97964
17247
68215
56973
23721
68966
76864
10420
32395
55132
83537
63732
13132
2443
73894
98468
97915
99601
41951
48784
93301
57711
22413
90007
91513
14146
51803
21088
14843
61262
1045
68992
11793
7305
84726
35453
44113
95012
4770
79811
41336
12894
5463
17876
46744
10852
95361
74676
38675
98230
96107
11075
32866
66324
78228
36408
95188
71177
39882
84233
50583
19881
39498
21789
6
6243
25475
42250
75543
15248
70957
30666
88534
48711
56064
40703
77253
54575
16401
41697
80127
52890
2877
67461
83377
72106
39571
57929
75418
15539
58157
23392
49915
91272
62322
5274
38390
99392
30774
11583
79622
68561
72349
32509
72457
52874
20136
14941
5460
64654
10861
41299
99274
37800
84835
66612
8710
87940
60359
22094
35247
73477
84093
99983
60748
65731
98299
63408
72179
66673
33499
11686
99051
99697
43697
98815
29660
85442
71777
20870
52075
2873
90082
56111
26723
19851
34975
4044
80716
54815
51899
47783
67881
40708
67802
20475
18857
31993
90511
66885
99682
96463
6930
81973
81909
1468
78280
7943
98584
48690
14057
57746
4715
56595
67618
22317
72738
75742
61311
29131
87743
44120
1814
87815
50081
93823
34107
19583
31050
45649
973
55841
89178
61964
99212
98242
96665
98437
74854
34604
71454
84519
60522
58411
89580
24382
74821
83834
57458
66695
7866
3397
99594
15969
85010
14427
66538
68194
3981
14323
28799
17557
69544
81904
15919
51870
61729
39855
23294
93090
17749
2382
35512
33041
99461
84317
76641
57028
45345
87899
77319
53712
9675
4266
96385
90267
74800
22769
79987
95201
96818
66392
14592
54941
72275
86113
51007
45000
97134
75952
75597
13139
27853
9101
67029
15896
55258
159
82307
85751
67459
54440
50594
15573
36660
28386
79638
24801
24761
55243
44696
78441
19063
93314
79385
72419
4028
6117
6825
8003
3388
43312
16800
55693
5132
57234
3575
98270
72113
66450
95936
46659
68019
67504
2137
18414
74516
43934
72628
20668
69849
8578
80813
78265
56215
77704
32425
53620
72492
35760
99448
59205
28931
30024
99872
97297
10448
5
88053
65888
37678
43310
97808
325
75457
67499
24214
62428
90126
93897
75629
53531
70127
92028
66148
8444
17779
8593
25956
36401
81723
75786
601
12212
51005
15285
764
44784
64505
9045
27406
99515
89246
99164
208
96175
66108
42716
10982
81998
90842
29822
9725
52528
6396
97553
23481
46521
49500
21223
81269
39408
10650
89261
63820
82055
45749
78970
99619
34828
42738
80107
17081
84697
58780
90437
21695
13971
5170
91239
8794
3131
23053
47755
94974
69861
16207
86256
58538
23159
19573
66368
14356
78226
93901
47690
867
81692
58982
73763
97051
85790
23361
15542
14709
15449
53973
97126
38378
4354
82788
75836
26603
2449
65634
71266
27938
50581
86233
66471
45586
42035
66954
66663
64514
60920
44493
71912
86785
53958
47012
6359
71712
25330
13567
16509
69424
78558
88447
86249
44589
85581
8324
3905
36487
20054
43105
48958
16917
27003
22133
79153
73997
29687
43340
92610
48138
32938
75465
881
9583
68374
18456
92648
75146
30220
93611
72742
43703
96004
79069
67893
34979
77703
9145
7622
19
26807
36574
87002
99427
14809
639
46745
21869
47950
64727
34601
21390
3054
31077
2840
43944
51947
53933
25671
37997
3584
36828
56575
29755
75466
17659
87143
59502
26745
85774
57953
79766
75904
80448
44864
9404
51945
8303
47213
83410
27450
50558
2621
54939
26278
51684
34088
4038
77356
74709
99093
93088
70807
12421
63669
57820
55016
23324
93624
90685
89645
12968
55157
90430
13336
33833
22803
42566
86565
47510
76230
62091
32444
66309
14893
10757
94033
61918
27198
8279
49790
94529
89192
96861
82308
7455
666
1360
62601
98786
41859
11333
78816
21312
88980
36605
97947
43924
8269
74504
55840
72350
55719
47767
455
47103
36184
28928
75464
84182
94793
31054
13210
14083
94347
32304
28417
86283
15593
64219
92590
4745
54639
85228
75965
7721
71323
79469
88557
30182
57780
79758
56118
41984
3164
85678
36269
50374
10542
87373
24240
1907
49926
79599
69272
11702
82381
30700
67572
50889
69190
45904
80974
81352
40559
55094
32289
67613
34183
99400
53087
10444
30717
44552
65289
70467
95129
86443
225
82460
52629
7598
3483
41157
8395
98364
41637
75406
5183
11794
14663
43399
80018
21102
49490
48303
6452
42056
19445
10254
48181
50076
1374
96602
33957
9826
45764
33169
60130
71255
44888
13252
33350
98537
52670
5625
40425
99801
876
28775
14401
42385
38303
46865
32829
48538
58767
72455
4911
43417
89969
51588
13745
7071
47187
48400
41495
93299
27529
73243
49201
99010
3848
79493
2933
8835
90533
44832
69931
