15193
47783
67253
78225
92696
90872
37649
49571
12825
54048
52179
40622
11714
72838
55391
25328
85311
73020
5285
30525
25781
90315
80595
8745
72794
8266
25535
63361
76531
19438
82994
38515
3051
83312
75107
82422
26731
62377
30173
5885
20671
19144
51954
63176
69581
3765
79723
61759
54586
92624
72843
40681
10989
96552
96293
49363
25842
13303
90113
84896
98459
40083
55949
2780
26763
96085
39175
1864
32578
28472
23330
95509
62764
35288
66253
72331
23011
44855
62605
71346
68156
54959
61784
66202
25282
1354
56395
4690
26516
37314
20849
1361
84129
6623
9857
74389
8377
90453
89901
21894
70640
10202
69085
81178
9119
66397
7291
41119
63953
21733
59274
85188
12383
21202
33944
89679
79861
84381
52974
1801
76249
81132
44070
66147
95794
60639
21469
26288
11608
90407
18753
80017
93716
32999
7476
60317
23108
71775
77623
61105
52304
43586
31079
36364
46599
60664
44178
74304
83986
5084
50184
18939
6366
91565
81866
77913
38765
13619
97643
24993
52636
21817
79120
20789
94289
56702
53899
49238
24748
31471
16256
11066
94494
12459
98330
72752
4043
63283
67546
16603
50479
82137
31016
80625
17205
54044
97039
77983
18856
7466
90544
26485
27761
63770
54530
58259
23544
90324
31150
27483
3495
52585
75437
25019
83223
75771
43811
12692
9216
99945
21661
53026
78899
10934
65106
97437
64230
76638
13140
47198
31053
96705
61428
96041
1580
62484
35670
84386
34870
52679
57022
33706
80274
20759
84771
4693
82851
33159
92400
19146
89427
52952
32301
74734
15977
16446
99505
28999
76105
56798
80589
10197
75273
77172
94807
64861
86249
43040
54251
74033
37045
1849
88034
32975
1629
84161
51279
27072
86653
25953
87869
63283
64941
27674
9466
97509
72805
89112
56053
59980
59264
18716
51016
93759
62179
17429
30382
26575
28899
95534
84476
38541
50070
846
33172
10275
86479
10428
68110
86149
57626
86346
63414
64216
51061
52089
37238
41761
59726
88386
47884
55394
73898
56208
57407
4544
70895
98910
30383
43480
50522
3026
68760
15773
1911
17218
80962
90514
23132
74918
7471
71296
33384
63476
15830
46885
79144
29894
16470
11465
88786
77934
90714
75878
40056
370
22364
63157
42578
91904
78151
41946
73873
39898
54688
15080
48562
57972
12489
94507
31751
21382
56077
51417
34891
94469
83230
412
27778
58615
17083
4241
87561
90290
46265
53424
77636
89873
41312
13834
12030
82545
89304
88910
63512
12033
37740
85863
46564
85298
59530
91196
77427
75754
59059
68118
16295
65274
25049
85784
16989
32849
80536
18046
1340
35238
36181
82444
93618
90810
96469
6770
83229
87884
9471
83374
26492
37342
90112
62449
48080
64020
47370
26344
51818
72124
55168
79775
33353
44515
37175
86896
9949
7317
86099
15895
44614
8768
59068
21569
4014
69947
69917
59560
93550
46049
16810
18535
11890
37172
36872
86179
55902
23778
34098
66976
23104
95231
98594
14370
16417
20173
44550
25903
46008
38025
67248
8933
36040
14710
24570
48111
79568
49242
91296
57823
1628
75546
54482
56734
4584
55779
57595
76570
70661
58192
99530
38419
99263
62458
99076
9411
65291
17474
76853
29809
82245
48870
30981
81088
4405
35018
41276
3588
16075
68757
62567
29105
58876
2172
19171
7207
37389
77810
6749
30261
86253
11682
45883
37192
65623
96739
35263
51896
88291
57076
55731
47094
83769
56812
12933
64592
59396
44693
28718
59497
32700
75096
2157
56319
31671
79281
37938
99424
54614
64590
32848
68516
15465
18248
86233
65536
26820
47199
58263
975
98893
39087
20158
95992
90985
25459
76757
6000
40344
36665
14394
14158
49490
60387
797
96676
75251
2869
21163
86965
68499
30250
99791
37035
24642
43664
39468
16017
1985
67904
19349
92301
57085
3969
17492
79737
94827
10453
92437
36176
89183
49872
71109
83902
92542
99878
90123
53847
83613
45537
11535
68797
30094
76441
99139
80958
8938
17920
76205
43013
91658
43681
22145
76775
8375
68558
26090
91569
42760
47134
52657
78568
52962
2629
97387
32407
48593
79276
47251
31608
29063
47916
99041
22735
95387
9114
74989
98544
73199
13870
13507
3559
22886
44037
10900
94799
38812
4399
41523
64552
91292
89872
24784
32334
24711
5193
91453
90901
14690
85527
99593
1402
66878
81804
26911
81812
77146
54885
25788
11086
19124
7835
78170
59169
16115
37060
45295
49855
89888
89176
28739
8144
78088
80990
48236
71212
25503
22842
3343
95711
53742
15136
93394
12753
33845
27166
70445
28296
65620
47609
46260
66168
49681
70574
5125
38629
14165
77414
58688
45350
78946
9021
12666
70122
98649
36181
79105
79597
49578
36321
28267
75240
18648
5783
95528
86505
35356
7084
72633
99620
57286
77269
14016
67772
7005
40269
80258
56114
87080
12966
12097
22133
75098
24267
50571
16705
65903
5382
59123
55655
57415
45195
75948
8834
69501
63335
31747
55940
50246
55273
48353
48104
68409
18036
28902
49999
8556
98223
79799
41160
57734
12577
77590
5835
