82134
81097
53688
13096
8311
87938
24915
40068
983
30488
94382
21409
14498
58973
36594
13158
44669
37689
23833
48427
92691
99401
76598
36807
93547
83685
44792
1964
12449
28164
38700
6447
54520
82441
40287
92322
1800
64773
7271
99988
47458
99194
781
39949
6953
59290
50212
89660
59789
49227
39914
16681
60924
16766
83925
75254
50331
92621
28757
14627
37331
12086
24996
96060
32928
4126
49317
46750
7953
71544
94349
64998
88067
832
88927
39522
28900
19516
8332
42173
75130
72602
77392
87913
3174
50125
21426
4963
12979
45840
16559
8087
23242
23605
29869
95708
11130
57650
213
92112
82623
3875
36030
49346
36338
12136
69200
3728
58855
42717
33254
85928
41345
64639
52178
22787
76558
74991
29334
8624
43011
72453
76257
17805
41079
4128
86508
88013
93326
85241
97708
15258
34673
30195
69587
13224
54073
82236
89467
21927
14125
1978
45034
68153
17664
71070
31280
11538
12191
93978
32390
68255
22010
15730
75615
13172
73654
70296
24349
33986
96523
7271
7976
60694
47787
28432
48576
86181
96549
38974
19217
74706
43198
15971
15396
62506
6441
60791
85890
10948
98342
81368
9555
947
16136
93703
17069
79904
9476
65970
23693
93672
141
74766
55750
54081
14045
48893
26763
99650
67793
55651
93581
57227
81137
29033
53528
22730
12334
95878
69112
32667
13657
28465
99565
30617
69078
50372
78607
7964
50043
42450
33383
50950
89603
565
9605
35931
72295
16557
65806
64036
14731
80803
14151
40335
89704
97811
57419
17312
57203
85199
92872
53597
74963
57965
84954
67865
62982
4696
34452
14411
528
82929
36928
38450
16273
1355
88902
20586
82102
48907
63018
4550
74533
35452
31621
34392
7555
82471
38271
10240
12847
14015
53822
54053
49343
82263
51790
14224
60643
3626
44220
78480
70166
42829
4072
44573
15364
21497
98994
36167
45139
36342
81836
65818
71367
21738
48074
52393
37051
3193
70852
66294
62190
87119
53783
7806
5868
35113
26176
31683
87544
97944
83728
72220
60608
2483
39866
9240
99399
44600
70869
52306
84351
32495
31123
79947
25542
71205
1480
82977
52486
4661
51161
34599
91474
47245
27491
29252
28072
92876
7068
93747
55768
66114
46737
79727
32333
9742
39175
96274
22521
97351
26081
26762
72634
12500
81640
79190
98002
55921
35723
80413
59468
45928
85056
95739
23388
74191
84249
27465
90060
95710
37887
45886
88132
79318
53977
59648
67461
84155
46961
46741
47751
32480
80084
34391
2544
71978
99746
82429
35262
36345
35858
44861
63784
91872
33760
83865
76630
70563
18080
64416
328
14449
41374
52173
40844
49608
36145
70725
29095
96541
5910
26897
48578
19520
60679
93209
14644
16412
31228
30741
46978
33123
91650
17990
51576
6418
78990
33278
85352
64440
11179
82717
71687
11902
29909
65366
76206
49241
69429
54397
15919
52941
56098
6662
66634
75648
71368
38087
4204
60790
65448
47400
32799
33087
74811
1448
40304
66948
62789
55529
40401
2345
25305
94777
63699
50830
80674
47188
70709
63654
95149
18000
19697
48570
90279
71953
78039
58097
4806
83018
45358
10815
68138
60104
41383
13489
10886
62070
78531
22297
37740
84874
33341
52345
32017
2690
22880
34018
18443
72982
64584
28960
22761
34858
50533
80646
79401
51880
29061
9841
94009
53964
54223
3057
82340
35893
32123
72717
19507
42654
66121
63822
24497
14634
53313
96879
91389
24093
17172
4100
12892
78764
37252
72507
88335
96
29722
31853
47587
72628
25853
477
21544
90661
83283
94782
40057
12413
19558
13064
67537
60851
90652
29497
43011
73279
66648
9726
74535
64351
8595
55924
81440
18939
1274
13077
85044
80137
20400
58774
90415
55610
2392
10619
72668
88500
68233
64087
71760
26292
74961
23030
66035
23507
78119
98136
10123
30767
87868
43420
35187
76929
1296
87536
76286
94581
65289
73633
2161
28794
24204
86807
21619
37146
4261
16552
91675
24951
45560
885
89605
37026
78394
23324
93935
12732
87176
21379
6014
83110
81010
84765
90873
49874
11594
68341
65554
34603
54871
95407
59526
16375
15631
15553
1390
73158
32162
32855
82017
15930
33312
68040
15841
38628
2335
58047
61244
95678
1264
52212
4728
66102
42129
47869
15713
81751
45457
80577
21005
33396
76356
69977
62771
54461
5304
50131
34436
44856
76032
24419
9084
69260
23978
90687
30321
93779
89381
70355
24329
96103
41901
9817
97564
7304
66628
80627
57928
58310
87090
80485
60071
74011
68386
27494
74892
64377
54189
33583
19336
72472
97386
10559
60858
7016
25407
11864
4493
22869
48182
66820
164
63066
24184
58779
65152
75718
55418
90057
33400
39248
20794
82701
12785
76103
28048
89678
69608
69878
10000
70131
51167
44597
15622
53367
