50933
11877
16385
76947
6673
60491
40351
64077
10123
42123
36043
51182
90666
68913
89183
44568
41102
85736
11209
96798
23376
76416
84881
54292
63631
7787
73562
14320
73076
55353
84090
47098
59914
40567
99358
55185
64956
86202
44608
5871
79153
76158
47271
65970
25909
45172
87571
64483
35430
63323
37081
3379
3504
4675
75581
54367
22964
48048
21470
40129
23033
2855
95649
25597
1138
26698
11842
28080
34026
56848
13532
40222
89625
85143
52902
96937
60072
92902
47991
56500
72850
51381
34081
80471
27217
22275
72159
31174
24212
24976
68655
46868
88883
9022
28523
78835
30590
7212
18803
12802
66676
84126
50716
56516
32207
95298
14413
33056
53975
32647
88400
96915
95738
6323
82352
37963
32582
97653
98996
66511
17143
18175
68397
4395
76132
13715
6579
84559
41409
40749
48125
18939
98263
57877
1431
53970
51738
37591
73533
24806
5346
60387
86018
61254
63479
50366
83684
38748
15331
58460
12666
82564
4267
21961
95221
19672
28996
23147
19507
52736
99947
59037
11732
72115
94642
95049
37029
25793
95094
93129
73123
45225
69588
36438
95154
7618
45757
9552
47073
36311
57785
61293
16793
38230
20239
54756
53072
61186
23163
97329
54832
26551
29689
76574
41518
75019
98996
64985
67276
75140
31619
14784
79091
40016
27960
21758
76296
57844
61933
80699
56700
32857
9893
79841
50592
71540
39295
15041
84670
9939
50900
58710
12365
17211
69486
18872
83167
45898
84051
4227
48689
85996
89546
55153
28951
70858
78469
80154
2638
40259
7344
25991
20892
26276
19138
47350
94870
26645
15427
79211
62754
79769
26248
36730
2779
13973
37029
28957
75821
84361
5369
43019
94788
56577
60158
47157
42094
59444
47112
95602
35288
75832
74583
83928
32616
69704
77390
50765
85373
20583
30305
31825
66996
57979
20954
63558
90353
7694
23942
84885
21522
12690
84189
15788
44721
98176
82720
35665
7012
52298
38464
41817
96799
49757
37683
28178
80428
8879
31621
42144
95738
9539
31227
16189
91924
11708
69324
97145
62657
41069
33706
85402
4317
57377
12260
51944
95220
16030
11309
64431
63738
2861
96342
64473
68094
27566
88568
13179
648
94524
5230
12081
50653
92303
86853
94796
86777
9646
21735
99826
21928
30240
25131
60833
82911
32129
86139
91443
26104
15561
33179
24817
94624
96564
96252
47774
12900
3119
20089
38833
55470
58394
3608
51988
36392
20797
22092
95091
39931
97625
20288
78777
64249
7666
40659
34389
63954
45990
34340
32761
6737
26701
54151
95058
85278
27730
46666
89793
3408
92030
93414
59792
95604
53924
80460
46415
75757
4684
33421
95326
95544
58044
17837
87104
14148
78582
77632
18453
32687
64150
37847
74950
42936
97379
87198
96474
78128
52704
68287
60321
82108
43082
57222
3392
11568
23620
67511
22258
86696
56121
97891
90742
50053
20025
60028
57908
31769
22799
84066
54751
73288
12357
80269
34422
12505
69023
38054
58104
22238
41759
25414
26720
74152
33214
22327
39134
13807
61627
35451
5251
57277
22104
98447
38895
92953
10126
83014
68372
86750
54144
64622
63347
33870
37702
37736
7713
41750
66155
37962
10327
69951
35260
94862
93506
7729
97031
52575
96803
14465
18423
24103
91449
34952
29965
16439
84989
68084
59030
88069
30369
99386
18447
28633
29794
38407
83851
42684
69308
14910
86403
28621
30244
93117
63829
48540
96503
68746
80414
79164
73926
41409
34658
85420
6876
76730
58412
7392
43850
59216
9127
95522
83492
95529
3152
82002
57409
50788
61916
92956
64689
98705
70875
66144
40939
38588
34887
39244
52596
49260
92450
52988
41065
57431
18116
74849
53191
62766
75715
98391
499
88540
47467
52490
70902
8075
24682
30998
69483
66670
86659
31717
50075
86927
25227
84293
58224
44337
46928
96952
15440
92006
96293
35114
48145
58256
71682
28861
61363
90657
14844
75746
24877
92202
89730
46356
90596
96222
51159
936
47445
88756
73275
97367
84614
53980
9921
39904
41622
23677
36920
97774
37686
71252
98646
82773
12621
26635
37617
19585
63197
23959
74276
15391
77328
14924
30266
67179
38720
56036
