91308
66396
83686
57381
80499
3609
66902
94803
2298
25784
36336
88558
45843
64894
46007
15030
9225
40497
21952
44567
22481
31028
75029
76403
63566
28718
56329
99360
81623
86452
45418
18888
40324
1385
88168
84400
61299
25042
76841
24132
82327
16562
51380
11363
78887
7208
44403
61975
80241
72511
52250
42906
7267
35751
51062
68511
29825
52849
99435
40601
68049
64408
67846
55927
30040
68605
10325
30397
69587
16682
67469
8664
21093
98495
50295
86292
67467
81306
64987
2285
9432
32028
86152
13325
53936
82053
23069
8764
6512
58477
89839
80177
91195
70520
93657
37361
9374
49209
33791
8174
87671
37912
66370
39951
33099
74425
25350
56289
22021
4283
97161
32155
18496
51856
10962
37585
73167
84213
22695
31094
78965
28647
63320
89239
86576
37050
84691
62905
13068
29816
12260
46683
75518
98135
6690
38293
79373
79473
63478
41428
67530
37470
36881
38274
61277
57611
40762
65467
75933
60301
55500
60723
38158
99550
82326
6439
20403
11439
60805
26064
42591
14466
36615
70540
20457
21318
94134
65173
35493
21231
15594
88237
42598
30798
14297
88049
96021
73537
3477
36348
80647
83009
90802
63115
47553
99706
94151
41791
59694
37981
29317
26580
23663
94534
80398
11933
55611
24363
63500
7926
11147
52422
26313
35405
35325
95832
92931
33066
29147
64038
48962
87627
5149
38417
53768
59603
16456
67926
95895
51517
15906
24982
68097
66005
10104
17598
69043
74256
79485
62307
58937
20738
44071
88549
96405
29751
15742
65953
38488
46210
33233
30117
65191
30996
32959
32426
78862
95014
38484
91988
86824
94205
53617
6467
96135
88510
32556
57794
12223
36192
62430
33899
24205
2875
21313
97117
96445
797
2464
26366
26369
68128
87997
20191
47971
27566
84306
90856
73553
59525
13470
88807
34858
50463
9957
54513
69895
87434
61106
75311
12067
8483
84293
69171
13086
36531
65025
43699
28322
92893
95309
12097
19738
37687
84601
49495
43209
86289
14434
94408
58884
34857
31909
86480
16535
93893
9418
96460
51343
95372
68426
1311
39145
84637
50082
8378
7546
21043
66162
45987
86959
63532
45436
21207
21465
50454
63058
77076
82437
78593
66783
89488
79919
49863
22824
90045
40742
39286
62382
21726
48087
67293
54254
16372
69634
2203
31110
57007
92726
236
77285
88559
68688
10542
82383
68902
3514
60467
40483
82791
20760
6121
79243
848
68315
41252
5494
41252
99561
56686
97363
24695
40134
22256
52089
35482
37835
77453
13158
48192
42848
21788
86853
91224
52929
51379
93818
44857
88958
59078
91276
29952
89073
1780
24504
38857
47393
15671
78012
12238
81172
5657
89454
7174
69836
94182
68875
48265
65176
85619
54996
89883
13004
50371
54908
