86666
48684
8625
59587
43179
97210
47055
35535
15893
17593
87711
7251
77856
78407
35251
53083
47011
90639
12293
14237
85455
87132
80419
65924
49230
79770
46561
29905
832
94528
81119
15629
75418
9844
51263
44961
36078
49829
47617
75614
96424
43325
48224
75474
52269
58175
17679
33824
62596
24581
18935
41714
71050
1857
15036
1892
13677
66771
91456
52957
17273
6805
74083
72660
59954
12676
48911
26801
37524
57908
34027
84608
51761
21178
29911
3978
57344
54780
57449
21391
16753
61669
38837
19269
54443
98199
67864
54912
76086
29804
259
64232
14109
29224
61042
93752
39512
59908
50366
73734
1602
38725
30682
52402
97855
91745
13360
37768
51126
44455
37172
30167
97756
28822
98213
12405
84641
19981
11825
45361
62968
70189
36168
56538
7975
45425
43869
93572
13897
63853
50966
64338
89930
3275
44297
80120
37938
15307
63170
67834
46752
32730
80720
14114
13719
69310
59930
18065
21555
77534
76819
60861
58582
62126
17530
20888
59814
60781
20272
351
7434
48330
62216
39918
90902
33768
22037
63125
6964
40295
16714
2866
82446
30063
62289
50453
40435
80254
80814
96252
56360
9853
2157
59286
84495
53697
66339
18203
40145
94501
22576
21852
64074
65537
45036
1400
29650
9158
14635
66594
16502
53619
53368
23174
77842
47607
12186
3251
46351
91361
49682
77917
724
71983
73857
66359
64301
77906
21935
56981
48073
33419
63146
64773
11200
31955
61330
41558
49936
57461
23351
49377
57008
5490
77833
96248
84519
71883
98666
26263
912
39742
24987
47422
6716
74531
3605
91209
774
14304
99306
71448
80995
44428
89013
94960
45750
92185
1170
74416
73487
57587
29668
19529
21853
82418
50650
57230
39715
76226
83806
73104
21830
83491
93361
67187
79327
11321
74264
10220
61596
19161
33598
60943
36067
62604
61188
58414
30371
25641
40880
60051
46852
25764
13815
82077
28318
22281
74538
16441
24113
64949
56717
17671
93621
42044
8596
77014
36316
48602
25785
60954
14360
51263
57154
58799
7359
78659
73693
12937
34133
51566
51344
10330
16060
16445
94739
22486
12461
38867
25339
64054
25100
48559
3292
36886
33482
18468
96357
19616
78911
14432
58058
44780
1498
77238
2319
82492
99878
90130
72232
63657
58322
91029
65860
72436
87419
10503
22179
54091
85397
24072
74129
39771
20410
26179
83703
53451
28715
1827
9661
72840
84528
14206
52803
35730
91160
71786
63480
67883
65254
83460
74328
91539
43326
68414
3503
87320
37920
97325
82839
23591
91893
99877
68979
91360
40273
56341
87569
28657
34359
55521
11966
14627
39726
62651
40225
42999
59703
5637
44969
79355
72656
87570
45983
6406
63462
79901
48185
27781
611
75164
33522
95899
25836
25050
4242
1477
30243
90332
62684
4165
8783
10161
74736
40689
33859
47748
70927
35379
98535
19258
57655
85745
76522
64265
70114
76233
1020
54018
49423
24110
8103
84609
80658
71847
320
86133
87263
73992
50877
57814
47014
41309
66859
56458
61598
41886
53566
60996
26725
52278
9184
52457
14075
62757
21703
58333
72290
33647
93941
7932
12828
4517
26220
63785
549
35474
1285
11353
15981
87612
46303
97075
90025
2733
32676
77485
56370
83532
70370
72552
35435
44739
11536
89989
94965
28970
86101
54805
84729
627
38198
73892
59611
52256
45856
81642
19280
26626
95307
62755
87140
21690
41383
5338
27434
74688
40282
98499
13643
92611
63626
33067
42836
23628
2669
66707
15047
98036
34801
93994
5869
45800
41026
10750
74298
91606
72497
11641
50378
81728
63016
81330
62454
