3265
77943
39201
42331
39834
69325
15159
75799
20081
92177
68859
70262
58788
26725
60200
51734
76165
59741
29753
52193
76894
19154
17469
90090
88738
66082
7641
20110
77652
63087
72882
93393
4675
73696
66915
97645
59232
77845
92863
89987
64347
53144
58080
15488
99297
32291
99662
55119
52071
33647
85730
24793
82848
80532
53389
75599
50749
6385
19356
18506
22302
19835
63656
30929
8767
47231
96975
2085
53352
66024
27581
47975
98939
16855
82471
41699
23792
67980
2773
5870
58177
54885
25007
83617
9712
34552
7997
7040
21062
86363
51514
67505
16377
51420
98400
57849
42615
16908
67528
2931
60623
51988
38244
55792
73874
57576
45936
25261
55750
66055
53708
49476
15600
80246
53451
29208
88711
12796
67798
48863
8634
16613
4205
86833
57438
24109
91115
16069
61503
42410
62650
25737
53399
58692
98381
39536
64004
88367
41091
404
96389
62767
88255
48233
31347
37780
47135
68899
45785
85128
93387
95958
16510
75582
59336
23152
6305
72576
40771
18324
66780
38969
42956
44190
73819
37356
24882
80403
94295
67217
85853
76434
77398
84356
17030
23388
75274
89079
3240
67238
30693
41838
56862
43007
93941
15472
36334
54687
89759
31740
45831
58258
19554
45512
99120
53512
52036
49088
96797
7672
45843
62802
72803
66169
66182
78540
72268
64838
94058
87171
38147
27946
71629
28585
11745
3715
39789
21104
86925
93546
66710
65638
45143
92046
62581
60017
76086
32721
24394
78336
53015
91576
67131
27278
52392
33678
10407
4955
88088
39509
15707
77555
17114
29118
82476
36781
63228
41478
97364
41762
71437
95225
84568
87722
235
62943
45561
21934
34176
86421
26192
94258
40873
29819
58058
53204
75622
35245
47458
99870
65649
24248
34325
90380
68286
54313
13699
40436
97382
51262
38498
12172
70955
94340
16427
79927
93883
41740
12500
82877
62160
83642
22641
12946
75964
92519
6551
13886
77215
16716
41976
76773
89861
36997
88340
79491
62200
67804
40390
16759
69737
25769
93122
41329
1486
78205
51677
7980
22505
33237
99270
67318
81822
36200
97355
92754
57719
47691
15379
65905
26808
56972
782
58016
48785
98617
98178
29548
5173
47019
31226
4504
6003
92965
4675
75659
56591
3456
88686
95869
7823
88777
23617
20681
79059
97812
68922
38400
70346
63297
878
57913
16433
85440
46880
86014
95987
90942
4220
25042
73096
83303
25178
52475
22255
39393
68038
70443
1071
11422
74497
31775
35331
150
25875
74210
6080
84930
65437
68839
32393
19858
42724
50545
76989
20505
24839
68382
54634
10697
81070
4919
83712
96898
5910
38416
32740
43873
56078
66751
56880
51975
16431
51262
34512
33131
16722
49691
31350
85910
38762
63827
14770
37252
82903
96826
95089
8827
53299
69179
57287
93972
41965
80651
58119
72108
82954
58734
20157
67357
33677
92269
13516
70511
34368
14527
52056
72400
88593
41336
12117
43762
86271
2785
7065
52712
3143
27408
44095
81102
29319
54821
51465
45216
27667
95959
26042
75454
11056
13147
63526
42968
36409
7662
81873
1446
10135
41389
6511
42730
35808
2266
87130
42837
47772
83595
33564
4839
31684
1994
21928
35635
7281
75142
76311
21862
36600
23998
35440
22504
10460
11149
80271
64072
30262
4223
88216
93507
27219
65584
36508
73226
64719
92487
79313
68253
86794
95687
51664
87581
21084
53957
23576
42761
62695
89242
48629
87020
3727
53936
71219
35309
24318
97138
48790
84638
56314
38766
20504
98281
55436
81293
43880
75620
1233
23691
65820
9768
77667
3388
48590
25885
35922
18781
55459
69653
25157
98479
83947
52824
80461
62421
70533
17569
72942
4323
67079
64285
96186
48253
61122
40329
84113
42587
32653
93195
74744
75440
85728
82384
79574
55290
28323
9937
10916
71612
51457
11282
21499
22077
46335
29718
62502
38631
51625
43575
36881
36611
9495
91481
77610
52429
47105
63321
96749
10235
15916
5355
6344
26303
73832
50843
99516
6819
6725
38642
32639
54769
81258
63784
76379
54709
63129
78693
57816
88373
39597
87624
47215
16785
9809
56136
53705
651
43417
87565
56333
67352
55617
34368
6033
94096
13942
15602
29053
75714
86242
14391
62398
84869
37907
80557
80720
22982
59188
45700
56395
96625
24210
83789
98431
71619
59103
8328
68223
87724
33471
38159
23561
79721
30250
96606
1153
93278
73061
3201
99632
54828
69964
45713
72292
71740
1506
14596
8885
35940
22475
34635
3013
39011
45081
54316
67407
79048
12221
195
93836
53902
517
99800
84225
29516
61838
80770
62900
23611
26590
92309
83946
39440
50842
77320
78808
85595
52733
58032
8411
67431
71333
59701
59125
89589
65803
23190
45323
27746
10843
34676
85502
81367
98237
5229
81919
64556
62709
11647
50031
52384
85585
73459
87689
35099
98185
38608
71100
31623
74951
62683
80371
54986
16618
3142
8625
66558
3886
14867
66729
71314
42842
20233
52513
56562
8815
63706
79416
93919
40390
8914
16256
6993
42227
95453
16798
20680
57685
81266
86348
10754
36296
7653
26736
46257
25879
32609
41056
11841
12720
77964
5841
66786
31241
60325
55378
13007
9807
31793
31722
41419
3910
21624
27575
44482
82690
18756
30719
87584
73202
64088
99420
93991
59729
38462
18727
47168
38495
73931
11550
28930
22557
12819
49817
58224
40062
986
85324
737
94541
781
39345
52237
26557
42422
60028
56140
17382
31558
75001
2630
10405
84981
24727
81366
65382
35903
1894
43032
12397
64777
66142
14074
35130
19618
22665
29052
71854
11802
49847
56152
24065
47236
78152
64641
93998
68652
2474
80241
64515
73247
16508
50294
60742
62357
7729
1629
83642
17169
54880
32282
50210
48977
39520
88325
22393
45859
32968
83558
13010
60465
10126
87172
54398
39856
34958
23853
96364
28674
18525
47917
10049
96405
32072
29850
78492
74118
64974
76529
83552
16464
10309
62873
79144
37757
59334
92575
48707
95901
57111
36898
27550
21540
14847
29342
48266
79690
9291
49505
10685
76571
88287
94446
98276
64383
44357
80442
48254
80642
8725
39345
61881
7419
99302
8718
31929
18891
99936
72105
31662
38993
36239
49582
96866
65136
11328
98476
33302
98106
9539
29146
40292
76468
56639
6513
75897
53493
30941
8791
50560
31115
44564
58576
59220
79771
68750
52689
17482
13514
29511
86821
51609
59205
24502
92792
2817
47185
17469
