88259
14888
25535
52749
24442
94184
99281
59419
16291
95517
2435
24423
76636
71910
53515
99976
44348
30514
31461
51726
31608
30485
48332
92528
59465
99194
94001
22994
48261
1353
47571
95837
81517
9289
25789
24879
41322
86657
3160
8146
9784
48492
76473
41840
92647
73237
48154
1470
7973
1772
91858
4884
92789
54586
6103
72991
21969
27572
94672
97284
93125
6089
37223
85565
43923
97043
44085
13322
1138
41287
85128
839
12006
81703
31561
26681
25569
25712
26990
6455
245
29208
86949
3640
81041
6716
82732
28900
14463
74385
47816
24738
64796
95446
11201
60228
28435
90226
77674
25829
91518
93350
87912
95830
62450
59151
24220
51098
86958
51075
89894
99779
33915
98121
67617
862
1351
10431
9568
7579
76821
85419
97855
503
69916
37926
9947
77379
61982
96617
86806
1147
86910
42982
71269
85688
15303
95664
62334
21923
54288
90360
37861
20973
85923
52922
37554
47687
47733
19031
52207
14555
27167
84290
18643
31434
99695
11501
4966
71608
82259
80470
10360
29341
24974
36385
3412
52578
48664
75928
88214
60934
80101
11792
80526
49259
78482
97499
12245
4539
88430
98390
92666
92907
35418
51978
64343
86141
23613
51644
57921
52142
24377
92047
87572
73329
99441
48458
3459
36912
71179
74503
28483
95167
12875
82097
65855
97165
96435
25196
62807
58632
1628
63068
56941
70730
24545
18248
92862
78043
24527
23860
12112
59408
45681
37502
84217
80875
17241
71128
4402
88580
22348
92731
77925
34522
2545
75763
11417
93163
38466
82583
24520
95640
62761
99614
51245
45468
66387
25403
37153
18461
63344
82294
64218
71982
65751
45825
59429
99830
88187
2845
28667
1117
83789
96812
56450
24360
13616
38680
85069
99943
81051
77137
91761
83672
29356
74426
40306
11847
8231
38822
62074
41265
16053
94445
78466
42240
7285
36957
14375
94942
38802
32747
62678
99703
55542
65883
58639
16879
88538
913
52572
54884
11226
71879
39862
43400
11445
63707
84904
41368
46402
60253
45920
63073
34616
83278
7367
20808
7690
47966
42344
56176
28940
86402
3798
44995
15274
9069
23969
45546
62041
93079
22682
1935
26219
53693
95729
57973
17806
61279
90009
28282
18136
12286
97005
15154
97209
30766
79092
50098
74941
92537
9393
68600
25156
83573
70229
2486
81285
7215
62763
21097
75089
84321
44458
84579
67705
74752
18536
22644
70094
38584
71459
78087
73702
73402
27095
76367
63269
30446
92468
62804
22253
835
33969
5260
15332
80353
50169
61770
40417
78480
67856
12873
49383
51054
42477
84748
11420
35303
16839
14998
72022
34104
70396
16051
66200
84897
13752
30689
86552
34464
20328
51813
87880
42955
17403
85740
78142
94808
84533
6477
57018
71359
84485
90962
48494
14497
44492
52225
16630
4329
58470
83653
1772
89305
97261
14330
42913
17430
48504
76017
81904
8181
457
94748
72471
76328
8140
4736
8836
15155
2173
30954
37349
1200
75583
87828
73318
11920
42515
26621
17346
28000
78086
53592
206
74782
20716
71130
36713
16028
87802
38069
908
63732
16834
32972
50771
85845
50093
89192
98761
19681
68430
60920
57247
25890
21216
70214
44502
22249
35617
3272
94993
92055
24408
19476
29573
24958
65670
85016
13360
48871
50632
46165
78251
13769
13254
66316
35698
62288
39982
56029
55892
52801
6962
10863
68863
49054
28623
58868
66268
39173
69669
86120
68178
36687
91094
64671
93739
16805
46916
96440
17307
83651
79912
38492
13790
75189
57636
54945
29367
67430
67393
43578
87407
5109
70776
99138
63064
87249
53034
10271
30554
7163
90281
1628
69331
13477
6107
36381
38592
3999
23143
52075
96847
53368
37770
82663
75974
48818
60874
83339
24863
64493
97785
9506
65007
33447
33632
37829
78509
59827
83468
4418
65268
17233
34366
73633
14496
32348
58193
19413
62786
16823
46578
7346
62809
954
44834
1088
90990
22672
33929
30829
25362
45075
50240
64747
63912
36903
8196
52679
49891
89629
48264
44624
80541
10979
20499
19515
85445
20449
80684
12694
39775
76084
7081
6599
15298
15181
46105
56836
9115
91581
58653
56481
52151
80052
97038
57474
37237
19281
43737
63218
67110
88059
57426
29956
54280
61479
52490
65892
10737
61717
49049
45174
10893
73400
90414
32445
90004
45548
5870
57306
14728
26135
35856
12719
64396
71934
49398
15372
55042
67733
56462
29935
3543
48118
2216
43689
60101
93367
63392
94435
14184
85146
98212
95500
10401
10242
44081
55022
23540
34999
16833
4581
97446
27537
96741
76038
24310
65337
86670
13206
58767
72105
38327
43420
34171
90171
48166
8881
69821
51781
54193
89106
61560
12186
7283
14618
79222
46230
59597
8497
9366
24957
39866
18079
58175
25250
70328
59624
76855
64686
40935
77308
67700
98452
30332
75239
98229
84235
94561
30713
85805
76882
19114
37912
69175
83096
42046
54632
69130
31260
82814
9398
56991
26089
65642
10682
28943
28229
33816
28760
62636
90126
95135
84907
90294
28577
75805
5489
50904
14177
73287
94375
6429
53392
34503
69912
69845
49575
91121
18618
1138
38946
55328
74851
75619
84299
62765
60342
45019
16086
53815
39336
94754
70571
49887
18612
680
33051
80974
87623
28634
46077
2773
20722
64284
91546
59499
62726
6664
6415
21684
39901
94304
19902
96023
7343
20414
217
57486
30919
50694
86449
7355
24317
80522
94067
34537
42083
73922
70153
22558
25641
35021
90864
706
80278
84263
69230
10717
24154
53248
5339
34458
29851
96061
36990
72241
8478
86170
14150
11359
10501
95787
42900
6445
26502
16618
99918
62443
54923
56573
1658
67960
70115
79034
78398
85164
303
1503
73598
21875
46339
92032
26908
41525
86382
76490
24234
91734
26712
45674
22038
80920
84435
60117
49520
55736
29946
95410
96997
66692
51673
48926
77819
62158
62968
65575
81490
51640
87861
25861
45533
56065
55261
50692
56035
51512
42035
66109
60581
59139
26704
5630
24318
5964
36568
83001
59528
53487
28362
69312
82724
95569
70937
4311
54844
35698
66618
19839
32453
27009
32913
57082
40650
84712
3754
94205
50567
59347
12298
98419
66442
51295
83644
50499
8549
77548
11795
38258
77216
27820
67791
29603
22665
27153
47632
26390
35460
