42275
88825
25997
16719
1261
1823
51296
3475
6714
39118
34576
3804
46524
2384
74674
8670
21809
31981
84067
63109
42491
23281
72744
76556
39021
7967
97688
78736
80783
83629
10157
14613
93710
24894
89166
59562
34701
11199
16275
38524
61857
90264
11576
60518
191
19433
3071
14083
88186
85760
15906
36898
21224
99549
59067
2440
12506
94980
83130
23154
35401
64303
3555
50191
28984
19744
31316
23774
58207
58197
93858
10764
7966
89039
29479
36901
75233
2360
64714
9405
79384
66636
23911
64907
56109
99571
36342
86751
71549
91510
54022
25898
58762
81072
30236
68994
53432
1492
80600
18
19092
79778
86836
7989
66146
72572
74868
64919
65483
37939
16602
32673
20513
53349
5707
18463
65831
92866
51604
87662
84968
2296
98504
8760
23963
37348
91583
76180
22203
54710
81158
75988
94677
88952
68929
60109
14487
81663
69082
21221
50741
76267
72093
24419
5208
31746
48223
67141
3984
65189
92887
96549
36750
36178
31672
94833
3521
87198
92427
73091
4750
46168
19658
80209
21014
84165
7150
75343
53047
29245
13174
12912
16454
42888
6507
70092
94137
2589
17658
70278
21875
48397
86470
51109
66510
4162
62755
96971
33153
81669
69907
83086
87426
28319
52581
9928
66887
42235
20030
35310
46199
50485
70150
78676
66957
4858
47843
68255
32326
95692
38988
59912
14148
80400
33858
45570
77115
25978
2064
3411
43209
97934
16355
84006
38550
85955
99389
79459
31461
51084
45510
70850
39021
5611
4810
41533
27092
20688
3442
54185
55428
56677
46602
25436
90376
90633
10070
46573
22097
74298
94425
52407
80681
56156
84487
32114
26798
