63037
27440
76443
41988
76655
99201
19122
83384
88351
70340
63779
5825
7316
58952
77079
27553
80788
55905
61633
29764
27675
30332
77251
16591
50362
13507
5169
80212
72053
55234
85020
78719
81480
83997
95824
57619
76249
68733
61907
36194
2252
50781
46327
98210
54125
49039
78270
36024
34297
17697
38340
66395
72064
36919
82156
54030
60831
62306
45749
79568
49104
63076
83610
83524
45564
78906
24043
88682
32232
13529
88584
76991
50105
87603
92151
23567
83115
62816
22954
82184
27972
20974
4921
13517
71717
4340
53309
30040
71831
30202
90913
25170
23337
22443
455
49130
4470
30706
65848
70896
5219
15609
39172
51854
79806
59344
57258
6305
69771
10780
84940
32437
48469
89882
88105
36590
45454
24417
71609
87409
32332
98666
21128
85819
11528
58772
45561
25698
3851
32579
36906
55298
60242
58281
91988
94777
62904
99747
86734
94202
94835
39295
20118
13231
71114
77242
64817
51191
35055
49027
78453
18446
23695
29450
51449
75618
66558
6059
29757
22764
92592
39027
3303
12097
9406
81501
34453
39591
83903
16369
6132
57207
51769
53297
32467
52984
76087
51791
29369
86265
99928
32224
83085
56191
74162
7299
83120
46119
98020
69673
54113
42173
84608
51709
39875
67357
31023
87805
87755
42250
73000
65469
99228
69374
39180
86977
66564
9669
5919
79385
78228
31376
16387
16953
27847
14896
59826
70195
29484
34200
92477
14407
40748
31532
45675
39418
73732
81614
38599
12446
76506
97224
82399
42593
45736
56387
64923
19464
32986
79875
17822
35810
46232
651
55735
14887
3548
36794
77973
54232
49556
59272
58556
28752
22972
85142
42598
27436
5663
80003
59923
96733
38611
25980
40363
57272
46732
10621
6278
16990
41970
74674
488
12205
22176
11216
8237
42557
42840
87570
40092
11066
94898
99812
87564
39098
94836
61577
95050
46024
2172
12288
19723
82510
95019
37965
55658
10510
50165
4693
74791
75547
70039
1240
45724
68782
85758
79849
76540
69703
69065
34019
47991
54439
25795
24938
25636
49579
53368
30724
59192
4499
26103
10529
54382
70597
82589
27228
5491
98088
2886
15530
12557
46998
70743
47676
73744
76158
39168
71745
72160
58826
60373
54141
25434
66795
93585
22356
25454
963
94063
58404
68789
96470
13397
69428
34468
94406
30669
41131
74724
52753
90647
46025
13577
89156
87801
27480
43436
5290
9071
52177
20887
39182
14016
69084
52740
79722
50019
47903
84640
97647
89827
72212
29625
99218
4753
86500
60189
65554
36875
40291
47631
5657
78707
79486
72608
75820
72905
73511
63509
68589
45171
69597
87954
87810
73295
37120
63610
65546
91856
71385
32131
10442
8348
9552
45277
48389
46363
1085
46713
87099
23500
55303
54547
49166
9436
91271
48284
92254
60245
10377
12733
8282
5100
24690
54245
60802
61481
79611
83790
9860
22018
47357
4440
34602
43302
56248
23737
39751
79104
50085
60041
75334
96217
69818
89246
14649
336
63546
88855
35802
9316
78589
96230
89482
73499
64789
79457
94877
38232
41750
73213
58740
15207
80641
84756
52255
18338
7930
86530
58628
38974
24150
82974
1231
3148
18586
72482
58665
49222
46413
47881
19699
69507
67015
91751
13004
63734
42527
32069
76363
96634
65104
66512
32120
28887
94742
77291
79518
14014
31158
60081
43011
69076
17700
74110
33547
15066
5616
88262
63200
68841
77722
34112
6507
68649
51721
44530
88441
81276
67699
78075
71702
56782
2607
24730
34317
50056
61514
28688
46160
90255
68650
64816
33556
67265
94678
93841
40585
86754
33225
1353
52885
9992
37529
32730
74745
98170
84618
35798
45421
64624
7695
32208
1940
16302
93098
39667
58586
28539
47201
87655
64834
23557
7926
20965
53423
57630
66132
38548
58234
5694
966
38559
42806
13967
43523
68081
5671
16042
15524
6243
24529
52486
98421
10312
12672
80398
5542
41853
97060
29801
50201
9076
35787
65387
21959
65108
28033
37519
66766
97564
7264
95786
27038
18810
41196
70398
40555
97862
9597
1450
71635
25866
26452
77873
60930
17865
49609
58124
55141
19961
77841
22866
8083
59269
7417
60845
97800
65180
41469
48113
16141
77943
37206
13348
36037
59406
12790
63102
28408
49559
16203
17041
4107
27492
47133
39303
48793
39161
53776
89927
44244
81070
293
31723
58590
97821
19701
5964
35800
79144
34645
59909
63897
89416
67647
98940
31958
10938
33289
80954
48917
28315
87869
63422
93161
1887
27574
27486
48381
21799
71959
83528
3326
6702
44685
1843
74106
63702
6075
5918
65158
81990
67583
28043
5945
25734
1897
87432
13116
38208
42474
49336
68700
99025
54319
9632
91184
80740
46984
39464
48191
29745
14377
27981
65037
47297
91806
36424
57435
78844
89702
70448
75005
69986
24611
24381
67764
76210
28138
1869
11648
67901
79463
83656
63440
1842
62715
10449
22529
40652
22443
86895
94145
40448
90030
80226
14624
76902
43056
18500
29064
70706
10769
94315
92841
20756
40346
83057
91482
89148
52282
84911
59480
48932
77974
64387
19835
57178
57103
94245
22516
25530
