43785
74774
78052
81944
82857
28639
27106
52957
29304
6693
90585
9640
29750
96741
65896
77646
51960
67828
53422
31453
11689
65428
11136
59117
48177
88433
43987
71281
76195
68683
13732
86252
82188
93115
36293
59141
50296
99988
45442
15057
56853
91677
66115
55403
31518
14106
73036
72338
49779
15024
4249
10990
12205
24482
62250
9565
60887
96070
92947
99438
4612
15616
60338
67275
59162
97227
46520
44845
95703
22781
80176
73976
74233
86387
61207
68177
17102
30931
37912
67648
20071
23447
71992
26240
12322
4406
62894
26261
67506
44386
72550
7603
83212
3450
84255
21390
88210
90742
43985
38779
39221
66461
77331
63744
10372
30935
14782
44956
51107
30908
65074
65266
89250
81545
80122
73357
63262
3932
97277
78332
88738
71721
80620
33745
35071
21880
32974
89039
26704
6754
13144
10888
98729
88377
2065
9092
13335
16273
4621
66466
59128
30935
19398
12788
31565
96894
37913
85499
31458
8066
61212
61757
14435
3767
17538
65505
15061
35924
57411
73367
35280
38748
24453
78907
46231
85158
97763
40789
30423
4386
16886
1185
29529
84460
73154
56289
26614
90661
86364
68054
46312
37106
16743
95403
84299
62004
61716
24621
89431
15561
34607
17309
17032
54346
72995
85931
93841
28044
23754
26817
6247
99942
71690
57941
87796
38112
39740
99240
74947
89648
69732
46119
93590
19283
81501
46199
38349
20808
12622
29926
49258
51624
25576
52584
46613
97655
39940
59065
68630
29801
53305
76965
8857
66029
17446
4318
85930
75267
75721
96767
4188
96320
87897
30110
44081
49494
18400
50961
72247
11081
46571
99927
14589
88987
50718
97821
22884
2382
40485
12150
11079
10608
96944
83696
37494
38539
2252
57578
86898
41430
91766
57385
44322
94275
28303
86629
19120
37949
85183
30322
8031
85462
5447
55546
31623
76060
1585
49644
45709
9736
29659
74850
61688
60189
60852
8971
72614
90633
19101
28026
15078
10683
54539
9411
65463
98154
24608
74248
49846
44076
61259
48224
80999
4792
39971
78810
14216
25885
33376
29539
57048
70765
15974
71055
80333
18130
5337
6819
17306
51424
59915
58018
76010
52811
71291
44033
36010
96551
75925
35423
38552
22200
16652
65509
69548
62545
54982
57990
956
66917
34958
31405
4018
36689
24173
61748
61874
85051
750
15022
70198
76923
97891
91896
38723
96253
65058
87800
6352
57177
48724
83042
47020
40564
42241
18713
8434
49268
15862
85524
56952
57227
77962
64154
4447
48372
68668
64135
83112
17250
23105
23557
12769
3394
46436
24466
89222
8595
64738
19295
81655
33053
15540
76879
61783
57846
82388
41553
55649
69113
43793
7776
96994
16589
12521
41456
28998
52688
95738
9462
29003
35697
51286
37313
1626
31401
41895
16034
80248
88732
62097
30819
69998
22673
51187
71653
35097
68617
1997
69753
97292
33603
56773
50514
71972
2726
26851
76129
63446
99908
4890
94019
16952
7582
37256
46526
33272
88556
5074
84557
97886
6493
24686
82097
66548
38257
67505
15732
12705
36519
65079
42595
74673
91052
64480
86600
33293
37673
55883
2327
8832
40697
77967
53041
31723
60259
41675
14755
90175
21775
61242
64558
93868
89892
65941
30288
38508
93773
81715
31310
13033
37965
69570
32083
14185
1167
21830
97397
96549
51162
63016
78874
99051
94392
537
25085
2465
29083
83137
38734
85458
43700
48705
56753
18247
74638
5454
73097
2892
16876
34838
6995
68897
10462
41934
71006
62047
84693
90878
42278
38799
73698
10065
57546
40296
37075
11576
65252
54247
9531
94674
31709
14699
38342
93290
75365
23487
41603
2086
70284
21719
28575
45806
34302
91266
54088
29741
45708
89123
32818
59310
85512
44731
78564
84046
7175
88041
51076
6852
68473
81771
84687
80774
29212
56445
46046
80741
74025
2520
64580
65952
25182
31970
4184
24893
60887
378
57113
62409
74972
17087
84955
84155
45734
21614
68838
16139
42180
1590
25950
25989
86070
22580
2135
91860
40492
23954
81001
34879
97539
76789
57055
89701
56281
78455
48792
22007
