61750
5638
57515
21273
32425
57866
18586
76088
71278
32154
92396
47024
16091
47665
87878
11532
19491
81492
89593
40901
7189
31752
50952
32147
79446
6818
95645
54827
44382
14451
76297
73784
51792
46496
43558
66614
42174
90907
26473
26599
34847
55373
28052
53965
60461
38675
99782
80049
47611
83189
14065
97835
65357
14058
75655
89486
32693
50849
309
95149
23231
39556
95169
52026
73575
30357
2716
57985
24734
94092
43605
46040
77342
49382
47247
62497
58318
23996
97321
15091
32497
72224
24332
35771
80643
22075
3349
97881
26950
40376
87406
75933
58440
75815
77778
71158
7497
13829
19230
86376
74756
90836
29270
25377
10907
15366
57362
57753
21995
63505
88933
40409
43067
1043
29589
84802
12311
10634
18796
94092
48889
60355
62055
29951
71687
3738
22842
93456
58252
19734
73102
82158
92136
78861
77939
75647
63416
95696
9197
72256
73935
84868
35469
6533
9660
53468
2192
39913
1995
30263
23379
26950
37531
73419
13396
39117
14922
86114
70440
40174
89588
58363
83371
66905
34930
62309
92076
64889
52566
59072
86165
24842
7351
47050
47400
29400
19379
90980
55563
12768
94871
36015
92470
89904
58692
8702
64187
58545
39620
67632
51364
57646
21100
16071
95103
47288
51858
56620
76427
72375
65622
73653
51404
18436
53861
6831
13714
84295
4397
4131
42768
86865
88866
29307
54822
69058
29010
52872
95590
33515
73809
62650
33145
53916
39128
10728
3725
8872
16094
86547
54454
83215
47483
15848
56934
53851
39217
8366
11789
32118
88041
59563
46431
46883
41973
17476
20114
44394
17343
75070
61717
43677
57636
63402
55949
98982
38860
98580
72808
36818
84103
78904
98740
61243
82425
68330
85721
72462
31338
78541
87222
94091
29145
29976
96510
93265
59777
35399
43389
21432
97211
69968
12409
50475
15854
63797
10269
967
54864
75481
66537
49343
82068
63346
24091
94391
84448
70241
2362
98549
60419
36751
57021
29955
47365
34689
99629
2633
57608
89381
80427
308
84591
78757
27976
76140
49023
97633
67171
14214
87135
24017
49787
50919
73789
39564
29636
81688
81979
73466
96286
27140
26512
76110
42731
65502
56636
53721
61439
66672
14745
20838
17575
82250
26842
28810
1350
89807
41728
9752
4395
77365
30917
14418
21953
52249
26820
57653
40132
87447
72008
3008
62049
28779
82700
93741
52587
11375
72851
73983
88907
17518
17067
47504
82497
86619
49742
97140
74800
24167
59481
70751
65865
65344
98811
52405
49626
40520
93690
119
12953
3263
46717
56043
79339
9266
41154
55591
86599
21406
71236
18079
50373
95232
7380
31307
61196
84274
42157
17069
77113
3101
17110
69057
8872
19296
98657
72592
16981
2558
92054
2884
77407
39377
91233
2488
25355
35962
3011
17585
47232
9185
66806
75458
89556
10855
33785
12060
85249
24510
29963
78786
17227
24196
55650
85060
52037
53622
96637
29836
41864
94863
15858
19113
32511
94948
39861
27590
91963
65395
65772
98274
26949
25423
71307
16402
61498
70731
34355
87714
68572
50117
94985
67306
77836
48444
75797
81580
65720
17353
49207
3808
13216
14800
40986
41636
51100
14582
79468
76681
34742
2262
24046
35111
93316
