25760
37440
31108
27099
47375
5619
37534
25113
59949
38951
36639
73547
61553
83979
94703
14911
10354
13175
35893
37709
51236
95028
81255
2096
34992
239
20383
67158
87199
96822
31558
77142
78218
68463
25790
36567
66702
32083
5402
89465
81540
215
25153
35163
69548
56888
92624
82024
34506
36033
93157
32260
88490
9176
21617
4794
79663
46394
15486
78301
55868
37261
34409
97405
31837
79138
34417
34378
79900
32364
37296
20013
59786
97831
91800
29849
67913
74490
13258
19144
42076
49333
20102
41435
74193
13368
79576
97465
32848
64778
93020
41147
34928
15901
51913
78692
32473
69014
89566
78496
46900
26940
79344
92184
91945
65056
63691
17350
90544
22857
46843
65143
24328
67368
14064
80440
9466
5669
79872
61023
74007
89487
55591
90958
74803
67839
40338
48447
33600
6526
91070
61364
14745
14463
80049
41713
56311
89898
59095
71967
6415
22830
97035
14920
66284
93147
62970
7746
86015
6477
69961
95400
29004
60684
85676
7303
42173
90809
69099
5971
55856
42505
69167
61203
6764
79542
22649
47922
2963
13023
78459
24216
91135
57578
78658
58447
90483
90528
46974
74043
99734
77854
55865
93270
34194
88768
67717
87944
21038
87184
45552
71410
41590
78138
16474
75427
55051
11306
17184
9570
40214
63089
8489
77175
33331
85932
4566
40044
7529
44419
23577
49193
60450
45695
67308
15133
44388
15200
62243
81097
54941
59144
5163
71958
67675
73539
28123
48843
81806
72274
74832
65593
91051
44697
98533
89722
7733
80138
39193
94159
74354
20440
29807
53523
31494
10569
26832
55199
98599
96945
5851
34125
32766
86644
74905
82250
29442
25663
13438
53380
27004
47995
32618
96225
93186
19398
21343
2366
73510
42507
86
53850
27832
60348
32727
33771
71540
39634
10627
2378
69492
19721
39642
49398
12053
83021
91078
88807
36626
64850
1199
63578
22012
50313
88486
30849
65127
55610
17410
5327
28158
46371
42008
2971
40968
31911
8902
11759
29820
79644
34423
35099
92311
19497
89306
14698
33138
33813
73386
67016
4665
16124
90319
44570
64396
68500
43771
31318
45229
42745
99069
91464
85595
40785
52444
1326
92140
48868
96608
40814
34710
51910
21015
91054
86714
59147
56893
70969
41051
21584
53179
59586
23195
28619
84427
18287
48031
27207
63987
94087
62412
33564
1045
75320
60097
14209
3354
77766
72617
30581
66896
90956
40542
74326
53601
53360
98298
34585
57966
98954
62660
89783
38053
48486
88606
53940
36132
62340
17102
24790
33363
19710
63179
14272
76614
15034
75068
28447
2845
30532
33420
68976
47271
61606
80441
19644
44256
93473
43788
31244
2113
27704
18746
63919
49011
8088
45556
37840
60644
7231
30524
10289
24415
35418
56675
13322
452
5421
18539
77226
88322
78982
5747
90248
51275
53146
93860
53641
24585
97236
98364
48935
21237
31586
57178
66837
942
44417
94566
25458
55960
83792
45882
11534
45292
95811
42536
81063
74390
30710
33529
9685
80048
21950
10240
10895
21645
81416
