66525
46602
21971
58595
84156
65659
90518
88868
47646
61014
27887
92136
79787
38858
63756
21725
22057
12069
37633
83631
45632
9637
74832
56618
56668
92076
64425
65530
27235
34075
85024
44968
62009
58609
15052
85562
87657
6111
19620
48200
71088
34216
57859
2957
10496
7124
43375
82677
212
69525
64566
26916
71751
83100
20125
41375
65627
54303
35156
55722
97607
19936
66235
74361
37419
85667
59592
37421
22636
44103
16962
85862
36532
80161
24627
93457
76382
13867
57269
99325
94165
75920
52087
97878
85611
18317
53411
48340
22061
67705
74002
4061
60095
85547
46207
73273
66508
70576
28875
90049
98519
51239
40870
77002
35833
24005
37610
95715
35701
5161
43447
88667
78911
11557
31073
35385
93443
38554
56716
98301
84980
16628
66062
64994
24746
94361
64066
30629
75568
30220
93868
87182
27557
39726
53833
49753
78044
44464
90071
65551
78890
63665
92240
20965
52967
88979
14339
99248
97905
40375
58267
60747
39825
21372
85353
86107
60393
487
98714
24722
96523
3679
45287
13410
73242
41547
68206
97407
65529
9852
88650
85603
83027
85976
50256
28960
27023
70339
53191
61507
24437
97055
49559
19566
38829
87717
9453
77216
26065
63865
47330
47442
27461
35086
74285
66105
87361
31054
9991
12591
13875
89507
1251
28368
66144
47160
97978
65559
20233
49273
99919
88215
82552
13777
44814
63919
58923
87546
44136
72368
57073
97148
7825
24567
85386
30501
23705
2215
34968
87545
22354
89551
31900
27963
63329
39256
55513
82110
73880
58419
10335
99841
62700
71909
42824
19355
87479
14433
71416
53477
68664
1281
29441
2028
95629
76429
95338
97494
19667
30890
57512
80114
35736
2792
39948
93357
99230
10403
39188
23436
85747
95191
21350
15487
94393
10712
37364
64946
20119
33821
7571
48162
35718
1960
50987
9298
67863
43502
20296
8364
80100
96155
15407
47583
12055
15449
44208
90581
45178
92453
2380
2352
33740
50830
75438
48408
70748
26714
73866
34305
46850
88076
40982
62405
15147
68544
88993
54275
79525
41387
69200
10016
36313
96035
12769
11123
53156
60283
52091
69521
8828
80560
28447
6183
18244
23529
37391
19220
25802
40263
87561
96246
46522
69075
10384
25738
69254
14787
28080
27108
90598
33989
39370
76664
47117
70166
48412
29977
17848
70505
44369
82581
93094
79343
78470
98279
17848
71065
49321
8359
86578
72200
34050
61968
56677
40757
79864
28758
24846
86223
5955
84475
30240
27937
30282
42978
4066
36468
10204
96306
56450
28870
5689
18466
59274
80424
45333
84245
53610
94261
99405
48322
28020
14079
28682
43416
75326
57540
51749
18540
92964
97661
25722
5297
31884
56303
55165
22916
50784
98533
81563
92746
37149
42295
37588
31296
81134
81228
54949
7619
48004
87208
56922
60629
68536
46371
28007
8176
14167
98557
94871
37567
76413
26436
9011
56447
83794
87494
58494
72109
964
6106
21366
96502
50751
48731
91408
45542
2975
3696
20436
61122
38432
12504
59418
1725
3690
20931
76530
96808
88865
3482
32736
73738
67036
34095
17856
5098
91790
56229
20465
50461
72868
57474
29590
6861
17336
62039
53519
64933
94837
79129
81693
66520
70961
96098
57596
84766
17030
28084
97948
52271
93323
27579
6204
68609
75692
20849
9675
16719
86159
33893
33023
8720
65948
47888
38467
94904
4459
45096
15662
35073
58692
7806
3108
41735
24179
65783
80539
71038
91092
36633
72766
36300
78685
11086
17918
51017
14948
27047
69962
17344
422
4687
78241
46468
69421
18023
9422
56884
15142
97383
68500
37322
57335
2002
60902
52140
90990
25533
24144
80136
7849
24776
1717
64258
56852
87671
31920
61039
48516
90560
87829
90200
38930
83196
34956
96280
22964
53323
64787
42555
7356
34698
52243
28964
88074
4545
1384
70132
68720
44394
11678
68019
54584
72713
40709
80743
5053
36698
64122
67860
94005
83250
31384
55610
3204
64243
4498
96384
69473
92051
54990
92452
