30397
74324
23351
59809
83727
51826
12591
21696
35217
77652
57446
60444
53075
9660
55070
41132
87885
33543
40994
66222
61689
69027
93324
38502
80344
91398
67816
50807
89119
72187
9755
59958
90431
24220
63436
43125
87306
5959
54051
1175
59253
29955
43718
51234
63108
17537
41352
76296
62340
17237
393
5334
54359
80053
2266
90487
59395
26894
98637
37433
16434
9119
67074
72158
25418
91325
52823
77348
49842
66297
12411
91413
24256
57435
79787
40003
20887
42345
68438
9192
93260
70963
31426
58633
13869
1320
99227
45401
25781
92314
75345
90347
12035
77021
47712
78557
58579
11739
3557
84947
61995
11858
4821
36522
12160
73930
96292
30244
92182
45063
53705
87812
3059
14789
57332
49592
65489
38857
56921
36621
76371
27044
18727
44676
56864
89197
77351
95845
5952
33814
99294
70249
33843
93928
3148
21372
86781
78600
82805
58274
75457
62879
77460
28605
48951
1393
24019
83095
36284
3356
16929
27168
6294
89752
18039
78000
99700
96306
56364
81956
94034
73317
98835
71873
27841
16730
81350
12636
80882
34742
87403
33787
40604
16713
92683
72861
34176
83278
615
43159
46980
70498
24048
60087
43550
29808
74792
85436
68034
8565
50166
20185
40688
