21586
90915
55877
98698
64366
68385
8108
68944
5552
23676
22412
79330
47661
17366
61293
20022
10721
82998
93802
72835
3744
33772
96911
32528
80842
62648
87770
97822
39470
57265
19283
83513
51410
28917
93895
33802
2435
39724
19855
4752
68658
6645
87663
98037
44096
8268
62752
38697
55398
46681
44483
11341
4906
52926
97447
40610
17460
39166
53491
99732
36093
96537
34389
68822
49341
45290
67280
34683
97422
11197
81025
39711
13241
46608
14832
80760
92425
41203
80343
83405
41426
26651
15601
10282
8634
17995
33780
26731
55051
10803
59306
24148
49011
6154
29414
52205
82332
7170
3812
80862
9056
13346
589
11608
725
90791
72315
61509
46433
70854
2755
9896
27873
50613
23643
58615
20684
24778
41568
15212
72472
96548
22862
35527
85590
66038
61337
66017
16457
95538
61210
27092
33572
27796
56106
39410
44826
75320
65580
69585
80446
8046
29342
33387
26353
3573
55605
20167
35156
56471
72618
55807
13185
6906
69919
83132
59059
78159
79279
6900
73170
26147
41626
91094
63967
55336
12326
68405
47387
10980
49634
82088
1814
91433
60001
10160
68064
17877
55883
94377
40133
94571
97704
54974
25398
53520
79351
13748
55253
6963
30324
37572
61688
62177
84605
8283
15611
66787
56632
82065
14602
19900
60004
57290
49162
46447
9380
58849
46665
83136
17366
74142
65611
87981
48918
37773
38130
36892
25978
97821
17854
76202
88507
83578
54854
7435
66072
45228
21623
4882
63819
80618
8563
25391
37317
72042
63728
47419
45407
33805
42633
17803
8790
31830
61190
81029
8809
47220
10435
90985
29421
61184
93417
9039
23440
51535
28143
90812
20227
42342
25425
3816
37528
21566
49243
2735
66070
96613
22036
60184
75065
83816
55996
88942
97585
50697
44927
70865
82847
60172
84141
19472
64161
18971
40826
41346
91516
66096
47025
26974
50960
57077
64543
32335
44239
5129
2288
68844
22224
10590
80614
36758
79341
34046
2943
77602
18779
15757
17913
66040
3951
15579
38559
37235
85372
3653
915
81954
60895
29166
90340
1346
38082
21640
89741
31539
71969
51552
1253
72927
50233
34941
30772
69272
20568
88388
80411
26440
69616
6154
38045
98926
88321
60672
86248
27155
85158
97472
60738
97468
88469
51223
77803
84176
98580
71257
79184
98690
20311
57548
85429
62886
85230
17101
9797
59577
82157
72987
45354
38395
96370
41815
68254
5134
93954
39417
71759
20935
50497
86750
65885
97613
22449
797
95114
20306
84050
74599
46623
64245
40145
98394
49472
59941
96651
63961
55336
1392
96962
91193
30882
20526
74208
75783
49535
14991
50717
77312
41265
14196
93681
48883
50429
34897
99840
55393
68230
9694
23592
95987
94140
50562
65378
77540
71996
91904
74906
6378
99907
83555
69392
34602
43864
659
76201
70832
31789
71356
37843
17818
69698
80768
24693
8744
63651
45823
27398
68277
97845
31317
25471
88755
48991
75070
67980
213
93016
75238
76293
10120
83963
26123
45790
78075
62465
15883
37207
25845
62424
34423
39457
32549
40542
65698
59498
49613
28255
65261
99256
41671
50082
1352
26074
14145
35937
80840
27295
31579
28579
16823
47653
80641
82981
19483
47052
86083
54919
98687
69257
57634
18547
12883
24878
14953
9539
17709
24122
10408
31200
73752
10835
7194
5929
52955
83832
19529
21418
68916
38994
56283
17856
2092
68124
28224
52951
14564
70645
87638
77654
89115
1794
58891
45690
91145
15687
44514
23846
78042
14085
26143
83493
28401
27632
2154
17287
39568
99980
3863
35931
83257
48384
66620
49410
8523
55039
4840
58258
12247
28679
90430
11882
7265
6894
71238
51688
86791
40044
96915
87103
93839
98561
55138
83768
41877
99375
42955
17348
64974
88905
84257
55162
73765
27704
19303
29408
48110
63980
78585
27734
10218
42400
96431
60425
29763
17863
21407
74859
6921
20076
4374
25334
87516
38148
30749
88465
86413
222
40941
70971
72487
56265
17515
73706
36081
85
43831
46310
9973
14693
38430
81886
17820
95906
35050
69116
98714
34744
30658
56296
46781
21857
50479
82180
54475
36452
39781
84265
1311
36727
52613
43598
31353
35747
84553
34079
44676
52297
36895
81646
73492
36270
71130
48758
52686
64392
620
29687
41919
18499
5770
87941
78212
59791
70988
54427
26159
45885
69518
56149
73400
97905
40416
55417
65455
70672
45039
45835
35442
58376
758
52584
57284
49428
7796
28518
96759
80653
98641
9004
29507
19791
22528
28543
7176
14338
70660
42978
16374
92796
75136
69502
86209
64088
88056
1119
20800
78472
40700
18429
29712
62361
73172
54846
77543
20247
88136
59520
13767
76309
76418
22971
