38226
52519
58275
217
61595
88260
43488
77768
10155
77891
78946
98044
65151
55854
12510
63748
79367
76001
2379
83465
54135
21823
77480
61404
90857
79830
65986
84502
72077
67461
77628
44445
71903
33541
4603
68123
99184
29372
38774
65870
41695
42008
11245
2716
57858
93824
53284
13472
15210
30202
87261
49639
57895
16292
11262
82775
53454
72431
6143
43189
63152
55931
10741
20506
34606
1231
98957
14331
68029
22193
85984
84291
31966
48211
66633
71623
34636
5829
66308
11875
76635
57059
60562
38875
55723
4680
56406
84568
85810
65556
68563
97336
66899
42447
93421
79543
42144
95400
40262
64639
48370
29653
74569
41700
38074
84983
55806
4765
98557
89714
67320
8063
21864
68681
84241
86097
83532
70092
2957
11445
62660
98303
16935
24879
29272
71078
73208
70405
61348
38928
46581
61723
47899
20052
8354
8023
53728
74554
82324
78469
91197
2457
99370
62682
60564
72306
6229
97256
34578
46544
48077
11928
71314
44002
14133
33221
28510
64922
13456
51427
1666
12116
30402
51265
84503
91294
19036
39813
22248
22022
22135
8545
16773
7716
87372
13074
36946
27812
23453
70254
22632
63826
94411
15388
24533
26775
94568
42713
57321
66845
31827
3462
84611
15073
35577
25846
91818
37741
90807
38985
1177
88820
40258
93946
93839
97902
79658
61799
23535
40372
6590
56193
4563
92148
83115
64287
38905
60424
8331
27938
47354
53201
30395
44137
82105
90083
70168
68592
87013
70613
54005
31413
46946
92933
64129
76322
10438
39606
34237
10368
49090
32056
51178
25621
10969
55591
86784
25698
3519
42223
23679
62667
17633
52515
92592
43024
92808
75298
87896
19003
78807
69982
47999
972
47264
50068
69652
10394
91903
61188
46945
74897
61603
34977
42941
84062
86586
5458
41123
29348
38338
21784
19823
62144
22267
34053
15364
12696
84751
57983
93068
39583
62230
64147
87993
52931
85914
4305
53341
82664
94514
48684
14320
79636
97175
56909
41774
72136
50262
27448
11702
83275
52317
57700
28733
11207
51043
53468
7700
16207
97024
28226
84963
30425
47533
58406
2206
75978
23684
51355
3848
72027
15884
61360
38306
84889
82867
5873
18702
15522
74329
274
18420
77317
32242
75217
27747
27341
3178
25958
69980
18293
49299
47264
43492
51602
50804
34060
30153
77437
48010
79469
90139
13968
65616
72950
28375
93637
10881
84237
22072
51808
16312
61420
62338
88933
54522
32006
8560
67508
70683
39517
41487
47654
1367
87121
91303
73658
26663
12114
5758
78232
10022
39621
94839
3022
92868
80691
21541
41025
83785
21386
26784
55871
2294
60814
75390
30974
61774
97674
56322
74151
13778
61385
68878
2069
87471
72209
74654
64639
57411
82108
49836
74334
90788
26632
1745
29287
21762
46945
88921
37857
53033
6381
43120
95761
95301
63037
24718
27599
42457
58138
2752
65119
21264
79202
11048
77591
23803
54303
49204
52898
33597
51059
30148
84204
77802
79947
28710
17699
70517
44549
16662
39341
94823
39037
70658
10928
69133
89002
2843
87666
48339
16382
37038
82341
53392
37463
30656
15336
56921
36965
50879
98120
53469
33158
69173
54454
79512
16954
38971
69557
1668
49627
51560
40892
56989
84832
24729
10544
17177
85909
24777
18952
23620
75333
81126
38653
31062
45466
18550
66443
77426
48855
89990
3744
27522
50832
6116
2843
94733
26961
27989
98110
71156
73538
18751
45495
19991
84607
39341
83864
59826
72086
9013
88448
2346
30972
41287
97514
59391
57430
95537
35714
29594
73676
29126
13551
57965
92286
5616
89609
14005
84078
57274
76632
11279
69732
52225
19370
42556
20332
11196
70308
25018
62876
16981
96657
59946
74232
71747
19772
8420
12030
89815
74755
70693
3617
99523
28928
85607
44000
83730
95763
26273
63295
59464
73093
28629
54806
95938
75896
40580
6743
35571
23706
18450
83804
39663
321
8628
18940
12610
32410
3789
88989
80469
99261
29835
23264
95310
19810
37075
11170
38440
38331
5589
44052
67728
73085
5262
37805
64804
19729
83895
74988
75991
47061
37135
13151
34766
91994
84977
62220
2202
21232
43164
43247
37906
71755
40168
93679
15383
42388
92999
85545
5062
79121
49329
46831
71509
21604
84971
59422
79666
96449
65412
52138
52786
50129
87887
71247
11133
19300
62834
21914
7305
71237
43229
33901
57373
33714
25547
64645
57442
6037
68142
19263
48678
9680
93101
2892
12914
37256
44022
54334
70412
82900
52316
52840
56922
55864
75177
58290
