25497
25431
5109
78507
19009
74441
95985
67235
76262
96524
21844
31339
97805
54333
41029
50581
83256
42649
88884
17389
55574
96485
73447
88669
8068
8201
40944
19910
30890
58587
40251
80349
75458
88892
56452
58455
18529
6584
56772
40580
11056
12891
62240
34673
38550
86177
21906
63089
11259
28396
42055
2210
50893
29700
56621
94644
26575
37008
81836
67149
45943
50205
64462
76101
82011
5482
45739
14610
53451
20819
6506
55014
86588
28937
28179
94196
97006
16943
53592
86585
80647
87413
7112
42229
29981
87830
2482
13795
56870
78070
81012
23199
99258
78734
34123
94798
17908
80124
95270
55914
23275
71780
73320
52563
91943
33939
95754
81712
89349
46875
8908
25156
93989
20716
62051
52879
13855
53648
28073
8252
91979
33763
49142
7010
23433
27101
69390
95113
4183
16203
27634
27350
63736
84223
86484
88157
9343
29283
49681
57609
12779
78414
60224
48484
52796
15942
39541
54526
93887
98932
85428
42085
10402
20397
1206
77368
76224
47213
94484
40267
56529
46694
67303
31631
