59722
14001
12744
82413
63043
36383
69300
92515
40625
65868
9100
39736
17321
8377
95423
16394
31274
13472
17398
8166
54508
88217
19613
37281
64939
93350
84730
12562
33325
72008
1060
22292
58616
24680
87975
53646
1969
3421
97108
43844
63852
34333
20229
77499
80017
7363
48056
58721
92014
22447
58491
28136
69058
13164
41466
97055
50459
33258
57882
86617
24409
35625
31491
65421
98489
43655
91853
16026
52202
38439
30101
93608
25055
97116
68335
69680
70392
38553
39559
54314
22551
9674
87001
84563
98245
55013
78416
90334
661
17590
34731
1656
34307
83934
27267
74560
92597
19594
19063
91089
83192
53825
9796
40392
56730
33219
2149
19342
83612
26051
35059
13784
74727
99127
78348
58680
7338
41589
64771
76242
52657
72356
51419
78688
66776
75052
60687
39963
32325
74053
63313
62318
38264
85542
55501
76617
51945
7274
63148
96871
60824
44943
31385
73277
23454
92138
15441
11866
26042
85863
56316
68228
68201
23393
52127
77004
71946
65668
51688
99154
30287
26639
16714
6240
88387
71519
86361
26408
33740
61187
39392
40931
2465
37600
22556
88448
88532
1006
20090
50704
58834
84988
38265
55
31789
73368
56209
83949
88648
55224
19100
3915
99771
92931
36942
66661
39792
72509
13961
33739
34911
27575
47183
76380
78155
10879
45556
36016
99187
75633
19178
22246
85031
69319
13308
69332
23539
11087
42583
79203
29561
17072
32633
45325
56828
78959
12931
37660
37867
6778
13614
7431
94142
94573
28667
97389
53417
48632
26201
47666
91983
3102
34483
43485
26007
84996
82093
96299
41917
78573
26284
40707
36967
87900
85012
42203
94149
11480
53301
5248
14951
78902
60423
4845
41008
742
70433
35868
19714
28431
23735
11546
56376
75187
22559
42039
32995
35133
64465
34192
47549
37109
68074
85986
21802
18892
15641
68446
31544
49808
83
667
15407
46622
59217
27116
21971
66763
56991
15371
37794
84756
53453
56775
91108
5862
25291
61627
26681
17160
1511
4631
32755
95129
79460
42212
31389
44981
72671
48098
67952
25295
30108
8634
14850
81899
24512
69428
44928
81506
21621
81169
64860
69810
61071
80834
25294
12739
99978
75521
45524
7458
55201
43515
44925
27038
10692
97051
80998
82775
58405
83236
2069
85264
91707
69513
71167
70328
57513
87960
2367
97132
36705
92513
5811
72633
1066
18083
15372
56022
36263
58249
52932
6001
61809
92205
37551
8009
16914
77853
25362
51047
13571
91609
13961
38305
74058
47721
23669
92787
18942
56710
95234
37539
99022
10742
46691
7429
54399
58837
40402
17881
14660
95781
38345
40519
92764
26046
49284
99091
67077
31274
9254
31685
12458
87953
79953
22508
84939
24741
20514
78728
43294
19841
64783
70152
11817
3179
42278
39421
30951
80690
20230
95294
44331
51625
34996
58312
17617
83089
25310
76446
86826
43488
86531
79865
53609
83634
84242
11854
27005
69450
4002
61533
44925
40950
32265
61070
77472
29814
80255
9743
51992
2552
1795
82807
85711
94328
12895
21360
97435
32274
21001
52172
24573
95702
8239
82966
59287
2285
4857
35037
59280
86461
98211
78513
20786
44452
89837
37009
94525
29364
8851
59664
39983
74629
55446
48849
89004
32203
25368
50585
50624
6775
63936
31860
62677
75264
28797
88265
23601
51182
88478
4099
97496
51857
32659
86643
62241
54108
60032
29750
96051
77417
8814
44883
31033
63118
86824
3708
19413
64694
72584
87596
80386
98186
61310
9605
40421
35522
7330
93388
12598
31617
70299
78842
52683
23015
12950
46592
42132
91224
56138
81873
92000
91413
23522
32343
79569
64487
596
25868
60358
99572
43185
90239
97284
89320
52418
61916
89871
12491
39084
70993
49298
27227
93603
26416
60601
96658
72742
38514
86450
12738
82856
10300
7760
18565
20315
26503
25417
74698
13945
69401
93503
55577
55517
49829
44052
60150
18197
28190
72748
39563
23445
35296
98170
81212
77401
30423
14220
94120
19273
23420
6491
95372
67850
20130
26592
27985
38413
92985
45063
56601
69946
52590
61205
34486
86388
76702
86691
64521
66463
