44438
40885
38352
69270
81455
62521
65010
93083
98965
48143
9052
33068
64884
65578
42863
84130
20355
6060
59486
55900
83847
75689
66380
6670
3676
81241
73923
77088
78194
67518
44904
75913
20442
66512
26287
93776
42093
45346
8093
23733
68807
2205
63401
42459
93604
53087
15074
48473
60661
2704
55564
31382
18035
16592
54212
16945
87430
90212
40256
61258
26264
12270
27380
59432
40494
58533
28100
74755
59685
95722
40635
37518
48486
77906
15474
72537
95881
17735
63792
13963
75871
29131
2145
52573
68972
79247
61459
10098
24427
37982
44015
41393
74899
93617
63993
95392
694
64416
14218
67717
89702
64427
96139
58372
30929
19822
44357
89492
45398
87076
45874
78104
44388
5109
70573
79155
17324
62345
1083
17333
7393
56682
28572
99617
98278
8651
1007
37506
48590
31795
73261
51922
28037
15469
83136
26571
62580
57469
60535
83190
33776
62600
81801
78553
96666
16298
9853
3750
40379
25736
34864
37747
98297
18428
11354
27324
25326
45097
18708
29580
40283
14438
56119
60651
33944
79931
62699
53512
50099
93487
84479
91768
85953
70403
29259
47151
40320
42046
55503
9284
30133
30572
6392
27148
62156
23283
16372
60263
12010
44858
15203
10510
40404
50765
83834
47101
2737
15343
71680
88708
67279
30867
72749
53604
89086
15682
70640
12356
68285
23760
29636
83942
64861
87799
87524
64105
86760
24958
55770
2864
48190
2317
53353
84692
71515
17789
71233
73272
43921
52518
51916
25765
32269
35026
70108
73429
86407
306
50615
60064
69713
30051
53168
73909
41787
94594
93508
28687
28918
12505
70125
58575
47333
175
55387
54869
50603
58304
78150
27087
36227
47634
61548
3203
32650
39063
19937
82351
23818
4337
92154
80612
96284
92208
94443
56193
12001
5659
10410
65372
80889
59234
19535
20965
50658
85331
10769
97459
31568
47415
80106
95657
47386
86970
52239
58277
25615
1715
27529
63167
7451
32716
37669
94953
14877
43597
20094
18638
46295
65865
59006
79509
63216
34749
5609
80541
3389
68308
9034
32410
96062
55960
93532
44659
62359
35380
24635
37243
28085
21528
15087
58839
78023
93724
58325
35233
43902
33536
26822
92970
