39608
80607
19148
8380
50628
83954
71219
31503
57492
46268
7229
99931
76462
60970
88594
56437
14279
84233
51699
77172
88819
25298
72617
29824
34037
48359
43210
2454
58352
99443
84193
78695
79694
75952
83156
52336
91475
73401
13625
86681
90950
47705
46774
12147
53765
6771
96927
5317
69908
12832
75713
59711
27597
11474
52650
63526
52706
8878
7365
80233
23720
61053
79006
17879
91249
74179
93904
96922
13016
65850
5904
39515
16018
10536
86092
93727
13432
58569
38778
18439
7324
94080
55913
6804
50504
1917
23359
83292
34331
90359
10913
10060
85677
28787
13401
27416
63711
52039
98824
79978
52815
29836
38764
92745
20590
47797
3407
65213
5487
29276
22654
33538
60599
57447
81578
31410
95154
2155
19226
21477
63417
11501
2375
19445
1334
21409
11128
31955
48503
64278
88375
75761
71127
97168
55586
14106
78953
28058
62964
388
29558
66033
82642
14094
78263
30864
26806
26786
85844
39409
26955
21933
16385
87875
59735
36641
7664
13692
20940
25815
66961
84825
8884
14512
98322
38384
10682
28868
78622
55566
71586
1345
10010
48210
35691
36977
48995
32533
71036
56733
85745
65401
62222
30511
80260
92056
34909
3726
25234
95843
79473
62555
33123
81663
62620
23623
22986
14715
19460
51716
65175
61037
21110
84687
84672
35031
47895
53812
98826
15698
30740
39208
55562
2244
16004
73540
45636
77799
24273
47809
94803
8666
58083
72388
92171
58545
31983
26210
7250
52712
105
77595
93671
78985
62356
76762
93451
77821
92735
41644
88888
89960
13405
95714
15063
66323
63334
19997
78259
59976
83831
4898
24677
40326
38437
1207
95556
56889
98424
51524
38050
95783
73679
81019
48549
47933
80256
12230
54701
33925
60810
96235
70940
45105
56103
1757
42835
9234
91526
32958
11590
85809
46962
74240
5768
51780
47322
12079
15646
63237
90929
90351
78754
70896
5280
41605
32894
29324
35389
67226
24205
1449
68283
1384
76255
83886
29998
59543
5103
68252
80421
84465
62250
8775
88725
55491
15145
43222
11630
68817
62888
26266
48648
1864
37408
440
7373
28503
33425
55002
97486
99749
16823
43841
21736
3186
56870
89409
52958
44191
91569
51906
62193
53036
57112
44755
78337
73725
53716
74374
61393
7778
21580
95169
48884
74307
30381
553
5214
34517
10379
47308
76464
91614
11647
53516
13005
81074
64497
75662
15728
42446
69181
93860
56901
10073
6850
26141
46489
17738
25669
4331
93791
533
73033
31483
22524
55244
50562
66013
45253
51586
88429
82329
63970
15222
39482
60330
38196
45882
25327
67490
74630
67529
30040
68060
42142
64707
1670
82808
6011
29655
4221
51534
2198
56196
64146
63021
55311
76012
89332
52917
49587
89257
95034
83281
55012
57094
55091
80645
62903
70224
13041
75365
20670
88001
84173
56236
25514
3267
9742
43004
44558
64646
68995
55814
41596
86860
13119
93442
30953
7214
54410
43971
93090
12898
75263
11332
61690
90327
73413
18385
96678
17431
65242
82731
19443
77356
76474
60862
82087
96413
51435
38965
66382
39009
4662
66871
70403
18034
95657
51167
46027
60731
78021
58745
2794
59488
90599
43476
76325
45874
76943
37334
48841
52758
69773
45678
85629
25447
77678
92440
83325
99127
67454
71233
80293
46470
6051
6948
71256
60556
38752
79646
70235
99405
40021
19041
19075
84354
90486
47212
62021
47830
56773
57677
55356
32718
83454
64705
54893
55139
1879
86089
47891
88687
7119
46010
73669
16641
86694
20471
43263
8496
98704
65261
932
69682
2982
27671
57924
2786
31712
65207
4302
16673
28125
83579
72817
99816
55847
93147
75711
38112
35917
43029
61746
39057
12934
84558
12292
93871
45206
48719
97587
85913
86053
41450
33248
93082
69104
92021
48067
45220
98044
70595
53539
11573
777
72257
84011
26615
1759
72716
94204
41524
67433
10348
28188
53898
43955
23587
22317
81554
39906
75147
52640
96759
79749
92873
61031
9551
31899
10846
90187
30416
87676
20159
10137
71843
33200
78600
89338
52865
79219
98146
78273
93840
17091
49774
32729
71255
45468
60204
23704
84511
30722
30501
26430
3673
36741
89521
31906
31137
12834
8657
94339
99325
90938
42889
16011
96429
25677
41446
56916
52417
48154
93825
56094
48693
53083
31464
3973
77884
51617
96615
46603
30992
69050
94851
5798
58035
61225
71271
20485
84927
19165
4279
18167
34413
69541
41939
44513
4412
56560
70512
52002
69166
30846
11145
13176
56383
3637
25968
41071
65882
37247
97800
68070
18373
93160
95638
28881
98836
86927
40777
23568
94880
90421
48875
25060
83686
60424
22389
82962
90075
34703
33631
16730
78940
99001
54441
70502
95094
94360
50863
26381
69389
87450
15535
3032
63291
94951
80798
22837
10037
89046
51530
42400
89112
59439
63228
34125
30763
26122
15500
13679
94309
94010
74723
31898
95056
60084
94439
77574
49152
72397
40511
52089
26381
72543
84024
48921
93174
15209
13604
35072
37432
98562
76814
64518
15255
85050
88544
2918
50334
36850
27721
93669
44417
99408
94736
73413
4761
15694
59688
47091
41523
55293
82088
8772
41678
68694
95996
51414
94493
83252
72996
2566
30022
69400
68071
36688
91585
12088
70192
74171
51422
25179
67007
48468
71796
43737
59372
42594
59163
22615
81414
79633
48459
26253
27566
96121
47146
59786
91901
25615
7696
48707
96755
7882
73440
66281
46446
3294
61911
12405
90929
84288
89583
79013
34889
60103
27108
88566
86781
84230
11087
40742
28360
35629
96699
72503
24228
87231
42089
74489
4420
99830
88108
87471
72616
14616
56116
7216
86005
35713
20652
91754
50046
5775
71397
31414
57144
86670
17862
97445
6149
43426
33372
71096
72308
36900
54385
25154
58817
3049
47293
25050
11166
72961
14271
58103
1857
17358
29155
1776
48265
