38680
85234
75389
24321
54653
33148
3708
21997
98473
73462
33868
124
98510
95444
70737
44094
71118
39717
4670
97358
47328
23329
85846
66211
64958
16798
17897
96003
63573
36225
12001
96307
83295
90332
56385
42555
97623
88538
3660
22335
72353
97425
73180
94539
56061
92964
96746
62110
50597
61549
29089
80733
28106
59385
56711
9430
99704
69318
85545
99568
86979
12149
90980
55801
24671
40831
24844
41869
68158
93554
14076
82728
66679
36433
9829
95809
12093
51681
71929
65158
82084
46035
95309
9747
18941
29408
51966
59494
89767
58790
51361
1694
70608
69185
51173
47585
34530
39362
40452
50298
39577
55651
95703
30274
1298
14949
40003
4460
70836
3986
94298
21379
19420
94188
57365
6572
67873
5063
94321
95715
32366
70066
55580
3708
20065
34944
90069
39015
13171
59381
84832
26923
93743
88912
91406
12710
15108
14930
28998
55837
26541
65046
89818
21233
60463
68068
76791
80276
62317
37271
93397
69186
73915
43782
21354
93187
48937
58110
32414
64973
59339
73954
4934
31160
92914
57187
8960
867
85949
89232
71937
10990
4610
93369
98408
81345
16835
39969
45554
97004
83312
83102
48272
77570
73487
51907
72697
76749
79455
53232
51969
16951
87592
10821
77171
65646
81371
51938
4377
70079
75897
58215
87691
65484
54184
49590
42641
40592
18302
99293
68975
19491
81382
34908
86868
40224
19734
63628
68819
7451
28740
16472
47447
20611
97843
88830
19973
83021
83292
35014
60453
99700
4352
42979
22028
15691
24419
98359
57260
40203
73086
12991
44524
617
82602
44817
19078
37253
93858
10264
15856
81419
67602
46351
5634
913
53144
70297
45976
99205
85149
49317
50408
88718
41470
67419
80405
29589
89489
90295
42662
4359
68389
83547
35375
34133
60569
59262
83135
1306
58600
63490
37908
10545
33523
2576
6492
9752
7995
71594
33805
47615
41606
51579
62641
67536
48550
52708
44613
82601
23010
28493
69705
2856
14188
51772
5707
14726
90707
64290
87428
55249
34648
21161
44395
34468
92905
1720
16029
5626
67997
94275
22866
7324
101
13701
71783
19375
26137
78142
98238
24390
12729
37505
29960
32398
5910
27012
82184
26918
2833
24885
33345
7967
10538
16397
86965
70605
27069
33181
59786
92308
65582
99176
98516
648
93763
19758
67246
69860
7324
4017
22057
1123
82038
69588
23421
34657
60409
64723
64362
96052
96412
37873
23439
29038
35925
78873
76290
56195
49140
78774
8785
51978
67984
64365
55649
69821
47963
90061
4827
32025
28328
98996
66256
29011
85444
16400
36185
38061
80063
75592
39495
70422
38581
15150
29469
71212
15026
33206
74501
775
38241
94477
14763
16556
59748
53787
76214
85601
52311
65926
77170
56519
82002
65012
26594
56926
25692
94785
95658
70016
15328
9466
99270
68807
306
52333
32608
25080
3754
95579
35448
68081
5396
99069
93780
