5657
78358
26052
48170
65889
64763
29826
70024
59109
16480
75764
22109
73781
95338
98664
84568
93888
25706
28814
70136
35964
30223
48168
35816
43965
91938
52757
54276
87705
11528
52322
45270
31353
30278
79100
92642
85831
7827
50112
11570
50713
11870
1201
95858
36466
68905
45088
76045
40394
86427
27049
95426
75540
62340
22892
36446
30180
29078
4379
278
80222
39152
18547
14251
17683
94766
81584
45423
98191
33808
96756
14761
95157
43358
99914
5695
27035
64625
13012
85829
84639
77339
1878
78643
15992
81343
93251
24537
77795
63100
82689
5799
69913
82973
77909
67927
12484
11626
99192
63263
34639
59480
44692
10798
77424
23193
3886
25014
5468
13612
82739
52958
33097
49907
56923
71497
8752
4359
63717
55487
38998
20004
98530
40627
97500
19071
18644
51830
87170
18971
47212
63029
89899
78740
31813
75777
34662
42799
2478
48270
43584
96950
86918
76229
41573
92981
71396
17708
8167
70629
29751
15456
64824
58894
5479
87231
38107
48062
52434
38641
16135
81037
36314
8248
30103
35472
60147
56664
25484
1460
48766
94320
90591
14576
75261
77339
997
67488
34834
37337
3657
69734
80572
22931
93914
59381
87579
96690
11208
75108
92707
67386
27769
96449
62038
33043
35771
80193
58653
56045
25495
92836
50224
82340
41210
98899
30972
26406
4714
26991
25933
45187
28613
83667
48189
82872
81951
5463
25936
91207
57654
67401
65100
948
40069
23103
82587
86143
58413
21264
81427
94090
20621
72173
66753
77406
22977
66951
7096
69870
75495
95936
40297
54105
11496
11310
85206
4486
6068
91387
88552
51462
98093
99186
69631
56004
24085
92110
43401
15404
95521
70076
26604
20070
9808
41087
32846
22738
50944
82721
41609
9962
34539
83241
78535
96301
80144
35436
53799
79682
78710
28355
60325
53254
13651
38524
54148
38694
15894
36002
77742
66532
68831
223
49154
6723
4710
63714
3454
49475
4700
719
97481
13034
57055
90236
53465
61858
20460
63287
39214
47592
55096
78990
40440
55581
18869
21915
18013
41238
62432
59012
89508
13672
91994
87352
70785
52859
75684
84746
75466
11242
39308
38698
79503
69916
33315
7882
74723
25323
90160
76053
82462
99819
1538
50214
26262
75179
90881
92448
22328
54934
49142
2089
12471
2473
70187
91074
22648
34549
57501
85772
28842
38115
77469
77147
70402
12606
74200
38876
72162
86653
29824
33303
10113
67431
81075
84787
61070
71407
1181
61691
1755
10658
31080
46924
30536
98926
799
37136
25614
82388
42346
93582
87493
50917
30375
99455
86916
49405
22111
6856
39798
64557
69350
34615
56708
62886
91863
82225
9747
19697
49113
18999
10960
8355
32142
574
47913
58570
53987
35824
75149
88882
82487
10190
72308
39723
63
71996
93921
72194
25870
94046
77672
95175
58001
87303
55344
46559
99318
85391
11123
47077
94885
73438
35963
8515
14957
88896
31958
8725
47557
71329
88526
15017
88107
63909
78105
64796
89895
11448
9371
7895
98425
69923
57083
72774
68409
10238
77806
40416
55431
2221
30760
70610
4815
29568
43056
22716
75319
39731
39731
42747
24256
58988
76884
52100
17073
43365
9939
42845
80019
43369
74498
45445
66080
64848
58332
52189
18299
48350
2663
60011
73538
6235
3417
31521
57180
91253
46228
30780
99518
46132
21036
44175
32252
44602
13249
68891
13849
60556
25544
9626
86254
27304
95310
25414
31285
141
77801
52950
2262
32702
2749
17239
38846
63643
18866
74016
40982
58864
94301
57136
49807
77101
491
53698
82916
28393
87780
61344
76863
99308
9274
68894
62754
74425
25400
84978
82337
93783
53593
11597
14877
28702
90532
26150
89231
56535
57778
48899
15771
65760
91562
37735
2091
58157
14850
89574
23621
91569
43112
66335
54896
17822
27486
55795
14392
81321
16930
40455
4843
5344
22503
3659
4811
59245
97109
55534
28691
6441
60067
18642
17456
73204
396
55833
49321
21150
58784
57978
5959
63464
1673
25772
48469
2873
93449
43667
88135
31138
31440
286
19308
2414
85214
52667
50474
93634
49094
93400
18053
9015
18973
78645
45093
51992
9397
31592
59660
75251
99277
92706
61879
64628
76983
9938
24737
54192
74896
41551
35164
82107
22422
36922
32024
12815
77945
80947
38585
87503
17397
89053
60307
46656
20801
25
35229
82170
89773
63163
52458
29832
74632
6337
12777
39291
42281
4159
98383
72355
28256
92605
52825
99988
36047
30250
3782
73923
85600
38691
63867
72788
13558
60455
32235
59554
96547
14086
42205
25340
81645
69434
47081
65331
84531
66150
55949
12692
6217
94665
73704
98297
22491
5773
37608
56476
57847
2317
55146
6842
5131
48670
74930
14923
17137
12537
10791
70440
54246
81377
61172
90443
29120
1650
43824
22947
71897
36923
57457
44859
17437
64550
65724
95379
88880
59949
33977
31220
10802
43528
57122
24241
13353
23940
52381
45089
83790
10188
33452
7218
21882
57550
17691
27416
68170
2269
42734
18821
23585
92783
44787
9858
83684
35809
22891
28661
89545
