91209
99986
15833
7604
1917
18225
7653
32800
61736
68884
94733
29111
61421
62890
62346
24697
66841
68652
4128
87330
99482
31883
43503
38265
5972
74359
10989
95711
55980
21790
20952
40826
51999
27597
20499
15718
76463
76309
89505
67309
22673
54740
89810
79915
95778
78326
77224
55546
38185
57341
1087
81916
17760
85120
71867
35027
83796
6711
88995
87660
53960
75890
41337
28668
6721
64845
10219
49944
85705
88396
22625
52205
76168
21162
64624
93884
54859
82989
52956
5643
54807
20133
64429
21114
61223
45316
1717
70996
97736
88293
83820
20352
50480
91270
22461
96476
16043
40133
510
74346
86097
78445
83684
35060
34726
17231
96727
42640
30699
54539
14163
35207
1702
16968
70515
1862
9565
67915
17001
26523
67256
29592
40967
6401
87792
67334
51446
31385
80749
2580
68538
88725
44748
66379
99359
68461
92507
19507
52827
38937
99621
77941
5489
56463
45469
79748
73563
30999
80103
50294
67520
74082
61940
92647
60068
35825
95519
29127
20896
93027
52319
2899
38383
85308
30744
3922
28377
27093
48081
72549
97254
85026
88733
81860
76890
48996
60122
41738
65494
27458
69913
93355
62784
78387
11884
27367
48551
67947
48686
46162
14817
26304
83242
98728
63793
41874
52777
93273
94384
53818
99328
45052
60926
49013
32764
44741
34739
46914
62502
43152
27851
81210
53197
62969
80324
64451
89871
14031
25720
74121
11642
75821
84770
84798
61178
82190
20302
11722
7589
46719
86647
31550
52759
763
35318
82705
79971
35937
70817
80005
3402
81222
55101
48519
35303
28823
12505
79331
73322
90314
64463
96213
94665
84482
38983
66582
12870
11369
85172
42987
66921
14225
72432
25843
36956
97309
24177
39155
62675
50610
71613
55938
29820
81108
45144
8854
5747
247
56568
16746
48727
30170
54427
20253
87472
89743
58760
47242
71302
40549
84103
68387
51412
54371
94243
88994
70262
58611
40818
7957
40376
82349
89368
61842
41963
56865
1625
11971
99339
25822
81296
94065
95918
42560
88339
69347
76074
27744
83956
97146
76735
51243
16559
5256
46025
