56824
5659
8930
91578
95923
28493
73253
15782
54521
12010
55821
47030
11324
25778
44558
58069
37790
20661
37890
2547
21715
61850
80933
94448
31969
87177
27510
52719
24317
87523
54617
23497
4625
34215
29143
3966
70132
65658
73659
43316
98223
82766
93984
32151
40978
96373
91370
99761
20232
37263
55182
11845
83925
82454
51943
73956
41014
7209
57888
88431
12648
80824
56924
87690
60438
51772
10838
50901
65555
55316
69628
4889
77100
84872
91121
19130
16864
31095
96914
71105
17443
65720
28403
54257
67405
35473
75588
67567
59225
72308
45249
78899
4911
46777
59140
32952
12246
24047
46366
44654
78120
15243
91192
10682
34649
32430
45657
30571
3226
33266
95365
45171
65303
13166
87170
11966
7736
20703
52164
98786
41446
66140
82855
4585
58869
75561
13988
99869
41420
22718
6928
47165
80750
22359
77683
78934
99499
22463
31116
54910
51532
69456
15243
87039
16732
10464
72672
59361
50828
41355
27647
60691
97122
79101
10839
76957
68006
40994
61782
40301
14125
1100
99650
64797
2983
47862
85957
37837
11456
44849
53317
77672
95438
64517
78
20123
94264
34448
61384
53093
3505
7093
20756
36411
45856
73125
79861
76916
92233
5445
15751
27739
