10876
90183
53550
89290
42488
77869
98422
25551
29900
19519
43215
92943
32489
30373
67692
67110
76327
82283
77580
37732
43390
32668
46011
92530
96406
44398
75561
5751
56345
66819
93456
69413
92623
66291
17244
18214
14658
63561
36732
40090
67765
83162
60002
30517
84698
71762
59011
68684
31080
52911
56944
36996
68153
4071
29391
71519
73856
55331
27556
30005
83902
87945
34579
47556
42759
36136
28910
77530
3660
11384
37832
30016
75780
99897
10262
72841
97121
58508
21765
3791
13642
77117
58267
61212
53170
4327
29169
32479
66569
94941
23275
74931
17278
83706
98621
72753
26824
17168
32396
63679
22800
84745
59077
84270
77326
71188
18183
91276
26593
33052
95979
71870
75160
70111
24122
9273
58222
10978
6566
55946
56849
31485
48447
21550
90951
61115
23620
66308
4899
50157
61596
11563
36713
19295
78521
52170
95611
87501
88506
64692
41017
56234
97440
24606
51211
81522
95372
70461
1136
96531
33669
69565
37767
39147
25870
83228
66141
97499
11787
96428
9955
21490
72506
61897
78605
70506
57574
13134
50392
13843
63352
26215
91528
51614
58217
22213
31281
31502
38782
92034
57148
50923
43103
17137
23732
62445
88294
7393
51632
60392
83062
77212
67232
28541
84322
45075
49755
9402
16380
593
76630
77210
33124
13
31886
93667
3409
7163
647
76046
70823
79039
69422
35407
68005
31864
22951
26692
98750
28119
83759
87253
7291
48604
66694
82665
12258
23772
24949
14673
158
68760
20145
65768
22791
37059
41014
11837
49335
53417
58338
59367
49386
9873
41031
87668
88219
54030
48397
88223
15572
22101
41793
2614
43826
71148
47364
32300
54294
91892
77589
88820
54083
42293
95080
57493
59705
31305
23145
87009
15761
97726
22633
89228
299
32462
73539
22844
26604
26014
12758
23329
77623
59456
50446
13104
39362
35583
33793
53067
75270
14478
37660
39548
61097
17637
25480
32542
27003
33851
17527
66285
20664
2446
18301
83339
29192
18042
23085
88897
38565
39773
54010
17903
97352
38467
98468
93617
72201
39068
3995
50809
27221
90217
25388
89857
74279
70813
9557
31772
77717
45263
10614
83669
80234
51190
32380
2563
88115
97699
77132
11095
76304
7541
50976
21497
87100
38191
51731
25736
35463
13541
77664
51029
21325
99601
28944
46134
52814
27056
16541
1731
8062
8873
29105
54965
72742
43193
19737
13599
63904
98558
1561
41838
45644
9894
84832
32239
21052
20483
60710
14941
10291
62931
46028
66027
76489
1304
25474
29800
38382
73864
96193
57822
90157
14838
85960
83912
61263
17819
80780
25120
86271
11466
8780
70136
37870
72830
13623
62989
26063
30394
12824
25720
64309
2717
73429
75099
54512
52045
2351
27607
77820
83108
50165
94342
50297
9703
75914
50187
62722
28753
47736
70704
77839
96456
81205
66868
9087
24694
32439
94306
40936
90675
21087
96782
58893
88404
58622
31733
27608
1044
47800
60080
30336
43627
14880
90222
17006
10663
16860
66852
42670
33695
96108
39298
58131
79117
70603
95068
62013
14061
26051
27070
53166
28373
54936
82829
67039
88902
24372
6928
35201
12084
4063
85092
