19787
47976
12726
86441
59048
83234
59666
74066
95390
65503
78445
83769
55669
95265
70654
50612
7398
38782
86279
50566
29890
43526
26665
44939
75244
86954
88678
65416
9663
8142
51489
49815
23547
48738
16046
90050
22216
73969
64907
61331
61582
76215
98119
33849
81079
42190
64439
85325
8169
2821
23596
73511
68007
50202
15988
9961
16005
1755
5129
12786
87326
40083
52148
28031
4818
75580
27404
75286
87715
71767
56996
8635
34154
6696
49480
84114
62043
22441
52464
33105
81516
96370
30593
69373
18224
81395
57753
28076
68366
94268
11561
3209
32332
83257
62686
25619
67016
99913
80612
8962
22884
1743
7000
54758
85231
36803
29872
44854
42133
7951
31313
63809
2518
34657
70681
94917
20785
28483
130
99912
64795
71094
44529
69829
84416
38241
8059
51211
71837
30511
84436
67465
50349
93575
56556
10566
77776
36881
37755
40321
60978
32258
42999
58938
41243
46769
23370
68020
73361
45019
13437
28273
66935
41682
28860
32201
94012
4973
91220
87429
72169
6191
64309
114
23958
60769
7476
53662
76529
80570
87416
49122
71308
41549
92413
30629
77230
68848
84438
4467
87320
46657
46110
40619
60600
73236
45910
89589
75930
6780
47489
29286
5094
24071
51825
96539
71925
10898
56906
85459
65674
41045
18694
78495
18655
33371
50856
15585
41536
85145
89081
30360
45673
3133
64546
95341
36587
3533
81719
98383
65571
24455
9469
40755
50621
64122
56682
31733
27726
87268
57441
85698
75123
49911
25254
41078
74384
24526
7741
10037
90248
55735
3375
37771
92488
95360
60179
4383
66051
84332
19598
76663
30285
85000
43605
57005
48629
76879
70218
16118
98244
28799
18900
41427
43776
20282
74729
35124
12710
16479
60352
11050
11339
67363
26694
32033
58333
73194
26261
66354
82025
47446
94307
59874
72660
59286
92506
95779
3944
92481
80691
21121
77447
7776
91877
17183
97765
76001
5777
97173
37965
67712
5012
33482
17626
42889
16483
28155
88680
98051
82781
55656
84945
29364
17666
10673
78259
52272
11184
62582
75354
37534
16909
95195
89015
25435
80206
70430
76517
76592
44349
58731
64650
35593
2928
16205
61887
2479
70429
66525
42297
63035
105
80718
90402
41068
9621
4163
80062
53326
27641
48840
24820
45638
12479
33981
12792
2860
66681
75718
50604
81163
60567
23551
15666
902
75644
6413
92831
60077
77481
76868
83218
4823
66916
26007
91639
18212
78535
98286
38125
56946
67473
89454
6756
58871
20416
22821
51771
94653
78141
71507
83384
93875
9708
70016
21089
34433
343
81169
70272
28189
62151
37398
33839
23016
31328
10470
78990
47597
46888
19936
57462
33652
79415
84734
80797
6068
90329
4640
93624
88595
69055
66349
95573
41576
51234
72922
65925
70427
23559
52455
92060
94345
1689
92053
84944
13872
38615
89941
80323
39525
81477
37763
62647
70300
92325
52831
4303
29533
44711
43122
34983
36385
5788
87452
50440
22106
36345
36942
62846
15120
14912
22022
9710
92309
93327
631
19380
15366
53618
30074
40410
45281
13083
90337
36922
32163
54189
27718
44918
21842
84977
54793
72844
51783
84191
47139
45639
26412
97554
41388
91828
98918
66861
99432
96132
44028
63846
26065
65931
60152
51686
65233
32360
57614
81180
39758
97378
75448
18789
87858
81262
24832
36894
54025
63483
29527
48949
59901
23820
39236
19149
24741
17219
1316
33453
28136
69776
88336
6033
1134
58491
33712
76578
6395
83821
40433
36982
47843
81107
17374
99631
42505
63716
45133
27657
29723
50269
42849
36390
83751
48512
10613
81938
84076
11292
78973
54452
54342
91430
12254
50732
22234
76885
56074
11962
39747
12476
82050
67494
32624
1998
92161
3130
7200
17964
16391
74019
96171
84424
69669
82677
4703
45907
30899
361
73592
21879
14326
73950
45904
81087
88650
96838
5519
57415
42520
16329
42936
2883
63493
91499
76091
14284
71762
70322
67095
31892
94084
12154
76813
57031
99364
48558
89692
11056
15871
38675
93622
46655
10661
79670
72975
55058
36538
79642
1451
92707
78209
18222
47487
83441
43579
12532
33486
92785
87117
18832
99509
99185
41219
47525
25645
398
91777
49767
14152
55380
44792
97922
20566
55774
62447
19062
74517
65078
35115
64009
59045
32548
20948
74000
77135
64874
98755
22832
27761
71740
99461
91160
66975
7199
97292
33016
91440
80116
73213
45185
4911
47782
48591
52676
2923
31360
60726
85184
44348
36903
5756
52350
27711
28381
84717
95048
16732
8846
83812
75742
47846
18366
68785
36568
75784
68534
9818
7074
4639
80458
15725
89783
25096
74525
8432
12780
86696
53511
30036
96367
90236
42152
37138
68529
30385
77450
63985
56808
47927
85417
50469
4965
57492
40703
70710
88986
30352
10185
86717
3009
73581
36557
91582
68844
31834
25840
88390
13254
64231
94034
69030
55587
26836
25164
20114
57403
46301
66676
84102
56103
89701
56258
96996
57537
91924
17380
94760
84322
46407
37486
13428
78635
77580
43482
84204
75900
16262
16616
65719
8076
37467
84823
75217
25794
8662
79654
92753
44553
87979
11666
70518
59039
45724
67036
39675
4299
51695
9330
19268
38366
93274
3409
95812
65626
43844
61211
40330
3432
83079
71074
8637
70499
41878
29474
63596
26539
25110
18251
45078
98166
23237
37541
35120
55099
27360
22893
49835
51875
43103
17160
5191
53701
18377
52419
86615
96823
51768
47171
77842
40698
90629
54875
50014
64443
52512
46928
98956
89116
26966
10723
23526
1695
1675
61050
28741
42743
67188
85438
2872
75339
78380
92980
60599
61331
50627
62772
77349
61260
66776
65018
16087
78380
96993
13175
35739
46414
65812
59619
85740
88603
8212
26605
38244
53707
32205
64318
61541
96072
25022
33368
4146
84915
13412
15290
80931
60041
78700
70619
55666
54667
57839
74685
97437
68569
1185
20731
22830
97212
87677
42963
58638
3507
56225
49222
48822
22058
19456
96154
99496
65492
88636
50407
62032
37074
79953
21048
53140
4348
82267
17636
7404
46021
56513
81373
91595
80045
71125
64385
83254
10093
31144
25931
8618
44606
68920
97179
34507
38943
98907
66321
14607
92038
30642
95986
81564
8796
34306
