439
86110
870
27082
64999
9069
21949
82490
64747
69614
62182
66675
79301
70824
1393
20266
97573
47972
34754
1762
14342
43698
6231
27483
99288
72102
84213
25383
1169
53832
29103
15588
79823
41696
59195
55076
36445
7681
97401
65761
18744
34242
97182
79391
81852
44306
33096
28160
79179
22107
49362
10590
85618
42020
13381
94943
54317
80106
99110
81859
60037
8676
15180
30408
57802
42642
68741
93960
33832
4172
16860
68095
30870
23820
29747
42735
28849
49801
74321
67337
91246
14191
9370
84369
43216
18080
71327
61351
89512
75307
38920
3700
94710
41576
57380
56393
67224
2508
52395
79210
31490
38918
85230
12912
10773
59609
12604
35960
58398
60118
67973
82380
20614
54824
2309
6763
68766
8268
54954
87600
45815
93556
48485
62305
34356
6
14435
6077
34340
44635
62717
55536
72267
56232
68259
99120
52328
50369
26002
3028
99993
17317
44950
60571
88624
47146
54674
84571
39780
63297
98426
94510
83046
6891
17796
98518
38088
31078
8937
11880
68494
42385
51350
7202
51342
72444
28474
55522
23582
43014
9144
91178
73360
22222
83324
76652
56695
50550
66439
5347
64750
18333
11219
60927
68102
53430
66122
82413
66207
3955
84972
78897
85144
69171
24534
36854
88931
11246
6959
64493
7466
87522
26591
12985
33088
99825
96222
54914
12768
86880
49088
94997
53982
56619
73272
36337
5554
45919
39653
34093
85472
88580
21403
16117
76362
75453
97543
47388
33133
54190
47390
65150
35819
2080
65244
26757
98427
10654
58656
96235
58885
50604
72787
88828
74737
68297
33406
45522
59267
71810
77064
69143
52944
3814
5710
67844
11365
6488
54142
39935
66855
3561
63457
83317
66650
53622
91066
1237
1994
27697
92141
63966
46153
79042
16679
13186
15181
44821
84640
89845
72959
84827
47174
36834
46238
92427
67840
42896
34996
65421
93393
99403
17224
88928
67455
74114
99354
84791
35166
18568
70132
77680
28853
28651
30688
66518
37188
97388
45070
63581
73126
97302
95724
83132
61401
34264
56391
35021
77127
38736
17374
7414
9449
15449
56150
77784
72220
54958
45355
68385
9710
94730
77965
9358
79868
272
77695
80976
13265
51659
13596
7526
92408
49745
47343
63403
81190
8346
66025
45253
47147
80196
2988
17614
29646
45832
76624
86131
48961
67518
45111
61663
43984
20738
44619
96195
88778
35261
9448
93097
31611
66741
83983
58621
10334
90144
532
52475
21174
74026
18941
30858
25917
73161
77636
80560
24497
19062
64240
42808
49767
10518
82386
17240
46664
56740
93025
19630
22174
77196
87167
75102
98988
41834
80719
98714
34199
62475
90607
78868
87983
89026
3167
37604
89495
91688
54169
97993
18442
42937
17321
11249
56636
47988
10007
85774
53525
68838
29972
22066
58438
44193
38805
74535
69237
27637
80327
16715
25525
97497
83034
283
64883
49176
79122
62055
27274
85764
86721
64498
87060
74211
30476
1366
