84519
62204
25881
69163
88297
66500
38162
67346
54722
88667
68903
14187
38548
59462
43974
55443
763
33985
68666
24822
81956
87280
69359
87003
2671
2991
76851
86551
20273
16011
88244
63459
29399
605
84441
60637
94565
99375
40511
51252
64993
98335
54324
96105
86436
86142
42967
18285
18760
2186
51202
34321
19496
70001
63592
57051
27397
49718
82288
64417
28414
37803
31072
18170
76077
84649
55751
76761
84250
41996
3115
52549
67723
81541
7754
22350
34209
41354
18290
94112
95399
17001
34331
89354
21461
90340
95001
21473
99045
86889
97482
30380
84256
38310
59753
33885
99708
28269
7084
72217
14960
34643
22945
24076
41038
8936
92554
9616
23920
23118
31957
87841
86356
36283
97190
12537
7931
6530
56061
90619
88025
82756
39017
44484
28916
86166
40237
42181
22718
12208
82558
12098
27738
82462
88801
35795
84604
84473
98740
62034
67741
84468
9382
81953
46216
30045
52557
3024
33128
63687
57562
20763
51559
35025
43109
7519
74727
94950
63477
16558
79901
50438
84358
63825
74672
63934
12350
65279
2314
5748
6093
2140
78364
14509
54020
95044
57878
31527
56227
80885
84945
23389
88568
6009
98884
84488
35846
44016
62142
94730
78886
91359
14612
83396
84399
52471
50418
54037
66785
20880
30600
85054
51964
32539
73624
54060
60307
51330
75170
47526
41088
50763
52198
58208
70467
5645
73230
33779
8234
91797
88748
31448
35336
82767
25613
68430
71010
22609
76713
67103
60459
4787
67466
60125
84272
7602
64582
4053
16904
96483
42353
2187
63686
37093
9985
16959
27334
96955
63561
38941
60054
99588
14227
6915
20799
60688
47384
56457
39018
55367
32211
55365
93247
55025
85469
27748
43946
73752
18209
42099
37265
93111
57122
22875
46857
95254
72069
23928
53515
96201
3671
2066
24502
98089
27593
40867
31878
67870
57081
36139
79484
48408
74133
16807
73168
486
68681
87924
87780
71396
10842
23220
53640
1854
72037
93827
91358
5349
8420
25498
40039
20392
15838
89483
84490
83306
76011
77256
3262
26135
37967
88463
51151
69874
36722
68667
42975
57547
62703
16608
34054
34713
13570
67788
78705
53507
72381
70635
21385
12494
94179
18097
57403
48966
55292
67714
26471
96946
11859
15685
10971
92350
80313
77217
45595
90109
9289
17115
41550
3942
64715
37232
35681
70239
62727
12264
21703
57294
4069
89263
85203
56445
35049
56994
72987
53222
73335
6397
22792
59157
24805
87907
2116
68436
67705
