83197
41519
90715
98030
31457
90117
39833
54268
62764
42279
68959
54564
35175
65829
58846
96302
98008
70439
22946
48607
19927
2697
39661
61971
7697
75060
97642
6562
94300
46845
3921
7221
67300
71335
95379
74133
16447
22428
42642
70775
80631
15655
7341
83068
75587
57767
60761
78885
69420
1038
46116
42213
52628
85924
83274
41096
85128
92946
90381
75932
53578
64540
95752
57695
52491
96385
95117
75614
95830
59608
97782
63929
15234
39172
46994
7991
3997
81392
11127
18011
778
77837
57299
97652
73441
82480
90208
79632
30088
80759
70756
52529
35886
18782
68777
94355
63174
37541
40677
33774
31578
18621
61297
91003
40076
43224
37711
92189
66503
86103
88915
39562
4181
81339
26787
5639
77399
6177
23306
4389
67032
63796
92831
55854
12842
27795
41471
76901
38434
45437
44122
37801
11715
98915
12992
51142
15818
46900
33503
73779
67246
70080
90386
60968
64262
18606
12893
86838
31634
54957
31809
2779
8018
63081
64430
34799
55045
21221
51475
14509
47871
45802
78777
70120
61009
44651
21988
39381
65381
17801
81301
79044
46374
80711
57336
9285
56814
42892
64937
65449
65668
55151
91472
10081
33458
12939
73787
922
1267
7088
34546
95062
50990
58462
35632
53894
76967
39044
94125
11612
72015
15885
78953
22099
10090
82499
13347
17057
67117
94326
90669
14580
51636
28304
2215
42394
3749
16244
2658
74733
98338
3963
13985
39872
12196
79001
32613
13352
5313
92447
4420
96476
24164
10587
41033
23855
32103
48600
92474
57204
4745
61112
80132
37126
57247
23103
80612
99160
19189
3835
64252
50686
51266
94605
80270
54388
65404
18198
54541
47326
87124
52575
9306
11851
75730
47015
53493
31732
7261
42257
643
7330
95351
15429
12991
45616
50141
89545
26510
40108
82061
56580
11892
77707
71078
66141
4934
25301
23723
11041
63474
71316
73101
71632
73810
89703
93512
3710
63310
20684
36154
18588
11988
74574
20448
58145
10171
47568
55434
43992
47936
36213
20570
8314
28233
99835
76313
44649
95719
93336
49434
21038
88239
76847
27005
67628
95162
32173
17039
66015
80464
13786
5650
57542
77218
68812
83803
36918
56867
42283
24473
17863
21527
538
43244
83290
8990
97309
12000
92666
91916
82736
92346
99238
37807
3379
95797
13646
53217
92259
40682
29457
73116
22609
80216
43416
69402
96590
34080
66257
41440
67451
17652
72595
72436
87251
82443
76667
93115
30900
16449
62669
44180
15537
30282
38407
86001
62961
58529
60238
84286
54815
48696
9365
98624
15208
6170
479
63498
72666
54491
97084
32279
99343
92818
31607
59
95182
76837
57077
66557
90164
37049
61675
36577
28937
31508
50369
31507
26709
92776
31820
93427
76463
79806
60588
71767
47553
95143
20771
99451
12530
87960
98010
4272
13419
32657
47908
68574
87809
54664
11415
45140
48906
39445
39041
42422
72986
43255
73116
18580
77716
33356
2176
81292
35787
52392
29770
33590
31219
84077
28827
89388
88178
59962
56424
90314
54194
18632
40480
35507
48368
92131
90337
40862
48286
25907
12194
39945
45897
67236
95293
30653
76187
39135
21340
53594
30013
10138
92467
48426
74184
78300
47812
58571
65413
54688
7796
26342
16097
46812
48038
46437
36958
36684
30251
16212
69084
62412
20965
51516
1869
25113
65512
22857
45342
36194
99230
98274
29309
84068
86312
99420
90822
86926
18306
65426
76438
60026
20859
71342
13885
71936
94481
86188
17257
38357
49026
56745
85240
76775
17443
68240
70418
83611
6880
33246
58549
11227
85779
37820
22891
28215
5041
34521
87903
42253
22739
67035
24411
66153
94637
3978
63327
2263
42157
13552
64031
34070
99744
43460
8614
77447
16850
96788
65996
56726
66336
67060
40699
13717
43964
87958
65792
28969
64112
99391
11574
23082
28644
8055
87763
81835
62605
61951
70195
26329
98167
32409
86677
28997
47189
77287
21163
81422
13436
10560
83767
31277
57747
26666
67476
38304
52478
71732
68676
2640
73117
42441
83817
71743
42970
75492
54763
72610
16745
36613
35982
28508
21579
70341
84714
43102
431
56325
22884
99588
15725
83250
43658
46322
19032
65245
43358
90076
49544
55585
95545
71320
32234
44850
76504
58369
76204
15531
23020
86715
63938
71174
76987
80798
28410
78098
55595
56289
25949
9946
59910
82793
61097
25574
17951
91902
44103
13106
64039
74231
57375
76934
90370
92796
69336
82665
4338
7530
52364
60741
39716
82064
10993
54674
74830
27848
36912
62471
12404
66442
55163
2769
46209
19309
24392
43322
92413
40044
4033
86490
94682
70180
73325
36626
52478
66266
2682
87886
51864
57803
62721
15781
23851
54881
65245
34758
56353
90417
90822
90904
78966
39610
8298
65613
17813
84121
80824
58299
98880
20292
36600
18042
22029
31293
31846
22005
30432
58415
46327
91732
93453
10073
99421
17857
23674
83576
9899
80690
20221
50600
13164
47110
48952
17455
65870
36336
