60847
16977
24836
3430
61992
68812
81221
29447
7109
87741
11285
61333
96807
75184
75431
34632
53306
89906
93439
83870
49575
81672
13046
58835
10641
45442
25423
78654
90926
48214
5607
42961
24700
29352
425
50520
63527
71236
24592
2965
34418
50156
46926
57134
30097
25487
59610
35070
15180
23474
15320
76328
4722
62186
35993
22642
42722
11477
92967
40980
26841
7437
97961
82793
59949
28981
70652
7924
87151
91796
62594
84777
4590
57486
30613
94414
66720
28271
39841
97323
49917
23039
13663
33959
36870
61438
51800
79796
95168
36460
71222
82494
39335
90505
58705
31756
17455
61349
60110
40450
31966
38616
1303
99499
29574
33197
22344
35176
88492
39665
27071
65329
51250
41167
70999
40602
73373
36410
30585
29745
18314
4641
10073
94180
27001
94793
25580
15681
43722
14441
14898
88364
83279
17610
64313
68377
83395
74829
8062
96232
16654
99008
77590
4442
69277
8317
90068
27282
11719
55882
76554
2280
30129
59622
37421
11538
23519
68618
19972
72591
96036
15361
63287
34077
19340
51323
66908
85304
52667
43488
83004
95785
2289
70019
66048
26949
23997
5119
45113
95446
537
39991
16183
79421
82313
93940
93229
40172
46558
76759
40868
54344
33936
46598
45478
34561
48857
10997
30091
25570
42976
73045
20676
90710
7179
67121
74657
20831
98732
28320
57784
43097
17743
6976
50414
77483
16755
91864
98472
69044
80788
60922
90510
48336
68277
87410
51984
76897
70533
10432
36786
43392
69889
87118
49198
52972
72273
57866
31129
65393
28805
18989
51892
29120
5089
28373
60367
56900
81573
46227
11557
42708
79462
76314
67841
68492
3023
21504
16916
8096
79454
38935
58738
77150
25529
51634
82529
24540
31304
13263
7395
88484
6066
50720
31357
1767
97873
93897
79595
16881
10902
35913
72584
76962
59992
57233
93377
38761
40574
16001
33840
33359
45361
67345
39273
46225
79558
84694
9297
55924
82608
44378
37589
43678
73915
48846
39458
45390
41437
11788
20903
7541
52697
46657
44709
95357
7245
74863
80576
95895
54942
89998
53433
19258
58224
48541
9026
8128
2290
94566
21165
7481
34271
76285
88707
46178
91839
85240
86984
95337
79823
33649
25193
17243
98246
69687
85461
99193
77931
49608
39413
902
69880
28833
89511
64255
94411
13425
34857
20960
65113
24689
42357
68055
72558
35924
63632
32753
65952
19737
21130
29562
41996
14718
70475
28172
76226
88463
51241
82559
26183
43142
69799
75578
3714
23553
45963
83684
23844
41075
34805
51087
87191
62187
39604
1023
3456
86786
58492
46853
28523
67733
57392
56625
69458
35754
94967
56041
49001
42493
63805
35949
74233
91811
16892
2663
61645
38626
76629
69567
73322
75859
14166
93183
67870
63393
21365
75176
49740
