25184
61047
93378
49787
37856
37220
34281
42566
93169
39095
56000
71073
81440
24068
11140
36806
84340
55784
26251
91817
18348
66474
116
57882
98159
3184
26793
2840
37265
97601
20350
13648
74438
43816
88955
13424
18201
8546
36987
17208
13674
22905
61614
11806
20879
6269
73531
1697
26874
60112
75638
12707
64585
46432
67721
48180
41087
30225
83889
74283
26654
71139
2426
84003
99334
50097
61118
83649
34834
46601
4937
79754
84733
59511
75902
46093
59744
79845
7189
26515
25864
81067
50777
78986
68157
72570
48114
29297
79811
34192
58356
64488
7901
90088
66805
57738
74849
44846
4020
73760
39753
10794
12357
83794
79043
37143
45042
96420
77322
11132
2426
80517
12400
3485
78350
89121
10412
92931
38593
21133
72517
47686
27848
34127
61326
68032
78726
96582
97094
7733
79245
30731
79591
42372
31699
46564
85733
73032
2848
78375
97613
33188
83799
61175
34153
93976
8496
96542
34522
2742
90516
52673
51145
64201
351
10044
3027
81032
53873
15496
34761
6711
96623
84388
66907
76309
76288
26291
56406
86399
52498
1639
46828
11589
81454
46183
79878
66972
66813
96536
31751
27432
34786
34330
71444
23541
38679
65903
90207
54737
34692
51349
96417
26500
70507
79269
35884
88347
92012
94135
81082
99204
64610
67854
90923
99043
53686
74723
25921
52800
79860
69197
56511
51917
49127
59414
41353
94888
30355
57682
23782
93910
91907
34537
45403
59098
22368
36079
72228
95615
42484
7233
69883
87521
12459
95204
36558
15278
78421
80312
64306
60860
43568
20031
64282
46476
99147
9476
69882
66281
45211
33478
51831
91552
66981
10630
61237
86275
73988
72096
72131
72721
77353
25292
69497
1080
53873
20084
55367
18112
3191
45818
42677
58566
94672
97776
66851
33665
86318
96625
16455
56148
44676
41067
93325
63568
56417
68562
86594
44438
49703
41978
9784
42557
31367
66326
98253
75841
11402
27538
24859
91311
14232
95262
19351
33564
90075
33032
50314
94997
57136
53194
6653
26475
57476
64576
93931
48688
73994
76348
34391
88976
72300
4554
37233
63597
39220
55789
25555
95888
40919
2806
63934
99624
19064
10258
11308
60183
65026
60295
41048
78417
17046
91751
796
91093
49346
29593
66026
64093
84912
73327
65588
94911
8198
91634
39770
88439
41700
33718
84203
61445
65969
13586
38924
86992
19849
93417
12082
65334
30884
51315
30711
51559
33289
68028
14259
46127
27174
98330
82064
7704
82496
69473
3062
68120
55820
44257
7486
14812
44816
98638
60551
52754
16120
27832
60024
87065
51711
83425
83072
45718
54733
64493
96852
43356
72413
8216
81056
59791
75495
7037
79266
82498
90171
54745
66394
56094
47216
45055
24300
2558
97984
55914
23997
12716
15689
85971
66358
43872
37970
40924
88408
19028
6150
67289
92090
11721
96561
44207
60945
64191
17337
77793
25932
22884
11685
86302
24637
62628
57749
51831
924
36096
50247
78231
88149
65197
26840
84176
1882
45972
22430
78370
14468
67805
61779
83229
87962
24850
39426
12993
65015
79703
32894
36727
56984
94301
61366
45981
81778
887
14389
30354
56009
14156
21050
78374
82180
53825
5661
48979
70439
28354
41219
43205
29939
81824
62768
15528
70579
91458
79356
94236
63559
975
96553
9287
94170
59602
93581
56663
10414
25450
30718
63490
47274
8662
90853
23325
15768
16315
1582
1111
79886
1132
40192
85211
95775
36523
20741
91961
41965
94251
18178
11914
33421
95088
83641
12080
29009
37702
35893
43719
72258
99916
24554
67337
95650
30505
88488
66798
31340
26415
43332
58527
29597
26997
35538
79296
78910
95305
40241
18690
22981
34278
380
91337
50849
85926
2384
69530
48884
62432
61250
96162
41235
20064
5502
71217
2913
63106
95589
4162
54487
40449
11689
63669
54596
74602
89494
75634
43858
353
35292
30779
88241
13332
69329
75201
67941
46311
26662
92721
15658
61562
37401
82578
48286
12350
62439
80408
72139
7825
14187
39969
46724
61901
46306
51295
96975
11966
6654
42182
27508
13335
13013
5978
81289
85484
80106
1000
14001
16523
2007
44853
18531
42598
27903
58471
89641
41335
2934
10474
34544
68587
11266
47898
5695
15436
25621
5924
66333
23591
79825
81760
1130
98722
66471
43171
49474
87153
27230
52545
90116
26524
74260
55913
7729
98273
14466
35805
56378
15306
51031
52724
2895
66377
58734
8416
47520
50134
71205
9383
9833
62741
49566
39517
39586
97127
64837
81004
82140
88472
99528
15875
4661
41327
57369
73386
53355
5456
7034
16511
99359
71136
52122
85409
19441
38779
39869
57790
41451
39974
23500
60757
10076
54955
96851
23480
19044
72942
93181
44114
6743
32531
34429
41344
44091
12867
56576
36500
47885
73888
97692
51584
47668
33527
71453
65337
87712
20886
29835
18436
49647
86889
95811
47063
62519
16506
13946
86101
55680
90654
77305
15282
37268
39247
11843
42931
26978
17945
2157
66056
64681
52301
98704
61865
39841
88094
40556
13243
73430
94835
40198
86427
34525
53474
5302
10809
75436
8155
71904
48543
36237
12402
39755
37613
39743
40989
89586
17358
30589
99502
75161
88200
21104
88736
44542
89343
43143
80760
81097
53409
17197
33202
14125
5124
23224
21491
95020
43498
52874
23474
15807
71132
78936
36089
27392
63801
73603
