31206
68196
29941
98862
20532
68316
51916
25731
53504
10362
52047
29252
22984
93313
63611
71161
57064
42642
67737
17659
89672
59362
62826
75631
95048
25477
76020
21636
25532
8678
61466
31733
32116
53658
904
96692
50989
42222
7874
48411
23806
302
75709
98742
95615
43774
84664
93641
73062
12500
79677
89513
92186
26467
17699
65449
60678
86658
17515
74759
41068
4562
78140
56781
81882
46899
13620
15180
27484
15282
48494
17050
52119
30680
28304
93005
82958
29604
47444
75792
94084
12708
76535
78329
25925
15200
70106
37111
11606
64932
76409
60253
33399
28918
17221
34795
86344
29902
45714
190
3952
34481
2316
24087
25438
36533
87353
94703
19185
29987
73684
58866
28620
2950
81388
41389
97937
77315
92377
21722
74237
63570
86874
47864
24703
81428
13406
21651
83911
44602
13329
23728
96587
84653
13046
64908
70813
19611
92063
52752
81359
50132
36742
9041
52919
88616
15589
96534
88029
52118
18971
47774
7440
42359
9816
84503
97047
12464
85287
75962
59220
79035
91045
50228
58506
80120
25452
59922
70439
37412
69902
5243
25737
53346
64235
60264
20714
41186
99445
21187
84127
77173
6853
80440
16201
80785
2688
83597
66937
81970
32778
86160
41429
77607
5524
54294
96187
52372
89461
15409
71677
37983
70875
52775
61244
89139
14596
19525
48409
92353
23624
46797
92131
97534
3010
2939
567
44947
94815
8124
51229
76267
74242
44697
94433
77074
46107
93335
22436
81441
27677
63216
46421
67915
14755
88334
84089
42870
90048
87014
90691
1044
61308
67995
54002
82026
64580
69985
6604
95395
46599
59851
90557
42470
76102
3845
22219
35709
40209
80598
60743
70397
23345
59418
9054
75677
69756
56513
80048
22244
56063
21656
66892
13461
45441
99350
21049
65113
17703
31726
14743
81450
87890
20661
40729
11304
79768
14251
15607
10942
95054
11406
8316
65833
20520
79841
45748
62803
95163
56475
55026
96102
34987
9335
95823
35779
20049
52081
98715
49219
96646
72780
74336
21586
93600
86493
46882
27225
60824
33005
9950
24037
90276
15545
58892
59419
21576
22983
62711
50859
54350
35047
22743
37317
73212
28626
10413
13600
82509
77033
50974
99068
86645
97779
14587
61558
76541
78969
83499
19599
98019
44294
29680
16354
65689
663
42818
20482
44292
1276
52569
98416
13469
77238
95702
14675
33333
17981
4423
46081
63282
39363
49030
15713
83012
36195
8592
9541
62199
50680
48864
27875
89114
84333
32315
12412
13372
45598
37089
43786
91427
64157
58947
98608
50768
28462
54492
17648
13585
30127
25362
43907
24801
28431
33311
48031
39487
33622
63276
38603
92085
26114
83619
30950
62342
43040
54175
84963
32113
7078
66914
87177
40593
31285
94176
67083
28330
35673
44407
24475
41016
36613
32203
22064
15329
34056
64691
29607
87294
437
58580
29855
60923
9023
53590
54908
7754
25990
12434
73391
36467
84154
33314
97455
74313
30110
47128
57155
75555
3455
78532
51894
61041
81960
64681
64930
48077
6611
17693
61307
53100
24436
89538
7512
60655
5376
64785
99158
90863
76506
99669
74804
93698
28036
92873
67772
16202
10323
92073
15883
41859
11905
94229
56063
16302
81891
3860
82887
33280
31070
81892
6350
25055
91336
27677
55149
57269
89950
38200
11863
80960
49279
16295
68278
9251
87106
46911
8914
17069
73772
49621
49199
71316
70541
45620
15307
65244
25346
82163
75017
64037
38299
80545
68460
73478
11683
49607
22871
82636
22469
25914
32676
72119
60909
64962
73975
54056
95123
86248
14000
96444
76046
61597
22292
61868
78633
41985
22775
66759
80966
44144
12133
11507
99234
65344
95002
46117
72077
61366
49151
54581
21043
67694
1084
34479
67228
61262
93419
32801
72167
69294
89946
72144
80319
69798
58706
47706
65161
33873
97350
13526
26996
6134
91826
69714
46758
33730
89030
76360
39537
83786
50125
33543
38614
65581
82111
93522
78806
53014
74076
48636
93780
10696
66136
17666
13194
46579
32746
42392
66909
2105
90607
79237
96567
53595
51455
84219
24366
12191
96586
60782
35947
44235
33774
32814
88441
71378
11856
64024
16878
66057
84927
27404
74111
43891
55408
13610
40274
68381
45301
51886
21721
64639
58780
88068
5205
92243
71777
22594
29849
62728
30704
24732
63433
83783
88874
53045
93562
40322
79327
9447
84118
18306
60755
74686
14768
98463
15853
39044
95710
48016
82093
92540
64318
61336
36626
52603
70871
92371
26286
76141
61150
15433
77619
92596
9966
1276
45420
51798
43569
46206
66107
17354
62782
42950
35087
97592
72484
4447
45282
37548
51153
8037
80747
78021
50343
96982
17173
29680
17845
23636
43478
15667
12641
56018
63278
76298
4377
72468
34382
44519
13573
19320
2422
12310
37
29785
80046
82477
46792
13211
36245
56746
4334
42131
69992
20425
75755
65921
448
31042
9707
55364
69198
65710
61434
87625
56779
55964
59514
26596
95271
68779
31937
60248
56541
62071
95158
61176
45687
41213
44061
9238
73602
82898
20164
95608
30257
21121
67365
73954
96661
29949
40284
34671
7607
51530
36265
89794
15986
73255
51165
10552
52552
21336
81158
82016
5078
56170
21259
97436
56854
15424
30685
15312
51209
49566
26581
33929
32648
7897
23311
86397
33128
71923
74777
44244
89095
65990
53861
12569
44067
18554
40810
75796
61749
75273
64589
21502
78185
14429
13151
33567
40402
26239
97021
82265
76687
35929
41173
69698
76803
87652
19088
11492
45941
2673
35473
84979
99760
10050
6599
12656
8023
53748
16550
46897
70959
76392
71753
21683
27729
26734
2505
3334
47737
95091
36431
87079
89151
16301
64018
11014
7010
13973
50531
44796
70562
1700
82133
69512
51454
66100
14386
85873
21527
4625
45431
35948
61956
61635
74386
64068
62957
79248
82445
2369
28978
16580
52809
36659
15627
33580
61446
87454
84817
75535
81604
65917
36382
49555
48981
99520
83316
43914
49501
33164
68472
66449
73158
32233
29849
58025
89649
81496
60569
43948
16296
83936
63752
51112
22364
63051
66819
91232
86375
49589
17922
4795
90016
44580
30207
80695
367
76474
65028
99653
5122
90902
30965
18355
80860
64354
56348
7429
56191
80991
74022
48762
18358
37432
11561
538
51639
70721
71261
45438
58141
48288
51970
33029
5667
50836
82137
29381
89227
95695
96168
48684
15511
86534
24741
17593
75672
75828
5746
82774
32687
50063
82984
60930
18562
69627
82559
