7882
76314
66957
4719
19623
94042
14218
65711
63412
27221
98246
56852
89796
57584
83445
17891
90141
57143
67517
18587
80100
97549
55443
96454
43510
54572
62736
73931
18870
43070
64656
42424
93740
28854
36187
75272
63322
25534
45682
58975
58137
84076
23878
18041
18930
55484
87701
42418
7882
72473
21362
29188
60005
65158
70948
80918
44494
96478
44439
72384
12180
2886
18908
84269
66256
24139
90018
76529
80614
37179
56073
85615
78324
40478
98786
46758
40836
12185
90432
47992
83161
43170
45350
79892
98789
89791
75058
56930
86453
62094
86455
8582
47223
55319
20736
99265
82097
53692
74288
10200
37027
89244
74161
89593
39411
62396
64500
23966
93267
89617
49525
39801
16790
78856
95659
79419
57982
69263
67402
88643
79772
76440
88567
99714
37270
73324
14219
72945
43789
33221
28560
93611
73772
40922
58102
91562
26783
28112
64069
79858
35100
12135
57331
39827
58944
45658
45016
56217
2887
34181
67108
54481
34006
32003
53484
83478
73789
35078
45330
44276
29586
44561
10773
65872
69144
71340
70234
80462
79114
27480
48162
27807
43565
85128
5744
46739
19556
67600
11909
47292
8572
71509
21514
72286
69961
5186
69625
47381
11123
45842
38220
38917
60973
37846
63200
65255
7105
15753
53018
54701
24620
88688
32626
27661
91415
57423
75120
8458
61668
28609
25688
29407
34204
47637
19046
98182
89394
95720
7553
53596
55910
55527
14915
75849
47695
92352
13742
54032
89291
60011
77823
23175
97334
42468
47242
71407
3154
9211
14297
90494
88426
24638
85781
72834
83497
79747
68139
75313
45614
5751
59824
35365
60021
39396
7657
93650
28576
73583
61913
34552
3404
20666
31860
50464
23698
82255
10596
93606
87269
80059
3595
23381
57062
16017
89336
23914
7785
38496
85570
34550
65167
27034
44256
85921
22976
47669
50603
60598
45028
70569
12445
54988
60381
96688
75787
8768
71896
25158
16698
43378
28694
55562
4377
73207
51550
73663
10145
12547
72172
53324
84870
55366
15052
85073
79699
56341
99855
3522
8032
98635
96702
14862
85662
76597
31793
30437
42914
33517
11272
47195
91385
57963
49171
90252
11007
2158
75921
54908
17248
81330
61691
15998
83128
81647
98436
60355
60852
12592
35147
9212
36518
39427
27494
78230
65244
19858
47865
44564
58564
61913
46362
80776
53538
89046
42948
11214
67876
49569
83953
45378
46342
50960
66993
22918
84280
53957
21219
23578
74373
43821
79138
36512
33890
79884
67141
5808
13491
48925
62028
71517
53669
93070
70311
79587
70642
48410
97107
19677
1468
76221
350
98824
77842
42998
49584
27278
47288
44733
4615
73342
17293
34328
33209
21984
80000
22411
62421
73425
7627
93549
29683
71297
47807
74467
20878
93215
15883
49779
14993
91255
64131
23470
46691
8307
26092
13313
46812
47642
3777
78891
74854
25505
58775
93332
79744
16496
49525
35016
94589
1759
76967
45529
86336
6182
9512
66820
8532
3267
17395
47499
99884
86881
55522
32210
37117
12891
61217
42685
80936
40603
89230
45123
62530
776
58016
37850
27170
41981
49450
76068
39140
5192
62610
60996
33517
13923
99046
14905
2760
97436
51727
45020
33639
53612
35391
9401
7652
9652
25573
90584
91103
16729
67731
23732
52059
37647
19131
22906
78269
24219
49006
13750
2210
46847
37818
84231
18388
39190
57006
64473
61977
17630
7445
32237
89778
56022
35160
11419
12580
36333
41628
18957
4259
88087
36122
86155
51570
13337
47459
16938
75873
50578
41993
62277
62063
68031
53421
21756
49525
45993
89490
13785
79642
4855
98492
90964
85167
47958
8788
3281
50799
59494
90725
72169
13012
86338
34593
91686
14138
8511
48341
39242
19455
78805
32832
90736
44752
18547
17098
57978
8419
92638
12866
33644
43935
99853
74867
42961
23063
11646
27793
910
8619
64974
82860
84469
25610
12401
18290
95231
92149
93005
75437
21790
10728
13013
4765
92933
66658
89336
22079
75330
24608
77979
53910
41133
99778
18365
58842
30961
54782
99407
82322
41326
39160
50721
37572
55926
24056
7964
50058
92373
69034
22384
1857
16588
98993
25773
62957
92476
94461
50926
93568
46489
15728
46765
64886
12434
85910
44313
50426
90067
11925
21425
82680
59130
59686
10308
53380
36960
64062
62589
99193
73111
35484
62096
18287
38537
71872
14729
51475
15752
36071
35927
12416
73557
31727
15335
25705
11650
94614
17931
64620
36339
36424
70418
73727
87810
79287
29297
79485
62222
25174
84643
44785
81386
9747
16964
16116
61622
50336
66038
71596
72596
88356
48265
59228
16898
94953
15780
9903
41389
998
74359
11857
83251
52610
86092
4838
23400
69248
13694
54471
73163
6841
79585
43561
1353
51569
98493
20274
33643
16570
91130
76418
18639
55695
42748
40997
18315
16666
4730
6193
97066
38374
34474
95032
51473
85442
77066
952
14590
12767
80904
6831
14769
28741
35556
76037
13067
24457
35183
8157
91909
59130
63441
22140
92815
97295
85784
19205
71198
92403
61900
27746
22584
54513
69045
2427
2366
65906
53547
29517
75248
44461
41497
28882
16698
35081
85487
38359
89376
86659
32916
1662
45660
90430
4230
2769
51572
49003
65160
10391
44523
70880
39005
44593
48578
21750
48948
40724
29932
55076
34596
38457
23421
32599
79125
16082
85243
31543
32039
69845
49906
42014
5162
56176
21723
95408
60133
23708
50606
6803
44130
64391
82826
12756
95419
48100
93076
74751
98755
21423
50960
62782
42435
93057
54321
39169
1639
59664
46717
49741
78266
71424
81934
24687
2555
45787
17250
16543
29122
37707
25259
21106
27188
42310
80533
74702
79304
15161
2424
51099
88165
34201
4231
23627
86625
61626
21895
81805
48858
40076
45590
1583
11675
16436
41637
80276
61151
24986
32641
84452
38318
96969
7001
74457
65843
95401
52255
19990
62406
19250
33805
52862
24538
9385
41688
34691
38788
91421
55519
82911
41129
28286
86442
82028
91334
92454
16717
53274
51570
6140
98465
37845
47075
71104
9020
4750
45956
54985
3301
91599
46171
73359
431
55813
20312
82999
20006
40271
23727
69605
21280
39259
14441
9037
79714
10450
34527
74929
89844
51681
73042
82986
4719
11948
8084
67641
13389
31857
15843
66294
62111
71740
97732
