75072
947
29455
31555
30647
64833
19484
68818
79518
17758
58837
41666
61235
44921
67776
80255
2427
90469
62699
55654
51992
2660
17017
10157
15080
46514
34532
70578
65767
6564
19763
44500
92522
63022
85338
20734
69150
64149
11092
26173
81704
47766
75674
6388
60811
21555
61453
6123
18604
70157
85284
22090
58317
96482
10454
6778
18633
62617
63834
26900
92299
15912
23128
4573
58987
66220
31863
4821
32559
14578
10953
81730
90194
33143
26373
44498
60040
68048
47688
76824
31836
61629
71233
69713
33688
78779
3699
76505
71529
43840
90322
97354
81547
21912
71991
20120
49774
21045
98492
2281
41422
55496
339
97817
53367
4825
648
6488
52818
83743
18433
99963
19238
35421
6699
89713
54113
51201
13443
42447
92805
14363
443
53768
58204
10653
41254
35114
46011
87902
18109
54971
75738
80486
85780
49337
80749
1446
8711
1510
86346
68407
72172
51696
25007
89461
15825
69487
36186
71062
95994
9870
91913
30200
58095
74072
94664
56577
54154
31365
41691
83064
8086
10111
42659
50821
18379
87538
9822
73463
60776
27041
69606
34595
24498
25776
10506
76615
25714
71534
27470
76818
44704
25125
66059
26063
29480
62366
46580
39837
28782
20890
84993
30998
78156
23691
72916
61929
9449
15598
55368
34283
86573
77536
5578
62232
8139
1358
37128
95901
48778
88617
34564
96747
77572
3496
59863
92427
62409
81980
96026
53959
59482
85519
77672
92588
71608
84184
25610
13709
11408
32438
78450
71686
85413
87652
16909
91375
85420
14477
13074
26740
2535
14113
90483
94157
41046
48230
75800
22020
87241
7855
23763
78511
84814
17854
74412
5811
76641
61569
63570
90107
86126
65264
49796
99556
73693
18039
83619
30675
45365
21292
55555
84833
46646
55814
38761
43872
32872
70364
62660
197
14849
59171
51930
67133
70811
78725
86042
68308
9607
60977
6368
29149
92094
72472
6023
28277
49133
56764
436
42807
41751
89519
91415
67777
86461
98743
9926
26388
86798
64731
4336
88854
24278
33078
25310
79775
43000
77994
96298
19046
98849
96414
73292
84548
45364
11231
63729
54190
51902
83531
66728
68019
52279
34832
14941
8276
5102
53218
9481
42200
41211
16189
90024
87489
83913
82758
60048
99677
15977
24933
39080
7410
36307
89592
19928
25379
36171
6192
75782
34513
41361
41861
44248
47829
43935
96245
35945
8906
85355
5949
87610
13343
51986
9329
89435
90012
74664
37377
80549
49415
356
93139
26571
67176
96460
51980
2545
74700
35433
6396
7912
79515
67968
2273
5044
83232
26479
27535
77702
97215
38803
53026
77088
73092
18032
65795
81892
9480
27017
57903
41865
8765
19046
3089
16199
62498
64648
11759
30903
71320
34639
66413
74019
1552
95577
1688
79833
1839
11721
2298
27174
97450
84063
2105
84357
33158
70156
75601
83541
23411
54537
70831
10473
15034
71189
38320
24849
23526
93979
52803
31959
16251
21139
85847
80628
70718
17362
97308
6527
8288
97115
48697
28214
81078
39507
73285
63820
82907
70215
64389
46616
53181
87395
3263
45450
60075
46836
53812
86140
6097
70075
13208
93148
91302
61387
1718
74093
34082
5755
25810
83074
70735
2117
81345
26131
80556
53556
81630
4234
62823
27866
33079
41756
80130
96465
39514
90
17984
53699
94843
78830
54729
98281
60856
71211
564
90837
42546
52929
44216
23585
90428
78221
23778
21722
79425
59970
77642
87038
96108
29470
99286
41073
89499
52524
36857
44842
43513
2502
52765
3164
75740
22738
58297
62472
32809
11761
69360
95397
76952
89702
79117
79413
54001
71364
70652
8853
87532
6584
58499
70971
73153
36976
43969
58967
21296
11617
42623
49811
50169
63591
36107
32276
49876
34533
79291
93634
46410
89092
20988
37886
33088
97541
13493
69282
78662
25398
56798
67377
61258
37927
29883
30431
39858
70232
51512
33988
18953
47189
75074
35431
71797
53045
97265
84005
31764
42691
89575
29793
22266
13468
57829
95141
89039
26871
8509
7537
80139
46670
52206
4115
68913
82351
25232
73218
30033
58690
67323
58132
95406
27046
60864
4665
9236
23909
36325
6413
80055
37790
27351
76393
93980
75850
71285
47244
8182
25529
49743
2997
70296
21432
96701
6855
22502
92353
32708
9552
47666
6874
32667
26971
549
35337
86224
12700
43740
10906
92623
69089
42004
47118
82083
27847
14640
58541
61901
31625
12711
32510
76051
41872
18539
81219
98902
88818
9044
8090
64252
55309
50637
30667
4900
59995
4593
7453
59930
7711
10215
87254
28558
63083
97476
26802
47397
79675
54582
25882
84356
16295
71992
23932
21829
76400
6968
13203
96443
70930
75345
83096
42276
8687
8364
69711
92894
24903
35398
16825
69027
97187
65555
47129
81102
41724
29061
10338
59811
10461
24370
87056
8141
27930
7918
75969
65977
33386
1000
13216
23283
14794
42244
81979
80993
9327
68340
56210
91640
37677
13012
88722
1002
49065
18968
89415
43309
69033
