13710
28749
80717
73163
2780
37779
35519
53667
51926
2464
13526
38628
97598
72455
15538
45426
50874
6735
5099
9854
24366
10911
90157
19310
46651
36791
33947
41019
94060
6413
89571
61434
92304
3220
32385
86429
68129
10965
96756
25151
11567
9422
57963
54205
95357
16351
5923
51807
89458
76347
27113
85141
10469
51663
70257
75346
97138
47375
15757
18431
60688
49465
32354
54474
10436
95022
76614
2407
65154
10380
62590
17147
86566
71897
34823
52714
40390
15742
69824
97080
68603
81590
36793
62404
99266
99451
12428
77969
75140
41822
87448
86189
36328
43332
56954
3654
25888
92729
46356
90010
44040
56320
48043
43179
88713
49633
50397
5310
45481
85618
35617
2316
34227
32643
23227
68598
94659
80813
76289
42923
87361
23266
29892
85298
56995
86106
36862
18974
95752
47236
78546
80993
942
38753
666
93888
30858
20140
85120
65347
50896
89002
5286
40608
72761
61090
13692
19500
36016
11140
39064
32990
47919
46815
95165
88076
38845
52589
34894
57058
43535
78418
36344
11318
21279
38856
40246
95366
59231
72940
58129
52130
28308
67916
36357
32627
54777
17233
27621
14365
33830
67666
19386
20386
