95004
70290
26534
48403
90085
6192
76492
64991
74765
41428
66237
7426
10880
69274
48129
85555
68992
17014
56166
49035
955
53138
62683
88237
50463
99970
46526
39700
20538
83728
73910
59616
37674
62430
33688
72686
1531
37760
12399
84547
30593
73120
85365
89663
13570
63754
84129
14523
84104
82401
69822
65701
7301
8729
16683
91997
48094
88175
8005
42817
4379
5292
43327
79923
29822
4943
82940
31545
62321
2699
62458
5238
34881
31163
42049
90883
25855
43992
58494
80691
32150
27342
31236
75777
39498
33152
66569
94053
93739
13724
60489
14622
46752
33188
75680
17025
44753
36192
69043
70177
35142
16372
56353
95734
44439
73599
39999
48395
47275
23019
70617
30168
17705
71261
38419
95054
21434
34531
47371
43070
61225
76259
36364
56637
71031
83565
38962
11242
42138
89610
30825
71938
28671
61630
81352
34918
55810
67535
18461
68836
95514
48032
52644
61798
11381
75342
27086
18401
70322
70427
27528
55268
59517
75826
67958
26254
41268
66172
9822
72707
54225
35567
64003
69281
73042
81268
32175
56581
34381
25231
51849
5563
5037
60732
97022
93035
85838
24412
89621
10691
86540
25746
4825
91279
76836
39884
4342
76392
74440
78608
27036
81326
1497
72026
98156
49346
38888
67149
45413
31942
34420
79622
60391
60052
56114
87585
97156
48642
5065
38583
47136
84950
3479
80522
93077
95009
58011
54680
75098
24221
74499
58636
59867
62057
67264
78092
52113
37346
61259
46173
4942
60639
27771
40515
25014
95493
2932
85954
74040
54870
76945
75038
18981
5835
70919
98569
99614
58182
40564
34943
72882
82034
3883
63691
27977
92553
83766
1990
56498
27111
44547
76579
29098
35482
24790
43420
45769
16016
79695
82515
77591
27398
69610
98731
10902
33589
19012
37740
86769
78641
84394
71216
85642
32899
23519
71593
30640
53734
74815
73466
11568
20440
23706
19816
37146
92794
34771
76514
27318
21896
94306
41013
92899
1579
37416
33288
56099
24362
52495
52644
54505
44471
2300
56894
85892
44152
34252
61386
86878
12675
28588
75782
32745
26974
50619
35182
95712
81056
68865
80407
55850
38227
72832
51450
98274
42146
32346
30159
77365
35642
23781
80888
39333
58403
43313
40967
18074
63248
77112
82254
442
36478
64923
27376
91384
45733
21376
56935
70179
53352
52191
47695
91131
80695
4039
94005
95047
98294
79513
26549
4298
41681
6730
22259
95524
17591
45131
2222
58221
84094
21649
49422
10184
62918
36058
4475
19100
6240
79647
83272
1895
51807
92569
49463
4668
52702
32170
66044
65788
56184
49528
94334
19482
34498
86317
88423
78009
57331
25202
54279
45992
65515
74081
33857
21906
72612
53287
73393
81672
20108
58535
68886
31321
94581
67423
43986
55735
2684
9829
96978
50687
63556
48392
7305
72690
69798
49810
28701
68592
86271
828
22619
51381
40611
35599
4297
19945
13139
30719
78242
69698
73576
54621
83016
10042
86010
25802
38978
89057
25849
36170
88696
57287
1011
99669
74320
51507
56068
2427
89481
62631
98264
70346
67437
84371
73129
42354
19306
76290
72616
15419
38738
56764
97644
44356
63970
13824
33679
33658
77419
40377
97323
60617
61505
77262
418
36237
22436
71200
23635
29212
48588
95263
28556
35156
57493
51453
37861
12893
86310
65988
27157
18790
94270
50171
92275
8946
50222
56744
73183
42811
7444
17710
42488
76984
34650
42150
2434
16821
825
76900
20776
69881
47394
31373
82277
83198
70931
96569
87270
92790
76118
66560
43231
68484
70244
51392
17020
49960
50503
77381
99781
58363
82709
51961
86283
6371
73243
62838
77297
95004
85619
43293
1425
56367
30828
8056
1870
31312
43439
62273
96248
87848
14902
57608
90167
86822
63085
33063
68587
11477
99421
7038
98992
10336
17822
36536
52939
20826
18466
55688
22961
2533
76619
92940
89058
48265
60396
42337
31264
46381
98778
10098
20055
60974
62883
39429
71120
83015
84871
81561
45723
44964
89961
21730
12456
52446
32467
67845
26883
19615
68376
51417
37733
55838
43521
36276
75564
62696
98986
20
40084
77280
95871
53509
1150
43004
53232
47976
6371
77756
7524
59325
52669
79207
95162
27352
89764
13135
51982
29169
26792
78059
96554
22224
12977
99640
96384
67630
28054
85499
26208
72520
1160
99250
34173
25946
60012
83054
43033
43930
4215
48863
23726
47777
62390
56016
39224
21212
2540
3015
80833
17251
31355
64387
20779
20634
83105
7448
74247
32008
43149
85610
92845
97912
53016
15881
10345
61850
73838
55441
75746
20829
74011
66217
78374
96658
72426
24387
59994
83275
59058
64351
7157
92433
76742
64911
31933
90277
42946
72688
33651
55689
41082
38821
54060
59724
51765
82574
78092
49929
38303
47373
82787
62885
71026
2322
37259
1315
16172
5853
68785
34707
9250
61148
88684
68305
58043
97954
49583
21024
48595
16079
43161
92320
68905
45680
20299
64157
60376
4251
48739
32111
84514
77702
99231
22937
96958
25360
13930
21919
84489
57442
96237
3906
48038
43523
65441
24822
74809
66971
50578
47701
79633
49464
15705
47290
86797
54460
74146
32427
91848
