78891
83238
28784
63196
99354
80009
65579
43717
34900
56897
44791
84393
44347
16412
39828
77618
81668
43754
49566
32240
48904
10856
57809
67302
15782
51091
58999
74008
20676
99447
55968
24902
11662
2174
44765
48930
42353
9604
8892
48697
26851
67195
13059
76432
55767
40215
75043
6153
13181
29678
81333
20932
91289
37612
33819
80039
71917
65075
79069
69293
67091
55494
61656
19681
71820
43090
85474
13126
15983
23331
24229
6444
6819
12235
28090
3224
98599
96117
89156
91085
7581
19868
9020
4927
5554
56105
22930
78861
72754
31861
74890
39981
50904
11793
6874
36992
1598
72492
39535
40121
87653
35890
83665
3884
86915
26902
24662
90437
28938
52195
17896
71936
84875
49859
62847
37050
83797
28135
47381
6105
16964
19647
98320
3895
63113
2894
45084
10179
84140
89838
56864
92740
24506
58373
36868
17542
22114
67346
55902
11408
38624
32763
26570
56611
33598
60356
70734
92206
62428
869
8431
97298
26026
12819
44885
63110
57588
59675
35409
12658
47022
80240
46750
8773
43549
6222
85668
68796
25860
14495
16657
51235
81865
61002
25066
77202
92302
74825
47522
72517
56125
65047
3345
23761
50943
82416
24789
16915
93051
58594
61022
66264
72306
10805
94247
61451
73412
3803
15468
73597
8314
30813
54689
23825
15731
95800
62283
55340
74851
84334
51625
29290
67265
81339
27140
37994
55198
91301
51110
79451
88745
80596
29096
10502
8785
53474
18007
36102
49554
34916
12958
84991
3761
13497
41610
24590
78667
9585
95632
38266
14861
61824
51955
84665
19730
93741
49524
27485
28927
58321
63810
16892
3804
39854
5881
47818
47029
97572
34962
92645
34596
46094
77997
52273
29922
90355
45615
37680
68231
27276
23233
63342
51659
12159
57190
63270
41581
31277
62496
43797
68786
47204
35637
36165
15347
37751
70176
14089
92878
53597
72743
53848
95285
94688
70194
7871
92601
88380
52069
4020
75741
31967
54503
96709
27180
97614
44136
65702
26338
48093
75511
66712
97847
62603
34626
45468
57029
58825
35430
56364
86835
94691
17673
21325
98970
26998
44345
85615
86019
68433
9936
91570
57584
92860
44697
7780
67387
33225
4591
70069
3914
81090
38536
58160
60526
30950
60722
27871
19432
90251
2570
4422
33382
30065
94169
43325
47595
99837
1599
82705
83196
29505
80210
43858
3504
92407
37482
40782
5421
22296
15361
78876
31043
34022
90658
32690
8208
56133
6230
5582
17092
61729
43548
82825
87681
8881
61967
40456
28690
87834
76361
64748
93310
5988
37348
88441
76912
22226
52547
28387
85771
10965
92655
99353
74381
76756
87932
19590
43976
91242
54608
72730
34368
2165
1271
69354
96575
88763
87981
41495
87337
22042
53107
49531
36926
740
40903
43794
20833
41483
92951
78539
57039
18608
37220
45743
79659
77163
32213
93621
36800
78281
21446
40728
94554
23130
41060
75002
22670
12912
12405
98393
31875
10376
93645
35003
81480
93561
21844
31761
842
57020
8135
20010
7049
83060
47577
99398
28989
5594
21929
60796
74965
95133
44754
61979
46593
63032
49732
24589
61184
93631
20
51467
72685
72690
68397
4544
75350
70218
20932
7134
1632
34596
46555
25571
57427
44415
70344
42311
8607
53363
37835
76646
51614
45283
56020
93489
12158
40922
61977
15918
26978
5791
37128
86552
26889
18057
76983
6279
30822
8702
55959
72869
71746
88749
53168
65853
63096
25594
50790
4645
76125
94189
82559
26713
61405
99841
72057
25333
68987
35588
10709
80143
13253
36246
67517
26639
6174
64303
14697
7384
8720
54073
78757
34072
30922
90010
40219
39572
61526
30184
91748
53758
83217
83558
12975
68546
9902
23244
56946
54540
23257
68964
39528
22556
92769
10541
70707
40829
91497
46200
58319
39475
39602
75739
4862
25987
59916
75910
71393
66578
45491
49938
76711
40541
60667
7006
46512
7949
2478
52289
1390
75843
49624
5480
99013
55094
36313
4341
66441
37295
1999
99261
21058
16788
59500
89554
91898
70341
82609
59438
42601
79440
8496
99567
60725
68641
12924
13932
56975
42240
13678
90178
68365
66234
56359
505
93426
64289
72777
16508
41486
28114
4125
42872
25381
66973
73160
60527
52108
46824
55740
88336
19921
14939
80136
8370
72041
49473
64492
85875
48455
60388
5540
21726
47636
90717
31386
98128
82242
90157
21340
54400
65252
61928
87566
70176
5082
19189
2990
58171
45311
17050
55742
32676
73570
48014
54188
7707
29101
90156
8316
75521
37995
68108
62882
22088
22841
88303
53773
29191
97856
8206
29405
4683
13407
26892
61613
97928
25458
64672
11655
85728
80863
21779
41175
12601
93266
67149
30842
48042
23991
10669
7623
23733
73153
45140
51036
30877
39249
41123
38950
22049
73956
37671
14266
63294
53093
14485
41458
59464
76683
65014
50967
78753
56227
77160
86112
30816
16967
62083
96207
95955
64128
66858
41792
86091
88635
34948
61746
