71445
35258
63903
82631
35317
60568
38490
81845
24782
1148
99243
20227
54135
26564
49917
31547
95242
76946
89566
79425
60436
17292
21112
31653
82400
49251
44932
49834
38589
44554
1564
727
28037
13262
89480
45870
23242
17107
14043
16606
93928
1011
98405
30965
21246
84073
60520
27570
64925
61611
63976
14533
48784
87386
41450
35911
42235
26033
24793
95483
35135
2619
20370
50177
94099
68187
77707
78422
88049
89411
76722
19222
60447
5435
50079
56918
93977
13807
58084
88296
42723
26361
38376
75622
41797
70895
92646
47539
56981
46957
76132
13825
61264
38593
8374
52767
35449
82270
70255
35955
80604
61350
75510
54203
60999
78617
74122
23591
94563
67415
5952
36918
67179
43319
34486
89415
42363
79269
24525
87555
82008
55197
75990
23734
88760
31489
28047
79242
77122
45741
45915
78297
90990
15304
17408
79541
97995
51274
43958
81650
48553
15195
81776
62174
23259
1946
5534
21186
73749
58065
74198
10363
66846
40902
21528
8979
19901
79190
9022
40049
81382
34987
15397
71839
52102
44577
80307
82604
85275
77368
87847
93984
43946
81580
69153
22981
33262
13622
38204
72197
79461
59588
58434
64357
21827
44642
79242
69049
77667
14585
26549
94861
80802
95594
98473
71681
9020
99917
55603
90897
57522
41444
29393
99787
62039
50634
80105
78715
20688
3686
58164
30313
66562
68941
56964
58166
71211
4118
8989
87364
80090
20541
31056
48682
82803
24346
72299
89369
75003
35908
82776
67689
13358
1102
36049
60203
98901
75491
39654
38909
20671
12532
28830
27799
1947
22003
2999
18466
49673
23017
44284
58127
8038
97028
89774
84975
35119
26304
86686
75354
30134
47932
70362
35313
94015
54294
89746
9924
1838
92218
57517
56470
57859
14998
68231
30353
30737
91795
47026
42961
30045
56508
3300
62695
90275
98465
51361
99684
25933
51935
40494
66575
96334
34782
68561
67334
43095
80567
49869
22890
5894
59272
48143
17724
90094
51141
95791
2238
12801
50496
56055
87835
89099
42498
40970
59079
16026
44515
42024
74555
7446
41075
35400
61113
88756
65462
83192
63820
83554
48389
52948
76983
13030
95320
93856
87564
37887
45939
69434
41872
26932
29187
34486
99355
95356
98029
10192
1943
60173
1858
34179
30170
48736
79130
86842
5229
83703
42017
65162
38013
67685
53182
7050
86729
99340
51611
98308
13598
48101
10606
58857
81358
35314
9401
97048
36489
53681
82060
31664
61346
8161
58382
1639
48366
58766
57899
70935
68640
92453
11078
93453
13494
94588
92947
99650
56134
16960
43891
51990
71060
67431
75869
85850
32409
77340
4415
10038
7677
29849
63112
89211
24953
83155
42652
39768
62936
25817
93778
72748
39401
87462
18704
58245
99654
23047
51896
93837
64753
77663
46577
2630
11290
48749
8128
8828
68080
78292
17936
54745
72894
85075
1874
8123
34214
26267
63832
85176
11732
81699
75817
9323
99983
52553
32511
3963
10853
11602
94510
73083
72443
7781
82765
78673
17929
25846
84985
92100
71799
91557
42104
15551
65604
77161
143
17531
43992
59364
7690
55462
29237
74955
24036
70861
22908
4327
31900
39168
72827
63836
59042
91687
35850
7489
73066
80574
69050
93484
39302
29344
80912
50111
90214
70936
89388
99130
20788
74952
79443
55390
8221
70013
70907
87830
7897
24791
60192
18094
2660
21060
49426
85232
39307
8809
62997
64311
40191
76358
13380
71344
41578
78939
77231
82085
54298
59751
2285
15885
71782
7177
24494
67247
92007
6650
64839
18470
19299
48950
87034
39025
71768
67428
22200
4926
95596
21653
12915
63107
13335
18712
91799
13082
74510
41207
47081
71893
65812
65653
88221
84746
81602
36869
33881
20401
69017
33916
16293
37821
43104
24553
55788
98490
59293
4350
15460
35165
7378
10554
88751
96762
31332
84742
6828
64303
7313
14635
70661
63539
66145
67977
49032
49034
91992
50294
65666
12778
59039
38428
47509
64395
50647
6074
95580
64279
675
53163
82694
95176
65684
17947
33088
3392
16912
37622
94826
88571
60165
61454
19951
19568
73640
28335
15245
15405
14906
28637
87671
34042
34086
68680
76475
74303
71931
97432
91308
60143
84993
28728
19041
22587
18511
6151
89392
67957
16712
70397
32161
23581
22890
99187
78773
92142
71103
95464
15533
59735
43631
84066
44806
41373
40235
19409
369
2962
94135
72546
44090
1443
64020
54973
2150
46827
4860
85264
76728
32493
93703
5703
47573
43868
68384
85836
99246
77248
59537
13578
99590
53979
494
15791
90574
25458
72061
83330
77152
46586
54053
38647
22720
41557
22954
80938
74004
53047
41956
43697
91519
10133
10157
18122
75253
38321
47883
52391
16000
6004
19215
35033
78152
52594
17878
65380
2326
91633
20638
57468
40050
9335
87969
37609
70110
96675
66791
23674
87373
32035
390
57267
49264
52163
73158
34112
12071
78863
11543
98911
32668
39360
11714
83003
83517
29960
34235
77831
67583
27368
67390
92558
66258
62895
38835
82964
24335
93988
98173
41144
80629
80422
11065
72346
86829
86389
84609
79318
52577
40690
65229
77511
88180
96840
36173
51469
21885
11301
32374
328
23140
932
76323
25950
34348
68427
9064
40478
87269
88904
67605
8516
23440
49550
57007
93742
60690
79295
75481
68599
9549
84070
17654
8258
90137
80704
51093
96968
90127
13215
2964
16389
39707
34505
10689
47489
31106
87633
2307
87982
64920
79936
48772
92954
21871
81772
5276
83003
77938
