97779
9857
73273
64244
16692
32255
2562
68956
6344
30862
81440
15382
17350
90461
28556
37426
3449
76997
46400
15392
84474
8925
97928
14747
55209
65774
23020
88899
76135
60619
86239
76134
39919
8248
26736
47916
98739
45377
29019
5218
10171
46717
57276
9692
92668
24414
19706
94567
35638
60315
75195
57974
35157
67402
91448
9758
9825
22907
90215
90348
29408
51448
64847
44253
42016
35446
28492
60958
96228
49681
64385
85045
5939
13641
65082
5762
42468
32727
21423
57525
96680
44180
8784
39479
2133
62666
91390
40542
70143
59808
57876
95667
23773
46176
58309
77356
73783
38170
4975
12494
86060
60798
92443
45319
62560
19452
22386
42686
9768
65276
65918
49804
36861
12107
84496
79128
58920
31017
86155
61807
64765
79221
31311
35418
49194
76353
17325
81763
46338
74139
18371
52198
66315
17306
61639
43035
74085
6159
20608
56820
46666
90240
14217
37092
82336
80802
98173
40171
43634
34239
46720
2653
92098
43446
69611
10702
63720
9731
53716
71615
94324
56903
47410
94718
65772
91080
30568
48572
25969
50035
16108
32023
89796
46386
92332
73359
99398
27055
2606
11854
28348
28179
90318
20029
14505
92453
415
86370
76806
29646
50861
89654
62549
31670
70469
26388
87830
14564
68681
84807
96279
13794
30495
22029
42196
63986
80221
30066
3174
56474
24880
52002
69969
26623
36252
70682
18300
68852
52747
92593
61693
36738
45111
60190
75420
40257
80801
76123
58762
76761
79224
81584
28938
53299
77880
87847
405
23316
57988
75047
71608
76859
32548
18249
6614
68859
76444
47333
3808
2072
31298
10128
15577
97109
60494
97344
9094
52521
86520
93791
90082
64856
93896
57679
84769
64881
23813
17763
47447
25656
251
27579
11713
58058
46278
64679
24534
42091
861
86770
89766
39051
13058
65073
54975
30210
36105
1061
37715
53827
44968
58059
71488
61048
4837
29
97414
76204
25176
30190
94714
4358
53516
22286
58582
61288
42987
71121
84251
54687
91641
66580
68912
63615
50076
5195
13347
20475
22821
42729
29044
27310
93011
77395
30325
59065
77609
29952
83732
40395
99436
56007
87032
97925
74766
54957
29302
71228
87636
57443
19082
2171
86656
80854
72837
32375
12154
76740
20575
96674
37246
81680
52841
73654
57347
8232
60542
5741
97157
61901
30079
33999
457
92650
20341
74102
89907
23117
27775
7197
66432
79519
39653
22644
71995
89115
7990
84205
82865
58588
54233
72607
64366
67352
45121
29040
63737
98404
19800
69440
37518
50241
81832
97751
47761
95572
30281
15897
83322
42054
80750
21661
57665
54499
33770
52903
21852
63235
64686
44146
34107
17001
36734
71454
92298
95931
54541
41944
41740
98358
41477
81101
19391
99139
66114
47524
12426
46229
49947
35559
23565
55210
91141
63300
56868
52942
65789
76754
57143
76241
43760
53352
54850
31081
70258
84145
85073
74440
76102
8635
36500
41727
79957
87424
85662
66406
56440
56748
34577
17297
4515
90402
41635
46112
85552
32194
78952
2181
59575
42513
94629
77716
37882
70482
47849
73159
51686
53868
39492
18684
21186
61730
68638
66665
7220
49475
7174
79817
44322
92343
64779
3232
24267
50995
46055
19710
64221
35107
23241
7231
39663
93813
69191
55313
15700
70070
29747
47866
65024
24649
65347
49537
40886
56643
73081
31091
27878
42043
698
42231
54986
24753
10365
9237
41639
8876
79152
60198
15412
35596
46561
26221
85999
31101
94502
42091
11327
65945
9639
141
76134
35400
58331
40224
23329
78935
18342
65459
28732
84429
55040
23175
98682
93278
62479
50959
45674
13983
15380
90999
63266
78757
24836
16331
75729
33063
74233
89687
17536
31380
84000
45598
51105
1655
29436
14812
38515
10716
98268
39398
38495
65688
89109
964
18103
55643
63899
15537
27628
33943
60235
34701
97160
11176
31455
51789
99287
55006
53068
81119
25822
77080
34656
51329
67735
86628
16031
33137
23321
46980
78082
84167
41643
75529
81263
46242
71668
87945
46783
67583
33698
55153
26140
22483
65036
33025
32647
90121
8917
77787
17623
84590
65194
72991
12114
8342
12008
10899
85896
14578
3345
26998
41819
25215
76620
16168
32672
11541
71583
55328
67818
88917
72916
65622
68980
10189
46499
93868
91517
73186
93955
54276
96251
37640
97775
45349
59900
11813
47115
45025
9573
99004
96032
62308
81776
61159
