89956
43691
96559
9535
48543
32612
97256
18929
36737
15234
40990
3221
35108
48424
43220
75349
46476
1051
78392
86460
85184
33863
15727
21307
98770
79445
88761
59044
19984
63339
773
6075
13626
3570
2109
46232
97221
36953
55273
47872
58531
98683
11053
63719
84010
15312
48041
3067
57548
72357
68472
73221
79653
81960
53944
8236
33135
84498
14320
71200
12589
89934
62797
2328
34154
18056
63426
69678
46844
80811
49827
13660
85766
27170
43863
84289
99149
44497
35714
22293
75227
481
84711
92688
47156
22398
44600
66320
2542
26535
65040
86807
20866
83213
15029
94413
39464
61079
19867
94103
41289
19569
85494
55470
55067
86898
44165
64222
41445
42543
96425
54540
28720
82341
52043
60350
64299
44055
7847
88403
40387
61842
42769
92105
53414
7070
21084
56723
22185
49243
95518
22458
50702
17290
82408
85216
85158
3292
38006
43386
70032
83325
5330
90075
41813
35711
84168
62584
18033
78863
10534
43687
35142
19358
38018
59163
19464
24298
72930
95918
34164
74600
55957
36211
75054
84541
27679
90668
2057
78023
84231
16140
61539
47157
40154
51226
32552
96235
62291
95851
12221
93365
35037
59335
7222
87448
89064
50158
77168
19146
89064
49598
72216
93369
95580
56741
16632
29676
56751
87049
86093
9277
18479
73026
14184
86773
44916
85846
63765
72553
65697
35597
59516
60723
39487
34664
84110
85234
84283
90712
48981
97295
87123
25321
55268
67439
18373
91666
71919
8264
96661
28383
19572
38047
31716
44805
22531
76166
75158
46043
19116
71789
17335
45171
63278
84343
12070
59178
80854
75964
81723
76483
7465
61088
70867
31570
88135
31754
83466
66428
15073
31197
17300
55079
77128
54259
9423
75013
96124
5988
39799
86076
32497
71450
15244
6403
20143
31395
48288
45166
87232
57963
46277
47576
88162
93343
58595
83802
20149
37156
57880
66567
64059
1470
7448
75589
90741
29461
44106
62425
49411
21167
41181
9678
61681
44443
35348
86303
49947
42680
9798
80494
16894
28208
87833
58838
64795
68553
34208
24779
60718
48720
12011
75825
44463
62969
89653
44340
95855
79126
30991
51574
84123
14675
38154
45260
57304
74563
47899
18221
28512
96382
29596
7017
45873
70029
36851
47100
81232
23194
17132
26413
16356
87234
84735
97590
46702
92669
30229
52284
9318
12686
6370
61870
12122
31641
84632
68268
51804
36190
30159
77292
12340
96654
15439
84600
22081
5797
27525
617
70604
10540
51681
72467
14956
67730
1163
49693
74141
55612
35301
87560
66366
74709
94638
21776
80258
48768
12556
26250
77221
13526
38108
63487
259
61171
69682
11982
82976
28483
4573
60759
46375
906
43212
51063
86941
61856
76702
82900
47616
51244
40365
90596
95175
51403
944
80059
4496
76536
2793
52513
64121
48013
27325
43712
40515
11171
44605
63801
71465
68627
81758
69132
67013
47429
14510
70795
6829
71205
10489
82971
54212
10964
66252
56623
39825
20533
97657
60776
38963
41118
48183
86246
90111
51036
39677
40338
43748
45159
65533
71665
34637
29754
64173
21784
24221
73228
96900
49563
77277
45864
19118
12066
89718
43522
52047
24205
7418
79001
26004
42845
72181
8272
35766
7336
99693
77223
43148
69176
2948
53415
25333
64515
61743
82270
61592
36777
1069
81520
55454
88281
87314
43261
60930
12024
96114
25431
10410
69050
90496
18174
39233
68292
39579
91596
9299
98840
43760
55041
53858
66272
92822
8589
58360
31371
42993
68732
36696
39825
21949
92842
49779
8771
18710
57900
96618
96739
35755
25622
15863
6168
66791
19626
42874
57403
40678
56775
81678
15981
96441
34082
95439
93239
17454
40535
48516
83658
97808
97427
1242
89047
56747
12334
56
49752
52591
70424
86002
89458
66557
86496
98444
85022
13124
74211
27234
5260
15500
8413
95685
22747
94915
86103
79315
8464
54256
46951
87773
52199
77177
78605
66266
3552
1731
99617
13831
53161
42147
50509
76752
35074
79140
63434
97576
11069
31864
18551
89303
72997
20879
15292
10291
63515
58747
34183
91789
45742
59830
39329
81692
49375
24280
67078
38616
4853
65039
72149
76898
85566
55064
27928
72702
55921
42026
7791
48433
96881
22510
23568
8417
63947
21642
35654
24281
81714
14279
86808
40785
46882
30575
58997
32083
12206
48416
4804
50642
12989
98282
70137
61873
72919
4025
51213
16626
34426
89256
68035
30525
18891
97601
21227
59035
77795
58496
12159
58751
91906
9281
86116
96285
4257
49482
12827
87342
13928
85664
9375
64666
7768
53127
75816
99931
88868
48364
23028
16895
50352
34541
17414
77748
73621
13537
23408
4772
14110
45154
79902
77264
30125
1064
98000
23639
94964
10699
11132
94182
65996
55513
77979
48234
49929
34796
5289
96043
41760
38026
86714
56568
2036
23453
69968
21502
84233
53680
69386
32524
9646
16002
48394
41030
69019
73131
73229
22727
63726
1519
28894
10831
43070
51064
745
33974
91172
79327
8851
60937
41181
11613
77823
30078
13660
86364
76659
72111
25157
2562
72980
29922
87560
73472
11018
84270
76098
32908
63709
29068
35413
78358
14676
57995
93554
16794
52647
12845
79760
86617
18436
45985
53510
23639
90533
34004
87401
6474
13184
80823
41316
75033
32303
11678
66415
2490
49181
63298
16734
40317
97258
64742
80027
75430
3671
2968
90812
19380
9952
68930
77874
92115
30182
59016
49574
66198
62840
27112
59332
64615
43112
71447
75381
79221
17752
59354
38533
10862
51364
56868
46244
8901
5277
90227
87317
80386
97275
50311
