13022
57052
42059
59457
57737
53709
61281
14045
59753
35445
2031
44850
70193
99452
31631
5929
52797
39921
31863
2550
60294
37914
10684
72677
48236
80798
19832
12680
12160
75745
13056
30678
99013
47062
52236
2159
99677
11555
6082
22073
70087
22817
77651
39721
66816
33701
4706
97110
64264
45941
8618
38424
67221
44533
46768
6101
43043
5776
79369
15804
16723
67694
94573
29270
25795
35026
64692
49279
7521
14415
75688
40307
14836
55668
80057
66424
58350
58463
65487
4785
33467
59973
34750
31430
23702
45349
55092
8150
78767
96251
30660
92375
96525
35712
89994
79314
90638
98022
2465
36906
55155
66255
6262
44554
98413
77848
43533
31394
31005
83424
59558
66742
89665
41901
4237
24272
36271
94950
70863
61924
20202
24431
10074
17503
75380
76455
32299
28432
51577
30921
71189
31299
35453
45553
84810
60591
25568
17230
79491
56970
61100
69354
875
21390
95348
53203
56040
27699
22941
57239
82021
88367
28695
70858
68679
52687
91504
60674
22084
51842
77488
2288
55195
33476
10468
40647
43973
36414
92942
30765
52599
7837
26484
7702
45572
13648
83837
94394
19823
60504
65102
34738
28161
97963
12798
2134
70909
26986
44067
20460
70263
65692
43055
4092
81152
76868
81744
23105
10871
16322
18288
66303
15327
170
58683
60805
15680
31407
52887
45485
48245
27305
7226
44313
42631
78430
29025
5893
46510
75781
3246
61052
74161
82837
95994
23881
57706
39287
87697
80704
53501
71145
89885
39862
35444
90133
15334
21178
30194
52494
34695
12048
90348
25818
15063
68686
61438
61684
98870
49128
65713
2963
6048
51982
28753
42136
55416
42230
32284
86247
1567
48665
96992
95863
21536
45200
48259
65383
60435
7091
87916
51238
23681
93713
75426
36585
74205
17547
16314
82473
72681
16126
31646
69322
64981
8114
80999
10988
78440
91544
27526
17706
83365
74764
14242
69730
12339
89650
2272
93397
76080
32397
80951
390
54569
8187
95010
76458
89248
36841
62583
6875
45437
44027
46194
68893
49247
66510
1734
46579
32637
14016
63995
26869
85142
35703
42645
17374
9234
91988
93690
92307
46165
80231
92832
81404
4797
25809
58962
42270
8801
17881
30103
32988
23205
3093
95800
54418
73018
67063
86816
73829
97206
92131
90186
2181
65104
73961
29787
14032
37935
65147
84872
91083
74597
14398
83711
86354
98206
86927
39282
99853
74262
88245
90335
3855
98165
97265
76777
56617
41176
26175
19249
13457
67767
26261
64910
146
62704
27490
11040
52794
74851
74079
97663
59638
97998
96429
24918
95436
38759
9218
23007
76679
97473
66702
29260
59724
42623
46436
31074
46575
66171
3042
34674
48895
52824
81023
6832
22994
48649
25628
25594
44882
6769
69667
59203
96572
34424
47424
24863
71200
25666
63269
28168
14969
81656
55066
65571
16845
15277
65701
5096
54536
62666
90255
67564
7369
55538
6625
46583
2303
10791
60331
46885
65982
22795
15000
99541
34121
54269
75782
29082
67291
27328
86923
60644
8154
51984
71719
45131
1951
93861
64589
6489
62399
12300
30469
79454
32891
85259
98721
55898
48773
2243
96690
11969
60580
37542
48178
12743
79281
34773
18693
63382
32341
35054
43316
95330
53244
46694
69198
76932
47160
98975
23472
84353
81301
74464
83615
76036
1141
87178
43793
17086
61191
9120
76855
68086
80952
12257
5315
32538
46203
11418
97062
70593
25152
24015
20274
48228
37239
61647
70939
30386
86140
10389
5396
87170
16878
60854
38604
985
63503
60232
91342
38350
31010
72131
61464
99707
13717
38876
75242
46771
60519
12129
54022
27870
93132
18050
64206
73062
9249
52033
86622
14784
68235
83952
27818
28160
74860
39556
6344
27448
4654
20340
54163
97392
18559
16564
82663
67904
33358
31786
15050
41842
17570
94785
99986
10410
65073
42990
19549
53236
15979
64522
83522
10250
80406
32830
59286
86459
69683
23273
39387
64722
53255
30775
16896
67472
73454
4056
74912
1950
86760
33506
21341
75000
85865
90697
575
66821
27557
45324
42813
34240
50482
32869
11573
16563
70822
64385
78068
40002
91499
78490
43771
40353
92453
13528
64780
17960
52078
49090
33872
81100
1616
63667
10865
7208
44755
68022
6917
65902
73500
74175
19570
16776
51470
36221
49069
74645
9775
92891
68476
47946
2451
1573
45403
69822
55447
66493
14636
93283
60362
67769
50317
59455
28665
69749
40871
3995
49126
33443
59511
69746
91624
76158
51515
85760
15114
25273
53966
84155
43022
43772
51593
93871
38332
32233
24990
99367
9862
51493
18666
14084
10998
44718
56543
93764
44275
9365
3530
28863
97392
11707
68386
25762
65579
48919
54915
32194
63670
61498
64623
82267
13318
38008
78566
19234
53687
91812
25528
41460
96559
13181
31997
69133
82351
35186
49822
33322
24061
87419
8527
22041
39307
22101
53623
8827
65711
74958
71768
67216
57527
28023
66176
83663
79124
88199
16101
9779
61620
20176
98327
22045
10176
23081
10935
77505
79600
94182
70177
22998
