18146
75413
25967
21325
96043
45020
23514
96331
84349
99594
19954
64051
68659
11183
53271
98002
69444
6712
15286
15164
61161
2735
79426
65847
62520
46633
42355
37666
37632
71581
16898
4122
91224
54903
25208
57479
16419
52853
80585
55927
39634
7623
31330
43729
35666
16852
34758
61036
2626
45045
47142
86881
64788
59798
98261
8782
4347
68466
77057
48541
8242
28042
90640
37821
37888
67773
20400
54040
23204
89952
64930
39718
24254
31209
22964
57691
76027
45886
79997
72094
53365
84567
62471
19870
53491
2639
54997
6152
6372
4955
80263
41183
37067
65017
9706
35620
51972
75725
70611
28989
10334
81216
55379
33483
38970
46437
52198
67066
44935
99752
73449
19738
26242
36892
27832
59121
20755
30417
1062
55008
99726
30487
91392
73976
73267
54623
19508
70751
73627
11366
32606
95743
94897
82346
47834
30260
71201
38209
65728
61259
47672
94432
59058
59273
65442
55699
4534
5525
71215
67730
95520
45179
4899
39541
43739
8504
23674
73816
82280
40852
83509
89857
71061
82475
4649
34838
3826
9244
65870
34496
53551
5470
36326
18552
95165
81647
93708
98379
99679
42049
90462
35969
16864
37251
64536
30249
91640
40428
61700
59552
62391
70027
5017
30299
32143
9647
39671
31819
67086
72884
14531
27703
90353
18514
61782
33681
59466
10119
73368
50267
7304
57526
2177
88939
48206
78793
30949
47181
54345
46665
79658
61975
83137
41491
26218
43455
31146
50650
57570
48456
69496
89221
95203
24658
25225
56088
48650
44998
55313
16932
74118
62026
39397
22586
88827
70170
2841
62141
77306
36306
87230
21824
83695
15560
17040
93901
36448
59991
30206
53932
6901
84076
10900
2081
74187
21834
53067
64297
98503
79000
12062
21428
36859
68930
64211
53443
94413
47615
44531
7249
32348
65091
43666
77757
25185
74345
76079
23228
84432
8755
45939
71370
84323
63690
99232
41101
69856
34192
49158
68125
44967
38586
5469
15005
83312
75145
26955
29197
9760
40733
78788
51191
45582
80507
43171
48740
48907
51452
31161
16546
88154
61475
78404
89729
24076
41973
14548
11827
72445
36329
66846
49085
44286
94347
38615
87337
30852
25194
34441
39380
36820
23259
1917
18845
25447
76744
86828
64049
36299
55046
27505
63166
90025
98064
4616
81108
42241
21489
51735
86916
53200
4783
99881
39247
3388
42659
46550
38209
53713
24445
42381
74748
54795
13128
42547
62586
48693
64994
18823
59715
97520
70076
30598
43804
95207
90251
3966
57612
57811
7383
86567
83750
35649
41414
20149
38447
61616
41445
41330
8064
35714
37950
3416
13368
68434
40267
53112
30449
45579
30849
62213
84093
5548
49884
78918
27866
27296
61639
38916
45746
31079
33044
61423
8445
30656
27717
23393
53464
43657
29334
3108
48332
97383
65509
76735
40541
51789
90542
87836
15240
31325
64989
33979
71708
55781
89862
54255
29160
89227
85742
19560
45396
50139
66437
74346
90957
63411
14587
56793
83182
90888
11431
17628
73769
98829
68955
92776
31183
86251
70190
45684
93336
48488
18120
35553
26044
15446
95464
7464
57430
90106
61644
15060
16347
41941
77775
13704
28057
41841
6206
1913
61057
50420
87045
14251
10766
41667
77601
90438
38504
17678
18721
34125
32991
61777
60777
45507
19862
9791
63621
36796
22811
73682
39128
3471
41889
11617
55693
4762
35496
63446
4115
72223
9679
70725
36357
37298
56529
62491
50020
69855
8671
43892
65851
24481
44456
45251
16625
9127
93356
73831
43974
48797
12028
49506
28837
52162
63710
41695
45327
96425
54935
71380
40408
13873
65095
21737
19807
90518
92872
42378
28695
73297
55853
99308
6882
70946
49767
10942
11731
71050
5499
32723
60612
69450
16642
95062
47521
60914
51354
80157
54526
96335
43949
38771
7845
59995
10830
16763
26249
60139
19150
53932
13708
82490
60851
90104
21851
50639
67770
72941
82586
81412
43820
57848
27420
36293
59794
33701
93032
42727
1121
39944
19900
51318
76654
78377
36530
44302
57944
36550
79073
34216
51965
55005
39689
43576
69646
6406
75619
84393
54372
3165
94688
62571
