93583
3230
99718
3798
36598
88384
20119
38243
39576
40729
18907
68729
84824
94214
94316
13900
15251
25389
2289
74671
52108
58754
45636
81968
94455
58764
17726
13774
97643
33054
23403
19739
42889
17767
351
7950
16669
56607
64963
259
63179
22277
307
72599
36556
89503
32406
43061
8365
85411
57696
69181
87565
47904
1152
68686
68177
15718
75051
46891
78305
26823
11463
54503
2957
12718
50704
59727
93449
52833
32036
20531
56610
23999
42412
96368
3681
76689
69325
12914
37607
36914
5451
17936
50871
61688
60439
70062
88344
49418
39183
25795
33453
38750
48170
64712
81480
86787
89045
30916
85021
251
20855
7599
17524
19948
64345
16697
26060
88187
3224
95099
72418
82455
82745
54074
1319
70670
16626
24202
61442
20801
95860
65051
71215
66847
58056
12898
69166
43397
45143
1871
47734
49180
48920
81819
93343
56964
71327
52001
54469
29187
35472
59961
26064
42078
85590
68907
83091
70929
57597
8004
31647
73651
5376
57859
14520
31271
62869
7213
39715
68621
68536
51412
51498
93567
30717
53933
26480
39005
33175
61253
44707
70136
39878
12270
26389
6746
80861
93427
79770
54521
3834
51447
41710
5396
97125
19791
15261
95709
27635
57692
96281
39374
35448
66906
48422
7146
4527
85987
36730
915
81674
51842
78498
70665
28280
99345
37443
86384
12727
9961
22176
6147
24366
12550
21013
67506
42123
44974
62106
87459
80444
83154
20791
28418
6147
24268
68329
75949
34378
82534
7983
74049
1647
89240
99493
27015
35713
19081
92119
56
54696
45011
86307
15288
38520
83076
4577
37283
96562
58628
32472
42556
26070
54704
80130
7294
87815
57858
89769
3554
34355
88579
3495
44505
75824
38085
72826
46874
90349
43831
49284
94336
44716
25480
33435
22311
72859
3641
1748
82014
65535
8878
23127
84184
37279
36552
18944
79787
34400
39831
28934
74944
47852
18480
87018
64290
82407
73758
13833
97104
74214
72152
13781
10004
47386
133
51414
88672
58598
29316
4463
11027
29452
80991
64999
98848
80984
59696
84215
62495
13899
7587
10432
37998
18594
13151
32022
74844
69751
59484
14009
54143
49322
33277
76588
68425
84342
86299
78935
21405
49348
72657
88
80137
23801
11941
924
39091
89760
48387
13551
55218
22520
88151
3410
12705
29402
44613
95117
78243
92527
42995
4223
73721
85524
46163
45539
51585
60812
38088
35029
22367
17007
40945
36563
3841
60031
10136
49198
54918
85722
76911
97419
64605
83957
18986
85549
70137
63214
5339
39218
17980
79656
42135
47997
57561
94002
31785
91506
97255
3397
99998
16472
49804
26639
10602
88385
36189
11629
48424
41180
96602
35729
76830
39248
25694
25354
21717
91087
40339
58128
19536
39190
49551
87884
23467
99248
99932
95510
84486
5264
73264
9904
65204
44181
30232
92482
87401
1620
33448
54401
86506
52791
33816
34608
34516
2859
52647
15308
74702
75611
55634
7833
59967
28580
29257
8582
35254
94581
73518
85617
21158
99410
28954
22389
89035
63397
84435
46134
44107
91269
5620
53462
4511
16778
91972
17966
55490
97348
73678
62887
14954
37082
25493
50373
91956
45663
34919
70251
67908
85844
24193
4340
49627
54665
35086
81182
77204
26769
93553
84483
59428
69593
5093
97247
79750
8172
56868
44639
30502
30626
21082
16753
71856
48423
15156
33454
48033
65141
88186
86402
2004
96536
30535
86462
13718
60101
79416
97286
27946
70326
27543
3459
38469
34044
64401
53995
62569
63859
39270
92049
9217
6848
3758
74724
37639
78023
96589
14307
62342
55715
79623
87783
16001
23620
71316
75933
62003
51815
29319
48697
23145
84053
33939
5592
90481
63041
99418
63712
66335
52592
93100
77282
29195
67719
19734
66997
82684
19982
31757
19491
87482
68615
81216
58002
11795
42313
40096
82500
40288
9584
87318
5672
35328
37788
93320
84321
44235
35750
32952
3221
34670
82309
29321
90942
11509
39338
43892
70035
44583
91063
39612
33991
64710
43405
94910
95834
35619
32239
29498
62912
34412
44299
19417
41788
11872
28941
5237
28409
62567
32007
33087
80629
86643
57301
27455
21951
29787
13368
70379
14253
45474
59143
84963
20310
48095
14086
42777
27599
40832
50893
39089
49351
18785
23273
44587
45274
1869
12057
34172
22058
25191
73890
31513
18442
47189
81804
31621
41252
426
70535
45112
80727
30574
48623
78747
57353
7665
21832
20239
55351
63098
62751
26438
40914
17624
6645
91297
71031
71649
59526
26579
1445
98215
43569
41804
89255
64922
17946
14654
92443
39698
78968
68151
73999
55980
31385
73129
37391
11194
46955
42566
87716
96720
25771
29524
2503
75205
35157
71759
18532
55243
40354
14428
84794
80086
53397
15756
8380
39860
1108
33854
74788
23049
80325
78544
49965
32536
17013
28084
91452
89062
16463
93837
62675
54380
33364
31021
61590
15084
17783
70248
14882
17326
98138
49698
51593
6176
7810
72725
44053
82401
66976
38560
69208
43543
2515
78437
42671
52963
15832
88482
63026
45500
4326
9501
91174
5953
53023
32484
52390
98865
64558
94683
82976
24453
75768
99580
87424
79059
1126
27789
39496
92138
3327
17677
124
87189
39185
63199
52544
76586
37150
59339
87432
13006
83527
88441
82371
56681
11697
90991
37641
13102
1567
39605
15692
31579
42279
60569
59209
1828
38752
85645
93950
70883
95350
85131
51292
44051
40290
27906
4123
2171
89424
92617
54878
11061
98653
705
55553
43235
36455
89088
59176
39281
86695
32931
64577
7730
15576
83980
