24109
84534
19096
48547
9378
11955
24853
98288
69238
45961
49749
15456
63081
65429
32175
45845
90845
85853
75599
55469
36826
24926
30401
34223
74122
36263
54240
92432
60518
87077
62102
8551
16462
70295
10160
69132
59633
20447
54253
9583
60602
14586
52122
81430
45630
89035
62143
98928
22599
22490
88681
6462
12208
82500
25565
60699
42584
93047
93603
31767
92988
4013
51837
91476
88846
77144
22660
45254
57294
18936
45289
57511
62370
26416
69969
34234
56752
96859
55555
84991
90557
43481
57630
52494
33952
15958
7839
54057
2175
67563
92201
69537
65710
53303
33014
58410
64342
67632
49899
20616
96226
10901
7796
36232
40401
5256
44209
4393
35682
86967
11593
43081
40496
93988
7434
42423
90649
84583
47645
54335
73541
58553
67764
75299
