37750
40216
87439
35703
40891
39757
78084
8490
548
23550
3465
46646
62507
16723
61984
24600
39627
94662
28049
12068
25526
7824
99761
23749
37191
48653
83352
56244
60815
89090
87874
48890
64729
65371
62206
65380
14070
77237
81987
7854
10566
79492
83119
42003
22294
96835
50008
59884
33969
10943
24920
25375
76031
4059
26682
37574
91527
49994
29894
11911
90706
48684
14229
53797
32150
36567
61675
32208
4543
52618
31865
40835
3691
32469
89538
10170
30887
8944
22368
26909
49401
52857
42124
63863
15402
65343
86673
63604
56893
65896
78258
38215
56164
19861
93853
34299
44316
98360
80097
41161
78295
62348
52770
79734
49382
36288
70133
84187
76219
63357
6542
55922
57960
5574
85310
62683
83331
2575
86554
64624
1194
76923
96163
61505
76630
72168
83329
63507
23606
31733
28007
96321
8110
5369
48189
88651
9451
44435
93196
86535
37117
5143
38806
93418
17303
1036
19633
70954
86461
97338
12047
70794
4961
86290
23059
49049
35948
67304
41405
79503
59703
2808
94061
28029
70633
92214
92238
99780
53867
14247
56704
91782
31594
81191
35704
69517
39217
4547
21348
96723
66776
69152
94350
89112
55991
20830
89983
95383
42154
63981
90528
54399
63942
42501
99235
92144
19847
65423
27722
16215
31092
49460
57495
82377
69971
60644
4708
35895
78696
1477
24537
86131
50844
2354
68192
67020
74506
80425
58850
63158
59562
28902
41699
12732
78778
81334
41505
51517
21762
41556
11997
28032
26552
42862
67825
834
29054
99533
95193
48069
72345
55401
96401
51437
69713
25734
10077
57573
96241
73462
37514
83583
35027
80540
86994
57180
89205
22788
88869
70778
20945
19417
32599
73357
72734
4117
6395
82587
96926
78025
18716
63713
87513
80694
85541
38672
44063
49381
17761
7032
90829
5488
50029
8252
96613
17287
43053
73756
74916
72837
24505
50910
15586
47868
99216
73786
78318
54368
41116
23639
96897
87381
70088
34897
6224
16535
93295
59933
68212
10471
91955
39943
7102
73881
86392
39545
8819
24135
35291
24851
61519
17861
87720
57295
28252
14717
54526
93624
79261
97090
31441
9422
63370
20508
67513
51863
41532
8811
87879
36092
85073
70993
33705
64493
1116
57759
28433
64270
45752
36338
24218
24082
31665
77064
75503
40550
8699
4807
94502
37600
34945
99613
36194
98304
37351
41200
25755
59947
96548
25441
77230
57543
91257
8140
13067
17658
81462
89377
8401
97509
75492
59187
30920
60436
11531
9300
6135
15900
32564
90973
24996
94159
82401
67596
43200
37588
22767
44405
98109
63901
51162
48179
22687
98042
31335
33686
44157
19986
5238
40939
41411
80569
86085
87700
18402
71028
21980
7567
79646
61845
4046
6675
91967
45874
82002
63361
72123
24202
50515
80897
95270
43601
74875
77927
79068
49868
3452
18644
37893
44675
37014
83058
11130
67379
1684
9525
84737
33552
2298
25803
65182
77571
92470
96814
93407
32642
6386
38738
58686
3321
21022
8440
61459
10055
87818
6591
75576
57897
48727
30164
62350
91332
66416
16803
5486
14309
96098
65042
29816
99937
87822
72696
70042
51569
99473
88807
35429
39568
93589
90109
8624
49558
90660
64548
32776
47597
41593
34623
90463
56839
62378
58844
55113
54089
46308
84899
54467
3416
20996
78317
28774
99398
18675
65099
85238
51652
94300
50715
49359
54055
69790
24732
70695
37694
15049
34501
48280
12550
32025
28019
3249
19844
12331
41137
67514
77924
22904
47854
55222
91165
53474
15449
49553
17734
48053
4624
29127
29581
60509
47545
66953
50187
64317
36155
40100
43599
55801
20335
68897
19495
49696
15106
90165
51361
91675
36469
16568
49679
39137
57293
98733
54182
11249
65325
81242
83038
79150
31711
57327
58906
97678
13306
40246
2810
30590
6962
9593
