1076
86766
36167
41970
76693
37239
58379
53912
65165
99711
80070
89939
46041
90861
54604
4319
88871
7165
32199
57485
18117
81181
67263
47471
23670
7082
38482
47633
49023
3280
37453
61258
32528
81965
38319
17131
14113
91571
77909
70187
596
30444
57348
26440
70053
45964
820
91603
16730
78595
11335
7805
89897
53334
60154
80901
56334
80348
60961
41445
48713
813
73777
28484
16028
79467
50325
81243
1339
19727
41439
48255
94922
99423
41256
69047
41245
90337
41622
20605
95187
47123
71645
6832
35267
13054
90337
34866
77188
56671
40329
86967
1262
26354
17030
21676
7957
38193
96460
51042
44319
53181
89149
80884
76604
43569
39974
22564
28836
39681
397
77889
35962
92511
80722
49329
54844
39896
10332
50975
6518
50079
60726
87110
15797
91374
79557
66368
13566
6060
53323
69892
44655
