41295
30162
19668
63157
48351
14173
12634
42284
42986
44194
54797
45696
97593
87454
83624
16020
51791
21770
89380
58280
74678
72650
90614
3246
65434
22166
46255
94203
20257
52954
79570
84052
18760
88055
93959
11108
97361
92371
23300
94476
97721
40408
26916
59665
62447
14387
93843
66459
37526
88862
52826
28094
67168
62327
91599
60732
99415
4133
74384
33758
56564
46516
68078
54691
65738
26895
13419
25468
30449
45085
17660
7955
97405
34660
11662
5695
23615
95766
89049
1583
18630
14068
48087
82649
31393
14015
41192
91526
29034
58544
25298
79788
44746
19633
63610
64553
12861
60630
75296
55559
44325
44296
65232
13603
27303
73025
84719
20690
39757
76369
88564
47424
33307
74166
72690
55031
77466
28140
33387
14321
90535
63543
37319
12081
50513
50929
37077
30821
3517
12173
84344
16031
30452
92708
98796
15219
91728
16745
34520
62778
79647
78536
8379
35026
63373
72009
12464
86006
51130
23787
83117
99078
50681
77202
99901
84864
64730
75930
19834
52520
78966
33515
79825
75749
66957
18271
77305
24655
66924
52182
91244
84976
52501
58579
10543
91432
52892
34388
51749
25963
43401
13745
9507
81748
92778
73418
90463
67630
13525
11900
96051
80280
25338
45310
5250
49373
82094
12629
48127
51318
83246
72656
82895
65309
7786
65874
4750
41967
23327
46831
63490
47987
91758
26496
6351
50865
63499
87350
45688
63788
51657
77232
4039
96718
86044
91099
47647
83676
95556
47345
1241
66395
60080
39412
74847
14812
40913
13894
15736
69799
78378
54783
3576
5114
54523
45546
68936
64715
35410
26837
40879
34840
37329
69902
10010
32250
16986
82166
15510
66861
91360
28055
12698
12098
29936
31424
38334
70618
38919
90109
13569
55132
82102
39701
35116
86013
64382
41351
69931
95812
58991
26106
59019
96750
23369
49480
86649
67133
63006
9240
96416
2393
34118
14874
93480
65254
97718
96718
77754
66273
10488
81456
88497
25774
71586
12884
49327
12695
69446
48992
82420
95118
89175
11352
96951
862
89722
5816
53379
15888
24874
46379
75441
3875
31666
3874
10809
68825
98189
12086
26776
7750
57579
1166
585
38069
5899
45379
66350
14161
96440
16115
50445
1218
86078
73342
27703
92742
63849
72526
13700
60027
36464
31383
39778
28568
25796
47012
14813
58830
30199
47441
11679
89138
96154
98115
62226
99857
44523
81892
12672
81282
69314
25253
24522
32499
92591
25118
47501
25879
42257
840
22083
36603
73415
38727
63388
35664
96936
44780
94371
46312
45872
52221
48923
18309
14584
17899
19295
85800
95468
84121
77989
15310
18629
97217
68308
11024
82471
46493
90690
76240
25979
25803
70679
69713
29646
52665
9111
29575
50526
73317
96483
31612
92884
46502
31517
93508
39268
68009
90904
65103
