81416
7177
22011
30306
38436
76966
17793
42721
92045
45176
46283
60970
86559
56612
56897
35196
32216
47782
57217
20471
55551
9670
23497
100
92221
13706
58327
77392
85353
77166
91625
96971
36801
91433
57547
59912
10233
85198
80078
28774
86943
2592
70350
35281
59148
64546
88619
71936
89685
92986
57878
23421
22539
449
61002
36362
12535
81903
98697
37198
74415
50915
2604
63920
72551
21141
4121
73978
11385
48881
21912
63813
76287
17771
77524
10002
11827
84504
9752
3524
37208
32045
66660
24959
82093
90757
7
34442
56126
88228
91969
75607
80905
32418
38107
53661
54568
98690
34440
22716
79717
63969
89924
4119
39444
14049
15956
74072
81656
40772
38107
54847
82544
72896
19935
36953
52033
91229
37927
17525
45418
14613
7536
65321
19328
40210
87689
33978
48818
60366
46535
86080
98101
21188
99058
11809
75129
47296
76262
89225
49704
53816
60691
95609
39691
76773
74021
30821
94289
63353
47865
38201
31495
30346
9668
94289
61616
46476
93822
11165
56020
728
50382
53648
42673
91999
73707
45585
26423
75375
85167
49231
96836
64709
27310
87448
93489
21622
96418
39932
15657
49122
71242
23477
69767
32103
48708
7692
84559
34118
13298
1766
86343
25579
97396
79374
91488
87137
71160
41346
88458
61129
56465
86505
45523
87828
79507
32004
75205
27146
29678
80926
80969
99812
87807
29922
94162
25595
64110
55655
65262
24981
45842
51458
21931
91816
98682
85706
12821
78372
47536
14958
94266
80037
29538
27412
2928
16421
92331
57188
29171
70900
85572
61467
36773
29297
87926
25725
45514
38808
34250
28866
47367
72564
37291
27909
57326
56595
67721
58617
46728
29922
93840
19392
8729
5133
68529
25758
12307
50118
2848
75937
36744
37691
60147
57457
50263
44281
10023
63640
71156
80198
44256
90066
85391
16246
51713
14125
5812
85398
39200
10363
73739
99388
58697
88019
81287
38440
45922
84093
5653
12489
4026
73779
66379
95694
69315
42533
33651
57930
349
68626
65593
90985
39779
51447
37059
32490
40880
44018
91695
68264
69022
8389
90427
51386
20163
77756
5715
60943
32278
85162
72652
25884
17750
27499
66583
21640
99464
40934
60461
32610
57995
85925
93761
88580
20696
38256
45200
59345
88661
75375
85006
52706
6923
62381
5581
98785
29072
4895
70841
78729
53866
1085
36451
14748
73803
73251
90147
49881
24536
63854
54837
22926
12319
51632
50973
77334
6204
81799
43172
66940
26878
36068
76180
13480
55845
59025
10414
25589
58938
37703
65382
38644
66430
56016
31674
39862
45648
89101
73556
9219
52119
31480
71467
15866
57000
78418
25072
83752
74057
36801
2146
72241
10278
39860
3373
889
46967
56399
63163
45331
64677
95987
5392
28208
76953
8157
97837
99006
34472
49616
63997
58877
22078
59229
38224
22269
64724
85650
78835
42886
66233
50326
98028
97284
90903
62513
20871
74792
91306
34527
88120
83632
48891
81975
8885
38533
944
66680
53803
44797
86261
40197
75288
29945
75980
54436
76480
52721
54259
11636
73899
81309
12245
6373
7731
36715
54391
20268
37555
74532
22345
45287
22158
6179
57177
47322
24622
18106
96328
23628
3122
82746
64597
53877
82026
71730
29753
52067
72289
29469
79069
65813
85391
13366
45807
51368
22564
27053
62220
97948
51523
18308
91712
59253
36060
43193
23384
10209
75984
29516
71096
76820
68436
60854
36956
99131
33021
68515
90562
25545
23413
3219
1639
53381
48181
49789
73940
65885
1496
57270
9960
6631
45794
41076
41659
38727
70771
2105
83875
43584
426
68618
18353
57422
61293
20648
33745
31421
85812
94215
20480
97344
6085
76242
56272
42813
41078
75049
5238
34195
95301
75463
67266
2168
41272
32680
44254
57856
54776
98107
22959
63839
1176
77984
39344
33935
38594
34936
52559
33231
3220
22427
17745
35916
24538
3720
21483
51999
21957
21215
50964
27311
10959
85620
62254
64873
85822
56638
89969
52396
1598
61103
25745
83257
59980
53007
54255
44560
2975
14771
59561
18211
74235
31423
8560
74565
65153
93277
60446
90597
14970
2544
55730
27295
45778
77590
11559
76588
80239
40631
72532
11307
33550
68241
86505
46379
78062
42728
8327
59940
81283
76360
48725
95996
55213
42933
54074
1767
7783
12810
4854
89006
67164
91516
63999
94900
24748
32724
75458
83481
24378
8494
53694
4592
90288
18636
11877
15286
9039
19686
66013
39831
22206
5059
29516
62828
20298
46972
42854
21646
90646
35088
15826
81839
15969
91821
91767
69850
31403
71310
74505
71730
33520
61205
45130
77780
99941
50869
27962
50956
91169
19058
2113
22152
5839
37502
82609
63012
15908
64390
74014
14361
59385
53917
50442
48602
31219
87641
31136
92051
57447
82163
70438
14429
9185
70217
99627
82355
90585
13746
34474
87292
73755
67338
17948
47433
85853
90349
51584
50617
96968
83538
84708
34405
24708
56247
14661
8531
79172
99394
63152
70261
43278
58292
77134
44768
91331
48321
1436
45983
15204
38243
31402
62664
64710
54530
62721
13236
60917
7589
58087
32129
72722
96213
91902
51641
10303
63086
46037
18777
78422
3741
75291
67634
96200
71866
6187
93354
52221
54987
46942
33149
25886
60629
57273
50340
36388
64773
8835
94392
92963
83355
952
9889
11172
64347
41563
34767
21853
80561
49887
27647
47904
3834
46685
14119
95122
54383
84206
492
73764
6341
73759
29120
16709
22527
7587
14749
81090
34930
58701
53154
30834
14854
53375
45978
37274
50718
91409
53975
34943
68433
15953
17818
66957
3078
36149
43604
35286
44420
47670
61967
40312
8394
84696
37197
61831
64460
40368
46237
89387
78563
65790
95287
38625
49643
27272
46170
50203
32732
21905
58033
