94176
58737
69588
33718
85773
34770
64836
72940
58756
88309
52296
5790
11011
71260
23050
94300
39263
83269
52347
72917
79713
89615
2011
195
88002
5633
72313
21989
59526
17338
94782
55009
15357
3526
64143
19342
82377
69390
537
38795
4054
47366
54707
33827
14366
47050
48143
12336
26324
16875
15172
91998
59403
60278
57697
92259
53039
1316
22797
39438
13128
36179
43441
88205
7244
59401
14519
22018
45741
55043
77665
77916
93091
30561
29742
61425
43307
39426
20503
88678
58570
53561
80170
70219
38312
99950
98814
13078
9481
46341
24700
31405
15941
21355
13320
69359
79484
47474
68521
97535
10340
88081
24953
70796
31331
63405
8510
33072
35325
84595
44126
10504
45153
70115
89260
45670
59077
72568
15176
65671
90373
50978
60714
96649
25338
55813
15809
96156
44705
32985
69460
80490
51809
20501
47290
86747
12616
38271
97069
82137
28016
62190
93688
53449
87356
50926
86657
98624
16229
58699
31415
71475
45512
6767
31699
56239
79593
76771
40278
31955
53062
85041
28473
39461
8041
40892
59076
52805
69110
86672
52924
60427
66873
4285
24042
64459
22778
15057
66425
62391
71424
84516
5849
1190
8599
23885
29283
44437
27290
57215
82826
6173
45829
32902
76584
10948
10284
47493
89962
38644
78773
91109
21267
31120
19581
87738
62915
78881
2549
42177
54243
35485
89353
98637
34071
20954
76636
76842
48629
82450
85662
80429
19540
99245
52154
23080
91797
75536
95664
73554
81345
14516
65324
59697
98970
24378
5492
8950
29952
97963
2400
41030
73678
64422
9514
11285
66785
26027
29850
71113
60291
80276
61184
90601
81746
56647
29217
38491
9293
93576
86819
14577
1312
53481
35556
67912
63692
30572
10480
42489
90377
22112
33977
44541
88120
83788
79648
94082
81891
93880
80130
7570
31097
30725
80119
10238
63615
49253
67422
23667
70483
75709
8221
79952
10741
31026
47701
85909
16461
60054
92968
59567
15934
94520
46158
51704
66121
55241
6465
68961
89309
70879
24535
44376
9896
23521
15601
7083
49142
2099
83473
84763
66432
83671
7294
95710
40024
68857
43943
36667
52709
57401
15344
82109
62810
11369
82170
85093
16718
76036
2917
33100
90643
84804
46077
90962
51278
2487
13304
94078
21937
88115
92242
55831
27505
59567
8947
70736
17286
14730
64808
90377
9737
46427
81407
70531
72232
61382
7131
61000
90402
43722
14085
29929
8319
14695
76703
1667
27846
95051
66842
79538
46886
83212
90085
4556
71941
67919
71023
39799
81872
70399
60270
28394
3843
95271
59029
62162
27136
70208
40646
15800
52992
16022
73752
3649
42352
84686
66269
50230
93103
29756
3217
76965
14733
24599
25922
58840
87572
69824
96819
88396
19930
63745
21254
7921
32862
6233
57397
49866
71204
90883
15041
85078
63060
17936
54382
69540
24985
20509
87727
74510
43398
64509
65822
41983
87203
74897
52533
95837
71934
54423
62634
53659
21116
93030
1731
6186
79268
10508
16527
68435
58676
43143
89730
36554
52669
76116
37733
63251
22959
70078
63103
46546
75230
55978
92860
38904
43511
68327
40398
50284
96480
81492
85427
23336
98480
92290
58952
80174
37595
47131
6165
17797
6225
29117
53442
71050
94166
87085
90743
68869
50023
10781
98692
57485
22579
84028
13415
69777
7548
57612
63323
36294
83835
65172
10337
32472
48969
94983
22143
52182
3491
81076
1510
83632
51101
28244
91832
61331
54414
752
39202
56194
19563
97473
76275
13128
40592
17598
74045
40055
86847
85607
50478
57556
10284
50988
34736
91983
11919
24955
8439
41246
562
61512
96764
50907
73903
51301
94149
11451
53458
33949
72083
54385
28377
26077
61323
19416
18598
78562
45933
70764
92364
8392
43514
24817
93309
85061
78996
48687
54729
96083
11889
21674
65745
36518
36910
38095
51118
9224
35192
52487
19718
3556
68119
42596
84858
61175
33685
28014
23298
69264
75043
8983
77247
56563
29219
69566
66930
48946
11300
13617
56867
39425
26
46361
68366
87223
1244
7298
55484
86190
55626
76057
52997
97288
70067
80394
44267
66741
85189
28593
49116
68129
99967
94087
70752
87080
98520
67035
23587
15222
29394
8119
62937
45862
88361
29098
34118
10907
16972
48916
7963
37003
87343
19355
93967
46107
92669
28571
79428
96554
24723
12992
64418
43369
80210
41722
6841
87715
71862
48603
51461
83822
53182
98888
53353
76307
41928
62248
73482
66454
51049
48917
16257
27596
2299
50901
67407
77158
45847
21511
29827
90615
21874
38523
38394
79436
33503
65018
23844
45481
77427
81324
61349
56864
91732
