41420
32901
50746
65250
30435
5811
65480
88684
70381
55018
60044
29462
64174
38467
97019
45971
9653
42929
88783
21463
19262
32356
87626
78201
88045
26840
97875
32474
81968
97759
80865
58734
9994
78693
55727
80937
68538
73903
51639
76581
53602
67144
49495
31118
86714
55334
71683
40055
86708
57387
76265
39448
80307
75412
2045
76077
88376
80893
20453
47576
92479
49585
50491
75215
94560
15042
7689
28344
63956
78074
47195
85661
51224
99440
33543
45051
55411
67488
33254
79859
46944
68272
14864
15071
95606
96596
37633
82194
82141
4939
20800
87278
33865
49978
56977
78781
24150
84745
68235
96636
11111
37706
9127
95420
73500
72659
40702
56027
10938
39207
36674
62102
13680
13174
18461
63594
91503
43587
48785
14301
52519
64857
23498
25669
13018
733
22442
74680
3115
67223
74768
90399
85024
54368
38892
40600
53862
39012
57639
6696
36146
83185
37254
20211
76922
92342
31602
14548
13306
33085
45735
51721
42092
27572
85779
44047
74358
87812
7086
4134
91832
70951
27508
15254
66081
80406
42300
20008
68898
36341
71632
80004
88709
79563
79428
95303
4984
67264
72127
7163
90532
23992
24260
36147
7935
64972
48725
95560
28558
55717
7260
26633
11757
92428
92093
52194
4767
30448
32506
10127
99084
54912
71157
457
95592
52243
30580
50625
37046
12637
86567
83793
59108
97245
42726
68668
65891
188
75087
44196
76527
47211
60208
83680
58581
34306
66464
21770
87921
39635
29844
80266
82801
89257
96319
81786
25405
67446
35470
33742
87629
39809
53512
51938
91713
76169
28681
32975
3914
80041
12471
7045
1406
40140
20190
23892
51561
64532
53724
15144
31588
80711
61505
79468
67769
65818
70045
5005
26334
86387
52665
20987
25014
6041
29025
17486
80283
78384
55823
95886
96509
65322
30410
97720
24822
82566
47226
6572
61712
58518
81811
46330
37997
5392
22057
1402
77937
44697
97234
54448
77253
44215
99834
46932
64947
28897
66605
94504
70151
87454
86587
16227
23965
66712
95056
56227
85770
90833
72233
77980
59321
73207
49736
83204
60834
97449
76726
98586
79927
94527
54147
23258
83918
55626
82087
89711
15625
14127
24272
30423
9911
82567
58545
36522
18127
58339
69789
5103
73923
79548
20519
54271
98642
24653
39315
52634
93470
96637
16070
80050
60661
96144
34820
5197
48171
84712
13141
60627
23590
64315
13323
18064
91755
81637
31751
21157
80943
65544
71633
4046
99102
50233
44361
62809
91399
97735
80311
41582
54046
19074
75241
27883
20373
9805
93661
694
78927
85280
59984
27044
14884
46469
79091
46115
35359
64987
2340
43352
96829
42567
95976
8545
16067
43009
31770
42833
81342
77695
80031
36655
50097
54527
2520
64033
71461
8370
72327
63756
19645
72469
47736
74294
27374
68177
9883
474
67564
8764
95574
55495
78038
41426
29318
43681
20576
16599
85072
55072
59537
12145
15018
2643
21656
66111
99147
11589
71931
4155
34881
27355
48915
88894
92569
52732
34849
93486
64466
49642
3141
2013
43434
68512
47237
84967
94595
99552
15320
82910
28002
26261
60755
79891
87400
76002
18191
29257
3566
32685
27128
24647
35093
90218
48514
44558
61324
44356
76916
90482
80445
86843
27705
20766
13820
70746
85691
52780
51207
2857
22215
56928
54527
6301
96786
28830
36385
98904
21042
42196
64127
47900
30962
58879
46284
66147
98807
89534
53959
60725
73720
67797
26226
75046
54901
96297
17426
83680
61671
78580
55005
42708
77703
6617
7762
63942
36950
99482
41287
99312
73622
19971
47470
12347
24519
79824
64353
47937
56923
82713
15557
62348
55221
64215
29407
39644
79555
40306
5885
15898
94250
8266
32460
34841
60559
87212
22167
51708
23424
74926
48636
5224
11019
90042
85217
91835
18180
44906
17813
73762
77407
39094
29563
49577
22220
49789
76692
14570
72330
18655
30922
92684
86683
29910
82277
76751
10099
28902
51290
99140
97541
11203
94480
64104
70236
22379
21813
706
69999
35684
32759
65501
40942
94150
21645
81428
9881
63879
83713
22717
1688
82617
2984
56097
90018
85759
3125
22535
42173
78017
96893
20193
83946
41009
24168
76187
38158
5423
54050
90478
20787
66360
77259
51867
2106
98141
97513
42248
50212
93200
54331
9513
87371
87306
96165
95049
34434
21016
11927
50609
60784
60255
74298
92786
8393
56925
14817
23025
82062
75658
35252
65679
30773
86283
17951
96556
56472
96033
77408
57630
50507
49662
43329
2435
37731
30335
27638
96336
64109
40652
20474
5138
59405
89942
99070
11988
82905
42424
8
43238
78294
37487
22985
99429
47238
1157
46276
46962
62445
78324
