67808
7877
93417
5548
57588
51562
70186
76623
64431
60444
51762
37620
64498
79641
89543
92194
46908
52722
75752
27557
41673
80436
44357
90197
96955
67115
70252
80432
72612
43830
36282
83762
33155
15880
499
87313
22341
73576
54560
70175
91885
54403
23494
52993
26811
98594
5586
91560
4319
1505
1232
8112
39852
77377
34578
30203
10328
83578
55703
79288
49249
8766
26868
61956
68161
37438
12223
39571
47293
28716
23467
98495
45994
6275
62342
53057
9388
84215
58418
95869
12774
99582
19543
62756
7610
11390
29345
88222
93253
50023
4292
40709
85114
55756
66711
74356
65086
60813
52962
9441
74723
35719
11801
46601
7430
74540
45027
39578
62267
84595
43453
98258
63096
26202
71277
15179
13238
90203
95688
82082
9191
81171
97696
23445
27638
1594
96965
34110
70960
84555
65666
18034
99819
2961
76939
70872
3635
1238
21121
79746
40425
13157
22727
71501
84314
22781
79740
47320
87017
39573
86072
72151
96720
18165
1101
5251
59006
91958
87223
573
34510
105
79874
97475
11252
21272
18579
54365
77213
78140
52758
71459
65764
67455
72822
82464
34350
12028
58699
19969
10611
48289
76816
12890
50325
81546
5006
37214
37064
19622
90538
24751
81208
25746
7328
70217
94979
62062
36582
21433
24011
47430
33956
89584
83815
33322
23967
8963
41265
18239
46101
94594
89089
62453
14152
58642
69743
34218
85944
13157
24635
27259
25329
95821
15113
7672
51788
78906
30604
56809
56175
99938
7356
30475
87608
79895
46326
76624
72906
89562
21204
63984
44862
68648
29451
66908
89057
38189
31800
51606
10949
15115
32615
49565
17505
2709
32717
57206
26423
81325
80193
60397
62665
74363
80085
50764
66446
22750
49956
78213
75986
48978
52960
65014
47853
39865
867
80273
98028
6955
97917
41811
4164
81651
68652
91084
680
29846
16247
67243
11405
77895
38988
55953
69183
19665
2756
18624
5660
26107
64407
47361
82075
84232
43614
98638
48519
39712
24059
44985
36949
81108
30022
64695
704
42329
96991
65704
53824
95653
85842
108
23105
25368
50614
50467
78078
6804
56377
94723
54033
8483
69591
75436
8488
62259
61770
28867
55011
45520
37009
91495
11085
14031
16196
5784
15526
44474
60318
33363
12582
71716
84508
83939
23911
68937
84917
60750
95297
8598
13632
14780
1463
95620
32133
46290
77728
33050
54612
28889
23227
74839
82891
494
3901
71519
85416
36644
56618
56251
81111
90663
19476
30742
63552
77545
61480
55511
39477
74394
666
97205
63420
70117
15178
98827
23902
21803
40268
58495
2139
50920
90412
99520
84221
62837
73037
98986
9639
24
16218
76883
24443
1990
60838
77970
3257
43941
1807
70248
15734
41792
83557
96699
69946
50833
30970
1090
19431
70457
30351
3002
61334
8444
24488
62787
30839
91297
69799
67601
27247
35048
43884
34037
38746
88500
68000
44260
54720
58519
98498
98050
64106
93341
35084
44285
81763
52160
25098
13170
42031
91864
1044
58129
50498
2679
24205
7803
50659
1785
8430
84330
81067
50362
7480
21073
64113
11449
24460
86446
54363
55647
25763
82293
61020
25640
25415
41381
70737
33104
65756
18723
68157
85603
84840
63281
24008
98199
69194
3180
53429
54462
17413
65398
6989
68341
73501
98075
96517
8748
31377
47534
84737
34787
58963
60324
40172
48240
44228
20451
18256
25615
925
55367
22588
29654
76503
44688
48149
17428
2588
9581
23279
37183
21460
70680
85230
16464
15775
28863
93902
59010
43972
13667
4665
15016
77722
26416
65402
81936
61046
74506
85873
22303
40022
25918
88178
59189
60491
36506
39561
81231
7311
87501
76535
77645
42677
50857
29948
26531
96472
57937
11516
57676
34710
49188
72174
91523
68198
62702
2886
8849
31902
62295
66991
77564
70182
18871
60246
24331
18302
1451
86559
42121
14680
31942
41497
29242
54284
17364
37527
92378
39600
46006
92809
81370
48064
93175
45443
44080
38432
2890
78399
16148
97871
69658
7063
7197
71446
55779
55983
79786
15962
76265
49477
32827
8069
16325
64015
62676
63863
17701
97993
7953
69148
30629
74209
95262
20781
65519
39165
28411
86889
98840
52187
81779
14107
94870
23304
61947
11297
65013
41433
52572
53384
95435
22337
16631
11920
36970
45253
46537
20246
65775
42904
73803
67016
7142
34681
63842
61472
31949
47186
28687
24114
74613
79579
39124
34802
3027
79402
67706
98471
43803
84575
9317
89699
27272
46796
73227
81160
13916
79413
54584
70929
63248
78290
78691
19044
63324
46392
80735
71598
14872
55486
28214
87242
25514
12474
50798
37105
571
12022
52581
99102
58050
11149
85845
45284
72374
54849
25040
36238
32395
53035
31408
61506
94899
20825
92833
90511
62169
48163
44255
70228
89713
58998
57089
62287
31859
46112
88690
65695
1123
75022
45960
23250
54814
34580
67813
88864
93834
7180
85694
13826
72262
75494
