77069
58468
46335
29599
63128
53431
80145
45513
8700
21532
90755
66175
70278
23196
51976
32646
71252
97621
64475
3884
89335
98388
57829
5055
60569
54376
64093
76906
23321
56903
41689
40592
18279
17831
77720
89408
36355
99929
50437
71517
49776
53019
56663
1143
18940
16213
92410
84483
51508
66505
8067
89178
72582
43373
52420
1431
50469
14884
55331
19327
18020
64905
17328
29828
11970
75347
9886
48740
47949
51227
45070
77772
77444
60871
20141
96688
78198
35562
73896
35264
62286
4701
23140
13780
95603
52087
8538
5844
30569
64216
43700
53953
65994
27176
45416
79166
7125
51014
63557
71009
12051
45389
31082
87297
55063
13417
1640
63654
4680
57335
98104
76162
7325
8031
87791
51095
23689
25902
27588
63841
50122
75850
68348
94268
5065
40000
55476
49512
19154
11390
24687
10081
32523
7327
54511
38098
88863
63364
17418
38612
42999
56130
45484
35579
59704
11133
10803
65412
36777
96725
99125
41136
62267
81837
89538
22939
34789
79030
10057
36657
81314
6147
9909
35948
66864
48982
14481
83567
61291
88554
84124
18434
15753
62497
46962
62667
13995
13749
87238
62444
62595
3065
21556
82685
41836
24722
96236
76245
14570
80952
20683
5744
41667
83071
35350
6623
14121
23020
86599
17177
88216
88966
95844
87816
81838
8395
2700
92496
34116
72549
84506
49429
34342
78390
58890
30169
38555
74775
95439
93141
60079
19907
69525
70791
38920
4661
47549
29910
79617
80211
55412
79589
16981
96809
11777
32973
69560
55458
56230
24696
59790
53105
3733
43559
76200
49657
56304
81157
59912
16057
75620
1556
56203
72321
52020
80954
46404
91534
62999
90865
21598
94096
21548
44026
26305
91913
29441
98931
80356
5597
78155
15111
68039
91815
91313
42877
10410
59272
47182
64886
1757
28904
71973
14050
35723
85910
38456
7544
95044
58168
98427
13622
50938
97333
24879
29216
24004
32848
68124
25422
62423
7858
73898
56965
90266
47141
68228
70778
25633
97401
64627
58921
47032
38775
81418
54665
27541
65600
98114
42177
52657
85932
3711
76119
95431
59825
45395
38849
23176
13666
88142
46670
65962
94935
20825
5820
16929
15881
15650
31315
98687
74367
38655
53263
65556
68609
73408
24969
48483
36746
71402
19706
699
48111
79327
11031
94213
77265
45676
53498
10211
15586
50187
60708
84083
30486
60024
96829
58256
76625
94977
26122
28212
57356
48471
33552
95271
65410
4919
72157
7658
5773
33226
8466
94428
4109
58770
11594
64853
52315
36871
80374
94326
91313
53296
13514
21075
2236
84633
80228
54698
76684
93428
98909
3872
85532
88616
17435
26295
35322
47684
98766
244
5265
86548
55840
78557
65186
42788
10010
31522
70820
35308
15182
66231
6256
48202
10393
69605
10027
27381
80672
7742
20255
12828
98484
71125
65400
43704
12103
18066
25841
7624
46293
17672
1919
64176
79164
67209
42525
98613
26009
32758
44059
80019
37807
3743
12301
49295
80449
65934
22284
17031
40324
9891
43434
76264
22261
36476
41683
52222
72500
75898
75620
1420
80600
346
17372
64080
58411
77662
18638
39035
51412
59509
35645
68327
28207
67026
65629
88046
47176
72509
21782
92607
86872
2516
94762
4188
94545
68279
34383
68097
71162
80355
85948
73615
14586
51692
60004
62899
9140
13219
78068
39851
52819
95308
91825
57946
66540
5567
62691
7539
12504
47500
9136
43467
34375
31856
87654
54026
96182
68100
16863
8420
18784
6923
62148
85758
81746
61299
28432
45856
76799
23696
58054
82604
86389
95196
10481
59897
56724
39471
63602
25430
97143
20421
10548
85147
25828
79200
66025
40694
26385
40094
39287
80700
85922
42343
37925
95975
90351
77559
85076
24348
5728
79338
94259
51677
4581
95646
73847
7514
86508
87848
4722
66407
74324
20592
92740
32849
77655
12140
38583
51990
77839
5461
81199
68594
15389
39785
54464
42657
14224
60837
52611
7670
7135
29515
51121
66076
12530
93988
8411
71494
65753
69984
90275
2335
49412
48756
11883
18439
3394
48955
66481
18573
48074
62512
2256
25315
59607
81055
