27760
58094
63326
93280
10467
27521
41949
10727
90806
26831
36147
9312
2466
59701
72118
42315
70638
82411
38937
99998
4905
50107
17533
71574
11682
36407
84393
54259
9021
13968
58009
31372
55564
31572
14403
77803
99412
63190
8135
33394
36668
68161
39302
31372
49198
51889
80597
57650
99818
83685
46750
12719
64903
82429
37062
90038
25081
34391
247
52483
54022
22748
14800
49928
23558
30180
22358
66036
37550
83218
5201
20190
21744
44438
50870
54263
70540
27291
66963
13138
12602
94571
94499
90251
5018
36290
11165
49962
90484
11862
58447
80833
17586
61173
4293
51005
23071
54558
20958
29655
5893
48005
99499
23863
63228
32702
4039
81516
87044
3318
65632
36592
89232
67883
74418
1053
12597
24976
60485
47725
88048
70016
26081
29234
25419
8221
69216
80360
67207
17314
89089
70147
28953
94236
68688
97691
44718
62721
16538
43556
21915
16711
53350
29705
39630
37038
78866
63769
24260
35862
19960
60938
53860
2829
58444
43292
96588
243
88938
32950
85337
5054
46344
84447
51419
80292
18867
98584
38098
3968
97065
13492
62693
50151
56839
65117
83917
41415
35769
61565
98719
15377
38182
6808
27359
16151
43184
73452
61880
91465
93752
29467
44311
6494
42153
48132
26505
53622
97426
88847
6879
26794
18795
90202
74610
24509
12938
44634
48970
22564
27078
83142
15882
19202
23163
92382
9794
8426
16940
14401
37416
38115
88608
81727
47896
63476
8530
61591
26058
46917
4467
88235
10269
809
10953
87814
47668
40721
80988
17747
78913
40532
97121
61849
62095
96146
65520
62173
10046
39853
92633
28034
56098
11165
53476
50949
78654
92357
93323
30261
84207
14551
55092
181
46990
38909
33096
28772
52279
34883
69939
19711
86331
16204
32716
47991
53832
31616
65527
80253
60119
84032
84768
47176
59030
87406
89121
99615
70782
3247
83953
53728
84010
6277
817
32284
91837
45857
1985
64915
98224
2186
44464
93442
18874
18100
4275
55087
26687
15082
76012
87304
71477
72249
53007
55041
50954
65752
63246
49392
1713
97516
89442
9919
17729
68762
42679
89368
61636
82521
84446
39128
192
40710
88551
27152
28567
13492
56456
27686
14956
66827
21703
52839
45915
74273
67412
58610
25376
83904
31075
65638
39607
55367
22935
56779
49818
62889
49738
17320
86668
83290
16109
44079
10601
80826
96995
48010
84128
94584
25817
37
29285
74781
99298
39048
69387
44753
50595
24879
35090
43115
14642
85049
67235
91293
14843
61867
68919
77284
65450
90216
10268
72003
20355
4620
56533
24520
92223
46516
77890
50462
92571
90703
90430
12703
5579
69895
83637
38970
55608
75025
9820
45294
43122
27926
41915
52032
68492
7497
8503
20919
72514
9204
96008
49440
16220
11354
22092
92317
22938
11095
74684
66068
65114
35055
51004
91745
8790
32853
53178
38643
54383
79900
28402
39714
57040
45224
57777
32762
11159
58706
46719
78247
52043
61567
31578
16242
73810
86985
10435
81985
74120
90625
91630
79996
42273
54931
1604
67874
16865
53304
48539
76767
83060
46033
46991
48060
13923
6953
60149
93063
55123
19572
47070
81634
82183
267
3511
13202
83782
82250
32614
24775
84717
98415
4288
70258
95099
72207
44087
56961
16384
69883
80669
51127
62743
88370
77564
79654
92751
18245
36856
19936
63964
15246
36315
31262
3815
17361
74995
5447
53077
31451
82581
97472
61581
64086
67162
47842
56833
66080
65283
84988
39405
65113
23485
98693
80397
86303
43047
65813
92589
88673
76023
71895
8592
3815
29152
49826
425
55365
98573
66491
74890
39163
92053
75479
32071
9537
98471
51625
30285
85718
18773
21572
52711
84912
70671
34815
18022
88212
23708
46918
