53715
64112
89047
58081
39528
30765
49599
89406
2963
7106
35890
86595
51634
85547
45512
92719
68756
42443
19144
46471
20954
68052
19348
76273
80850
99834
47888
25709
88309
67786
45381
5065
31599
75968
58320
49968
92317
15792
17095
7022
18495
48625
25317
99271
88258
11171
58240
15780
11494
83023
15560
17929
23437
97654
16779
99290
5798
46466
35219
11042
89728
1670
75594
67634
88232
66397
99973
87520
95175
54536
55523
48868
2144
43260
52157
84474
13665
70365
84894
59594
62889
46600
83823
64494
10450
29724
63342
50416
23959
67065
29627
38143
60559
91812
40079
96518
17971
35507
52846
58052
47701
80469
97702
14353
31124
86338
39300
98512
35179
40702
54558
21296
12087
48045
61691
15040
82902
95556
59658
49645
60248
54333
42106
63335
30107
98775
50931
68071
33616
76156
12560
95881
16305
31837
64873
80492
92560
98305
57522
40387
71793
93068
44270
27056
20612
27690
73954
98675
74624
57534
45351
88620
89730
40845
61684
98954
69737
26249
56387
59936
16739
36835
73876
91818
36913
74108
95944
75996
22043
74377
16622
69951
28339
89150
87280
69284
24237
48862
99954
62285
84543
68646
98913
66997
90409
47780
14209
7171
28743
81333
14250
97479
77350
84203
56648
46458
3084
32258
53951
19763
59771
35898
24565
57609
2890
80419
52899
44042
1390
61012
98671
8955
2874
14454
30551
59500
85690
38536
52432
1170
78977
20554
48808
85102
63000
9371
95316
25120
83247
85267
42885
47724
76611
67000
35584
49662
45932
65060
27621
23234
79300
44055
15851
98946
22389
77467
50546
99769
61239
14129
69591
73679
91412
4423
40679
75901
20568
88710
99769
57381
66002
56166
59164
37162
57546
47684
95596
27441
85112
33242
85110
84
12114
2576
94968
80901
52478
71679
74219
64526
54296
19623
94895
51839
26689
56276
98853
64796
84717
86050
890
64970
19617
6523
32364
35876
45906
17419
52830
94546
88759
29313
60543
20960
72385
36449
75263
99894
66598
70906
72785
65963
240
42908
32911
19313
91901
35667
41679
72623
41117
40846
82723
85682
12401
23668
87999
44124
77375
93083
90545
39790
28847
17256
13888
9284
32265
61466
33282
63445
87952
67767
31326
83013
52352
55204
81171
99533
95366
68209
46782
37433
23831
12329
14101
96534
90460
7753
9984
4503
84947
51083
21875
39882
86510
28078
1029
6685
57056
17130
96230
75109
17503
71176
14352
21119
41582
49017
6045
98822
45174
17423
28528
67494
30115
30985
45093
59900
2024
19649
33887
29989
13740
21879
18901
57787
97216
62089
91101
78482
3097
53842
91271
44328
99902
1753
62738
98898
24414
24047
58577
69912
73543
1178
14633
30805
33659
97164
83911
38428
43169
26690
67497
84579
76146
51410
14436
22676
12834
7962
13780
1568
62805
33158
72438
18864
42491
19924
56186
97434
23979
4098
86092
1298
15704
33399
20375
30572
16025
23857
61187
29866
46289
55230
14523
91554
93222
30527
54761
48436
35980
98457
3318
70343
22340
63635
75263
292
14484
33457
1534
96923
32848
56297
58672
67221
41645
9323
87740
1143
14666
83430
56342
15643
7318
92894
17003
61155
8812
7581
21935
48152
60294
35055
59932
50052
3341
60925
34042
27282
22879
28767
69743
37370
56210
95423
23043
72627
192
40686
93938
60337
52617
15190
99580
86555
78364
28936
17624
2331
87668
81377
63696
98226
36276
70456
7980
15389
39080
2907
62618
89850
58509
24387
68952
41426
24909
35290
12537
13115
24008
93467
54600
39764
99426
96669
56587
26926
33269
33662
51645
71068
9317
90200
32537
29975
80970
24984
5407
85564
34039
77969
90125
84073
69397
17729
72482
62591
28575
58043
6786
55746
99436
64595
10290
48083
5688
7168
71323
88581
38002
81461
64129
80653
90300
16029
5354
90483
99210
61843
67027
80325
76551
47290
79862
98827
32268
22545
6795
9619
77042
96396
76401
38014
84150
56073
98409
3143
28498
54155
61362
73419
16019
30583
93829
25636
54017
35293
58942
13815
83526
75964
84829
70677
31657
53460
72907
14575
55437
5273
28278
52568
88700
35614
44350
73293
90706
39295
21499
29651
35452
28988
98236
97489
38430
68651
74269
91745
11811
6439
16831
77595
2534
98146
87626
81496
65453
36681
89580
27481
63785
3539
82911
42520
15704
33066
30019
17346
23394
81252
55421
30470
94540
85133
90078
92716
18023
14499
85448
76317
23721
74607
76148
75178
81547
20479
87423
68787
70935
71366
7062
88415
41292
76325
58072
78586
48229
55072
70498
17663
64713
96291
8895
96557
80427
93741
58617
48088
91192
18042
32785
3674
60241
44882
12446
74025
99745
55511
50502
58522
46324
51779
19349
96028
82227
47665
80822
30217
41294
8395
99929
49195
96471
35210
65243
6500
52322
52960
80385
88070
48719
89730
35125
33868
2581
88221
79954
41013
79731
2404
7021
305
28498
47428
4631
30643
6230
17142
98408
90791
69793
80034
90400
93782
45153
61248
70099
20400
54342
562
56316
68825
4532
76081
47132
27143
78533
55172
49066
29467
47356
87850
48184
8897
26237
50641
2483
35107
21112
15799
39455
95113
3223
76519
14860
50980
93198
17928
14107
91457
59676
42465
93977
25219
53333
36414
479
54271
2765
71377
94443
52984
68357
