95413
45922
88329
93907
46091
25478
7405
67091
56238
70900
77749
89448
9252
8490
87072
76020
24420
13523
77494
3316
37040
15898
87429
73086
22421
21251
53912
64280
22784
21106
16606
90068
26575
33857
24720
60447
93402
58115
11491
35937
71075
20750
38379
16674
36419
74173
87778
31358
29287
24194
28889
31052
86320
37090
58898
64587
86914
20621
65589
17163
62209
6485
3148
18629
95940
14492
71798
76634
52157
78446
3260
3143
32560
22266
20522
12835
22216
70402
9981
56425
8850
40906
96522
90915
54540
18887
31415
85078
58189
48818
65630
5696
30657
40312
7154
49109
49315
11648
74130
57233
94372
57215
78012
10433
48556
63072
24731
51050
77848
45692
22670
2512
24993
50039
77581
69273
40676
22117
6042
44495
1923
34201
367
70269
68716
80192
41434
59758
18226
16678
9023
50233
38350
28632
10948
8565
61795
59032
19075
83088
7669
90272
52429
46091
29176
45858
15043
22559
50142
14066
13322
4945
8112
35994
42400
96717
61554
9357
58594
67413
66869
24050
98641
98697
41626
85342
96848
60985
50346
37761
34280
37893
51954
67158
96008
55755
40909
33728
61020
28922
79212
66694
82737
22406
75343
44531
16131
14583
1568
65702
15293
21965
65280
19644
56720
67399
45264
31579
33940
20208
37298
55980
28537
6525
72615
8411
72958
63319
68180
57848
29809
94782
46099
59587
46868
90969
63844
97344
9092
13058
59837
56194
30250
99169
79782
54020
80980
84474
8762
61940
98160
15284
84216
68671
10368
55748
31252
44625
99292
36059
24169
7636
35913
80974
85471
68898
30174
19853
63010
72404
58980
39587
24143
59589
81697
34124
7526
90431
23299
81439
8378
4182
99259
82555
64026
56875
76770
30364
13038
27799
12916
72215
83862
16626
22955
94320
77315
87029
41952
69120
67935
47019
33051
79119
13164
50174
45996
36940
27395
14708
604
66251
40509
16672
4735
82900
46311
23894
80959
33617
82876
50906
58609
13308
65788
63230
73000
65805
42197
84843
15270
42689
59913
27884
29216
21198
76553
83617
99353
65368
10990
8400
83966
62503
59738
82734
60008
24556
3296
98633
61401
39977
78977
26906
91724
58820
57582
49985
80695
1825
81965
34299
46170
59660
82998
95380
90854
33778
97641
2783
74701
65036
21773
33923
31907
53490
71606
41898
53249
29275
16475
97611
85759
99034
15118
85030
58133
6347
82645
74907
26875
84220
38332
28221
98723
76078
5804
55007
80189
99017
24945
37380
32964
10596
91445
56531
81869
24429
73072
80536
22294
86901
2245
45608
15221
22766
21921
16348
60931
41062
14458
96740
48266
88779
50972
58406
95221
25885
43693
22651
95985
63369
9746
3052
94547
97603
53861
18995
49745
46086
38433
30973
49136
3604
80409
91784
54521
7985
5934
39213
27562
23588
33848
63023
97668
58521
25333
67432
85878
96374
493
99129
7158
15046
68335
62050
47355
74486
47411
12809
81139
50583
29673
6423
59609
17187
51335
65314
99772
3188
82984
65239
30115
30355
69456
9230
26554
85166
29569
47603
33017
6448
69594
24219
36138
52474
11500
80167
15202
93433
72336
17709
25784
35882
46211
45174
17320
92232
93504
75935
98460
54832
38910
41011
52938
95943
67763
57445
53138
62550
52093
5170
2914
89485
17393
20780
43026
25869
69837
18137
32351
7276
84961
92687
32856
2859
53676
12527
36800
88104
14524
966
46333
99293
56735
20698
65778
97834
45460
31848
51364
54984
85100
34701
8190
53151
83840
56746
94538
43666
76568
44596
97897
7122
95887
24530
62680
26388
86247
4469
9722
99885
17464
18351
13369
87700
20532
75614
97751
52135
98888
62536
9591
93654
96449
69281
71267
48497
60889
34731
2770
65289
82132
39047
40613
72384
18748
89402
22895
83460
