99881
38675
1129
83472
65091
46200
69693
90191
85258
86111
22212
17477
25151
2113
24928
62294
50710
65810
35550
80734
51115
67329
60798
94957
82105
87430
92012
93949
50481
15794
48736
87995
79694
79380
96707
7466
80233
25449
17748
92223
33694
79532
42262
86060
58136
69595
39510
21514
78593
76265
47517
95767
4496
70334
59098
35295
83892
29976
2169
60854
40226
68771
484
38404
33988
28589
83361
784
79610
61543
13698
13889
34356
13568
43115
18979
83291
23703
75196
74448
9046
41044
4107
31517
97019
47121
32555
41351
64486
84972
84369
43210
12850
66843
94432
63297
136
1282
60611
51271
93824
50578
40859
2449
74853
9624
55448
94573
32760
78497
59440
76787
10189
41424
91613
81465
38574
94402
59244
87817
93873
74055
97008
58803
70298
66089
25010
39704
88428
55655
70035
36725
13967
36307
3392
13125
86488
57409
47770
54099
7101
55063
16931
62109
30443
38590
69825
10775
99195
17583
12118
64900
43527
41640
29343
50467
68116
85510
21921
24832
47893
17231
91204
16422
22
85142
40324
15708
2317
42138
91042
89089
72152
15780
4755
28985
39379
20165
10845
73794
11364
96768
31593
75884
39930
93549
28562
35084
45125
95769
28610
38258
79097
36351
39749
43230
46633
43046
52453
57583
70387
60247
38220
45262
98659
7080
90863
79655
17318
54825
8643
60297
80153
93823
23478
91270
19022
98772
3064
9264
2586
63679
14690
85289
840
31001
23912
85680
70553
51655
39657
4272
11123
52624
28866
46490
27176
33934
13229
34118
11269
94021
57882
97603
50850
3254
92819
57515
29600
75480
46367
76464
87152
21954
82923
36566
50471
35864
55526
94956
75566
759
59325
37627
76732
97293
47664
64409
95478
36933
19069
87032
91783
43909
55900
80681
55499
48466
36828
46053
90355
39670
8421
34867
90774
79965
20046
11863
78636
95712
77077
95055
30659
78124
79366
53981
33967
63451
87855
34478
57704
6079
72862
47321
990
39755
46055
29555
12449
35481
13377
21863
46528
66531
45231
74333
72427
38982
51661
36078
49824
68695
22248
21231
23664
16847
47246
44950
50597
56865
3721
50946
26001
98195
9636
53229
99171
10417
71846
73574
16278
79392
99573
59013
99108
57925
17479
67603
63079
28196
80611
80207
434
5548
42957
54821
41595
76067
9355
38140
6555
67920
87798
64741
70758
95228
40289
23618
34570
6015
95017
89447
87141
35316
48672
14205
37314
22446
48226
3172
17115
47652
63958
10183
46740
34296
92717
43413
23084
69113
37344
20639
78207
88883
12317
19085
64235
68162
55498
22516
23291
36607
35840
49894
49240
58443
14802
72731
45751
10725
53654
30104
53244
43002
9667
82341
56028
39390
18528
88704
92928
82420
95507
39755
40498
37725
32671
93890
48640
60842
44850
72582
44783
42376
85952
53358
66266
89882
92065
81558
6185
55520
98555
58860
32204
36324
77181
46954
25230
31513
30929
15729
50094
7906
71380
49810
30219
73769
98143
33090
26186
7566
62563
67469
19870
56899
74194
45554
2420
73230
39786
63489
18879
2721
30303
86514
89511
54284
28420
47806
60455
28776
33005
94555
36594
12362
67277
92630
79116
66000
24539
14960
36054
52363
35277
81523
20146
92792
96468
91118
68191
50556
71615
89070
42432
33996
57018
65849
81882
44813
58801
46363
97227
32814
95873
79662
34671
98191
32647
89701
58494
77341
33976
28264
28980
51398
24966
98058
12468
55190
45177
74837
