96374
95798
23838
41724
41507
94886
98956
1766
84110
97851
23195
26489
92995
18079
49330
61243
85193
93247
43322
97015
71111
24403
26901
8538
96286
30853
41193
10833
72220
63556
52770
76392
82748
92817
26525
92576
80646
75306
31309
96359
44093
50189
94520
40480
21038
74460
4568
83838
14069
58439
54526
94995
24679
79141
86946
50244
25018
62726
4609
64594
99730
98378
89628
21220
42105
37470
37179
49865
49840
32180
39193
7810
68332
25046
36692
72523
49587
89314
42104
23637
57293
93020
31596
19364
50728
61158
42831
36579
60469
70951
33091
41159
39356
35544
65172
3595
25821
70545
13756
96448
40739
79262
7006
55588
39169
2409
2980
98283
80916
2559
17006
11122
24975
45323
19567
53856
27114
96114
39603
85886
43606
68289
99814
8630
51977
59923
93599
57728
6048
50985
83995
53579
69254
20959
58781
97468
82092
74234
10583
76048
99835
63312
47229
59717
29600
69777
7934
42425
14663
47746
49258
59860
29637
502
38281
75342
28796
59410
70085
85481
37170
97852
38765
7764
94223
56653
36471
58649
75752
26712
35592
75061
10142
51334
49361
86297
52861
16417
25777
25605
39314
39502
99369
42025
92881
3176
90939
64686
35598
81690
20429
44925
36353
66969
18502
66384
82341
63629
75738
86859
83847
63191
13684
80534
85283
5237
17996
51540
99129
99089
33818
61444
64439
97952
18083
20888
63856
86896
14860
47281
28436
18853
56056
5657
79565
9178
62511
89740
17469
93335
24302
40048
