64021
72930
2451
7677
31724
66412
56685
71662
80908
83379
6952
51035
17306
52725
21494
39622
3659
98728
62307
62849
63327
95613
21883
73470
65554
28641
62538
50832
5718
7570
34420
81672
10136
53085
76585
19322
42565
69628
99738
46312
43205
24141
38628
10344
47511
96611
86492
28702
91253
40781
80481
98214
25640
15038
48582
89201
54760
22951
22634
96406
46760
73665
47439
76956
55971
75338
67478
73994
77947
7560
59142
74522
48902
70596
74812
31281
36044
83316
45361
57684
69029
27014
21833
36815
26078
84051
92002
20894
52679
48714
6343
5222
63645
52348
79520
44990
18262
19263
42638
1969
92474
62588
76439
66453
39691
74433
57375
80392
3761
19224
962
76567
18831
88652
29962
65517
8060
70935
60217
31483
28631
94181
49395
50710
63529
5438
97344
465
18954
56091
86155
60925
40456
22499
41442
92552
72494
74424
9271
25056
6447
53454
80148
2402
70038
92183
64428
4498
6497
95219
87491
6149
47381
12569
54025
74084
97464
16357
1502
57045
19453
41082
47001
24201
42846
87019
77614
12335
16256
19818
80048
30331
60906
13075
44207
68573
74073
5844
24075
14157
42404
66074
75741
34844
7792
57224
26968
42848
33532
59303
77010
57452
68619
42075
35303
25463
43334
97967
74821
73339
65284
99959
58041
62534
75324
29139
27422
77949
43364
91909
66628
89797
67600
25504
41583
70580
92654
91484
26287
91165
61088
75412
2409
92585
24021
8121
94132
29178
80054
16793
37773
38433
27404
67905
47579
35947
49922
9130
55642
43625
80053
7601
46641
79984
42825
32784
80016
82047
23311
75504
58836
20434
25522
38803
41697
89294
9946
67833
38495
60365
17102
38226
44284
67369
27859
15789
63849
76529
82128
76589
90143
88550
15505
87187
97215
39194
16760
81794
59733
3117
91859
29416
84832
23907
99080
78620
27643
84219
28238
83938
94538
55002
95902
63345
6745
67191
36371
63953
30334
19301
95438
68880
32396
70092
91712
52184
31129
80467
70587
14840
12045
38819
20482
36304
53811
81778
87
71229
7490
81966
65346
43422
70414
2203
29731
80050
55067
86086
3695
7948
79428
94582
90357
76014
30449
39302
24389
91185
819
72949
22720
44430
10476
63651
44467
31899
21873
13774
2753
79846
35921
1734
53002
85702
39305
78159
68943
84946
45220
86920
15935
11693
32141
78706
65565
19495
56194
17778
93704
22699
95036
16385
73010
43167
91015
39335
82157
73655
78682
67091
65090
40137
67368
22745
69000
51331
94534
72014
8654
51190
18342
63235
58847
16955
52537
64005
92377
27899
97014
62851
99424
61045
49190
13741
41329
90307
37012
42792
88675
4675
84353
81921
5408
3114
46991
49585
50640
74433
51059
29395
30267
88571
57804
76504
53827
44824
37763
68350
21884
1920
71183
31790
85094
26122
31841
38274
47099
63754
86162
74889
14803
93841
29472
29401
24788
9896
29960
31740
43583
80607
9705
21193
88369
68434
40822
79142
2865
63874
4045
86420
19554
37058
11998
48643
18163
53918
77083
90081
36176
86825
17535
7223
92617
69772
27472
15578
11906
11604
22566
62361
68644
60236
59863
91149
82289
91631
98460
53069
3445
3130
19062
63484
36257
58293
4915
17068
65784
2152
78409
72991
28297
75876
1571
15912
35435
34592
72796
47687
55068
96249
5513
61461
36622
92840
8857
63448
36284
5683
23114
68632
62981
81452
14605
64364
26177
51125
40561
97125
16518
19312
77123
66017
7708
49443
70021
2109
53078
53323
64930
36543
59375
82132
48607
14021
44284
59885
64581
81543
48457
97774
35248
97232
27585
13254
55629
20848
83221
53227
62367
67124
13376
17191
31621
45713
76968
65569
75689
58051
37311
64055
31634
56305
82618
18016
87574
5597
69202
35882
55550
96065
5590
53568
91372
38035
32093
76213
75383
16573
47616
63557
75614
8886
43560
819
67539
90649
94472
45641
61659
77983
9955
22694
16169
49556
64860
63384
55392
53302
27671
57562
12587
47186
29705
37181
78866
49960
52142
21392
23532
99703
44167
2013
37423
60644
17909
87531
82633
60791
89762
82694
96295
75588
69510
20057
89110
28076
65003
72480
27954
21248
2248
96496
47614
17450
73351
62374
89770
15747
57076
46109
34537
42584
92341
28892
76169
22744
48410
1716
48050
55247
4606
13361
53367
5936
65863
26884
35271
83414
88744
75593
50143
27581
39622
8655
59296
65184
19226
28653
57261
50462
92819
60449
43117
51914
94304
10899
74951
58983
89305
4787
66838
10792
84725
23862
36649
43527
43926
51531
62782
39818
6817
79902
66566
44277
39712
14996
37380
21546
10117
38838
31852
27744
84875
39680
84801
96770
63435
11065
69064
19878
85516
26742
36737
21093
10177
49367
80599
77979
56067
92949
44603
22342
89494
76115
20277
94523
96412
42688
32333
1871
51622
84001
58084
93340
18827
13991
38386
44106
60994
91151
20953
54072
66553
14044
39983
70993
42989
94619
149
8544
96933
93658
50076
5664
5614
56796
41829
8762
66596
49988
24891
35177
11898
69190
42590
87875
58058
48093
81446
24969
48922
2861
85301
4113
35665
9824
13823
27455
34809
20065
21791
40814
44272
51625
44038
23917
68448
61585
31300
39993
37470
35895
77668
30566
13558
65368
98507
53015
91235
32082
82888
55247
5025
63788
53812
89586
22185
63098
56863
70562
99032
75132
