47862
88884
19815
32287
34133
54987
46511
85419
92036
89008
1796
85690
44230
59327
79606
92813
61998
63512
14762
4966
65438
77867
61233
10596
95654
97555
46410
86473
95293
36785
22888
80346
27853
23447
62640
64893
15084
9229
12597
13825
58599
36822
49203
36532
74930
4768
46858
14632
12245
4947
54702
40986
34201
3353
65088
7705
1079
45412
14582
70453
71456
28532
29041
82744
37920
7324
1283
62755
92627
29680
20713
19081
97270
65077
18557
82665
423
12328
98584
43944
49544
58678
79278
86544
90768
94464
9172
50401
63539
73473
13652
46734
37287
68678
39884
8833
65928
16332
97920
82155
42002
402
72487
46361
69600
30730
60205
36425
72878
16051
74563
33021
78041
98358
48344
92357
87503
18761
16086
62315
89375
82133
64614
35106
8288
91137
80136
96871
64107
11890
32257
31140
66035
23618
45954
27728
22955
96064
97089
11452
75068
22936
73938
33264
51997
94289
56212
32786
23905
59116
33518
31307
70780
65448
56435
80023
3869
40522
27948
6787
75253
44217
35299
49880
17144
39566
61171
73743
66942
66577
22036
57494
78682
57827
63811
30117
63207
86169
87012
64619
22365
88860
12673
99782
85185
49554
35839
34418
46418
24477
80033
78796
75857
84704
66563
89394
91513
5992
15734
31463
93138
24353
89368
57910
70533
16310
21664
2987
16136
95314
87549
83480
99677
9465
85496
75454
10500
73967
15546
78810
9934
61562
41704
2051
80093
78195
77867
64168
37268
47648
91354
34123
96168
37022
11052
59042
90182
41133
4586
74646
29433
63199
46803
93619
644
39467
2660
6442
76301
41170
18454
59442
12923
99083
24559
54460
87461
4511
27619
84962
6898
31787
33246
54046
24384
10474
30534
68625
39100
35570
15763
20749
19960
55645
94856
86953
73361
32809
14487
83972
72729
24791
52530
42600
65052
2580
70302
24186
82629
251
31815
99967
91659
67730
98309
25246
2636
2446
21982
45559
90377
21199
83519
65401
63649
9849
27109
3972
58377
19986
1466
52879
15205
57070
45552
71267
47602
26119
69044
79063
69994
55095
61848
46377
28803
83352
55113
53604
4118
12927
64024
25125
67424
66255
7047
50948
61186
26319
33363
14896
54285
41440
60918
9906
93273
91306
33159
95315
3818
76849
54261
34821
15133
35392
25667
69486
8633
92279
87456
32082
84853
84387
37523
30835
31664
70237
35089
26027
28190
71948
96404
580
61253
49356
3580
69441
50450
90130
68505
25361
39067
81835
62101
4068
84773
35126
41231
53334
61707
77998
68431
76534
61981
82949
82366
87576
46183
71556
2840
31673
13848
40348
8128
12245
97479
75576
64586
60921
70474
24752
94213
88937
21132
63276
41019
84646
5915
23047
42920
33145
61009
51826
15832
78342
55821
58806
23081
9545
29545
59655
83784
3990
57744
71922
60648
79076
94807
64906
49167
25550
14420
64083
7007
74711
25447
72896
22849
8470
63895
46672
87171
36031
60129
55949
9588
51486
97154
18924
56086
5173
52585
67749
15449
52113
43745
6552
29084
97293
51132
48803
4192
64808
88234
7844
37250
48865
52137
43101
85271
1858
37573
64956
79205
49826
94716
45933
82248
97761
8081
20852
54186
72122
13624
77195
80304
29614
8678
51533
97129
93404
80776
66005
15586
46666
95012
12806
29656
21319
8984
97589
23273
47452
1257
28978
23870
80260
83019
48226
6260
21926
9511
47299
40136
48035
98104
72734
93777
52902
99033
99047
19565
20360
84844
32014
54634
1937
63977
31444
62483
23803
46791
86083
47349
75337
47788
51226
26075
35559
23325
16999
94058
82742
912
30894
21517
35605
2741
81169
70247
7267
44213
69719
28984
22347
80787
38104
5239
56580
19680
57805
98374
23021
8335
89694
33117
81437
63398
90748
57668
90923
84330
88953
87839
55405
56947
80382
34726
26615
10532
13420
52208
42456
46229
41702
60500
93361
67297
20854
89799
95366
68963
27024
77788
37704
71093
21767
31632
33016
91930
14379
74106
56684
56142
54627
93586
49607
26879
43136
67956
646
62779
1115
52457
11581
41663
10286
86537
79371
51355
818
53748
21064
17892
4107
25786
71896
17342
63065
95905
20672
34198
51736
94454
37243
28270
25820
47373
82983
51329
61159
68578
56441
75298
92291
77473
51195
2028
96805
46557
62817
32606
94585
40456
28317
13479
33986
87138
80312
61637
93322
6591
74474
37376
59498
52227
48723
61877
42533
32651
60555
9549
99006
31216
29895
32181
60423
90910
72208
67665
14546
77420
53404
41970
65676
84650
68328
57986
42001
92760
60067
19960
68421
17138
37079
73836
22047
43464
79603
51492
8243
45213
71393
60338
70414
5812
94962
65224
84509
98337
87675
4925
71835
86084
70720
47171
85282
80521
69048
47690
98552
7043
73125
75729
38117
8180
84043
67929
39185
65946
22306
94055
23345
60640
42104
25666
65042
21477
59576
65911
26844
59826
72453
78138
26336
13037
17755
10472
3903
98148
16430
32631
21961
90224
45949
50559
20902
902
69192
66663
71803
48907
64170
66915
99637
48752
54959
65185
32524
11354
30702
97038
64354
72107
71921
43068
18894
54131
44979
47398
99429
42805
98157
71423
67528
3079
59840
8488
52597
78371
34097
51423
44366
31893
14914
52594
22618
37817
72472
96018
17754
81048
34974
97697
37800
81097
57318
7168
82502
64003
69085
71444
15572
20056
84125
38505
44412
12343
55225
44247
34829
59670
35803
18075
82528
94146
64844
93316
2012
27085
12378
38839
56570
50387
37601
48527
70289
13669
39741
1613
22971
66984
61777
47529
91495
6732
52715
48517
4581
90392
59376
94104
48808
87924
95528
80653
84553
40986
39928
49555
41502
2006
26868
57849
37128
95768
12634
43325
37512
39702
55265
3737
19162
44386
72631
62444
65946
27547
71757
76671
72769
83048
40738
66117
89294
16448
36273
19835
61029
86849
27621
24246
286
19383
65180
39024
55709
65040
95642
720
10498
39299
82070
592
65042
22359
83886
22629
16714
2692
49152
80067
34389
69744
57646
31157
42129
47940
12706
57759
19173
28757
13534
61503
54024
51573
68476
44330
31994
11915
49042
31356
96304
31879
79140
58342
32243
89810
