45073
16681
57018
79412
36867
8835
99482
31985
53495
61135
68426
330
57460
7287
81222
52645
71962
26353
4410
30147
69938
10719
62565
1248
89582
51712
91625
82059
17852
36610
91452
78495
27296
51090
39131
65333
16566
16084
26335
97010
88907
4090
50839
31013
22329
71145
3361
87396
14489
23253
347
34585
55137
61196
86897
33623
95976
16635
86682
12229
38411
64328
19451
7712
22487
25350
42143
80625
23225
32910
8649
71664
23415
30873
77263
9225
42557
29545
44328
93333
2087
83192
53841
72874
51603
74031
98756
40068
13431
41340
84646
4443
80791
13558
61057
47491
65604
66741
83889
80168
43072
86342
7326
24964
56640
27648
67386
14543
23892
40163
6049
65694
82960
62661
10445
50430
48779
8411
72554
75970
78945
91503
39020
96488
18595
30166
95176
60814
75138
95459
31281
29137
1215
23663
98944
1939
95535
4958
38702
47001
17567
51417
35946
25760
38826
26451
44802
74314
58698
15205
56715
86892
42345
70752
91765
50192
47941
17420
82969
20258
73734
99244
40620
88998
31792
8699
9860
15295
56397
39470
54140
96247
70307
12411
94961
63490
48888
31755
96671
96985
72375
65701
2182
83019
50804
34809
18319
88867
40827
65293
44531
16138
32968
81616
78487
94786
19028
7617
30623
68087
8621
90418
99056
81811
51324
85416
32709
32571
13454
17687
68572
48694
81415
98260
95243
91362
69017
28866
48114
21267
22038
83134
83322
45301
55777
22310
51605
99627
79938
71715
82826
3312
68769
59158
39960
84526
80704
52686
64907
55809
48518
21097
74585
13285
83477
47509
57494
73780
88865
3755
23404
44362
73926
27671
59533
46957
84168
63674
41248
34683
497
58164
36157
72675
3872
85153
22184
46138
27629
49389
50059
21803
43193
27319
47410
94341
38803
46462
69498
22467
94035
87191
62717
57866
31065
99938
8401
3923
36477
55551
24028
29569
58066
85888
75206
38954
80741
62675
46422
85743
31530
6134
97360
80084
35281
45239
8740
2398
4784
9025
80615
54890
12932
44897
57706
39460
81528
4018
43804
92025
6983
74844
70469
34652
78580
58225
57355
33731
95284
88207
43750
91107
84426
3827
31966
46375
7866
6612
35315
18635
98485
75210
14970
94124
81610
69289
640
60212
45788
42467
18142
13909
62568
48022
85711
236
76542
5620
61743
84647
22770
89676
38981
36205
75256
80435
26413
13508
20630
19956
94807
72705
13418
10693
13412
13356
77943
49966
46251
23833
50851
29941
10366
20541
34820
5203
53401
89197
80064
86842
98760
1949
56416
61502
39508
88439
47284
85932
8598
8312
95394
40966
5257
56966
97837
96799
40816
68915
24658
18515
75590
92649
98377
60684
81328
38063
3416
10657
16896
74145
22570
33155
20012
39298
71362
43746
21399
43114
5025
64568
54976
47874
3738
26714
65198
56205
13955
33053
1265
65107
13234
25869
68223
81894
50974
87757
75080
21404
27552
53070
14826
85385
20321
32504
86376
68742
17197
22140
98619
32563
67129
8277
18103
50638
45483
5933
20868
29294
35834
49669
63172
1124
95351
2209
32514
52667
44203
92404
82550
77048
11665
57021
22122
4345
24882
82576
9182
23253
7126
72619
60467
43939
69878
96073
46021
49254
93229
43217
27911
82790
1633
54076
30955
51658
91742
48793
37862
31656
35001
54187
94986
74967
27021
34933
2543
54151
82972
64625
21991
99134
90625
86636
45732
90518
90283
42832
50016
97699
69728
89504
49229
70384
6444
8002
87597
53
5259
99729
80850
97598
67542
49270
51965
56186
88744
64420
79952
982
16558
83426
95059
8993
39844
33034
83153
1245
25945
57418
91431
35429
47276
45154
85790
33140
72011
43560
98792
46636
86629
20625
45819
63647
74609
12448
13206
56833
69118
28251
10971
87388
85356
23441
61412
15677
89168
90831
41319
30022
69420
96917
25700
38208
44008
17588
91783
48584
23419
3737
7221
70337
21149
45802
76249
83414
487
656
38171
15563
69970
44499
68561
73238
75204
9220
55529
42495
88707
49730
83687
78935
22412
65108
43500
82498
94005
81954
61881
2927
96611
91267
66755
10497
17360
68495
63316
22855
22516
19388
51866
91029
66939
11494
85393
58358
90784
48563
72849
39517
49102
33922
5346
53698
73824
20944
1073
47485
61163
34418
57545
31751
24118
41687
11036
78979
49893
31360
47211
58884
40638
85722
76570
75524
95775
32674
43612
60823
23695
32598
55947
80079
35640
85044
95145
44110
31979
52042
36787
56634
18671
95763
39356
41860
29319
52652
2342
