14412
24007
83139
77336
42981
64711
57021
18043
46851
3387
34125
30899
1724
87475
48327
11179
82004
88596
76259
46882
30270
29022
63477
24851
70495
65398
15900
37266
5719
17112
5290
15678
96380
2899
31623
76120
14427
67806
77316
12044
15645
37092
88947
90772
57987
61939
72120
89066
85309
39681
93772
78536
13813
61713
80149
12793
12757
9366
14206
59561
18609
56354
16172
7987
39139
88281
83143
46773
98855
97373
84452
42081
40336
2040
93442
20329
70977
71307
18146
68118
19595
21604
88255
52678
31657
46042
14543
27411
92709
1762
20656
68386
28606
66411
35892
28372
39808
33437
57511
64061
38579
80719
2661
34474
92043
17191
19767
18578
37146
94080
46430
22466
83537
55554
69299
70445
30370
9978
7458
42680
96210
51970
32692
36390
84248
14314
67114
52085
68071
37097
71010
30247
57593
37896
2986
85614
71632
75671
56234
893
24847
2080
67285
18658
84734
80746
51074
78894
23415
30635
65360
63265
53728
80146
66073
58471
96717
64650
45707
76061
9402
29586
44305
9487
57577
71285
49850
10266
42101
80238
14487
83705
87291
58651
12559
75239
98546
98362
21013
60180
9598
22831
19716
64047
12747
44687
35530
39053
40129
27974
42663
9286
71427
37096
55634
11108
95379
73848
28472
18394
47778
78048
10514
3230
96669
56678
52765
98293
54005
31744
10993
55036
65029
12374
72414
29593
50215
44607
86601
54195
22490
75458
73372
17016
93102
15317
29153
60706
51107
22323
68121
66227
50054
35884
81895
65412
48667
15776
39168
76553
88978
2734
55014
86333
53960
71008
88066
82070
769
24640
23479
3511
9891
43296
61198
23608
64235
64981
98542
44514
27877
20001
50827
30962
58620
92385
55610
17484
54937
6408
3546
3295
83086
87894
81127
62220
91344
73092
14097
28594
63535
193
51651
65224
87834
75588
68815
39502
91358
99947
55272
28902
50393
38061
80731
95766
92631
93279
83628
92372
42375
78372
59011
62511
87229
6992
19584
43476
75043
99986
8788
10441
81569
87244
63865
47637
16875
22750
60037
12035
71201
36213
10436
6339
46023
85509
2567
58191
87054
67186
64378
74148
68098
88471
76174
7115
78382
29332
79934
99175
72221
73144
86562
92913
29157
32681
51529
22229
89925
13401
30106
86403
29148
82739
45353
30982
3774
32454
34848
68009
95813
78759
51099
91382
9385
33581
74698
7233
75748
61938
63089
7609
92328
3292
33655
21529
29031
19715
40024
70663
89713
54816
63295
66803
29229
35300
76901
25051
15818
59022
46076
79742
78706
66700
92478
18964
22047
44951
71783
16502
51770
70989
73638
98817
54709
72132
86611
30617
73619
81752
56375
62637
14869
4464
33374
96147
85307
2853
55863
53252
81485
78755
89594
49057
82721
48059
10253
28885
56813
32014
40565
49611
87851
61968
60097
22769
79390
58867
44130
71387
64454
48355
82771
88735
20690
27932
35923
44481
72941
75289
48731
92980
58330
28524
642
96
28125
84993
28540
62136
88062
10907
19738
34370
38885
23959
67284
99534
19531
56898
56017
49041
9059
58298
87879
30777
57760
39417
64402
62262
5932
9758
11403
54080
95809
76
88562
15515
53745
71268
56101
63004
80863
27239
1935
22875
47596
25572
76772
66367
17
87844
49389
54783
18012
26565
68541
25713
58105
34933
9204
92810
3098
75888
6910
33399
25591
507
26972
14170
50550
66165
1524
18562
65580
64368
97357
21539
93166
90749
68161
43633
24383
1182
68873
13984
29663
34306
67419
69382
71770
94953
27447
93287
22242
10750
70480
14316
12658
36243
13242
51540
9946
63234
33736
91118
68422
30920
61971
19246
59066
93294
44833
92359
21124
18253
72113
69147
10701
52692
72990
5815
33578
25284
43409
61546
74331
37135
8786
76143
90905
95799
37931
88667
84452
40312
99644
59679
92647
61659
64305
34518
26833
79201
85533
11784
48212
71414
14902
58367
49331
80538
52147
11484
7626
74808
49296
98793
64202
10037
1210
40175
6432
6604
99388
57178
69687
93855
60315
89079
6008
79000
12734
20524
43356
66976
28915
62038
35543
62095
96094
97372
75178
82958
23589
47500
17539
75592
27810
84504
19834
50505
7983
65146
77416
88186
84968
4282
69640
5830
83504
395
41526
11397
50182
92209
12743
70465
70610
4857
39873
23324
99429
52261
22110
93774
8615
92459
6327
47794
56948
4285
30054
98635
3225
4223
84940
44941
6391
20502
73421
38805
76547
87603
93768
99277
91175
19932
92668
19150
47391
74427
47560
21069
3243
15763
30748
72640
17003
66263
50374
15615
37011
32050
53059
36372
87048
58887
83928
34380
