23369
55092
99244
36147
15149
3349
90152
33385
80122
70400
68285
36243
19254
98871
65957
98266
5527
95565
8094
34796
97472
50330
65362
8948
92414
50652
90354
33942
49069
82894
50605
897
85716
84615
85437
86602
68816
48233
21758
77683
79495
30756
99368
16330
54321
50905
42554
89846
92592
34213
7563
14824
39576
29648
74555
7150
82102
49080
70003
3427
10698
9607
70620
74079
10465
94922
94987
85639
91952
78352
17864
35555
55717
14662
21919
87713
37856
30067
21896
94864
32811
43117
49200
76998
66975
15083
95306
54258
89718
36553
30799
33227
25341
3050
64746
54319
11035
62755
85214
37087
11352
85679
60141
66936
57898
62004
70870
71219
45414
52757
59168
11974
40416
54519
78071
2739
37868
37433
20823
62359
34977
37286
48009
61740
30739
16793
31336
48603
42027
28170
46526
42017
55725
42902
34347
58718
49593
87638
77645
44421
70631
54375
59647
50288
63940
97765
76622
49879
92236
54787
69431
90374
68826
19485
79025
31100
78222
30338
76698
27805
508
43139
18625
28903
53877
85533
656
40938
27326
52011
23184
55056
97207
10178
55785
54738
49903
95042
15358
13031
3631
26446
67097
61923
4573
69778
17367
84923
45760
58751
93611
71367
32513
36146
94241
60689
63851
11961
32615
55245
74480
45493
75119
86391
25104
21600
32316
25797
69300
81821
20544
82317
55426
19858
53386
31319
62559
93718
60372
34584
38810
60216
18632
43584
90242
45878
46906
32544
58180
1475
95770
53220
45679
4469
15825
73052
38495
73726
65262
32071
5923
54319
13085
25654
53807
3421
96371
52985
85832
29490
33555
51542
48413
58308
58335
10648
66117
93427
81556
71445
32970
15406
19193
71885
32704
36720
30702
92628
42810
88509
22570
28729
35394
44489
4710
63874
99982
39384
7028
22449
86144
77451
73782
15810
14668
23649
68497
98078
47942
43555
13949
37551
98255
15600
89137
80380
96857
15258
36379
5431
91548
98956
97333
15336
45192
14435
741
65031
48487
920
68111
7787
85919
86183
22757
72182
17001
39861
33953
32182
72523
48329
38035
40768
72698
88322
84382
66823
57919
19865
62540
75698
14425
41241
11753
36460
65369
18534
97678
11933
55365
94079
37492
6312
82259
77104
49113
19052
5417
46473
50964
23392
36835
78474
70268
55040
31059
96696
14515
60757
7396
3260
2025
35810
46267
79421
80400
32948
47726
213
84970
41236
38459
71921
45965
14183
79222
37258
77831
58118
58722
13872
46951
90839
75551
47781
31860
51193
69868
29108
10924
94236
72369
59912
5900
65878
76972
20060
46999
86790
26449
15773
655
18557
81869
23031
67269
53864
61517
81396
74242
38735
2096
32499
92303
84530
41225
47555
36423
43143
90843
54382
75307
42028
50511
21141
17408
72527
26981
53345
47575
68928
39226
58516
51102
44664
44955
45736
56525
93143
93681
51094
9853
93403
68501
62138
24199
99801
2873
97221
44881
89900
501
25248
38616
94816
15208
6079
74644
98477
52323
74391
57156
86564
24509
12976
89171
51437
69952
37637
56041
46401
45640
51716
72376
88957
53568
88673
83807
99381
33646
77239
19446
26632
91004
54213
26776
12043
6054
50687
70185
60899
5012
49351
23646
8239
75493
67007
50325
85714
48880
97050
68261
18176
86305
76011
76670
51083
31296
85074
84197
51108
46231
89757
89367
34477
33240
58417
77306
44604
30437
39026
98700
2108
35674
65897
933
82111
98147
4482
40198
90439
60797
76763
9359
7295
13912
23226
57957
55881
59816
95570
92589
90451
61408
45424
13902
48533
76681
38362
38490
91510
60798
98164
86290
34489
46834
21960
79957
94681
47497
63661
16841
38530
53535
37066
47882
34028
88890
29238
88413
3262
34211
71812
97596
32221
32385
80708
14004
63477
23507
72303
52404
19808
7853
88534
34848
76335
12555
16137
17243
95893
16272
74940
83098
74823
8579
93099
66284
5448
66681
70436
75752
23129
17592
58944
40112
50493
9844
49271
68595
34524
23369
58355
50500
23566
72256
67289
96133
50990
66709
37000
35222
56610
15881
11417
82527
91768
90511
64857
18238
19121
70684
41981
49583
12208
84432
2244
19652
83303
33276
54625
47083
4684
22296
27512
78139
32746
42487
58516
44931
40272
25719
45972
22834
65719
3703
34150
52568
81523
15461
54270
91122
43147
53722
81588
10705
20647
15602
26828
92675
43207
66025
49948
56667
67828
47203
24680
83264
67898
27566
96045
71230
30413
42993
57774
83795
92376
11764
18707
6916
46310
8106
42931
26561
93830
52835
74139
14908
59881
86521
10488
65414
75493
61546
76411
99881
48683
85348
434
95151
42390
30907
41435
81685
34494
20549
63235
50925
74408
28829
18339
25377
97414
78453
15982
15599
64896
68388
60491
38205
96417
23144
80258
51267
12572
91032
24206
26106
51777
84834
61765
60513
17122
64197
32621
55719
43449
31058
79648
98909
1242
75681
29665
65127
63228
43140
35988
32332
88725
54984
91499
79999
91105
45499
74333
77777
58215
83460
69310
49508
49194
81950
93154
90690
72913
9265
17981
98509
90361
50097
53998
23720
60674
12575
46583
92583
88246
96280
19960
55966
87905
66771
78016
76268
91817
12799
6180
75946
74939
66186
61124
72162
87759
16112
334
17377
47441
20006
32189
84655
55989
73290
50534
95292
26062
16118
1051
77175
32332
88556
13766
70424
73155
83332
15979
58169
14297
85413
94094
85665
30113
341
35191
38381
49164
76086
42985
36203
54715
72663
15805
32102
26292
83470
30914
60142
67932
2656
50561
57031
92490
18917
41536
78648
86409
26821
74335
99776
84631
38898
43099
51659
99677
14955
46099
57026
7702
56906
93522
75903
65649
20060
35301
90412
98737
17286
26743
62159
68985
91827
90862
61862
79313
61685
13433
67260
98340
42590
92434
78820
88195
45147
61886
92649
6350
23996
94273
94279
99788
73862
64771
73065
61469
72156
85332
28464
91244
