27613
89040
40306
6276
79636
98956
94911
17544
60906
8084
62560
19057
92885
60179
93804
13806
30374
78757
22079
75571
75974
50622
80335
50364
43719
67341
67876
53291
43323
11268
80346
35058
3980
97341
52339
27326
61162
17166
8797
50940
21632
62866
59303
78531
28397
58293
3659
5253
91131
88809
69267
30040
77638
18086
74501
97706
83353
68266
2855
98865
74476
79368
86040
25900
98413
64660
2358
36427
5531
70628
13328
96564
2613
27456
46709
23272
19684
18339
16855
79069
75378
37720
38631
62134
46209
12585
20278
2788
66084
39710
96200
70460
82003
86638
78658
69992
21871
83938
1782
58994
86430
73368
49208
23395
99688
92682
58807
44924
18359
48440
6306
83866
97186
54563
15458
8985
13477
10752
4057
90353
12853
20498
4350
17824
59578
185
22895
84457
22434
38806
1883
54345
41557
24941
78382
22194
4314
11557
37434
36145
73887
83518
36649
46429
18137
29984
30249
89912
96887
24043
89604
27383
23837
17566
36970
43497
29456
62413
44684
89938
39360
10202
69902
566
18755
3604
74916
78563
70707
27323
9887
73657
11650
96332
3629
95550
55909
32110
53854
4722
66501
52776
87859
96542
26055
5163
76678
84962
3545
94155
7486
14193
40177
30255
81327
10864
96452
6602
61825
54718
17502
48410
97238
16358
20077
35676
97567
55441
63486
80040
93835
36649
51773
18985
81740
50695
10102
80323
41404
50545
83042
38677
34435
42528
43539
31836
60671
71007
83622
94914
68069
3095
18241
78488
97962
83912
56699
4980
11753
40364
76418
14469
72362
56233
72208
59933
55213
39360
7072
67940
33999
4566
49987
13135
65421
92707
76692
26199
11174
97046
93290
78245
16239
28800
39471
75351
76806
36289
133
47450
64781
44502
23024
57859
8199
1352
36010
1367
76895
37180
75304
264
51720
35582
14439
73272
38867
18567
57560
75377
24464
53080
93401
30480
64717
69106
23322
72913
15387
6838
32990
46493
80631
23873
22019
68656
58225
63367
67907
75731
77373
62266
73657
19393
39818
99538
83990
75814
70330
99800
73475
62365
37927
24812
7097
83171
10809
71619
70332
38747
10737
58932
47904
798
23176
14814
84735
93973
49936
51887
42139
7265
6382
68666
35099
91072
97069
76983
10382
96087
72575
26222
2729
72047
54240
81940
20957
22580
95736
80795
79779
2280
24122
4368
10335
97565
24664
17440
13229
43920
36042
38564
25441
82013
53439
17227
35102
40404
45514
35130
11489
94368
81806
71962
26473
16939
90911
87286
62060
12639
21032
76211
44946
92426
49639
64924
50380
20402
96459
31709
19674
56914
31591
39253
3619
33957
8349
24583
50445
12848
38076
27289
35934
31578
15302
76122
38784
26555
96640
77122
40565
59977
96498
85657
96333
19699
68936
64757
32561
31545
71726
58507
97815
19237
7992
32521
70861
14724
68418
70977
74591
11401
20109
69192
70738
63529
92600
83294
78816
11682
44884
39816
74824
27114
886
90809
80693
66053
9578
86813
10551
27340
98662
49733
32345
1976
22942
76439
70523
39341
89201
55444
19353
62540
82427
10615
10695
59138
9730
26476
67497
85561
70985
4315
29163
31688
70319
7356
43417
85341
73295
24318
7248
21918
77835
24013
80592
59566
89334
84424
68108
54041
37003
91072
97114
39901
92896
56256
62624
96188
75591
9460
94161
3156
45270
35195
15332
81313
89857
74544
16788
49019
34146
85250
46083
721
29294
40451
43810
94753
58839
74743
66235
84135
14962
61153
67742
10423
80767
98126
51109
59142
74491
35904
23734
86077
53490
82105
99843
97790
8426
23725
31356
96112
96052
91249
75550
26168
3410
22655
53393
45659
77029
85233
55339
50816
44939
63241
60601
92356
79574
57830
12334
3864
42885
54580
3711
77263
13099
53762
54180
76144
13113
86888
70276
91877
24593
24586
7557
9857
67916
26627
4848
86242
23389
91394
4304
47964
3047
18094
10177
49953
32777
72818
8960
97215
44646
45984
36459
55415
28775
18826
695
81994
21783
6148
26165
53089
34678
11169
25310
83693
77664
58457
50687
69050
87921
42242
45082
72398
59159
54023
31622
52346
55243
41078
81676
78286
5220
34366
69483
60009
34846
36027
92949
48729
69065
44618
76464
95168
29804
98334
40166
57399
71968
33916
20310
43014
19754
3800
71935
68343
2588
97726
30376
19559
20645
75039
40165
39167
67845
26879
40693
15010
76228
18072
24461
15293
28957
67986
1878
68884
88373
41505
56536
63793
35688
98465
38385
23182
7869
55881
65692
54140
1061
44968
63049
39981
35001
40162
92423
5787
71851
69322
49579
54903
25284
33394
45792
1758
48426
79832
95969
92615
20504
10249
55637
55193
95124
96387
21205
83138
57291
61553
83921
8166
47873
70480
17421
93701
84876
59751
301
71058
25831
39370
68001
61093
66196
14444
63200
73823
1521
76901
37317
74996
19242
88430
85833
53438
99728
77148
80223
66225
7756
53062
88492
36638
61409
72751
91246
20075
99483
48449
56386
52491
84844
29492
60005
70344
41039
20563
91939
61324
48692
48850
95831
72617
39891
31094
83486
4873
952
5552
12930
7875
57661
75166
74674
8432
23060
61580
41101
66985
86133
93127
35256
25944
24356
49505
7426
17388
29789
58395
7271
11671
59683
69060
57161
67989
56812
6308
31007
15050
43221
94531
32440
14136
84000
45681
32251
35513
45263
8867
37587
4684
26345
72011
52771
92461
42979
26102
81113
16989
25749
62607
8458
59808
62078
18303
8270
95434
1037
36541
32036
20636
19215
49111
88325
35447
37736
7084
66112
15485
62492
75844
65633
52873
14136
78075
58422
63463
91500
87189
34868
20107
36208
31036
16017
3346
42324
19114
51558
5306
80975
98554
34309
24470
53550
83448
62684
94057
61962
68087
98766
5416
38590
66104
77713
84424
75312
34574
71703
78518
9353
91834
97466
51227
54966
80998
89253
32231
97762
26784
56706
24223
8340
67493
23961
2821
12627
23299
87148
52042
42706
