36830
78973
51444
91217
36742
7143
55006
54324
92935
475
90426
43798
94280
18394
44414
43105
51348
75406
13307
48019
32988
22235
92411
736
81803
9878
16122
53283
94605
64451
90212
35926
94555
25400
87020
543
31209
15411
10569
41329
2642
6334
54583
50606
12225
73510
47757
35636
13898
90343
40610
10549
91302
53992
11662
2621
55573
93996
31275
30614
11462
34944
90028
55019
84026
74401
14440
88338
49109
58814
59064
52308
20897
13965
7977
76063
48541
10603
99842
81205
66702
20486
5861
9056
99640
99003
93329
29155
95698
43403
58159
46995
15267
94682
67660
18155
31712
67136
15214
97828
39518
57426
24359
91609
28112
71781
84041
33024
20111
92892
80315
12003
31063
55765
9125
67487
15132
17262
18380
9754
45604
36972
68501
53229
94737
94263
21429
48273
3637
39011
48795
82152
77694
54399
63554
18226
21208
43096
94595
5045
94312
44527
37990
88694
35791
19323
54089
45866
53013
62767
89687
19647
7120
70755
43539
38429
54950
17368
4625
44756
97393
28776
25993
49849
89787
7709
61109
27092
31843
71100
42889
23595
56544
7233
73425
8367
23868
34386
13732
94313
66109
66596
45929
9393
78259
55941
76101
90358
90537
98817
64978
49709
40792
79592
64235
56203
78912
33145
51755
21544
88101
70426
11838
61464
97529
19904
29475
78775
30925
46073
24317
93860
47610
61567
27772
62571
98503
91291
79007
24026
1025
26598
17715
32308
83564
14690
86256
58913
23819
13068
35708
33907
66370
47337
65310
39166
53481
28730
53807
288
41792
84175
88184
62767
84195
19581
98869
35956
767
94770
43742
57998
42339
70752
93985
54309
37610
90601
75758
17083
15584
25275
89083
67902
92983
15183
71634
19945
18115
62446
92106
79452
6983
68872
93984
32230
82665
3544
69600
33984
53617
17117
79603
40670
17790
94175
49990
49802
93652
52519
60830
34153
91173
91664
38714
46046
65520
59334
1290
81804
40228
93359
39601
48084
29243
70144
65540
96154
1001
39130
44901
24016
32831
74302
54858
74054
89419
6608
59817
13054
619
14980
69263
60540
56309
65024
32003
58252
16296
88552
44739
7130
34212
89169
8945
38145
80784
98611
99795
94324
41790
47941
20838
12365
17542
20379
5416
38201
28675
24127
89513
96782
52303
33584
38940
48323
37595
37410
36233
55988
62763
32208
6131
41635
44185
946
2163
59289
34888
51823
60129
58134
34940
16490
52269
67539
89492
40031
91615
27304
81708
25892
64797
12077
81619
23779
43426
33710
53528
14455
50586
69930
84193
91145
30006
92899
3783
78459
11746
11974
51618
11400
405
22808
34338
11820
51079
53541
43993
69760
16181
50451
8341
96400
45628
55520
91027
45815
91007
6626
61652
52008
77720
99431
83648
28102
97798
33240
48910
98356
10817
8121
86665
28974
57015
18702
24552
29473
42136
63079
30877
45456
50590
33971
31604
58375
72307
20647
3012
35143
25952
58606
56647
32200
80698
46043
31004
77689
81822
34721
36711
83347
72844
54683
32093
74473
21377
69952
43827
76124
79091
46164
64048
25299
91840
99788
76271
38947
72822
88115
4632
59073
4092
77916
99147
14501
17140
64898
98597
70046
23627
94196
98130
18923
34076
94609
39297
51847
67426
