8984
96509
71060
73918
7539
7098
7502
88103
99688
5320
18641
98643
30052
74083
69186
70330
99477
54118
31425
41542
74804
85982
44931
41584
84608
60985
38462
10783
23159
23532
98183
99531
63462
67569
97248
96038
51465
47103
41429
72401
6588
25633
2115
55606
37808
21330
90868
70016
13158
47193
45472
30989
17229
56847
91842
43781
2790
98708
28672
85864
61804
15677
74214
74732
81792
33080
64336
53494
42257
99282
80296
93344
72713
51663
81031
50264
63423
25146
23136
37647
22305
74635
51787
52714
39397
23597
83509
94378
60441
95670
66832
14470
96552
86922
46016
64030
25636
54622
3163
67234
67472
66433
1506
21375
46919
41270
5219
17616
65462
89060
77700
60863
98395
68547
30683
82381
40196
62370
26826
49395
52393
44153
60584
7119
45423
95182
70684
42068
9651
99431
75448
15961
50100
5496
68676
94816
22173
61559
87821
51228
61888
26170
22158
8272
30381
96187
67669
80067
46012
3357
31549
26603
1475
2330
73964
71864
74337
47709
14119
94817
37562
91159
59004
49117
88832
43722
21283
92082
62975
89359
9452
56537
90077
79044
47816
23123
15395
38506
45815
97072
35259
80217
59996
19050
70904
38519
80373
84582
26765
24668
94102
25865
98053
14083
93656
30671
84029
33340
25523
52018
43253
28878
40695
45313
51081
95200
80179
30207
73240
10624
62405
775
38857
46499
80904
12322
88531
85877
78625
12252
12937
26255
58783
34586
78975
85838
34025
44331
45149
628
70469
30498
71476
58480
51730
94160
93644
21626
70246
88504
42905
79278
77700
53066
60449
34524
23422
39658
13054
96525
41795
34315
11329
99386
17993
99444
4684
36699
83352
43051
40719
40757
87212
16433
87125
66966
67840
43358
95728
46134
53749
32668
35817
64560
20471
52601
46233
11411
80734
45525
9885
31915
81167
26465
84883
88042
80881
29058
64660
13201
68880
21145
84522
9058
42619
78227
26635
43950
46811
23462
17781
36246
75271
41126
84369
48989
27199
30251
15821
5346
57706
34324
66431
75809
77589
90163
25966
4165
99443
80352
33100
4160
16330
54271
9062
6679
54484
82881
32874
6477
70092
92081
47614
20140
82889
63923
27818
27847
13347
15343
60341
16758
46288
38556
99577
25533
30844
76483
6005
29289
50474
93323
27043
95869
9642
58158
26294
10971
94165
83926
2088
6559
38829
85927
26761
70278
32780
19996
71365
88339
71102
80000
10017
59179
96837
89281
3349
85918
71443
97644
40677
41209
79325
68119
33056
66601
29407
30904
91308
55843
31284
74726
82526
73546
44231
64546
89003
30440
89907
12704
16748
74319
32430
32708
14454
29782
42489
85247
99095
34689
99382
59195
56040
41900
98260
3094
2683
94519
30139
33312
68708
36015
91764
25193
3090
38462
8580
8425
96197
34033
78830
48346
29213
64716
42027
28883
29618
77663
38751
77999
81531
44482
94171
71540
28166
81462
89463
55318
9164
20642
19625
39471
77927
79046
81563
87760
34424
46145
31589
5288
82237
9100
50238
27879
55161
58033
36751
52607
42643
85964
56015
18904
9652
24443
9678
57254
33516
89420
27921
63522
77470
96662
46722
38918
72439
40706
24995
87699
11108
90964
73382
91512
93858
13778
63170
72648
55645
5563
96417
19242
95517
6451
29616
53286
51157
69662
69830
87646
23886
46377
36119
44875
94970
99750
34932
95978
41331
27862
73705
17172
4789
1371
47591
44329
9298
78639
44729
37704
77869
94033
59161
86438
8524
67349
627
49869
23040
18266
91335
8359
93582
72213
49693
62106
76802
65438
75386
76909
59272
49425
63616
58244
78033
63063
67755
18710
48536
24805
90531
6736
22899
53094
21990
73044
9405
76294
35516
10929
89836
19602
54483
63129
70960
85329
74754
47402
60316
93645
32001
23582
43357
83656
62250
8098
10704
95633
41910
58857
71663
99458
41089
67129
97714
28935
7891
21939
16886
4070
14357
579
31591
34292
34970
31304
15896
56709
74114
95974
73620
89229
27576
67962
9205
10283
26980
42571
72657
2639
61456
51137
31885
83047
