56435
81269
44687
32889
45049
23332
33554
33720
10561
93870
20253
93098
52257
63426
70823
77670
50308
4474
4230
97600
5092
93887
97424
51249
12499
74389
9426
29668
16572
26877
14724
72631
77769
16934
2767
8713
34921
94856
96407
57854
28478
17982
13515
53530
49984
53221
64730
80602
34741
73338
47228
42280
76563
56679
81307
90298
95495
37045
6554
55397
27334
96227
30546
67647
5590
52233
51024
31766
86383
86123
20943
90765
33295
75591
17004
83434
31127
38132
69537
70094
27617
47556
48348
67272
6670
99590
52746
70142
32392
7310
61343
64093
69098
88073
89474
46452
98722
62701
81420
74391
55383
93255
79906
28722
17389
57181
14344
74781
95406
38460
82421
3906
58725
58373
44507
11577
68471
55740
90003
37471
58874
72614
87794
10345
69977
62677
76009
38041
46330
41229
17345
11494
78045
57529
52945
21953
57690
58738
78913
47839
13951
70539
3721
40913
7710
87732
66034
98909
15387
3923
35164
83512
33455
68079
59724
44535
81119
25454
94804
21205
94775
27673
95547
4934
26495
96393
16413
53484
71597
86273
50639
68566
50333
27645
26128
26247
25996
11857
76836
44238
91970
95194
67373
10297
55928
56950
21827
32544
61282
29901
42157
16266
81337
77997
59608
7136
43661
92521
47135
76781
17490
55246
99935
45841
30307
54214
43991
42563
35522
97519
44999
