15996
40912
93126
14446
93275
20926
90536
85899
48704
47564
92887
93991
50201
4358
44809
86499
47661
13015
39436
79026
47114
17688
74389
20731
22849
12899
1127
43723
37279
29011
69133
78498
79134
65322
39862
42751
93812
48464
16941
21686
72791
55550
147
81472
55107
52604
95812
50685
38206
10649
77229
50777
89993
62902
55895
93661
13139
24008
97743
13692
26951
59992
47409
73991
27400
97066
33289
74375
78254
66483
46566
19280
36067
56185
73895
10927
45533
49954
50556
74057
42011
66854
78704
33671
3008
64506
18491
67210
64016
88225
42664
40155
69617
20047
17618
98373
92305
22517
38802
31349
70030
48591
40628
13652
52528
14711
43297
78578
16420
61413
43463
61468
65284
95154
6991
96428
10005
63333
8377
97260
88316
71845
58659
57870
97891
95881
17764
50481
9703
72877
369
12294
26637
80772
92644
19821
29057
46268
12553
71933
39201
34789
76869
92477
14027
48012
9112
55279
46930
32314
95246
45774
98644
50430
59021
38762
57678
65532
58151
21491
1604
58855
45873
69292
45992
69079
76389
36521
91179
94813
67301
97512
36663
71694
17678
15730
73538
16196
11560
90417
81204
44115
15583
4462
90643
86669
4684
27269
93471
14197
13174
9512
63287
32376
23025
82728
56369
61705
50940
15987
97815
16743
53
96668
44927
75085
8019
82563
88293
87569
26953
85431
84683
17968
77925
50416
16332
83491
92243
83592
78887
