88369
65261
15402
56744
66104
80037
37992
14530
7797
50295
87501
76902
46766
80568
61549
16731
95719
2861
96693
70520
94774
20956
9814
44448
12951
75549
5639
79795
69897
14095
97198
47082
87204
93188
56344
45473
37291
31456
70253
96929
27960
8727
79032
50543
55328
76525
11549
8274
68029
19253
80391
78932
62978
40837
25561
1663
53049
62101
95658
68496
83846
46475
75278
58686
328
20972
64967
73649
79866
57824
16730
77708
94953
22162
78972
37529
30181
46040
73076
48134
66787
52310
46897
69346
53299
65936
48027
71126
77351
1905
21431
76819
61414
58304
83423
44095
87534
40228
86837
16007
26608
90225
61928
84955
89170
35148
13505
71842
13384
51227
47782
42461
19125
37275
70714
44148
74453
94302
82172
12882
7403
30534
69538
89562
14711
40234
94688
72499
45751
18365
60843
52021
87504
30378
57627
7292
63765
68543
65734
63431
47188
70791
44800
29002
33827
13753
47641
84247
30
10649
72373
31579
36889
70495
73825
29484
21955
88454
94323
36751
63914
62133
33411
21994
54456
18093
85098
97651
68842
90876
96521
76814
76061
20339
27337
51622
81320
93239
22954
85294
87938
22969
26619
81943
64201
95170
66261
14501
25317
95580
55036
67704
58838
62753
50343
96782
62962
61745
22267
38072
60019
16029
1590
33959
28608
96996
59262
82852
52794
81249
6218
5010
6118
35212
95564
83894
67341
63572
20661
35956
99564
11640
29401
34147
89633
7243
39703
73370
90106
60955
39736
23079
80731
94258
45297
88133
1745
28123
48940
12872
41779
62093
71907
6142
28049
16452
12994
97929
35562
79957
98129
3045
83367
98092
75776
26952
64925
55677
32024
14577
252
43265
26595
66684
27006
83500
40640
24205
13641
64696
7795
15564
75412
2721
40941
72675
8261
51543
65651
57133
3495
41700
32679
29137
92619
3094
15374
83042
44169
34501
50783
78337
74608
4330
82215
42993
57201
42073
6503
92713
66871
57210
97942
47324
50505
13571
83128
79616
64379
80775
41142
59496
15238
1134
71125
62010
74689
59440
76696
84353
76403
71270
1362
98650
48683
84415
7976
51434
25429
71777
19603
69262
45933
80490
54372
99129
8032
94666
93889
47404
4177
10329
97592
74114
90618
62311
28505
73293
95343
75436
17652
79856
39
62308
72170
24831
21549
74192
99250
45944
58780
90417
92853
24958
58546
59320
61398
85522
25891
49514
58240
11104
17666
8840
72109
89507
95326
88496
95114
19684
26793
3973
83939
9248
32889
58345
79729
55877
88566
75546
61734
39648
48478
40991
19716
64152
62202
94240
35577
24856
52287
53668
71564
43930
2840
37674
63872
62949
55186
84888
73486
44682
50164
77476
99519
55796
30743
90068
27570
52311
62158
54878
8115
87829
90865
19641
9646
20217
81495
34496
52115
68288
82751
56254
32374
2633
61020
26701
48786
25901
17827
23064
34724
93271
54326
30264
35726
27811
4926
94003
53714
47233
27804
95205
60519
18217
64114
37690
31202
4407
70661
64364
30227
8775
90757
2699
70289
8795
18005
10619
75671
59548
93997
48142
94550
40932
25978
3422
12064
65173
27864
98198
51527
96088
1094
89386
55207
30721
17882
34901
65654
9267
55626
82116
76400
11365
11132
95513
40573
83979
94367
71942
94888
37086
80180
44360
33021
71731
39437
3771
82755
17277
71971
84015
93695
72683
39249
46888
29685
929
15641
74019
99606
16357
4842
84220
36245
47094
78782
54087
16782
58592
33388
45795
56594
54786
52961
82253
72986
36148
23649
53389
77531
27428
65341
60076
58738
83327
35151
75355
49212
84446
33894
40875
67432
89208
65702
10558
54759
99622
82182
85819
18986
87977
86314
27544
24476
56892
61017
77601
93859
33671
92768
94696
6684
40051
24978
92546
65967
74129
38550
514
51750
34281
41762
71084
62869
6765
2598
72436
87884
23848
5134
97911
31769
30248
68579
64337
70618
46938
63726
6782
88059
55412
85285
37030
50800
71480
27692
6157
89827
66085
48692
35809
27565
83030
37041
34323
53689
19134
76564
61883
27627
16714
6100
20704
70623
30657
36598
92477
14382
19826
13594
77996
34562
73063
31069
66233
38698
85489
70016
20265
83506
35104
85311
69882
71788
8351
52944
3927
99858
48559
15927
78339
7153
17376
42506
85433
23033
5744
46245
19521
88905
71088
29678
92251
2992
85152
8680
90841
6205
94453
13466
29624
72413
14136
89393
75218
44319
45454
21888
71749
51328
42475
61570
75417
85703
70341
78104
46287
16177
80424
47676
66658
81844
14108
9913
4701
13177
66177
10025
90471
95848
70803
42773
69432
99378
89898
67849
10134
26529
68869
50465
42667
90392
71218
23928
55221
71438
25632
87798
67761
31189
83321
33375
18494
30920
60534
68910
29928
85130
28768
91452
83734
78693
53292
59531
99723
87848
7750
58377
18021
72331
20382
48159
79217
64901
58363
84673
54792
67657
81692
44542
99699
80792
22159
21084
57741
22097
77936
20033
82202
15394
33090
34819
93750
95235
58564
62135
68882
64406
33336
66358
39493
42577
79748
73658
35760
98489
45825
67280
45383
35883
74796
47484
39078
74243
66008
58675
14804
4549
65244
26405
79226
8414
19398
21706
5720
33595
23873
20487
13555
10701
59671
52081
3520
66036
40554
67421
6524
50111
97813
