22205
87205
99747
98166
18292
31966
43678
79947
25019
84481
27046
45147
63635
78191
8579
86438
14471
9758
9551
32238
19586
83458
35832
9771
22988
51875
34571
14663
44270
33326
95537
43114
98575
98509
82828
44976
83877
72970
72208
64360
66140
85293
65454
54366
99213
17706
83759
91115
21190
39830
10531
3294
68619
40291
44688
47450
71105
27034
52125
47165
84130
20376
48060
24059
48390
69042
44982
88696
71721
69849
11440
71028
27569
38703
57405
83905
53132
65432
86528
23167
67565
27556
30954
39434
42868
68841
72222
2507
42649
75202
76184
81911
30187
43038
26113
69377
84793
62897
83262
30908
66827
29729
44841
19172
19981
20212
1253
69632
59670
49540
93204
20987
16855
77899
10476
74725
70438
13430
11809
79418
30003
47977
29495
6149
43450
41140
13470
94124
88480
33158
70994
63298
8868
44841
13906
21357
48953
21445
23832
43929
97924
53021
90367
55476
57701
47142
1238
10320
44443
29520
30110
50664
85929
58038
21586
82770
77656
15797
93040
70798
59180
14314
78931
47837
80987
7065
42984
14826
85556
87848
4699
84949
83069
90510
47713
97870
41225
43434
68625
41381
65683
99157
71399
68334
60352
3653
8129
20331
2318
66995
41901
16029
99107
31249
97239
37982
45833
97623
2013
38040
25821
59610
29159
64690
14773
96878
77234
24849
29387
89475
50068
69179
52359
77780
12853
14525
27865
15402
63663
45508
35140
84710
80771
67720
37735
3907
74924
15285
96405
25620
90100
57464
62949
51663
66576
99971
60393
98355
2048
20029
30899
11501
91327
74936
11059
61559
90515
39688
16799
39410
53919
95923
27842
29307
49421
94832
85779
38416
32917
29780
8316
78110
50696
22347
84346
61491
54541
50660
22220
40442
94266
70696
52342
88023
49862
12000
86438
14141
72020
98571
23068
90088
65276
55254
29567
24609
1302
89135
47235
60630
77842
44801
42736
43184
74414
41028
30917
7714
59839
76292
92985
42513
1588
93733
24376
85640
97585
59251
2574
71921
41574
21485
84636
34534
95411
22013
66693
70768
61668
28122
30884
55197
60301
56239
77891
67301
96122
75553
76189
61417
96272
86387
61074
45188
47373
79745
34145
67237
25017
50635
91883
29931
31138
26271
19578
41993
64005
92454
30124
77506
3485
73819
28740
14930
34502
66364
43765
33682
85016
15229
46941
13621
25951
49789
79329
42805
11322
83752
73483
81929
40717
7318
5162
68256
50300
72221
86613
49940
14108
20169
71821
58393
81311
48214
14586
43111
55127
92785
91003
40498
33110
64839
13428
82658
88003
24617
30370
18258
61286
97552
2181
66431
69616
4888
55231
41982
78729
58933
58651
15336
44845
87313
27426
46830
46899
1028
84035
34081
93088
79287
33615
62036
5236
8316
65604
66465
40604
7298
52722
79659
78069
64290
92717
48486
72727
76922
88496
7085
85656
78499
84543
71088
38700
15856
89250
71159
29476
85094
34535
21809
38434
50126
35257
45390
43145
26488
69546
30866
55785
45447
14547
91524
97654
18320
99080
84489
54677
37088
24107
52811
70135
29055
8663
99792
39480
17046
94769
21768
52504
4835
64642
96689
4495
55146
10019
83169
73311
95155
11868
70777
3242
94097
28920
52623
6517
40335
96181
58483
96385
96164
75370
95822
26994
82038
60668
9804
71272
36853
69903
16575
79303
94294
43760
53946
51721
57087
27666
74455
25969
49830
69820
35163
73162
87886
55600
40788
13139
29489
13653
64101
19638
56888
84528
19334
36361
8336
98727
40878
25537
91516
57416
58465
85114
62099
64934
16907
55152
15380
97489
34399
26688
37526
86927
36685
42459
88857
62266
64888
31302
84056
82065
18298
32044
56837
31882
21851
38974
23849
18767
10427
45120
7047
42552
47447
12929
93504
62205
54870
71977
74850
60724
54733
70277
3274
35689
14858
23205
91895
25761
56520
7081
17314
90533
38868
38135
15182
64243
95661
24449
13259
46726
94397
78050
49033
66457
8258
3300
66725
5925
84085
64449
68256
46123
70504
20050
68365
76236
61653
64109
48293
40818
2614
39528
30593
68922
41648
58527
39505
40684
56317
84498
8953
75738
94023
93538
44302
62016
75663
20520
69881
50759
79470
17002
56889
7564
27121
11747
36730
5640
91037
10773
65582
2244
13941
176
68074
77624
86832
30166
93843
59929
95552
87342
1019
40388
89520
13001
14763
23740
85131
48352
25303
59371
13051
43474
39206
14758
43141
43218
46941
16919
55976
61872
54494
50920
80725
8350
47073
37433
20302
15094
87225
37052
18986
952
2271
72291
58126
91527
39139
86984
87332
42971
524
17838
2912
46789
52452
42627
14826
74037
3681
80349
89550
9523
48274
12150
12663
20703
55899
68617
16305
33982
19379
91912
8558
29802
74235
35316
48611
88213
43593
44976
92643
95294
50168
52507
65446
19579
55424
82850
11184
73752
6083
37450
2377
60595
87566
67513
55929
62260
70218
10755
55396
12471
5964
36039
91047
80609
48738
13296
67671
2505
4310
50499
19071
30103
23151
93362
82767
18446
19276
63216
36683
21751
66176
81705
68369
35746
61840
11416
78033
49614
46373
62086
50015
70863
52960
69975
29656
18078
39187
1421
96257
28538
30259
47803
5990
83618
26688
40015
15941
19176
93203
8835
91288
25074
10281
310
14403
71961
6450
3815
25813
22651
83638
49354
66792
36605
950
67589
36274
42019
91737
74574
25555
99707
18205
62645
39332
36756
49253
63329
29404
88901
1688
70959
64297
6407
84782
