22898
41557
22136
35237
13246
24108
67781
62463
75356
68773
23684
42715
99287
59311
12003
39605
29259
52336
84106
30572
11214
67581
90596
97633
54268
61018
96201
93412
29719
74806
16033
63192
41582
46978
40452
63634
66815
31558
89663
12369
85858
74272
57594
57608
94062
53178
27852
3232
26840
87467
13523
78011
84813
6990
86809
50065
24391
27366
26322
87476
54011
33921
2585
60320
71827
55044
94072
20579
68527
98835
69703
65568
62937
43532
29559
85395
93976
6100
32823
43734
9937
10462
29265
50788
63712
67724
548
13041
87680
95382
32973
70155
65484
57795
27971
3374
15897
83831
5162
70656
79787
40812
8740
96377
46996
44049
11741
30670
58152
29951
67648
17086
54936
84122
97083
14898
93376
20076
7258
83858
52516
4855
2198
53028
17647
93987
93739
11832
54652
9255
45150
10069
31347
41638
95266
82323
60300
39374
40263
88954
96818
68709
62933
89679
78579
38490
84823
74912
8973
15615
38162
68106
27040
57942
3828
45887
99487
27493
61739
15122
59446
72038
3993
11557
38906
78405
3246
55606
50167
32652
67232
24437
5902
5642
33625
26263
94186
30398
79973
54174
80171
91527
49941
35437
73797
71885
25866
25307
33892
15870
17350
5761
24393
72514
2052
96777
77298
1729
68654
37188
2943
76362
70042
52314
21868
22431
98924
59009
38501
68755
36546
18574
73423
73947
81216
55498
32858
24170
17918
50260
95247
60014
18492
98755
27070
55475
32021
58506
84618
33373
81862
2533
72022
27641
46490
37177
12919
25710
97259
81247
80069
71493
50936
55797
53838
31771
67756
37120
51722
59645
27369
81835
58698
11438
47578
14047
94038
49880
6706
7616
10351
72062
15276
40709
78634
55621
1062
57911
87091
84504
4723
77344
85229
3469
10431
21786
51221
52288
84140
786
17690
11264
13635
59568
26457
47074
57514
6805
71672
45867
57954
2570
3324
65477
43078
99691
42805
5723
94773
88996
9487
52312
85816
54150
76325
49581
86394
67576
11407
24597
90741
30712
63845
8154
41701
57373
30859
27408
44262
96011
99276
69935
52684
30942
34422
23661
62986
77882
18000
28658
46183
82812
