61044
34399
33630
98393
33285
13486
53722
83759
86137
50004
99287
63185
10055
88681
15209
18840
47006
12952
81365
51371
70109
92810
13429
5766
5935
51574
78346
26634
25866
15596
21804
60788
24267
48174
39836
99555
66714
25794
10350
52353
76820
75388
5869
41164
18040
90160
69960
80294
61074
42412
90922
66537
50944
94699
60195
63910
98568
83497
95570
98086
82593
98587
1275
29610
45466
20817
72941
76287
19798
32656
36221
56348
17939
98289
83378
95285
1883
58651
13647
58991
27683
50729
75661
95508
48802
85029
41917
86361
19536
43563
39713
44576
71297
56302
32426
79337
66202
28167
86186
72518
63131
4518
45670
61496
30897
72784
34425
68725
31262
2203
33731
95860
69387
56303
47755
96095
19224
94453
10817
4081
9
61069
47681
57533
19715
49747
80057
78204
35874
20032
79801
72757
88940
66825
94038
40450
29980
54326
28673
94096
13248
61356
82423
39311
83064
14607
94246
37453
52246
66766
2433
2691
35658
82612
19692
65187
60376
1727
27801
49396
69846
60268
84893
51049
63086
52270
75474
42500
72708
71118
46730
62531
19724
97848
82776
73276
18185
27743
66379
2731
13861
60642
81176
88615
97932
94669
40178
53960
82979
88267
55970
52012
45408
43451
62958
1362
95081
67452
28385
63518
9572
80042
19430
57294
10098
25972
3540
504
78931
43151
16157
50600
3284
93808
72794
17529
507
22258
88963
49464
21189
15817
39445
30606
84150
57130
56009
9862
46266
77733
20850
24440
62758
35598
77369
98419
75228
15614
26176
31136
93053
81131
24082
31788
55360
14065
87224
26422
64364
37804
63664
67829
67759
95529
5079
66605
87441
70451
29209
704
47073
35195
13648
87535
59151
18898
18555
50898
14849
61448
29426
48281
37998
13988
3162
58291
59241
36230
2000
28253
42256
83389
66509
85615
91891
61235
40610
16761
92844
77937
42273
59979
43479
33305
46202
88173
77216
20542
50801
92216
23908
6898
37484
79604
59160
75817
11746
10925
12399
84729
95426
78724
71913
3136
15319
59894
1674
42130
62447
17997
72224
27192
12831
54387
58699
29776
27461
21757
65431
70241
6183
28448
22497
95613
7262
47727
19250
24330
60
13174
21671
20393
