11671
50265
76486
61716
28419
24717
10824
17515
69252
77928
85100
26040
48475
299
41603
96522
94302
84095
44872
35193
66738
23723
9727
78280
5180
65744
20010
10560
90912
12123
49845
28372
30686
26144
99510
7330
98366
83788
72164
17646
72081
32621
48097
38797
47035
281
36894
56892
58929
83319
98359
65817
50467
76385
55182
18944
88699
16478
47612
93841
36996
76678
88187
10268
79108
17205
67574
73259
17341
41475
48915
83393
47810
13310
95539
64670
79951
86687
97022
92503
41266
43251
1409
82522
97316
26712
42025
99124
17717
61743
84031
70748
23535
43216
7422
43166
78024
99763
52882
60300
38343
16736
75732
92596
3262
26007
93903
72096
75155
85769
67688
1837
77481
85017
27207
65526
67569
89980
50046
96365
44591
13771
46900
20958
31857
7473
99784
17778
91290
56446
66354
68686
67594
16153
82455
77458
87146
14364
6639
79082
95379
78100
79801
63207
86531
77211
49145
57868
55981
50485
77947
16618
976
12119
90566
95398
98176
80722
54068
973
58919
22987
41537
86308
35594
13310
1081
72347
1879
86170
15883
46980
77083
86791
50844
5905
46886
85156
64070
96921
631
7298
60484
25681
11865
7624
37985
90312
26871
7059
46740
42032
4663
83715
52876
56249
56604
19538
68093
5448
62778
72541
55377
94311
26571
63998
78964
657
44728
17922
16107
1578
20951
17242
89184
62081
70058
28202
86747
16765
66453
43448
12569
47930
32453
32036
19634
82381
31629
81108
41241
10959
85376
71429
65547
21800
87578
80338
89310
88908
34984
56797
56342
6129
9983
79064
81905
29300
42026
20146
93988
95442
47609
49930
57390
28577
77486
72962
30487
78093
64966
48702
16317
41419
15299
35414
84442
72155
65573
48165
90047
71519
85332
29189
71642
48694
80502
47798
16099
66891
95081
76331
58007
97757
48148
4470
28627
29410
82123
87747
12631
83614
56804
73337
38217
2823
48155
12781
6384
2584
33026
60098
32603
43465
1391
92158
40143
64776
55211
8399
56738
68846
59943
30653
69343
9338
44487
64054
25063
30330
51949
81232
29476
89363
75247
28952
86218
21376
55598
3522
95964
14747
51051
92902
45474
53948
70178
49498
96140
63196
97671
99385
10432
33938
89947
80673
30198
28477
95622
57441
86884
3095
24116
10749
55315
46699
51787
55748
23443
96222
56299
94959
29020
30160
94798
9757
83517
32325
71803
46198
25786
76353
14958
4733
51288
78340
9558
38940
40022
28616
42406
91905
3054
34649
36688
2212
79869
8898
58645
9159
37442
67709
50413
60104
37097
70245
65853
59393
81915
98354
71405
70668
82702
21044
87932
18344
3159
98875
37507
56185
76067
12663
26009
25365
93466
35230
96895
51812
83457
10949
24836
2547
11374
60970
99621
80028
86620
76403
67460
68769
69978
77799
33321
18644
50115
54086
90287
11101
80451
94045
66559
24667
74004
49979
79145
46411
664
65378
78159
76635
60284
54131
48268
19576
4781
67591
66949
78073
35674
62036
188
66445
168
37129
5734
78625
8943
11914
31886
87373
33875
24925
76
77911
5738
50462
94304
13166
81448
57844
60247
47458
99316
39619
51832
16030
17180
44079
18848
82193
78323
27653
60965
11876
96732
19790
3906
60685
95437
48080
57571
73387
83121
69975
25196
54694
19713
16712
72207
43698
19532
62802
74971
2134
68856
24624
48792
16530
25414
32696
3251
37878
1702
6919
89149
80192
48663
48058
95304
25940
72846
80938
88759
28085
9109
90927
64314
91994
98671
13886
84838
21368
25999
56136
51872
81350
5088
25837
28969
65215
33063
76366
46886
95550
59407
16347
33872
75469
60179
5635
12095
81183
3618
19419
63756
12136
61961
44429
99494
37210
76838
70576
29779
82663
70933
25328
75487
66788
69487
32880
96347
52743
30190
97755
19943
81746
53729
91932
48828
24525
77950
58833
76347
20546
11780
82046
98339
25267
46692
21998
11990
18143
17622
64095
7185
69333
45015
50779
23587
15163
42861
41081
23059
50108
46165
76265
42633
16184
6775
72651
12340
4761
28050
18393
21212
12485
34930
52954
78111
65408
73930
95671
86145
97119
28242
51986
2449
67719
12930
21196
34975
15422
97200
78273
91598
31516
68850
29467
33440
13660
81923
28963
66090
41208
57157
13639
32102
31831
72762
72802
46839
7304
60075
44036
89592
30554
1079
45957
69614
60583
93506
9131
68602
57049
86906
86357
55910
54499
44005
64869
26932
40012
64402
77075
54352
68393
52644
69354
97965
36718
7922
51894
53520
87300
3525
48018
12037
8729
12521
40200
17182
78034
82391
320
86055
85038
93501
10239
83419
79319
75569
46097
31423
8136
45215
11343
34438
84463
23007
65154
8076
37864
66942
59966
25221
73240
2777
82619
30880
96237
94068
52423
45391
58764
23298
55527
13069
46083
398
96786
33951
1558
91466
15823
31799
29121
29192
12145
22516
15844
91557
52937
90160
74492
40672
56556
836
63151
43905
89779
57369
72814
51096
46269
25575
24503
15335
36878
94999
96772
86862
43127
22473
97321
17686
37274
55387
66852
