77775
22414
3307
79445
92076
65297
18838
1667
27699
35292
37021
2777
84140
88675
10347
9786
69098
89162
99535
26712
42818
23899
60538
23000
53351
51313
89157
12210
20148
27556
26782
16638
29671
62455
54007
75368
63164
72421
43269
97129
85232
42170
38487
38984
84395
79725
93525
27005
67944
96135
83069
638
36534
4516
9684
63900
33186
45341
23944
16281
24820
50123
96789
71393
65185
31764
52190
36986
7972
85933
33065
8591
93192
27143
88921
45278
64011
95790
89312
12375
90505
66037
56357
68523
24791
56458
61417
3361
99085
66178
19801
94322
22454
70682
22329
71351
62807
59815
76990
35031
58976
71860
9277
26690
69320
19728
56625
71026
95929
18271
69528
15554
21913
91547
80440
5230
4264
70711
93707
87102
66878
90342
21484
71658
18573
50664
88367
32058
92646
52285
34648
21583
47436
37156
60011
71154
39826
46037
26690
76280
96286
16437
48587
85832
38676
6302
29948
20207
13936
28835
22210
81749
15686
37137
49482
20024
36337
93025
14458
88853
97639
65294
69235
88862
50047
19025
51718
95666
5950
8323
93871
39274
56230
24310
74977
1760
92285
78136
81512
30356
88275
91845
79553
9405
68392
34966
51798
36661
37800
93290
66884
89142
67677
8804
63705
57546
51030
27998
48717
58043
91238
90163
11657
26781
1789
76181
28037
2975
9362
53796
19373
1126
35985
85870
62030
1745
31529
94187
52310
46317
22394
62945
79962
69976
46249
91346
98033
85569
16073
43910
69551
8888
82303
26025
89445
54666
45572
15508
37213
26215
95097
45999
89806
12538
26418
98789
95834
22228
84239
64354
58401
22945
27027
30784
72145
3651
62867
71536
58939
63956
82585
65577
16566
17159
86475
41618
61569
53034
13934
90241
30455
38541
36696
42229
30358
14794
47099
74869
82975
10004
43857
76594
73414
37460
80575
78725
87344
43041
66774
34493
5559
42062
15611
67675
73018
67708
25528
35706
89977
92151
32421
78660
3555
47984
48482
14603
37845
36690
33612
96322
21891
17107
18039
79803
6002
87772
29353
31526
42228
12394
9263
81765
81086
75611
54882
67054
46295
52303
30325
66606
14265
55680
93135
61629
66610
83496
73186
9
51371
59209
86979
6336
97865
67729
85221
54604
3855
1831
75333
80113
17663
55734
96140
78472
33123
89853
3759
89035
54485
2352
38353
79203
29213
76797
83758
81261
1960
57170
24151
96069
77108
6413
86124
45345
99281
59570
54972
78699
54384
6830
2545
79871
55604
10393
83922
32104
56198
89359
98853
62296
71547
45709
8038
99116
84056
80475
2973
68605
4993
26856
51241
84215
46426
53668
74302
55848
13582
73491
25850
54872
11391
51765
91370
255
99192
69323
71196
49120
31623
79196
95627
45136
80953
36292
44710
20921
14892
86330
98828
39904
50812
75350
68691
44757
12975
73129
38432
5720
42462
43034
45757
18289
82707
18531
48927
89361
40934
54136
36923
53334
50752
64555
47660
3941
47678
5773
34015
80632
35003
81910
14982
4576
11653
49765
77880
90887
89686
422
97701
1839
15354
48987
3603
56974
41336
21064
17760
94275
31617
66574
66854
84551
5552
15745
22018
48895
51618
11047
68054
45009
49218
84020
76020
31828
27194
33491
61533
54508
82666
19860
86428
44399
1545
76979
43817
14580
47066
23390
4268
36582
20960
65977
33307
85625
57165
36782
87124
52653
11530
92347
16364
21409
21188
97476
28023
67293
54104
4000
37571
41987
55257
74888
94174
33921
2721
35923
43798
89692
10942
8573
82400
43193
21529
35754
97524
29435
5258
83493
18860
69916
43708
76913
43029
66834
51774
31955
53007
64275
39236
28910
78673
8177
29762
750
14033
43820
68410
24511
50115
62283
49811
56557
24732
61172
82516
94496
49021
77106
83015
88138
85434
35384
85531
67005
15294
48880
10577
70789
8657
649
24009
13309
81817
52620
52699
81275
49499
13254
62646
57630
58952
78936
41471
85931
93582
87299
88781
91365
24929
74288
19216
55405
71014
93249
84174
58498
53089
48767
5495
66013
45659
65244
28783
40405
61313
57310
76395
25521
25749
62975
90737
73259
18633
58364
99355
6527
7679
63473
62604
45234
31785
4481
13212
48144
33645
51107
27926
36022
4075
97685
43949
34775
44652
47917
24073
85814
25689
39157
90829
5186
59517
66328
46851
99198
69334
53128
2849
84066
51891
9378
14172
89511
61274
4818
78921
80888
43197
85456
10099
30672
91985
41502
98336
69878
1148
890
61548
11296
55878
10526
10038
16948
49514
53176
6154
41023
62206
71706
22911
57458
63023
90339
73383
948
41582
49358
41094
43212
42320
46076
75151
18637
28617
48308
97705
80591
48579
49739
41232
60917
8668
83995
54543
74710
11535
64477
34389
57863
70131
46718
65365
53998
10766
39326
34646
88886
56250
67000
28028
63082
84556
84223
94133
40036
62426
68059
23101
46422
89486
32900
36600
23851
49376
41564
41974
41849
41940
74930
99722
65524
22518
45316
10249
60339
83097
62800
53385
7760
33815
21695
23473
5198
71660
55921
35835
61403
64624
4623
3625
26852
96129
81957
98188
93576
74140
23361
20691
40267
52632
54030
51413
69732
50304
39997
17009
67591
70118
37722
80271
69474
17643
23018
48535
9451
52851
35777
88938
23603
89756
85621
80493
532
48463
94907
50737
14883
34373
87440
58090
91582
73222
918
35897
11405
89973
28102
6084
58066
86068
572
17875
