2389
56371
92182
59087
43113
81428
12365
27125
88403
44135
55288
2156
39651
95646
66626
50752
65037
37234
73671
54662
70961
4
73875
85185
58638
98599
89957
55761
54134
4062
78777
66247
76112
71138
81905
26152
24374
40126
79039
63182
60329
23880
50114
47633
50533
90077
69282
80734
56606
41086
17930
38022
18319
87299
93810
17545
76911
2860
75445
58579
1882
31714
41
92155
91526
25727
83830
82052
104
50588
9376
87261
44210
10130
52881
45667
2139
61467
37579
77691
15272
66690
20539
91607
79847
51933
14895
45931
38005
27795
46757
17521
74270
17735
75115
22835
85652
4141
9784
42723
33122
60719
67499
23781
75235
29589
84679
60323
23191
63855
82923
33125
26458
71766
32927
90478
21106
19946
30394
18926
85736
9776
12225
72044
97578
35198
62866
49761
7657
94391
72053
53845
50215
34333
16944
71089
52463
11902
45647
61551
47387
2924
57789
37528
13233
14112
85312
87140
12609
18087
76486
55687
4860
81940
12627
26912
4988
39458
55607
64020
54538
88653
35171
3913
63404
2595
16812
48823
36824
78650
21152
88834
84163
77036
4778
8205
97675
71570
36068
84069
3570
6008
78359
39790
36449
79912
33338
96160
9082
36523
27718
44744
88551
34976
26894
92135
68993
35094
8454
97331
82763
45456
58404
61299
27958
74667
87117
29499
72360
13675
35483
55993
45120
17506
16497
