51006
28830
40061
95357
4421
16027
58175
14924
32522
89524
79736
84870
68082
11343
41478
2700
89997
20946
32207
91654
83575
98781
52339
29498
62898
97646
84211
93850
82809
17745
44262
83284
5675
80121
41704
98140
84892
24411
61070
73996
13882
15929
23220
50062
62780
9282
98987
10174
97213
99625
48551
65723
78802
78691
12314
67133
76937
33350
98329
53765
6523
40331
28190
76564
77390
56602
73101
75474
45709
16353
44860
39148
50374
14886
90845
85197
52732
35742
1944
79034
81623
91887
85260
11223
26975
54957
33425
52180
64959
28467
27586
27975
65055
38899
58253
35123
2698
53342
90025
5801
95492
74772
47221
28287
2368
14039
50405
28930
11151
22801
6180
67387
38367
11765
27203
91189
55887
72827
61768
6757
60760
60486
50387
24047
51386
12990
23371
93441
8095
51106
9065
56261
46371
42595
81462
86930
76537
19722
55595
62872
62384
49584
30535
93317
27667
94804
11064
48107
14296
76705
45149
99184
35977
43514
21200
96543
44280
90906
3668
51793
52060
40618
50876
50688
81859
62664
65913
71889
99260
7761
47241
61618
88845
73637
80580
58509
36170
85939
29677
76819
63091
33697
34081
86955
6273
41285
63793
28830
31898
1440
8070
43940
81947
40494
64989
33622
73585
177
75415
60069
44622
43991
29509
43645
23399
62445
81051
82326
14466
25559
60260
52380
32143
7132
63427
80270
56933
