32708
9114
81552
92979
48261
92009
38836
837
69799
72103
936
34790
5303
35028
5965
53266
18870
43482
83545
87265
18734
52411
53441
49818
71607
56526
10527
31183
79439
92854
42372
30124
81163
57941
92626
10080
23784
32234
45608
9359
962
73536
87402
18269
40632
78043
27064
55259
3796
7914
15541
2173
31375
926
77209
5093
97429
31424
38217
97552
4838
10354
22061
70745
76432
56731
45671
65618
11849
50106
5448
77230
57066
80605
91779
81277
72136
46846
24357
65542
28355
52694
3909
98466
54646
6090
53488
47395
42904
63746
40958
54305
69263
57942
98919
79619
6023
32805
43743
74443
29539
48654
9639
4826
14651
40746
6298
54693
92300
39841
86764
92288
35900
48771
77681
39032
93547
95412
41014
979
53808
26592
27144
98103
65412
40174
84124
31832
95296
83248
10121
6899
50228
49429
35745
49961
63364
20272
10443
12258
25832
45696
89996
16874
93098
50204
47910
99987
27873
52185
49586
59725
63497
57718
30468
66478
56393
67195
2664
81096
36337
6973
6872
6457
33227
29447
7774
55298
62178
727
28743
64818
69519
70248
25570
45331
52764
82320
98535
16841
51940
30380
91227
99020
77414
53559
35483
55217
9724
37019
64271
65606
8244
68241
81873
2315
10830
13579
16677
79894
40277
24219
41112
44738
98686
52324
88784
41994
69190
36237
18649
33217
61782
34278
95800
62807
68373
405
13890
47029
99558
19252
65275
40000
62419
49837
92198
25787
95783
70673
70508
96108
26281
97637
31903
89570
49874
10988
74162
6139
89220
65411
26068
13566
4359
70162
76856
79982
18387
32348
53517
38739
64167
19235
71431
1128
58355
47174
33161
15552
86849
23331
15231
77452
87383
2178
5597
65850
11400
5349
2075
74661
95246
46866
48163
57373
40714
59793
2482
28254
59780
83343
91266
57395
4455
88958
68802
26976
69566
61861
65075
81296
91794
36804
41456
33934
13569
56013
80103
45300
33256
22324
97292
33870
42211
16655
11940
70092
93362
80351
12731
63915
77921
71439
29051
43502
16164
69568
96051
74749
67585
59029
77205
42766
43636
66200
94434
92550
35775
51737
11342
22097
75678
84537
65626
40697
83021
86992
26080
10647
49481
96705
66883
64724
82932
95762
21157
77043
20263
53501
58687
21185
42870
2028
84521
98001
40263
81226
16403
84015
91794
35306
78279
86638
73801
37640
93211
45665
66437
72924
90541
69924
77860
52985
98298
42880
61714
89474
40069
16499
91001
6369
49432
72271
23663
97843
94576
81866
72887
78353
39443
98393
35150
58942
14469
80085
44568
27978
10016
36646
86391
25996
3754
95765
66049
51487
21270
78928
5005
27286
81382
34272
92846
9510
31479
49651
67437
82726
37038
89677
56915
41893
69291
31345
9260
36588
18663
70570
34589
28005
70080
1367
87409
31891
79934
4987
17949
63458
9472
92247
37729
91537
15899
7387
60214
93798
8412
76751
19683
10077
65568
62091
24297
48624
5313
1834
36613
47301
58458
77998
70162
72692
1876
36357
30477
21346
52452
36430
63207
85744
44509
35249
17663
59597
23190
45258
22828
63760
82017
10254
42109
3058
2765
75829
13134
41290
48551
69923
61978
36505
23976
50032
70436
77493
77135
64217
62733
27545
47016
72569
28783
44114
10223
14231
76557
57193
12403
62123
72613
59754
63067
38348
2712
84104
94863
4286
40494
70043
80728
43501
96435
36495
63911
26035
54825
19127
68318
89043
1536
18469
8993
39991
5943
88533
23868
41970
73851
75870
98089
18047
17380
95630
98170
94160
93518
3867
4998
4234
65353
54034
20279
23343
23775
85970
49039
77056
34513
39912
81064
6140
5823
75444
45002
23281
83163
79660
824
63024
17431
57204
6574
88341
89536
77798
11672
71971
70234
81957
2829
48097
50337
86352
64771
70650
68908
92354
45900
16494
20436
61673
11845
82682
94253
61818
40314
37577
36491
87204
84714
40380
51591
56794
4367
3139
61721
21130
34510
87034
32843
83223
90345
80328
25363
61629
65817
45563
54806
92889
28772
56747
16652
69456
17207
89870
98110
85785
43971
96222
54322
68513
63117
75139
17790
666
44
51098
81531
42772
53162
71777
13112
71820
46879
76071
77226
94380
89230
44268
85450
13115
27555
6390
94934
2
49536
28969
77208
88418
90402
36483
54787
70568
2811
58279
61351
90105
45870
13802
69383
78466
38683
23361
14337
57891
52231
21851
50969
18663
59485
37620
64189
83899
43131
75513
2600
3832
17488
12400
9464
60066
96027
73250
73823
1514
58517
57273
62211
39752
91366
43492
42459
88361
35923
35070
98751
59889
21946
40375
59909
57375
65823
46170
59919
23742
30353
26306
15096
23292
55257
77237
81818
66640
89494
72649
75347
12483
6130
33355
77207
70518
50325
91553
76071
78620
21257
62537
29856
71295
9746
6200
12196
77623
68810
51256
37026
72136
45709
11916
76089
86493
41614
89142
62881
15601
4322
42610
24542
71706
24479
17629
86330
3822
39936
80372
69324
93849
72095
55669
96138
37116
603
46889
42329
225
96042
23305
85077
44923
5419
90170
39588
43467
26387
71237
41300
9835
659
76459
98426
91207
60945
65887
21576
17464
15415
73547
60142
80870
34621
66159
5697
56732
58454
6285
42023
63367
74180
3266
95039
70347
86599
15181
46078
9605
40058
32169
47244
12018
92201
71912
87430
79519
33329
53266
18454
45672
85341
87078
75519
3781
50667
34215
33036
30863
8217
98235
72083
53616
98215
50074
76015
48398
94913
