4927
13849
59853
13450
56270
99473
84809
32773
807
69235
99328
42377
14462
58674
12013
98178
16384
71770
94430
27569
43289
38549
68624
22108
67034
96611
91315
82290
95253
60993
71652
20862
14532
31478
31026
46962
68741
87321
63481
99741
89821
74924
9688
20576
16693
63524
22334
63339
5351
42529
67181
68034
17666
15459
13614
4925
75742
49747
68896
5316
42685
84947
53720
36956
3314
5736
17360
68382
56018
66580
72091
94266
76959
8878
23399
61698
32344
97579
59245
99567
71554
64325
68450
2254
93726
94173
