89834
84793
74402
30654
95174
36655
44292
92951
70055
83231
17999
6341
79336
49795
85504
10746
4243
23169
376
26041
57390
21841
76066
99023
16183
78608
28689
62106
85345
38932
18593
93528
74712
43377
12812
39082
30058
80360
60272
61681
47211
60265
43904
74500
82454
55664
20172
31345
95350
88710
3521
82366
80996
62365
34160
15674
34256
34861
89941
86564
27757
1158
65379
91243
68355
5699
79557
75260
53649
49268
25737
46750
4185
36097
70385
24958
60642
71986
36942
66162
47682
64889
52084
43189
65316
26129
35613
37268
44747
43448
6790
20426
93486
64780
24306
2915
93887
7398
48775
33725
7439
34378
80736
93756
11504
49714
12602
4564
20867
487
84699
93161
9629
44755
72273
45092
35151
66386
20060
36305
66709
42898
62100
80782
54622
4807
90170
44589
82961
82629
2804
26287
2859
57466
3123
896
66497
80423
21005
25336
5585
72056
99001
57484
99242
98883
71665
37487
35817
55631
62164
58050
18161
30547
92094
77028
61018
90577
83511
27295
34684
22773
41016
40025
82681
65986
86789
20571
30895
41060
72310
73673
84684
36761
26460
9914
27029
64181
57040
47123
68845
42613
79684
8036
66218
91271
44623
58875
88077
53847
84222
79178
97632
51776
79387
11463
59209
96633
58200
37028
12665
53607
40760
33391
81462
87450
23798
67477
55829
91895
23168
78052
75041
66527
84747
97692
52254
7301
13342
31902
70213
30616
47906
40655
66210
59359
14664
57851
77698
21890
92825
56284
36487
14643
11031
99001
52083
25011
55649
57209
74818
32082
90143
77623
75601
86596
75765
42854
27840
2802
96703
37406
67106
22165
27633
13187
32954
40830
13202
92565
80802
97348
76090
2831
92518
93055
24355
33593
91106
71770
94074
42600
63248
69969
27713
59467
26502
8263
83328
53762
45906
27546
62729
47832
82030
30119
93732
96697
23327
45998
67870
51581
91384
40062
9094
45318
32291
10210
94366
59167
85757
62519
25568
8397
25941
80804
28559
88251
83541
26836
28626
99281
61637
7253
9623
29748
63937
51564
9056
11661
80507
29783
53354
86005
30401
32802
86861
18336
63377
41900
97531
43773
80270
48325
76234
26316
84150
65825
81339
11814
60699
28855
62612
86307
13570
65976
27705
30874
94876
35018
32334
21666
36995
60981
75999
68236
10400
99237
23028
20574
86267
44603
28842
31625
6332
29212
57712
42014
13240
29480
57538
14071
82476
33380
10057
30965
13878
54398
33669
54337
17846
33432
76175
31289
59148
67493
12593
57339
71459
79850
96013
35719
15104
55548
72878
24893
72802
40354
15093
65505
6535
38658
971
19911
38652
4609
74050
23682
20726
30715
10596
88596
76777
41530
75783
45796
79392
98057
80144
38355
17393
20465
55208
50536
32101
894
30191
16082
94600
84971
58203
86078
73139
7720
47002
38944
20576
20762
36866
