73893
73201
54472
78939
81732
16310
27357
83578
43448
17417
22435
54391
19927
15661
5698
71066
69913
97436
59740
26561
97931
65483
35766
1712
76637
99239
57164
22637
58879
47154
93150
22116
91429
97677
8985
5078
57553
63988
12893
330
55396
20773
28096
6603
81242
86818
98749
13521
39475
32204
33066
31152
64019
35045
93791
115
35760
6597
84744
52196
36245
49125
25990
9227
82359
64968
75195
58578
89876
130
99238
39390
13474
54753
98571
32028
87702
57809
63791
94780
10981
62685
21347
73691
90528
49369
24604
14960
24793
82641
94781
29847
21368
32416
3967
72676
28591
20947
50475
848
66396
88188
31070
80241
65033
67894
62022
67068
76657
35559
17378
74589
85134
369
4365
65705
77020
34193
73335
1504
85369
54710
76744
1827
8833
56141
41483
89025
86031
69849
13836
47898
93921
77374
90735
29206
58194
33807
87087
26132
95902
72851
72545
25413
12820
63040
78164
59694
44521
42294
10387
71715
74837
42693
22415
14967
44441
92885
62264
35469
7063
14768
7946
52807
8254
25532
15183
82523
15316
16240
36508
77886
95473
55455
5464
31141
76989
10752
15601
8587
30704
29443
36027
82626
50387
25644
85096
56477
88001
77957
75771
48207
97471
32727
23721
77021
42400
3857
29246
25895
14433
77347
32812
66377
66353
60455
29301
46037
20109
66154
7767
37542
44617
63052
78860
48964
9599
36951
27040
51609
63452
10059
59799
12244
79966
46620
22115
85387
50503
81679
27177
61246
27495
94453
16769
38571
37858
64494
17164
75994
97149
26364
84974
12149
89206
36184
28945
64847
46512
3820
3141
94923
17581
87849
26756
84743
29986
58310
92344
68648
22361
19978
61756
92902
51237
18373
97939
99458
25930
4738
41324
15359
44307
41787
873
78890
53080
87381
64768
28663
21287
72042
71403
33373
91988
86126
74188
29181
40742
26572
79246
40881
70948
86916
55056
92396
53901
85195
22500
57882
826
97035
14889
40131
70724
28368
76679
10175
18299
54501
78213
90235
26674
8007
83444
3884
76962
50297
21374
25062
8842
1796
91260
59675
23633
902
63255
95252
45165
62783
60220
86373
16293
29864
8633
621
46198
34037
43487
74091
13702
94512
5111
3992
98126
54293
81869
30295
60644
6722
80570
95946
12156
5546
24327
55423
74248
51157
63502
49589
26255
66234
58562
15239
20761
28435
93478
31623
79842
60647
58136
65454
42866
30738
6806
89120
96213
4457
17175
54605
13085
24345
60689
66213
10066
74303
75856
63632
27374
73184
67762
36760
11916
73245
85661
54641
15681
55267
45834
8308
43172
68230
4305
59826
61721
13521
40318
11976
87322
73638
96329
38846
65200
81734
63914
66494
26266
45281
14308
76000
89157
10908
32261
94833
7399
64171
94865
34230
90920
40444
30265
57675
12383
24492
32430
46154
96377
59727
3414
79361
70976
57340
88965
90421
58436
98472
55586
1558
97572
41606
55072
67956
94193
44103
26725
66098
78613
333
98482
23143
59836
29715
11604
35241
74656
95904
98261
23126
73654
66340
45152
51057
94746
46711
46005
84346
49559
12028
54786
64230
83514
69089
46473
55195
32720
17072
24733
84237
24375
63380
90962
42154
55736
28620
99755
21892
