95012
17104
57057
24202
53773
40077
53764
79652
65875
30635
63741
61250
94549
31297
89809
77712
67889
75427
67211
81570
1173
14280
669
59977
1709
29283
56158
18281
51745
57262
78390
59107
86922
44383
25246
6365
80205
67920
92349
53965
55252
276
44438
48385
91017
65850
5873
13363
93600
75938
55021
17887
25254
43110
21591
79670
73318
16412
32051
68517
36657
83119
38762
52498
667
22987
40970
62972
29768
7040
28734
19700
95852
36363
34824
75216
11530
81046
88954
2884
76264
34860
72855
39570
41339
67922
34499
3336
69958
44023
75503
40667
68614
63328
28386
75834
97439
574
51279
19817
64276
55381
65061
41330
11669
22019
69762
57669
5957
21034
9016
38200
14373
65128
71907
5392
26729
29463
74314
58826
59273
73083
62888
26450
39786
58591
15685
20471
52916
34051
86748
18466
62768
12044
23108
71528
34181
59537
4823
61419
33865
54459
62361
62827
1350
93989
22368
29676
61163
34898
20810
50358
39372
317
33235
62813
64301
72231
43886
67562
80863
23895
95841
52722
66396
74133
15509
64203
21124
24488
55115
84347
71398
55074
95879
81559
17210
52802
19769
59301
41411
84131
48931
63681
50078
33396
70307
17572
30976
9638
82786
38472
78358
18202
15767
93752
38679
64288
53960
73360
15169
41467
25134
21195
20714
40419
8739
71867
36412
65983
48854
70068
87461
9734
2784
390
64133
47365
44712
46918
30810
4965
51104
79561
45645
38746
85735
95701
88901
13627
31853
40215
77186
21200
97921
8083
53002
71959
72104
10771
25174
98955
74786
81278
97381
35135
4884
87408
22356
27445
51025
44494
93134
51497
77790
76846
4723
79546
86809
55248
28714
89212
44440
85940
48784
86868
46803
90401
25461
10118
51592
85834
62178
1126
37170
687
60675
41376
92491
44606
74866
26434
67871
75450
42175
9612
54403
25561
92124
82178
28091
9414
18679
28803
89680
3413
60508
22750
55240
92528
60699
29547
77399
6254
12376
9321
61803
84916
38629
16890
65718
84902
1459
35220
28714
88899
82930
61726
2777
76178
88437
8614
70874
38263
63877
45749
85524
62515
54286
62224
72668
95403
84563
7979
1173
26995
96964
16382
24714
62939
77253
46966
35364
42203
80469
96584
30758
30684
91100
60139
31138
17207
98822
51031
47151
47992
75388
99841
78145
48580
54367
19525
50344
8491
9259
25109
92192
24242
32441
18298
22640
1029
96529
7852
65863
22490
89959
86586
2557
80066
26455
16733
24969
51654
22703
67118
18875
24707
48477
37100
19128
77186
21355
2366
69071
34274
20748
7493
42255
66697
49022
81705
74619
81825
88251
89415
45947
10419
16202
3447
36124
16607
17718
75890
38582
27366
33649
19996
76154
76312
25997
28013
10290
40305
83437
86602
64822
24498
36362
28519
8371
95885
92500
91668
9364
77122
41444
31669
50974
92067
26091
8815
52045
1262
17546
97560
39008
88967
15220
1684
11734
17852
40935
79233
25994
77361
58265
35978
62188
57210
95281
37629
20255
18391
95544
55388
73914
34656
48294
57380
62884
51511
26002
10948
3077
14342
53019
67739
53423
51593
97883
64603
55522
29048
95853
48342
66564
4719
21422
34577
27882
9374
46599
65940
13800
27850
60039
43480
50572
31715
29072
5269
58346
96664
77343
67361
2699
63483
23535
43618
68467
81281
52639
83998
7382
78394
31989
32572
18945
4599
1263
37626
70908
20022
1742
82847
63375
9401
13170
43794
27325
38925
92005
82958
34184
23357
56026
96141
88098
11448
8835
97560
39458
52388
62528
74069
45852
8005
46001
13952
85540
22200
9633
2418
42694
45106
69324
95393
11344
61038
41942
98818
79358
24087
14450
57479
17478
49916
13983
11288
23040
32802
96469
94127
44470
80804
22588
38070
32239
22650
80502
55316
71300
1361
74397
52539
90203
88815
65596
36598
94626
21505
33488
13055
22600
38859
86811
79436
33095
11897
56808
49809
20252
73550
10322
88014
385
84941
55949
1136
3827
18964
22647
20745
51150
49104
61741
43262
77256
99854
88815
69608
62870
17911
25563
29973
51536
37671
24912
94149
3011
16259
64732
9643
71474
24686
97870
41498
34102
39249
48271
59259
40830
13254
60713
67797
24436
92354
47964
3009
73561
7711
2565
22217
99919
78444
70777
16093
65990
57300
10273
57046
49424
38734
86463
33152
68429
47430
25561
88998
45984
39325
24552
31445
76506
57
64847
49523
6407
84511
37627
73140
21445
24820
43998
55314
34667
25590
88127
94733
19869
28445
68565
42405
79868
97940
13663
32785
6201
20638
54280
64710
51288
79769
41513
88034
35401
65192
46249
86957
31639
42103
5079
68044
77240
26268
74970
76602
13666
86702
56871
10141
49174
44931
39227
65426
72662
93044
41292
72654
53695
24127
95454
33960
56743
49035
9272
38345
44459
95733
22205
87897
40839
69236
8828
81869
21565
43394
4546
2210
47368
85082
31983
18622
68213
17790
92941
6479
90844
64525
35125
30965
15216
34205
66619
37644
67769
53558
16098
49270
50903
6506
53100
25596
83438
88224
32604
61483
14534
71169
98614
48233
21153
9810
71203
77102
16457
90788
17771
74664
32942
38083
47879
83330
73944
42401
6990
83825
94708
12081
44071
82177
98338
15897
82807
86869
61919
42484
1579
46984
38234
83606
24149
60443
30248
66549
56588
42157
18958
17179
30666
