84353
80184
4019
58735
26661
75259
41700
30526
43092
25593
28444
51108
47369
2194
78820
76342
44320
73187
12887
83648
32205
49905
21549
73310
74941
89226
68911
47548
16150
23030
50492
2613
21507
64837
87669
99721
61963
85980
20454
70307
4520
78563
62204
37824
95829
42017
66602
40966
99066
44806
36222
75218
55548
62719
88847
97095
12482
83221
56481
42625
72256
74239
88535
52956
2158
81031
49084
27524
79866
58697
96350
3259
80307
78988
14815
87710
91486
55519
84804
46966
33653
88044
5143
35663
67841
66207
7143
60312
36943
93343
65267
6610
98129
90530
88675
7376
64890
65757
39705
7811
87912
79979
58967
31691
20107
37612
28915
71614
85183
20765
392
91363
93640
46749
82459
34582
7766
28732
85685
53701
22269
66162
49141
83533
96917
35574
73129
40122
4729
77653
65598
70205
91580
39638
85426
9019
89557
39032
96132
42342
17451
93121
26826
48812
65982
27116
37013
69239
54859
95063
63148
2413
68501
66875
30868
92142
77936
27951
58981
61301
49429
35433
14755
90273
65999
6307
97686
53457
26879
53998
16096
29713
77433
75490
24014
99
70118
37840
53337
3552
97398
14526
32922
15121
35821
25223
9328
76136
81002
50100
99075
2457
93968
62147
66211
66120
37006
49728
59681
26229
29768
93425
39829
90882
98758
68094
23944
12877
19036
37368
29844
70922
39834
72062
13923
10978
10031
876
38885
21763
57780
76680
22304
62411
16068
48322
19620
47726
13049
20094
9524
70542
63467
60927
72061
85244
51294
67649
39875
53514
80139
48670
73266
36837
99888
57656
91203
97823
47856
86852
74827
81264
58229
21789
97497
69461
605
69694
3981
7453
64930
47206
66458
18821
13545
56107
54280
53470
49871
54965
74060
81004
88115
4416
28629
49387
19171
94772
71230
18708
28230
50015
72522
38970
58303
63485
64734
58535
74883
15573
39377
85155
50244
22262
48270
55977
73883
12382
2845
25216
92956
61841
32101
6096
63361
66942
59341
15351
372
56634
14514
36042
37369
52776
76641
63429
16947
21929
61396
50759
74500
77356
71950
18865
66650
50770
58695
58660
69889
87318
3410
20906
67851
43430
14587
65031
39856
41049
86563
8422
50208
17989
41955
20170
88928
60537
7861
19807
83939
22204
80546
87397
29155
98763
53601
53203
54387
46919
39097
90332
61580
44185
92875
94631
1276
45548
95866
59937
22202
50212
86391
29608
8443
7618
33084
23566
70936
90019
1072
22577
42151
20480
3498
17
86510
22195
24075
18165
89753
35998
4606
11669
14895
44067
5702
42608
96297
12365
18190
11708
69540
14431
41802
53948
84807
6777
98047
26156
92914
55999
41525
99983
62858
15162
33931
69619
52948
76174
12023
65729
69432
99432
97509
81527
74823
2622
79688
75074
26833
77537
20597
70094
39193
5097
64181
56682
22691
62121
36437
78945
79708
11572
99268
32847
49940
23679
64578
26007
95776
49088
91509
40744
58888
98774
35256
37342
82839
37535
39615
86318
51
69470
37960
71029
52948
63135
83224
2820
4174
62490
33398
9898
54090
62742
74793
98964
31099
72367
26918
8354
11640
37339
39772
24548
70209
72237
41776
2752
65551
82152
88617
28536
86343
10350
51166
22536
50060
28645
20373
1931
53490
86183
31028
68162
65147
95458
9092
6353
84569
4673
50548
30751
19341
55601
65463
99173
50829
54060
66094
10369
69745
73434
69185
49186
36986
10778
42229
17572
34664
90247
24012
54415
18278
91773
83193
74806
23145
91582
60139
22352
66042
31846
16256
15926
66306
67806
74196
67930
55804
73286
74649
91745
1297
98578
36642
27006
83031
48373
87889
94636
98663
70246
92890
43527
44938
59368
62550
43280
93624
91325
49434
21484
72738
70790
24198
82085
53938
9011
44442
17979
64489
35055
60443
39469
44370
10777
23742
25317
94896
58634
27797
72817
98897
13309
85082
30184
91241
30108
19990
63029
89661
79991
61413
32811
38538
86441
72324
10781
92975
82286
28452
85972
80228
41986
46162
14822
5226
36603
73917
83454
73250
81005
589
1958
14633
29426
56702
59505
69757
64842
62561
37429
51533
92553
83258
78345
93274
6582
21229
88025
80609
45048
6383
75322
94836
57837
33138
42240
13274
2825
79130
99888
65570
2211
65923
34869
21080
86357
52779
26229
26314
58951
66762
34441
41851
63301
67861
97767
13462
50863
28727
4416
17922
18845
26651
7253
98927
4437
75901
30968
62968
72559
65811
53830
87238
67346
44711
38680
74135
54805
75976
88768
69207
19582
12731
68303
31157
39341
94182
66093
86583
47484
35495
56243
49891
88645
13962
65036
28218
42138
97332
6006
52148
32891
89787
6482
49137
23738
61368
86475
31985
51705
78444
61489
7045
13591
31322
22116
96286
16872
62089
97489
39623
28162
4077
35888
58816
97718
91138
4462
95240
38811
71692
92494
87669
8927
42478
6760
14064
77515
53797
35961
82318
65906
48958
8911
63847
37889
80068
53112
34440
16696
14002
27914
42106
52839
37934
32035
1102
27204
9347
89326
54976
59399
93134
55552
27516
55962
31357
6249
29561
29063
48525
32678
8828
78366
58407
10011
58614
88874
63132
32615
40022
33480
93143
610
54113
49488
19822
40442
94291
91618
70280
55702
54718
12670
36979
86511
45767
89588
50275
52219
24363
65885
643
19650
48982
13767
74166
74526
13794
42473
27461
20580
82149
27199
25204
255
91038
20099
6008
81549
41439
45618
79841
35987
