76425
34576
3872
77750
590
19063
90472
4857
36564
22301
5056
80851
21399
39724
22856
36341
67739
53107
50620
46987
81004
85003
4992
99955
90096
90920
36597
66290
2096
39979
16118
92097
19020
66481
17612
8386
49738
25886
54776
93316
8678
57821
61433
71158
14425
37926
5500
37606
27036
91612
68461
88541
56158
12048
95052
93185
9422
63280
7823
78052
77388
14708
90783
46864
29148
73164
22022
23431
91206
45016
60180
13624
72718
27534
47810
14938
55397
30576
79178
2269
40530
77782
45128
36903
17532
50953
35919
67506
33024
19141
95360
60815
85254
21201
26720
80300
56148
50308
8812
2472
54068
88999
53488
44603
23374
39326
40455
16229
66521
77128
47873
74590
1067
37614
67924
69104
97670
78890
65582
5841
68710
76385
63674
37445
20471
51873
63
64557
80406
44895
24785
52062
78862
83972
64974
83999
23215
66186
45996
35924
53791
37138
67820
13061
19606
10281
88098
10223
23172
45325
60713
74316
95417
11585
3522
98121
66563
95880
96878
76125
