76356
71904
47374
84493
24967
17424
42188
27240
12523
67196
30475
87473
4288
74355
41975
56032
1565
7331
19623
93036
98462
94867
81005
13354
40092
6913
87794
64
81939
99527
93196
95001
21542
43421
60654
87738
65456
89201
47599
65876
43765
31533
64739
26008
1613
15738
99761
31337
63077
8011
44654
74081
41746
98846
47215
26754
49491
70636
36378
86284
31732
8290
26322
87185
73960
963
86669
94657
48440
9687
8188
18682
91422
70907
99357
36752
80312
60106
77684
85753
8370
81383
52977
55004
30670
59430
10071
57996
14652
55826
40156
79468
73509
22476
55427
33148
4548
49157
50482
32484
53070
16342
51100
5511
27170
30111
59241
25035
50350
10400
89109
13129
67289
92997
43798
95657
55892
55390
19663
65105
90328
88458
60323
21226
34716
50425
66079
48606
91115
20023
27546
49779
18560
33022
93478
30335
28720
88012
64325
71966
2182
87197
65676
76931
45761
80018
21240
77710
22516
24560
72037
95026
42945
64087
73623
45440
84588
27627
17913
57691
79442
35822
50598
81147
99713
16457
88038
8546
30512
9149
76954
27516
56555
88770
5572
49377
