41654
62968
71828
67028
4730
3448
53609
72028
40008
282
40590
82191
31321
3773
24322
80241
69640
4188
86876
74401
16728
36832
12544
22246
86928
54079
72041
46123
66319
86797
46198
36009
91012
86633
93539
51854
82829
59237
72034
36987
24477
72820
53569
9989
92742
68277
96608
35192
64271
76168
18490
57622
30224
71704
96255
288
44613
90394
8339
60274
93508
32473
53747
98803
19192
58088
57892
55658
22249
30539
61557
58258
19847
65026
58757
7025
77532
38161
56264
97216
51529
20314
15779
92342
44285
71536
71733
75625
95045
75083
77894
27845
85605
13884
39473
2040
86433
28240
26409
50113
25085
90167
91144
98253
78323
35189
5546
8680
85079
68088
17812
55241
6382
74661
79892
9185
77204
23408
11223
27555
15059
99342
84021
96289
75240
18296
99740
68848
93114
14106
75820
60329
18591
56877
9555
94776
45976
96665
87983
79831
72576
52472
67319
96738
20916
29976
88175
5518
40108
73010
46281
29899
94695
79045
61738
2539
86145
85362
32177
81672
18221
44774
92444
50775
44398
76364
1528
81452
24321
55374
34624
19398
17809
13055
17705
61973
55680
93779
87190
52928
30400
19928
20350
23141
29774
93073
31563
60085
15694
73668
99891
3748
96160
10925
13671
72773
56850
55235
99867
5900
64775
43296
55272
23194
19883
75101
87190
48618
5693
83640
87590
81503
70847
90308
48650
39483
73788
17422
9233
74231
60755
74951
60747
37921
18228
46577
96531
38124
27718
52757
56938
23704
92901
39231
39407
99374
30152
60990
21347
74884
36885
3619
22884
8686
94175
52239
53762
54620
68568
78134
63024
11793
97383
68502
76785
84018
39599
20731
17826
5101
29193
27933
60543
22900
80603
51008
74630
72891
46579
33265
63348
63542
10609
13072
96232
15622
62326
88808
54357
50555
49498
89588
52913
80455
63358
30978
43204
8895
3016
