23668
76782
37320
19385
1575
81817
49380
9207
36231
14208
894
35438
85865
76847
18152
72083
54420
7143
50741
79384
63593
82021
85558
32937
59668
5009
95804
28946
81067
45424
20290
9675
1742
88602
83111
5995
58614
87545
28015
30831
61231
69605
13870
12434
82885
4956
8968
21789
97391
93702
99937
77917
11623
51506
29826
82534
95957
466
36268
43985
36247
86748
28138
4011
13541
77078
12001
2046
92570
77956
67988
33876
47976
5169
86706
22108
56530
72899
68972
73812
21617
17763
37776
84414
98758
73613
71240
90192
13244
91549
17965
42079
7345
43957
65886
18293
50517
14543
15679
17561
49386
4108
50297
8785
46531
17681
63061
35157
63824
52369
47006
14984
41727
82075
81549
52460
77132
23253
7102
64851
18089
22123
18297
17297
181
44774
87410
45669
39055
72599
25641
46902
65225
9586
11175
24928
49274
24445
40795
25191
69157
90614
3903
