36693
80017
97021
81409
99608
48268
10712
38238
44563
45674
19175
64397
84009
85899
63265
60466
21025
66695
10368
56030
66614
46417
10693
15679
6699
1242
75045
35643
34414
74973
29163
34606
7604
97024
28185
963
1277
62553
88018
63620
31344
93590
19013
43446
77816
14919
40339
58531
6885
28424
15897
78673
21761
26747
29348
47203
14636
93974
75149
87719
49124
2800
62763
23787
84627
85871
82510
96679
23975
43986
44340
96822
24041
48249
94867
80877
56136
48165
85054
50410
9134
10404
66144
52734
66036
32108
24992
32822
20753
88686
2114
40748
39625
55748
35321
17967
62937
42398
56581
22621
89707
54853
83743
22263
74555
12483
98798
42986
48337
77749
87595
61106
81152
78721
16736
74886
73360
22327
45929
1761
2605
89632
490
35746
61537
20904
36105
99856
28280
88367
29387
98799
64189
97361
88128
16665
80830
63483
27289
29141
56779
49884
67807
96824
69983
61912
22545
11284
46542
16692
32244
18410
11106
64236
84990
74897
49520
66941
39444
19986
522
76269
13643
98001
40546
42892
69318
87150
77968
61630
81294
61540
64331
73524
75986
48538
47382
24432
25850
45070
73468
31659
77944
62570
74706
50645
61024
98303
22240
81194
78562
44137
82842
80942
48188
73434
73686
96569
85609
80471
36667
41001
90025
5342
87377
96301
70325
8126
71363
57226
68933
22160
38149
49580
68383
72818
12440
78915
86774
61834
4772
4667
44812
42080
15877
46454
26807
38668
73360
23848
3719
15876
18326
6303
44261
76516
64952
8196
46935
14307
50882
44932
46749
86395
84938
1682
83885
14326
68276
81009
67228
67304
40589
60111
50068
65601
26435
90588
63879
86624
41621
11308
54600
39121
87019
85911
55546
33459
34824
66596
48965
32902
77563
66328
36511
24623
39141
30438
64054
17082
1247
61202
95694
66725
16678
3849
90603
7670
15029
98531
54649
60599
61568
36221
57613
74448
4105
1237
90470
85691
61061
18185
33289
74056
24664
13344
79507
35654
24427
41469
44100
63565
3530
41419
10308
53767
34926
90966
19904
17891
89695
59489
98015
75531
12365
16873
73900
1161
23614
77078
3115
67198
53847
72461
17341
49513
38223
90060
81496
65265
66622
79492
74015
24093
26623
49135
81882
44662
6966
87621
99414
97132
48063
66996
64696
19837
99608
49759
81817
56613
63279
91111
52797
31099
75623
59793
15729
55962
21786
48689
99816
45817
27469
67491
77970
94705
46831
74071
73924
94593
75611
54381
61789
63115
44559
86501
75114
8114
76226
86094
34752
60827
92790
74501
90854
35171
11364
530
14422
97605
96511
7864
69828
68250
46940
5266
9362
41107
70313
13778
72393
63623
85398
33014
56051
18851
28186
12747
44572
1923
31654
97974
96298
23962
17730
92117
51439
15647
73630
59957
58657
20262
32509
61185
12150
97354
67023
14085
19632
57206
40334
76589
93093
65142
3150
52420
97187
64912
47877
45904
86549
88873
33790
97449
75671
54137
48768
22621
83848
85666
37597
76777
45000
99639
81198
44859
27047
66647
97940
26009
20492
98040
95359
41320
50930
59466
20972
63664
72607
71579
92578
10985
21001
62023
91190
76120
11161
77087
63215
17344
91879
65425
57228
522
87598
14591
36702
36612
23468
12738
84232
34644
43177
49260
80798
19528
95863
19113
34254
88413
13165
68976
39224
27605
42607
81445
6258
81533
77220
90431
17479
69940
40261
51946
33538
64504
81650
53072
51962
92729
40894
89787
7084
64394
29788
31562
56274
69947
69437
83141
99384
84932
4901
74443
23351
54879
28072
96035
8873
31613
12825
44247
40560
71639
90022
41702
74698
16060
10910
58060
82844
9223
12599
55508
89398
64087
82212
95010
85869
50283
76681
43501
6201
21962
10473
13129
54891
23984
89409
47981
99313
2141
96289
75508
16888
41439
54682
13750
2510
84746
77503
50529
23373
25327
58814
64992
79030
16368
95578
25884
15748
80135
82742
98939
17602
31174
26447
79017
93975
91482
93930
21870
59762
94712
69715
62036
8645
6176
7280
54462
14011
85922
45357
93130
79584
16514
46221
6256
41230
36532
76384
44491
38326
31827
397
87567
95593
74052
47474
69296
19773
15267
94444
68911
47755
88750
71012
58856
67670
2029
6813
9694
33144
37855
10432
33047
7789
17225
89950
46289
56169
99061
64191
31235
62597
29863
93791
99748
14022
66468
