18051
82777
85926
9558
37065
36721
61143
95701
94152
62331
67465
48589
10723
20918
60153
58423
92962
57422
63647
87218
19825
93383
42195
57137
71502
99851
38445
31863
13696
83259
95456
74340
86501
68014
77035
91078
98695
8313
21052
13911
8427
33153
81778
98283
86001
62662
33784
96116
63851
3105
84456
12261
65990
66088
901
50702
21791
29788
33835
54848
97734
61435
98747
85131
46687
47216
42118
58169
23881
66588
8368
48615
56873
37762
46028
76115
15541
1004
79631
13492
54878
9668
84926
2958
15827
10666
61721
15144
21255
24521
11356
69563
8460
95901
61742
67808
19219
4822
53223
87495
84567
63943
48975
7290
28865
15236
70482
50762
31523
87988
63448
35457
15293
31192
35177
2758
59361
46695
76250
92479
47556
42742
46754
66580
68499
31573
29675
34334
36514
81329
43570
66559
30123
68996
82451
4149
38451
37114
60180
14751
14157
34700
93430
33421
85521
5000
35696
20952
36307
2079
41085
95915
95919
49428
12745
13015
41563
30995
20639
78796
80525
33838
9575
28330
33891
93254
73145
6380
25512
75198
10004
37834
58265
35118
6183
16183
89632
86512
56642
48189
88311
711
51164
87780
64436
34288
63409
76079
11950
51632
57048
76965
7056
86031
77103
23059
42910
70862
46049
22106
30157
30012
5715
60462
55859
90996
11532
13975
73659
38960
84290
12840
9317
93909
68296
11337
35266
3377
70168
80008
48029
96537
41087
25705
20814
12207
56204
98061
53498
15735
54958
56423
75971
11196
71881
64115
39544
5657
82871
70742
30198
23554
58351
81695
95951
92506
98791
19685
49408
69261
29954
32940
10544
19017
10440
67590
47599
77200
52637
41314
39748
33647
91767
79891
81233
37377
76760
58819
36260
14742
60676
47137
17454
45684
87228
96400
43727
4989
54493
39698
81845
21440
34514
55769
76623
62525
30991
61866
56314
35674
63079
34176
88635
38232
55002
92997
49671
1610
62126
26448
8197
72079
92608
8538
4344
14775
14674
20469
22473
91519
8723
7048
58045
26497
33665
91440
74952
84580
96796
87557
27958
79321
12637
87986
31592
50353
50512
33425
65968
95081
78365
31524
4016
5451
17399
14223
51602
51175
68952
45846
17451
1175
58133
20051
92159
64266
77393
6373
13970
98642
22953
56154
59598
28794
26313
36239
57254
43357
85034
26053
70198
78994
15940
621
43413
19737
23553
40508
1842
66936
61934
96043
36533
97093
93480
70010
20075
2508
53573
75647
50092
65764
66698
66272
90991
28747
46714
7239
75461
32281
28256
85483
66592
74704
10291
65342
72821
68027
86595
46892
86801
24246
96604
65087
75073
14811
22338
35262
37625
55441
61893
98947
52590
55483
80364
38896
3453
33838
5353
76849
60381
97373
98498
99798
49647
95570
97526
64487
97246
61928
83478
67989
52424
66227
38663
95789
73909
46009
59230
42577
70435
56844
40987
50695
6088
27743
66995
54757
80002
56407
9955
20700
340
21319
804
14290
64592
66335
52942
72838
52839
30856
82415
7209
69891
27934
84534
12528
62036
5391
12764
26588
47737
89397
42691
84207
21178
28136
71210
86058
32929
25839
61449
47035
95153
74414
30921
76173
94565
4921
13956
50986
93802
83582
18282
55441
69406
75223
33699
59610
36911
39715
66287
43967
29904
82029
22374
37088
25227
89024
72818
7753
931
54745
76270
30474
70013
69793
70002
85262
58879
47414
60203
8212
18611
85549
78432
66962
95863
16627
44699
32600
18
8822
75892
81532
67288
68977
54327
42921
58638
92740
33920
85179
54510
27786
87827
53351
45870
17776
64271
74849
41220
62565
1811
47147
79735
68568
88023
61019
19117
1821
19905
31715
24888
85170
11739
2300
59978
11778
52649
42404
71678
56796
48255
1286
18564
1744
26793
668
35529
17121
44939
70741
13262
88936
3993
8671
40924
86723
98946
24325
19914
87304
69811
67854
84635
8426
24809
49341
47447
19092
79511
1394
41848
26174
5206
8357
60698
16194
73933
43576
55253
8414
17429
26799
95424
37222
79638
30356
77132
8339
48694
83350
14398
80878
69674
69078
55578
77544
36625
44110
39216
85036
45028
70412
68537
67322
41513
88066
74707
63174
26714
71302
29371
34986
88428
53159
9478
98629
4574
83561
