87941
78136
83875
41615
5519
58318
21980
13183
71162
84226
31382
20445
17077
5089
35321
26460
7742
25293
83705
81630
4213
7668
87734
94726
3283
88940
69444
6578
65992
94316
18242
92419
35222
61384
53933
30664
59107
79782
55613
62073
25715
89932
33349
78249
93571
1069
73419
13842
36770
84428
29169
38171
20847
71131
53652
3263
44399
94551
69042
57099
35498
99882
51982
41678
63640
62045
57058
44100
75447
91050
25858
87077
47710
36867
9395
4430
57766
46979
53992
24006
64023
96289
76983
11761
73044
10230
40376
76319
52655
43501
97904
12984
15468
68801
1957
95874
93889
44062
37543
66858
53984
82504
95045
74260
53272
13725
81476
20047
26862
57653
37749
34188
90188
44044
34424
55708
57613
79434
6830
97391
96470
11695
59958
90313
38000
53796
17507
42519
99679
43676
50320
1875
16092
52837
8045
15529
95501
34081
77823
27983
994
10817
96020
50320
9782
8719
40894
82276
70271
9964
63257
34845
21142
21227
62968
62379
74610
37986
21009
97001
44497
47748
74798
93971
20924
67615
64331
82959
44788
30753
50116
75339
81151
57356
44883
23476
50229
74324
31141
79371
37702
46302
75825
51775
58724
51704
61159
60283
52693
84778
14878
50754
98251
44146
35976
28225
75286
97107
17111
83384
88797
54839
57722
3018
21772
17728
53917
54957
32751
39930
82902
84557
9603
97488
19216
56534
38762
51535
21520
83535
27003
32600
97791
20553
28374
66244
28624
65608
46611
66478
59162
5262
35828
51512
29386
74736
51259
88797
68297
23794
90812
24809
57718
32341
43470
72747
22169
93868
78029
94116
59302
62504
78470
5273
25785
57783
28403
55547
57986
34790
6992
20882
65596
29964
90043
94877
35771
86271
10898
59139
13187
39871
93929
17186
47549
40485
13474
54121
83471
54680
74636
63493
93785
98279
26599
43465
91633
25072
73626
90467
34635
605
77989
20883
73536
88206
27200
41298
81412
42260
42367
35279
27321
79285
95137
17037
44989
17347
55650
87938
31634
65260
88156
81628
75054
97873
2300
64333
12557
47010
81204
56645
7582
28583
89504
47015
58343
45700
55881
67745
56502
96341
48898
7894
72976
74805
6376
71870
75737
64446
12234
11788
23166
48271
73757
88277
20993
18350
12548
2536
33095
9077
63744
5210
68612
17512
19328
37837
5428
34444
86099
25339
58110
22150
66317
58519
168
33980
88085
98605
93998
79657
44605
61323
26599
43981
73126
95026
44533
53104
85944
5550
83061
54447
63267
99343
8680
85013
63170
70729
2578
31139
35402
84718
6721
71114
71990
89809
64459
34951
8933
34941
46805
37584
53633
79047
7371
86232
45216
28414
44662
10789
30675
37051
1853
51582
6660
41286
77367
67971
53770
84232
39568
6751
76129
63460
36674
64982
19586
75935
1708
21936
68483
56006
71002
95381
19504
93623
68725
20916
35556
74617
52114
57652
36049
64182
72712
25235
17380
97774
39522
30016
63653
82093
99819
94462
74286
81250
26133
2912
43862
70474
21796
25542
72367
34843
90368
62031
20597
66601
20724
2881
22761
29386
