6842
953
20644
57248
41619
72711
10227
93674
24566
77896
48839
9411
74042
76723
43602
655
16014
45240
26861
51841
57788
21676
96601
11093
35333
20375
32674
33921
3885
8745
77871
36830
86710
89703
82638
58263
834
18056
62632
18591
52904
27821
73953
89306
10735
22401
95280
12957
73687
23734
92733
13224
48870
35912
63048
11318
30466
37912
69774
58889
21413
87233
79101
3533
86432
10436
91097
23565
41900
97979
80890
76454
28977
3794
72679
79807
64773
5020
69719
35367
91416
76927
67288
76924
17795
84567
71982
64592
65079
54281
73745
85359
74993
61361
61255
79991
68793
59792
98798
47649
18550
67400
51342
83827
37034
7900
84337
99686
63387
12865
14202
90918
668
42073
95868
6548
48116
59951
60711
37997
7461
647
83453
45031
8353
90042
93046
69084
50185
32633
44881
98637
36135
7469
29757
22880
39349
21985
91328
97055
50003
77761
81653
93180
17356
92202
93497
55494
63437
44529
72031
85996
90021
26342
18633
65056
64163
49079
53544
79462
72708
68382
61119
2908
75640
42420
34643
26477
87082
45720
97744
30406
25898
55157
94767
98427
14742
60843
48892
11847
14930
35168
60229
45778
64810
23505
48657
50438
85011
34075
92156
15354
45139
26473
25836
23066
59415
55530
62436
33835
56530
78358
16577
8522
30085
22911
61809
98034
6895
82856
19533
82891
6163
89878
32013
31569
73232
70653
35370
50711
72979
11010
39647
28770
28840
5514
83120
54298
55007
77235
43500
83938
96958
13331
53505
32100
85101
47474
77863
1035
852
32876
35928
20479
83787
56330
16700
82515
83406
59976
84365
75778
56961
20264
73164
34225
3995
55462
26436
97581
92894
19977
45514
38836
94635
73487
52643
37248
3646
92568
33352
34132
39145
872
64686
38301
14840
6507
62681
54157
95473
67715
46257
11317
6553
37354
93274
99278
4395
79335
38979
277
64193
49763
38848
98784
10380
66351
34209
30482
99152
82759
84500
50033
78127
39676
10482
79702
13096
98741
77761
92927
73363
66824
77717
44701
66203
31205
49153
98505
11110
24761
45627
24215
66181
75648
82209
44231
68699
82954
54625
49665
99004
96495
36190
38049
67383
62507
15984
44816
95460
43055
1431
58303
71058
40697
82246
64750
21152
4284
5522
19743
9464
57117
32586
61164
54452
54821
54695
30861
65985
80868
99083
39909
26369
80618
9150
90728
7715
70801
21269
69359
73754
48659
89866
19770
71448
88061
83591
73937
18432
74736
46641
68348
85597
74353
4862
16993
96691
34272
90662
10467
17593
86266
25376
93114
11590
86421
33217
62575
72211
14177
69931
90971
2867
84217
83913
80213
97115
52385
8819
22304
55450
13205
37387
50329
51269
48854
73910
59360
36388
54136
35828
51197
41567
99403
13522
71554
66137
32600
447
17093
83064
15557
62932
67940
32371
44708
84082
13908
49835
49195
91413
22337
17522
80923
24856
39638
75449
37802
19450
97711
77734
35067
49680
44264
27697
95780
15882
27067
5486
167
7311
86226
49028
89539
28570
63075
61498
62964
9407
550
50045
85189
21782
84934
40376
82622
80037
32466
48853
50441
43302
53830
91717
33267
2075
78287
23547
43251
94906
35157
62610
50858
52621
78351
9527
21502
84929
60543
18258
52386
25930
3369
35365
59990
26398
60798
4911
50785
19640
78439
86982
54150
75366
36202
24739
82935
47422
2096
27773
69786
50035
8274
62698
28866
37604
92327
95214
7734
83476
26905
84268
42769
92393
94006
13346
99412
62558
79885
80486
77739
20566
47400
30166
96931
64740
57411
70683
30972
41683
53324
93022
65127
53558
15048
10051
24229
1523
9012
63171
74754
52464
38956
19164
86908
17431
66160
12111
51949
77016
70071
44774
418
27241
32902
78443
51175
66550
76900
22178
41451
51868
21477
54165
20682
1323
49125
17183
89757
99691
45973
52222
63806
50568
73667
86992
29474
58588
55509
13264
28032
27322
86182
19387
32008
53351
45115
24380
48357
15109
29181
33003
62008
36702
27630
70704
80073
37338
30962
65615
60858
15646
58974
42294
12129
52026
72582
38212
16401
55283
16571
8167
73644
98110
74628
36853
80835
48559
8814
36796
13036
96140
63642
95325
68887
53491
1670
70619
62216
25487
48372
73116
17058
93617
68122
94729
58064
48225
2212
90585
10438
33451
92923
2342
66627
63902
61674
29735
51757
56897
44289
39665
34485
71076
36172
20436
61403
60640
38736
24956
28070
64327
9832
47772
83548
44338
71209
79785
5391
8172
53368
34094
99365
68154
20850
20101
38207
28007
1733
32260
84255
34080
63578
29209
99311
67579
59646
44601
88584
74937
21434
41204
96491
72169
6325
13603
20966
66877
71089
51680
58125
85116
96539
70664
7006
53328
51057
83596
44824
35102
45501
16074
60877
30321
85669
89925
12118
71064
42689
56393
62188
57943
20369
37848
95775
38682
12017
63469
83538
84731
29018
91526
32196
12963
65411
20303
35986
1039
74340
93786
16539
70030
48484
51714
37421
14885
69078
65453
38770
83862
22981
31639
45839
1219
94026
36811
69349
6083
35701
3682
82806
79261
94037
18549
47788
43952
88011
51534
99760
16405
15283
64180
31932
60745
11409
47125
9107
65073
42384
25371
93825
70596
75061
14182
64295
68390
87361
20585
65047
14912
23458
60050
21444
1488
16697
20287
52759
93182
48895
50026
56263
77932
55573
84363
47720
7143
50746
58306
16955
57210
5216
64314
87896
