42203
94757
31967
63835
42365
10965
92031
15788
52636
22338
26381
68545
94522
85724
14683
77706
69253
4681
73336
13955
35681
71657
97375
27949
29107
94718
79476
13744
95490
44953
1401
47570
91234
24141
37800
93649
4466
71426
19716
62822
13930
16893
10918
7702
51121
60788
32447
31470
98521
80672
15028
81938
81386
1753
77424
16401
42242
35155
43020
24927
48060
22934
46410
88558
36958
30042
7283
9535
58582
56134
12199
29454
17271
74185
85121
82996
68609
79003
61335
30728
25725
46699
53630
32896
68498
8325
22982
59846
8026
2800
69100
29935
98257
54881
64141
87932
16001
20746
70641
17656
45674
19684
27505
73915
44021
46411
14707
83632
60788
32565
4535
32598
60423
6537
66325
87055
84727
66869
36795
94775
26401
7499
43510
49985
68439
13649
4027
88194
32676
69575
11126
93233
12680
4702
33386
96748
82970
25109
852
23420
11971
98132
42696
66955
70214
43208
79055
34057
88408
28566
98102
47934
3138
41878
20222
72777
25487
54790
34101
13422
86725
37256
41260
34648
17292
25266
38758
82144
54877
84506
51474
5165
18058
4167
