23021
7970
46877
46349
62475
83168
65353
60684
87940
61187
38793
78291
98662
50865
65864
38068
89618
67858
53916
46697
20923
49634
69417
55291
41975
51302
13280
95038
57349
41792
81425
65805
43056
14536
5174
56609
4477
47707
90013
92661
95369
19425
69530
45344
67891
960
48706
70615
84826
27223
20703
57151
1507
37597
72139
8859
3482
30993
80272
93732
92713
70594
42889
14951
73058
41156
94355
66955
83449
73609
7652
11430
97807
88552
50546
8169
93363
7563
22235
5860
87890
16228
37726
36450
330
54889
97127
64873
86078
57924
98263
50256
23087
21067
64105
82134
72973
17463
94775
29475
75545
45280
7755
39408
20818
83155
46253
60305
16943
50743
19981
15868
84630
33116
62982
10445
48958
6520
79053
461
62452
92723
42409
44567
20831
2861
93428
92956
56233
72123
39324
94677
85940
53188
3178
25917
72830
13585
18452
23597
83010
2264
52821
33789
76283
44875
95105
75352
6903
30622
58205
15856
87577
61533
56619
71561
82179
30231
85002
76737
69616
1516
88753
27209
92253
42807
31032
48516
89927
46420
61728
34134
82327
21158
90370
2808
98245
48131
17236
86575
9600
55360
3917
35326
8560
78604
51805
61183
69780
51767
19806
82273
17809
12170
40782
3009
82352
37802
22903
32181
50801
91507
6583
49057
83784
10890
21456
13572
6602
66672
29223
39439
36301
93264
39679
59514
24482
53759
4218
4671
6538
93771
50615
65910
15285
91668
18951
97759
82405
32216
37562
95175
51043
50208
22212
6590
69243
30672
88462
36343
376
31452
2614
47362
86768
54289
4564
5253
95757
27640
32011
92271
43074
22966
77869
6750
47527
71767
52585
73940
74996
11482
81866
78717
47697
14286
1007
40189
39744
53301
98527
84532
87249
42364
97962
89381
75306
21980
16466
38109
85098
89249
63026
48561
35602
51184
23373
17943
66065
26929
88496
3756
29479
43993
74777
31904
93464
3076
196
98469
11117
43309
74812
29151
31458
7544
793
38441
68338
21470
34857
32333
2671
94786
6862
32127
42150
96458
21951
18360
68199
86609
85063
5306
78732
99824
77826
75344
62460
29743
79697
31427
75613
85103
87070
40686
83924
57737
55608
72349
23897
28274
84778
21531
57874
62773
96760
88130
43534
63210
32114
19056
72345
65562
58756
78267
89315
64164
62894
30892
98417
36055
55832
45979
41361
39750
68507
61074
45995
8918
82654
20973
95541
99712
933
82835
65391
97978
65336
71408
14520
28388
4346
42214
73007
97171
3969
20174
57736
40769
89857
71768
73490
11370
96812
65987
3154
18701
3865
61946
1707
4913
73794
14429
6963
26637
83276
71582
37964
51235
78509
57598
21504
8023
41709
85127
74791
75327
73827
68733
57656
98024
33002
57894
439
81475
4192
57612
52391
4311
54320
22666
41061
90283
37048
56745
80926
73146
27790
60287
9115
93308
75890
43015
30369
8502
99434
35516
94795
72070
36989
63776
50361
99015
84035
23592
6141
17032
50709
47384
56137
59123
51110
73422
65185
37814
30900
19899
44525
15005
88518
74082
55617
23265
6526
92386
72867
32000
13550
38220
48753
64511
7053
48820
93843
73117
36723
82309
26493
53184
35747
83182
1811
38184
42659
49352
41891
35978
67059
26328
84033
1470
14583
98592
76112
80789
67997
87516
39987
42130
55715
69194
523
96352
26454
5693
90922
70348
96695
98931
76945
68278
9793
89521
34799
47504
84564
25746
5106
26637
78628
51289
83965
58922
68046
17736
81709
30268
7572
71015
12905
93944
63507
36355
6789
9076
37383
85943
89887
83870
59274
83299
59163
18077
15802
79667
23111
27809
75032
19649
41383
3728
56958
71113
50085
55000
51844
10826
53267
33867
83039
98903
6780
54039
106
95631
22501
71450
21583
38859
84896
92139
36473
80213
88667
70497
8434
55353
86495
68662
57429
83755
18727
41342
21765
1326
92395
36999
29339
92810
2920
89981
54671
22041
31775
30134
59061
3940
30521
48636
96030
27811
2664
79582
83777
97347
58074
15997
64625
26314
47452
11442
99105
93079
21674
73024
79816
25420
28583
77926
63166
91391
64560
33306
61421
63401
51764
65726
16693
58353
2163
59342
29345
89940
78951
80952
23862
36395
68550
86755
45402
47846
23644
77870
16796
89434
66759
75895
33965
31006
97955
72616
23581
19497
77555
23864
67308
16504
76656
21692
71881
68640
94696
96658
74377
16757
32399
24751
77931
50875
35381
33405
25334
83851
39001
80779
2605
91516
61638
9946
58624
57980
39581
23492
31017
95012
9966
7746
87711
10716
9632
84883
79666
9138
80244
17287
45705
38757
73999
63501
26045
34281
54303
47234
44837
47738
8820
32634
72177
36671
9695
49805
55499
43043
7447
62686
37541
38527
13497
42357
73297
63414
64810
21624
26972
2917
25517
56832
54366
5827
46061
23617
25664
29167
91720
91462
51300
81660
16602
34044
65935
35400
61212
59284
61649
8046
29962
64335
45856
74531
4045
83633
65796
90444
40822
76954
24901
96628
65470
24698
98568
83385
1423
17367
78031
26736
48264
52168
69815
38950
13361
53857
40203
66756
38383
86502
90259
33735
72524
74099
39356
46852
24120
77728
29397
65926
87887
71213
32368
94639
44773
77741
43886
64240
56225
44997
44723
46306
40116
8395
5323
70808
37460
66208
14805
22652
98996
65956
91117
45759
50101
31199
51925
78254
75074
22442
71684
50452
21503
3495
47099
67447
45689
69480
5935
53422
34417
25050
13161
1940
18068
68022
4226
30055
20828
44394
917
16712
72828
74646
39034
33756
23411
65600
99495
58597
16995
37678
37130
22414
98806
79448
41211
12144
11292
