31167
19628
85516
14732
5154
20287
57417
71318
9620
92721
6044
80544
51824
76756
97013
42886
72833
62989
24433
31072
20235
88900
88894
93522
74035
67579
57071
55515
18869
33177
87739
81737
14105
57790
49880
6170
10432
26948
391
73999
63902
60781
21273
37189
24916
55547
56423
66695
12610
28451
71978
3813
95233
25590
80280
28098
25533
31688
69410
35820
17638
36058
19016
3156
45370
5724
11519
6167
55999
55325
14254
70601
61212
55848
16559
97313
82556
79518
22772
21943
82437
72510
35613
33030
17034
83167
47745
26967
27084
90121
19062
63913
57683
41025
84811
65992
86644
84905
48081
66364
42937
30138
17531
35911
33443
69637
53336
93790
77699
45766
75155
81441
40444
27655
89824
18008
64675
54558
23265
6994
58344
58064
59279
73033
31979
62021
60621
28979
43455
27265
34214
28450
49720
23498
29255
70481
43532
30068
35350
8319
18359
62695
76082
67839
36669
83534
5824
91348
29787
13296
60230
62686
25892
57684
70538
87502
2538
64561
43602
99382
62203
6010
21025
57504
45545
