41095
66676
92610
50832
8244
54816
68259
88069
34124
11213
57882
88969
51515
95026
55857
61976
95724
80564
90700
44597
27417
80815
14720
98695
13974
62336
43242
50069
83697
54956
25651
8847
97754
97158
83168
57712
40341
90464
81064
98142
8435
69002
75243
68783
97396
76540
61654
82450
93948
26329
3333
26272
39551
13274
93227
21723
98840
39452
56643
68689
25237
57733
93456
65004
84233
58252
13760
57154
53054
58624
64352
24494
61787
18089
20817
64642
6768
51476
25921
43120
93925
36533
98029
25397
40405
74633
21470
41091
2180
42311
9612
55968
33119
13186
12202
81540
1251
27602
1746
48960
41993
60923
6024
48309
6946
53025
69587
7273
45893
95510
77771
58997
39457
33957
4188
99097
70657
94441
19012
28586
27016
47095
1332
93379
69081
4811
55461
98588
20359
71354
13482
93302
72572
86368
33390
76383
32577
11504
49406
43168
9276
95919
62736
79603
44306
30247
48406
38840
73461
22087
9446
61377
35263
49491
66728
59561
12544
27721
97611
97809
16804
28268
94506
12067
3844
8689
46335
25288
12112
66020
55651
97320
5980
9357
72068
9713
41430
90255
57438
36934
28932
50951
5607
34805
49172
13045
41124
53782
86160
46040
79672
8180
90953
2639
63125
8145
2499
13117
59039
30297
92903
66026
59026
14192
18879
89628
28122
32126
30243
74867
44014
28049
16122
62102
11381
80528
97181
58050
17763
35274
31781
31734
43164
45553
88940
73083
58498
46906
20760
1730
86545
6263
65591
58833
69393
49222
56453
71403
34646
80032
47550
50698
57135
43505
76028
62648
94479
52012
44353
12156
7358
75327
78056
51753
86773
52553
40418
83440
23350
39966
95973
65653
96915
96922
7991
5434
31728
40266
26175
16843
78743
94692
37211
92262
92096
1186
44476
95328
28196
86312
5483
58914
32170
63890
66588
13597
29011
76790
61916
87821
62746
46051
50523
17557
81818
72617
31747
52872
585
33547
3365
56624
58304
81253
81822
33737
2410
3755
20521
85843
8922
60964
88084
82394
52930
69913
88454
93822
18332
5171
8522
36308
8606
43600
70753
10125
77305
24707
48226
14736
64199
54516
19526
73779
58938
42716
15333
3851
31838
93433
75035
71940
58500
78449
44354
42301
38304
64785
14902
58045
29973
49597
55762
61475
86511
36568
80071
11778
54854
9752
1255
4402
82064
3985
75739
5822
52521
97130
6413
88657
10972
13160
78753
58450
33890
78023
87456
22863
46491
56876
93535
84308
19638
56383
338
82793
53428
44850
75858
6499
38763
76897
69725
22579
82758
64834
35032
68634
89491
26246
952
4088
15363
9680
