7182
10484
99235
78802
87382
85031
66844
7906
71369
52503
96813
85794
98992
4650
55621
89272
43618
65430
44618
77775
27745
93698
22228
78680
33062
51941
43757
2457
4073
56354
6042
58630
59171
57414
22506
47899
9005
42767
71114
69067
73598
21430
74993
73649
75583
80347
49499
4353
64720
7695
36156
62757
19188
82089
20737
23494
62549
34450
92692
17398
354
53488
42983
95055
29024
99880
33412
41968
38891
22875
60234
19638
52685
48735
59277
41241
12329
17640
77921
75186
9343
27330
17847
58521
33707
99712
8009
6146
8161
63561
40195
32407
47558
89981
56228
98063
97237
1510
79742
76821
92402
42714
76014
31697
19578
43438
45880
77196
96941
26336
23351
58254
47167
13047
78813
60847
28026
29885
67027
84249
29596
7797
47037
28317
18404
10715
89567
8837
32058
84337
11768
84040
18603
61737
90086
17445
88371
98764
76060
884
63859
43472
14684
93717
56106
46490
33909
95895
60489
10826
50925
64608
30365
24916
49547
19553
19653
11418
9086
17864
39412
77540
76967
44705
35405
40943
13653
66430
52132
49471
32940
17587
76721
4109
60978
31559
96676
83384
83788
70656
70316
66936
50741
83851
45362
81539
83054
36476
41571
58078
91785
71336
3769
48410
3155
24695
35504
4500
35980
98067
52738
41197
81566
31825
71095
57472
7021
4495
53830
98520
65914
74224
36980
4829
62576
86086
4367
7044
85925
92629
55061
84609
71583
53781
75952
81305
43649
90817
2642
14173
2830
64897
96201
93176
57279
55524
64801
73622
29014
26230
38738
48882
39089
49796
3285
17216
41779
59731
60649
88898
61576
74026
9216
95159
86306
369
14341
23769
71564
29651
38454
86886
48436
35677
7941
61394
20581
4247
89915
54635
28228
25714
60843
60006
95510
74490
18355
89708
67823
68165
11403
49553
14349
57960
5323
62946
7750
60661
747
57963
54491
9637
71508
92521
51088
3361
98181
73564
47388
20229
87840
80897
88678
62476
4070
2783
82501
42441
82479
78781
34459
46318
51565
30587
72118
50747
76298
96025
42724
50141
89640
31271
58494
77593
56340
83197
51650
53227
53557
8187
4025
60605
48819
85254
23546
35442
59654
67728
67373
8984
97043
41936
6199
87481
41825
40520
96546
98262
33336
64698
53483
54250
45918
27002
16411
25027
26505
56442
90491
33443
58524
82832
9790
40375
69567
75006
82791
20432
94691
19378
83411
45367
66863
34326
96822
37039
93055
28623
61150
22686
73687
12045
41045
16675
54898
48044
47502
50186
46012
8729
5932
98538
73064
40487
45652
58583
79193
48832
93856
92293
13017
82676
85844
39837
22072
53545
4547
30240
36802
9980
41565
71208
48642
3378
79037
38628
99982
38864
72921
50256
31773
1703
34891
92050
38052
18368
4887
33538
58696
67457
18361
87700
26159
51282
77977
21578
58531
94192
34671
97386
10562
13471
9258
8867
24972
92080
41687
19726
38537
74044
16465
31951
91166
78981
97104
67299
58515
36479
92616
47532
49694
87497
11692
221
28142
80380
6662
71570
36529
31643
8724
20501
58349
36486
7376
65043
43897
49570
97357
30147
71578
81043
37440
34317
57594
45557
52175
72103
98382
48242
73487
48166
97635
97406
44690
90494
89479
29625
90258
7139
93967
51653
342
50503
78911
15415
79205
48809
7954
92804
3593
91296
65285
9756
69660
31517
97020
60275
8115
87218
17761
6865
89074
11095
80782
60312
32780
15237
83236
4740
65957
4240
60938
51348
79202
9134
16599
78304
14345
87616
17376
31188
68637
42177
51790
11542
82644
57684
64820
99149
32851
20638
57136
49695
96112
95338
95003
64344
97279
15039
53578
62924
33197
25195
41239
79950
80044
60900
10263
84901
83698
70750
55755
44828
7852
68165
20908
89045
21452
42680
97859
66982
38733
73974
38303
49015
79415
88882
95825
76892
74898
71279
41991
22239
67355
93445
82807
97679
41911
84556
89145
5091
64663
61629
72098
4636
28076
59618
74482
71495
69959
58391
52574
80919
58526
17421
93663
40339
57285
52918
60498
52932
8850
41563
32540
86201
35285
18058
2090
32119
14937
41786
86365
81523
9690
58305
7755
34539
91163
21082
20005
25805
2432
84289
98244
25574
12177
56474
34056
66905
41647
48038
52562
78433
73410
69846
59853
26542
79529
492
68884
92533
53840
60764
36337
1474
75271
42599
39779
53910
45155
97048
23940
59145
20044
77909
75635
50899
31748
77841
32438
65647
89019
90667
81901
62987
96042
25130
59688
52085
62632
31488
869
14270
37639
83159
11682
42521
28558
57577
60641
58459
87031
77923
16793
29994
3024
31274
15537
30221
12411
92279
85491
2942
52356
17336
59670
50184
18761
7304
63763
24641
30818
46496
41003
19524
37036
41637
77972
36425
74781
6041
37776
76735
47032
49230
89596
92256
92389
36074
83794
84377
80147
90071
66484
58194
31819
63334
26820
52902
96697
35014
71378
13295
53823
72699
11814
60821
94001
25614
87114
78018
3633
66307
89053
59829
9695
53317
76505
83153
3761
15344
84530
47447
20096
42654
69999
40795
26934
75777
39478
91156
1993
1559
8541
44431
38173
49575
80582
2985
78575
66545
84244
46305
30041
92958
90156
96360
59472
21941
58977
87991
8659
29259
47241
53005
31507
29978
36108
48164
71586
13336
39057
11122
33558
89663
16363
9589
59668
6755
28728
28933
60045
52518
48190
624
88577
71700
19625
26959
88466
92818
37596
52776
84375
35916
30566
14124
88704
4329
59284
63582
84729
88919
5050
86088
35553
19361
95332
84079
66119
27484
20854
90247
32479
65148
7675
5348
84067
66749
20715
55317
90922
66598
76940
88421
37665
19493
6446
50444
90715
96598
73197
89903
52724
11139
15127
37819
4600
11250
79846
23298
57592
12737
74768
92306
40781
95387
11928
