94018
14861
60687
39514
95212
77868
82661
34754
91905
89886
56553
52932
94043
32606
588
82556
79843
81592
79566
16415
82351
22419
85383
89922
73968
37500
42304
82866
75183
53806
82572
40240
93726
4282
77742
60596
10570
49148
8892
56052
46065
85078
52454
71082
33609
52746
72104
8915
37565
44931
28838
62165
82158
80859
46061
26228
6670
99105
97405
22610
96087
75744
85875
47326
79486
71695
38513
69324
94907
42849
37947
59769
13969
81992
2615
56953
73173
73051
34436
58228
8340
76114
12834
2083
15748
66413
70691
71687
12190
83655
47202
393
8350
49022
90344
66029
18977
46265
57890
33096
38268
47078
10820
50143
26201
49510
95440
99280
38319
16721
34687
73412
90507
6458
49033
70012
52724
99241
85615
88807
35345
32113
8608
82552
8015
6693
87282
694
64305
46383
38121
76869
99134
86918
90340
91053
73815
71719
43761
69687
87369
54950
18946
22644
74790
61258
34651
68166
34043
48913
53866
95198
41112
46184
93715
12626
1460
44103
10949
25377
4962
99266
99561
67113
32002
42106
53841
74772
49517
8319
21410
36123
11034
49660
9337
33823
43817
12811
19525
56588
49340
31186
36184
33892
9881
64637
16569
65314
99025
54485
98237
10014
4119
41649
81400
45537
21677
15461
43471
95282
58924
8268
69354
90823
8485
18066
33648
3414
87043
75315
83965
54068
1461
66877
72761
61306
30982
98650
48895
62241
60443
26717
16697
27465
99220
34381
22795
4134
85629
27252
10289
35025
48044
55250
59443
19720
26495
92223
46235
42528
48670
81166
11079
7896
19097
66451
15222
34691
32895
56619
60272
65226
20675
73916
66550
64782
49068
62171
78005
84689
17759
76801
47198
26569
38704
75140
35378
79233
20765
83811
62789
65961
67120
48681
60067
20225
14396
56600
39454
81369
22868
33572
25229
11709
863
7582
27664
46966
38950
12816
98828
50073
44706
57784
46941
15951
84753
93495
19471
47612
95475
88934
71509
8466
98794
75890
35417
46639
42417
87751
78360
51111
5858
63010
70755
43967
33546
86562
5530
46995
21823
70732
62677
83508
77552
67350
19785
14912
18186
56195
45700
54761
44687
29379
63506
9905
74837
40891
29262
99064
17314
96590
35962
1092
64521
72808
48174
32278
86666
54214
53228
70308
25362
50538
63617
77262
1702
8433
41709
89823
97465
38519
63906
29074
33167
24791
51833
35737
16177
82721
54017
36819
95659
81295
74436
12296
59973
39672
42391
48329
44552
59131
89689
60421
66383
72242
27266
42629
44727
1000
18255
7311
73503
21198
77527
46916
96655
21443
87237
46924
36314
13272
64211
58529
67667
39953
75388
99403
12027
34681
69960
84562
88631
73995
92839
84512
49388
48127
45124
84241
86604
7177
33316
23487
34763
51215
46792
7368
43287
97375
22011
31387
16957
1618
3241
71154
52203
46742
65388
39732
61117
56600
40239
74609
10081
36180
61784
73318
19438
97716
61095
96666
4207
10278
44650
17654
6907
86715
63225
88082
41341
97772
93317
30915
69831
11712
42047
59425
22870
63961
60154
76057
47597
36212
2392
11801
34872
84903
24402
11938
34595
30029
83533
96791
4660
32321
9988
73902
30512
3473
72596
86978
97616
72692
94477
27916
78966
30051
61199
44832
68409
15492
65969
2707
1398
95594
96168
46956
58815
73318
8926
29310
7585
83673
44532
26196
59027
34453
43906
683
81585
59951
71786
63969
88995
90587
49092
72280
76487
83617
97460
59531
5623
6798
60847
18170
84351
33243
6135
15813
72496
3750
33980
80442
51953
45399
7800
97400
47677
87534
32585
