95222
41211
7834
73435
78808
74897
53730
21115
79548
27892
76022
54415
18942
59330
34083
14200
55085
81216
54227
57968
38306
87275
75585
14376
15262
2975
13086
39475
36386
26860
26636
66650
45858
5577
40759
21064
22597
84628
95708
12353
17005
1325
79128
54141
27197
89106
55902
10365
4635
10572
88510
38738
46339
89310
78068
41994
67866
80045
70231
29614
17563
86386
35849
98899
31419
50369
25339
61780
218
69653
19564
14726
3941
47304
18267
16080
57155
68730
15658
66252
54844
41286
71446
46480
62783
69542
47877
42232
82173
34414
81015
76337
61916
85508
93331
64679
19408
84841
79379
70933
27223
20783
98838
8682
15827
6363
42244
83340
55414
9093
27596
4430
68641
18735
67588
18364
44098
40076
45476
94289
55399
66011
16511
5365
79004
81450
82845
31403
77540
65431
58006
73162
90651
14745
20587
8366
2876
50039
80261
94659
84379
18057
72269
94226
5296
9593
23527
15645
41476
76416
80873
93793
18143
33055
43458
85323
81529
8729
16398
90868
68500
47444
62003
50807
87254
26730
49009
63632
31996
46247
52704
69664
10970
68644
65506
24255
40210
91424
3809
23677
28208
83062
73403
47790
75433
59301
47260
82320
12787
12922
87036
61597
26747
33176
69182
5639
73888
98329
58760
53941
67649
38704
88616
17141
80477
24562
2437
66716
67381
36388
61233
14294
34102
45507
12731
65715
31610
60662
18581
79968
76779
89831
34934
12920
46950
64507
42969
64796
95223
62376
25475
56907
6356
37336
85059
43872
33401
49163
66020
59083
76640
38915
27441
90502
23316
70495
72432
28911
99771
94596
15029
83914
94678
92101
86582
40129
29436
13920
56362
47271
58017
57210
99046
7304
66417
29105
56584
74757
2372
68586
89867
44663
27381
90788
20333
40134
18124
135
75874
70567
76352
2707
8633
2276
53287
69003
2124
1083
1674
39741
17113
7252
92204
26631
86490
96372
69188
8512
59190
76925
39554
59617
54777
11957
57999
60819
57777
29269
18999
7610
97032
57505
52454
70260
22141
14185
13838
68357
46851
5244
48043
36042
39402
13138
7340
74869
76601
85633
78884
51926
87777
17098
67439
11297
68350
29146
42681
21799
67384
86537
76458
79838
88960
98306
71824
99390
89399
84454
69844
31177
85242
17187
52275
63002
47969
87072
68329
62237
80175
62009
52954
65849
85156
67071
28507
99715
53760
23442
74635
48772
84359
80228
51567
61569
51298
38854
96981
1854
70769
71550
7732
58165
46853
32214
14106
76423
1890
75764
18801
85912
76529
73117
37132
61735
44652
40585
99476
34746
62246
42809
69862
33790
99051
1453
26545
34450
80077
4790
15696
1203
28749
76637
2511
5726
43465
3957
10241
27567
10287
96313
83223
77964
698
33304
22984
81324
74027
34927
96793
49788
66055
54717
4695
13126
245
27147
53048
52760
18459
29103
30776
42053
69385
15639
43177
48642
2463
2267
8364
83781
58375
76593
50741
72489
91957
69292
60656
18277
78521
63409
83875
36742
10092
18443
66410
12301
47172
94248
70211
90506
77282
36697
46688
67437
83149
40079
92365
24021
11322
93088
71756
67957
18593
92083
79683
83075
133
36973
88299
91219
73959
95637
9432
27430
7699
95201
96986
81301
84549
70055
73494
71839
57762
72706
34075
78380
82541
28650
10510
48946
11106
51481
17854
64903
87402
16172
1657
51376
54695
26915
44632
4661
47685
18667
27148
60722
25561
89480
35558
9052
31535
96632
42495
93304
15025
26251
90023
69889
81735
77509
47631
12710
20559
31000
8104
5652
98925
70119
56392
50510
90411
81670
85988
53779
29680
16745
29423
5368
29459
5567
70357
48804
27917
95306
54646
13989
14576
79848
58483
85719
36464
36435
47420
71805
84459
48264
52969
26129
37374
33270
55945
39727
79421
86245
78524
9339
65999
8817
81854
76085
15976
12449
36308
16921
89348
25846
80028
89219
46948
28426
40612
48700
72249
52135
1730
76523
72128
12974
57339
60945
71985
15820
85134
95601
5775
73141
38033
6008
73919
18402
81551
87692
94486
80613
20671
16568
62868
93466
27821
70069
20253
79377
40207
36174
65411
30147
71063
25854
18609
55139
1507
38042
56639
2802
675
45449
39048
70569
20112
22558
26914
36220
27847
23084
61507
8920
23387
62009
45680
27781
1127
43503
27913
20940
35198
54461
4482
38663
95879
86594
35470
33705
69401
88466
97858
47932
62604
55058
38017
40283
10857
77582
71217
1507
38919
88873
30599
69492
15378
62478
39565
52962
3755
12518
88454
2480
91205
33582
96627
49810
30738
7876
70335
87461
1930
46457
86327
44086
25152
20506
38731
34801
78522
68818
89640
35580
83201
13881
89104
24836
10576
55992
36470
28789
45936
16847
39474
14771
58952
71420
12578
2576
5992
17642
375
9713
43256
78020
40159
40010
23528
34128
81119
13942
29023
76900
12158
33621
50374
11712
52271
87239
70104
98630
13994
2439
1977
37192
67290
1130
3635
98511
14433
73488
71531
77393
5971
52930
60527
48337
71919
5093
10700
32667
20403
14038
31350
87033
14434
93192
31065
89353
3543
47726
12173
87864
81731
1725
93538
37497
3061
52395
70097
82045
87644
78881
12017
76595
85563
10414
31154
95460
48648
11489
89428
68308
9441
72376
87538
5765
97429
30536
8677
36346
48049
41274
70195
31180
25285
56589
58027
38131
58093
35539
81517
9331
36093
5147
18032
63600
85542
62189
75656
16691
23813
12750
97496
60449
34843
90166
68356
25980
33426
75331
53736
9009
14676
53464
46327
96876
40085
93894
24285
52487
23651
1294
59793
14286
392
88167
73606
57535
69744
52443
84837
15710
37332
29048
93693
43913
19493
17283
77667
1841
43569
42713
60791
90701
67228
68933
13602
1576
95162
34462
91845
80572
35626
48205
51213
18091
45147
63010
81475
11274
86157
99649
36816
55393
58835
11733
94966
32366
60346
11953
93022
68333
44589
86551
19010
98969
9102
83194
94046
82492
96145
59758
24052
33408
81628
69392
30281
21850
30961
55462
30038
44423
98024
36633
78275
25749
49270
54915
32777
76389
29654
79923
26701
47675
47536
21872
94748
81778
1063
