92755
79327
10369
66115
53054
43875
81391
86267
35612
18230
92233
9061
86212
17398
97161
33454
53770
82340
46885
76948
20390
93620
14238
94299
37985
89994
86439
29484
25544
11681
14921
73703
90970
76816
8071
49355
79789
68257
59150
1996
49549
45644
14024
97324
65168
50728
61756
5470
40386
47204
27643
83470
40072
72508
1717
69178
41505
61175
39393
58524
86262
62804
22187
95921
86886
52601
40088
41094
54994
59307
34327
27058
46437
49776
69275
60649
93401
35264
73768
70639
96151
53525
65139
65214
22991
384
58398
58694
41248
37770
92158
44463
73635
49349
83274
44253
34316
28570
63978
40958
59818
37633
81892
17934
14135
62772
75739
3935
38760
20684
25867
38474
19913
70705
4467
80087
79435
15670
56167
77120
11154
67277
82818
70191
63607
14868
84677
26922
72528
42581
47618
95666
96237
4159
9860
25134
25703
86483
69086
91218
45795
56904
63682
74932
44796
70568
6931
86618
36431
77669
41267
52023
28963
64966
52382
52233
51482
26727
89294
17153
87829
99878
85407
89177
55845
62968
66000
23989
81010
92563
55124
35017
10586
17614
36486
9857
75676
46344
87528
37846
62106
89427
49043
42330
25434
66103
52489
51286
34918
51065
16172
94957
89262
78737
93079
29492
66121
53971
71039
9775
96258
56032
9354
13738
98042
41645
8413
3046
99808
19520
75876
13283
49060
23238
58650
5688
98216
52631
49410
4655
35909
9130
47497
65403
97155
36274
49054
31053
88199
6158
4173
40618
51050
70827
56296
44697
93347
32781
43648
78561
27621
11799
2588
4678
28008
26009
23017
45282
29194
47718
74919
17594
2268
33307
81558
96978
48697
26649
73520
18442
43258
10370
91070
61291
91446
87336
14600
86980
19989
52381
45652
54509
13771
56262
66462
86946
44762
95954
36757
66059
14419
40713
48327
12777
42018
83202
32614
37952
41736
35533
87653
37178
34783
76523
80726
20389
65346
33979
70072
64384
68348
96379
80810
26754
53416
36835
72448
99326
14501
16322
19197
37839
41106
49452
12958
81967
77562
47602
19198
63331
72837
31546
82305
58135
49527
76622
49469
99656
61068
36163
73370
95366
54348
6511
35968
311
34829
59280
85223
88933
41749
62337
60676
50492
94553
98127
64674
40436
89636
68314
15909
86139
91220
90433
56372
7514
94230
76183
60495
16491
55756
67623
11660
68666
39418
73623
40083
60125
91347
17763
31792
23773
38487
35586
70687
95895
47636
99474
95866
69361
20007
50141
92880
87917
79098
58746
21975
32298
28120
3217
82270
71048
73888
98984
68474
98109
56664
31322
15497
54777
1450
81673
36234
65840
42530
88190
54919
89036
70010
20709
57071
57604
26305
4236
1456
77313
54313
13997
38872
10381
79968
83654
32622
58649
91199
29691
98258
66961
79564
89186
96617
93703
12246
26317
5476
45758
32521
71021
11249
58327
73305
96320
64
84526
85919
96316
24731
54392
31328
13603
20411
40847
98673
33385
84929
60909
61074
39154
44892
83602
60760
56974
29380
83941
55072
60332
76386
84521
1496
50808
12363
78879
84247
88446
68956
98694
58
74995
1417
24268
70272
23626
75621
19495
40813
19717
78124
83462
857
17792
20928
38225
37716
80857
23872
16598
65583
25978
2283
73319
24597
94272
80564
92967
51095
26278
51757
57390
31169
42801
29443
35411
30600
84249
29878
56313
24388
85589
51302
15142
87878
15854
54659
26749
56195
34969
16452
9789
20048
39622
16861
76668
17363
13889
35101
35967
76743
82474
2729
68620
53842
2366
78067
23807
13505
79958
4917
38385
22102
68810
57907
17837
85539
6590
57516
47604
65007
40850
55227
64904
15666
4355
96963
3921
3401
63705
60377
28247
30443
42469
59952
88776
6197
57027
28291
80213
88883
937
63143
14095
90871
11933
55861
20418
67310
38866
6422
37219
27036
91192
4879
12532
26644
2447
36942
66888
54389
85063
14814
83991
84729
91872
34259
75976
84249
32440
8629
34011
1774
26018
80486
85581
8275
88374
51735
76425
39948
91413
25241
18041
10495
84057
96285
9305
91357
78263
16675
48797
14337
53154
32407
53951
30044
34654
23488
61515
47375
5781
73522
41704
99874
20509
90992
52074
81940
13342
36313
91757
14214
97258
54994
49711
69001
54934
41375
77144
25310
83950
5255
17870
40276
97093
91679
90012
79733
21248
10553
71242
20420
91108
92667
99968
8809
59100
58492
48741
68592
95299
29668
13358
4307
87621
5020
70264
90399
81546
98977
47887
16481
92104
33549
51011
