18943
71935
75692
16571
11120
2849
87997
23321
49933
94136
98495
44473
35330
72668
91473
39438
18547
12943
24565
57555
95283
66741
88214
67949
90575
36403
14501
21810
53495
68292
46579
25838
47141
69652
97503
70242
25857
74988
87598
4446
24267
45433
75304
86571
47437
50708
30844
77330
38395
85787
76419
38736
18426
86096
62807
58029
60066
5896
95017
94377
42792
91111
52391
4287
59706
55851
65111
91981
80173
15609
44330
35255
23711
9779
50867
408
72174
82631
41269
95057
76339
85271
94269
19610
76673
96847
59052
60513
3245
47698
44386
69036
47137
16420
69543
71765
8714
65176
80483
39899
61669
46788
48509
73891
40865
6098
95551
68711
88472
97482
18743
13870
4316
38736
15556
51187
82336
71026
94322
13562
43754
54684
44800
39224
22178
34305
44713
78259
60730
50919
69693
92687
45811
24207
31605
70227
73133
9346
82775
57848
17743
2970
29373
58679
79620
21589
35158
91610
37824
97023
14683
71974
30976
99346
57979
15230
69974
16178
96856
11261
60031
17794
58925
14725
74875
89653
48981
97763
53081
10518
82547
26919
12132
4930
68029
30190
91296
61808
80673
29774
99131
41811
98606
10896
35508
74300
16281
37449
86346
65975
3378
85123
22411
58679
85209
52724
12918
13666
86910
55777
9243
49268
16539
63542
16810
30462
62327
4121
73809
70171
27805
15069
56041
46768
1607
14044
37201
22461
856
90361
54675
90452
77275
25135
28133
15810
8976
56217
16744
21834
66331
94541
98403
99245
45977
13457
68076
8849
35758
70964
53732
54483
64600
61
39128
976
7641
24641
38030
58569
31307
65622
82047
12526
29584
10260
46418
25546
34940
18920
81600
7429
54491
10981
56545
29953
1313
79499
93473
51124
8458
55423
74610
28201
72469
39225
40102
82149
32022
78791
4255
11246
11271
28660
70441
57878
28063
37601
49968
86397
20609
77231
84065
33358
27896
40770
5995
68456
9465
77270
29237
69309
32676
77182
52704
66044
74745
1180
39819
19407
71588
33286
28878
49090
32744
13348
43330
26316
85832
33294
60921
75730
52378
83187
72500
74334
94370
31478
42302
53454
69328
64566
21239
54239
66999
15319
72022
32632
28137
86693
94111
71379
27530
81599
92099
58811
4594
15070
85660
38373
14389
29604
41535
51607
36503
85996
83994
42246
2535
4452
33389
50506
29188
53629
14473
54852
64520
52303
32322
21894
69185
57329
2053
18116
67692
61885
61699
40168
82752
62325
66238
25682
35926
