39739
78956
68461
87335
86186
73270
17064
93754
67814
13702
94773
98477
41211
17038
48719
95107
1584
34724
95225
99313
4912
60665
59791
79038
41042
66234
67547
20620
55672
58787
10263
96772
87062
97343
90411
92899
3250
20733
55025
77903
70169
279
96671
92124
74255
59235
34587
81288
55253
15397
75446
77869
3068
72153
35022
3561
60231
76594
81697
43902
37686
68159
14909
67549
54091
77024
4946
27553
75862
66021
83644
55372
3975
17420
67369
39140
1202
17798
28962
59546
62464
95549
36265
85417
60057
38757
74012
87116
10574
13986
60008
19464
24812
1806
63626
21612
24128
19678
22337
8576
46383
43534
48402
75774
89350
52160
23223
9869
74557
45155
3291
17403
83314
14579
32716
48856
1910
1564
92233
4306
77005
87167
67205
77359
36063
2733
36569
4378
94459
16105
68794
82851
35427
12048
93572
6232
48897
86676
8261
50973
76546
73506
67903
2967
70556
99587
3378
82390
76264
25739
78717
57129
30475
80984
59464
77543
21015
91994
84403
7344
40773
56314
38049
71644
84833
43083
79814
87221
66333
17225
139
47950
80981
99128
86966
81786
28799
15383
41499
50305
48779
2407
56762
75566
2561
52477
53533
3855
93588
73966
98786
38020
78897
78845
7557
13370
15227
17855
92896
45453
14167
9719
46677
84122
86691
72179
76189
70297
52198
71746
91380
76173
360
61271
41940
64869
21046
10440
73640
26309
60113
89190
70389
95202
99138
54192
76012
98842
84485
85616
95033
60503
40586
18924
45611
68154
25981
56277
13055
19033
83937
81905
26704
97791
10300
13871
23270
96953
40526
10075
38030
46382
26971
88137
63791
93941
10130
61795
54054
61043
18100
6185
50308
94388
25714
71217
13343
50362
15238
1328
20107
25460
3345
18789
84988
46354
44361
49891
88280
71150
78268
9256
61909
71937
9023
49166
9748
39627
96939
92394
17656
46850
89816
94988
9027
18936
55977
85516
16997
59038
16907
44899
877
54515
2725
1606
991
58479
23905
64168
41161
74545
29439
66700
94592
47322
11045
26351
72214
57380
58521
32347
51597
59366
38620
66494
30349
68546
13605
53773
33823
41917
75439
58555
96338
93456
67897
13751
5538
76716
21200
2264
51018
40637
60377
17749
98810
49051
72531
88080
16241
56083
67048
39942
85301
9601
69964
40277
19296
3841
68992
7749
41732
63455
50930
63283
58799
96821
10409
48883
57076
49941
35438
86952
47444
71733
78586
55789
20574
85240
73693
17862
10862
53996
79873
80755
7075
21623
4302
3713
14701
76726
94065
90548
81331
91967
43625
91196
77952
1937
60176
43540
64978
57435
81745
37604
97781
50743
13522
70887
59117
55028
23456
25325
27739
7355
23657
91887
96539
70332
29805
15661
4289
94265
60955
40411
61638
13907
29897
69834
62414
56993
46262
4289
83403
99660
35784
1117
86261
36443
76611
66073
61511
85993
41757
85420
2853
53152
1714
15360
48213
92299
23490
91171
57208
69910
44736
50044
58125
77267
77290
74086
26789
41065
56889
2547
11398
68738
41996
1840
38197
55176
13296
73250
75797
75347
22177
28835
26106
61259
56017
53174
61013
17907
55147
31878
68211
78976
4970
30763
23782
98859
63250
3781
49881
27821
70264
82392
18386
14729
48802
95600
96856
6906
72407
98996
65991
83036
45983
14026
28652
37241
89955
29963
79278
77802
76212
58879
42841
2672
8022
29339
89653
40578
78793
35207
3736
3638
52337
5032
75773
75408
43897
63465
16390
56277
13155
2716
55684
52625
46125
464
12471
3339
18264
61021
49353
58607
74387
88907
11279
68298
54502
92478
17851
17374
97876
51733
57003
15772
81245
39074
2864
41379
38135
25601
67347
57465
79507
33006
25194
20187
82762
28407
29639
26225
50376
47793
28319
52212
1344
2314
93951
73418
435
25693
8068
7358
61171
65659
88408
26277
36451
8936
93843
60738
96559
16929
25444
28520
29898
77417
9375
62990
32374
2465
32956
81188
87810
71408
10205
11605
39133
88398
58429
84971
68275
62057
61628
44576
65160
17520
62295
51767
23410
42269
98502
74693
26817
11819
41691
87120
70971
64791
15156
30802
83032
66058
97521
84861
18633
57819
31169
40838
39766
29596
1146
66225
14914
57523
65119
18048
30323
32822
18249
9745
83975
18570
7384
10703
85750
49145
56016
34140
74267
61325
63892
95236
81366
71173
73867
49834
44129
60155
94576
79159
73966
14470
92364
14202
97170
86211
95167
11456
34295
74611
43894
5731
27896
33617
80460
45191
3244
28013
539
70529
50326
264
43397
45145
28179
98857
40910
55474
25609
2748
92739
7184
38939
31168
33070
1664
66875
36756
48018
19818
70447
59774
84297
41094
45360
49443
59737
74612
63245
32913
62056
46068
47453
21778
21058
21025
60905
98716
59213
57246
5213
24687
12071
82585
57763
89241
20805
70183
26808
52717
83690
35402
80709
33067
50067
51391
6426
13562
38699
94428
99325
97106
7818
8565
58596
99539
3179
32777
65701
1649
25293
94083
734
36871
