37022
5305
57690
73633
8475
40328
71019
79868
4948
71523
55155
56721
80085
41711
16685
14073
29347
26347
5892
32470
10140
22859
88582
43013
91953
2654
8465
67884
93704
23318
99675
84768
52235
85057
10684
60565
80356
5998
12888
2103
50925
69497
2020
51561
68286
39247
3457
190
95878
74331
42064
51287
56374
48757
32603
38426
17364
33449
61189
69229
89288
21075
3631
37819
4654
32015
69083
33849
86963
45453
4078
44357
95858
38235
96446
11890
30973
45790
71202
59133
18849
96529
2933
94364
24545
28348
42376
86712
12522
59982
78944
70486
20597
69515
5396
90306
24070
31905
19711
80820
446
11008
12431
32420
62455
41412
91606
67520
66764
60954
26107
76331
45182
46782
37706
14499
82958
20991
90110
32133
49612
2362
11948
5726
35305
49507
40573
93077
93892
87569
29799
25722
98339
29021
45368
85873
26459
86589
52345
31396
58592
27817
17196
16725
87623
29240
27102
86629
20242
466
38985
750
6853
84209
51647
4744
42728
11019
95787
33951
6138
67379
96060
33856
4508
64109
42656
94151
40102
73839
78354
52620
55411
72272
42304
81393
19769
48884
64616
73447
85607
50487
15399
17011
1366
74058
54733
68375
39593
23596
62878
60767
84812
93922
92395
38056
86943
99529
20689
13555
14159
73066
78514
35149
42601
76724
51732
28957
63264
45132
12190
84749
23030
58458
81777
76606
78942
38161
56380
43973
34487
8336
733
32936
40545
18732
25318
9078
70875
62445
76181
39513
76837
53448
72485
15973
60983
17505
5201
14348
41940
60626
14411
96799
39402
13189
62338
86304
57826
48618
2115
57716
394
32525
42942
4060
44556
30421
67401
69301
10433
49006
26494
72039
23432
11961
35845
27735
37235
84539
94882
28949
35713
21183
10012
80088
2254
93017
76848
46768
13695
74160
69622
7589
59856
72824
15083
97008
50573
58314
47092
54398
34954
52842
88243
43784
56555
84389
83875
37078
53065
33912
42499
68018
40521
12459
93508
32319
75607
88938
29650
15849
66292
33583
16500
16329
41576
41617
39287
78106
81145
59179
95409
83635
5377
82269
41421
37590
55035
48398
7728
86666
43928
73113
78233
21493
34557
85559
46522
69807
9167
74837
53041
28524
763
25779
64448
48204
33156
34106
12546
65426
80905
28640
44817
22971
64150
31942
42841
14279
91719
67594
13660
87670
17160
7076
27999
68140
95373
76966
22192
80113
17794
52415
14746
37927
30336
46469
89408
26073
98737
11724
42838
53456
6334
54150
76567
27252
10156
85731
27192
12331
49122
75520
22032
83636
30265
59280
90787
99147
1571
16714
4903
8576
38568
3051
76489
13615
21261
21411
49175
63452
97097
54299
76469
80158
64415
94330
51274
43213
59252
14926
51704
62334
17258
44612
74027
36518
38423
64351
9625
66297
19098
77298
13443
28107
76115
18731
15807
64360
59287
10802
57434
60311
8216
97046
91493
77169
29258
22730
16113
2319
75362
68952
33680
41961
12702
86505
33381
20101
33408
82191
40111
33864
44661
90205
20523
17250
22682
7362
34522
90425
23727
78776
44107
82017
14801
52410
34191
32628
60316
6525
69509
1063
73205
25080
12861
52947
57802
53374
33355
79977
34893
34609
53698
75673
90172
75053
80648
782
52579
69484
79599
73931
16148
94230
65125
23907
97295
74851
74071
66124
4030
39346
63660
5958
48390
59895
29922
88317
93177
78055
35736
94690
6260
12922
75288
23375
63160
99330
85559
47902
59919
22386
34854
79906
31029
94732
9628
24403
34561
44572
7212
11737
60489
6189
14784
68455
80163
60329
16228
45619
92312
28299
3545
92886
85213
30571
92992
68687
88043
84935
52479
92658
48106
89033
20108
48927
93098
50228
55677
42361
49689
3762
28358
5561
67978
63537
28016
55334
66584
43186
9838
46826
78410
87540
30738
95049
40438
23653
36770
81126
46531
23845
62223
49909
96669
59846
99264
67326
15577
95924
45673
98698
69467
91562
36097
71235
9961
19378
81391
95466
45129
56727
89598
23672
50838
13639
34747
78452
91801
50681
68890
93616
56450
32423
23845
63284
86435
56749
52804
42499
58191
94830
49978
58266
43053
72349
24420
14997
59213
59361
46725
89248
39338
36291
20533
693
50053
16070
80831
74979
29992
62239
22091
78403
75060
95956
86479
12471
99474
99139
65310
38593
11760
42860
34751
48451
92086
35803
27398
70340
71205
8879
25646
26196
66634
76031
16717
62748
78063
66385
94449
52587
97172
18610
74763
93053
91708
84251
56822
75149
95713
88669
2515
82143
38967
7641
32535
7042
62097
25830
14656
24280
61728
32538
48617
77674
25741
18292
30568
51030
28834
10105
32250
20935
42978
18395
55852
72430
92967
46708
99351
34973
83992
15132
16176
60937
31737
84967
88881
76966
23435
68313
7918
86057
18184
8645
1020
50187
61676
55306
98867
95047
133
43507
96045
70542
55089
49725
96564
275
23965
71840
78614
28833
93337
59925
34290
1609
51483
48211
60522
53764
82441
45942
28371
26647
39492
31601
98000
37193
78951
92438
55567
87207
37618
22674
68009
85822
57617
45344
78623
78732
10282
17539
68538
85957
32986
84338
20669
81967
68538
84533
6261
39728
92213
71606
39861
27115
20770
75713
71574
12576
58024
74521
32104
51041
19107
30503
57724
31212
73502
10341
95154
95655
11323
13454
25156
81930
47293
25369
64756
26096
81334
41729
13496
32074
58950
49141
90267
72029
58394
95703
33052
97216
54840
60800
36831
1345
4825
91273
71606
35399
37423
50177
99274
40971
83946
37887
53745
65224
82622
84575
11229
24378
21652
95025
28261
72889
6915
26061
6694
16401
52805
71710
83525
65012
23999
52149
42528
52264
83318
85046
20038
65815
12508
18110
69370
65806
67597
64426
81225
99965
49428
16130
3108
40865
97180
42470
78644
27319
42829
5270
83010
98542
40833
65657
58819
47670
70531
82115
67301
85535
44386
68869
45382
22027
292
23821
44885
63126
20663
70887
52710
78195
84942
74329
4478
67368
12933
73229
24498
30726
95007
21419
76060
93535
97262
27832
58752
12171
65847
52778
8393
64851
9981
48976
11183
55761
53325
3055
49186
41822
87980
30757
17489
31540
85128
92883
24922
55528
38512
49125
22180
76634
53687
94084
24102
69246
88557
28787
17745
30888
24663
