57728
97684
23935
66344
10721
87802
31694
63382
23196
46303
94060
8512
68004
14780
2266
91397
57240
3792
39645
98265
81390
80411
19038
74330
30202
92617
60948
18616
70579
83885
16544
46084
19555
48675
53538
93624
92556
40328
78203
18402
75076
66479
82203
39357
62337
71636
42856
68685
45905
98638
48985
66212
82578
34667
36599
9176
29176
57146
18841
56556
15361
70978
96264
52692
66809
17270
56495
83412
63846
27579
18491
69783
485
55693
961
60747
41501
83614
60452
83101
25858
79652
70965
69660
33881
21429
53082
20455
82923
43436
14340
6215
58612
58036
77940
96527
66773
24011
50155
35414
91357
85791
42874
65557
89901
21958
49249
6166
30015
49868
4584
52163
73984
11348
28433
66452
18487
99105
95878
59589
77488
93104
42985
28388
1078
25187
7783
10738
73651
4713
16607
14749
83607
37483
61372
55036
68779
32129
82925
68872
99001
47953
25674
98282
73400
86824
9214
69402
8596
78818
42623
40068
98778
10523
62559
90344
67585
68691
60604
37536
47224
67355
99549
69128
94270
43149
89725
55413
95190
11254
44896
39086
97910
20904
29491
37269
66223
83140
87797
56389
6782
88788
14732
7698
83224
4705
78477
12249
76352
248
79463
91087
45415
73538
5148
19665
2380
4809
36605
10900
91580
37320
23931
98726
37386
33376
40419
7725
37722
85525
70792
55497
14851
95184
96757
33901
57662
611
82946
34699
69831
7527
8790
37258
82646
93320
82678
21299
58633
16423
22101
53241
2937
67732
38695
26002
3901
66455
67312
84442
64118
2570
92622
48090
26118
58039
23777
13348
47145
37834
67865
79370
31672
96438
81925
61849
61568
43650
13280
95020
54812
3898
26528
40439
39449
6333
43786
94229
54685
65653
95355
81440
15850
96466
51218
1698
50184
19105
94970
10395
5246
72578
80702
10965
89574
26077
68126
52063
90747
37255
27215
90089
83544
77606
87952
59884
33312
61771
54074
98767
23581
11488
74936
12937
30627
35790
15719
80939
89617
44627
23452
58981
55603
89921
54760
17459
35722
63711
57828
84172
25673
70453
64486
80980
86943
8934
55419
2273
3347
65838
11245
92189
73765
26861
39531
75156
5624
31671
74784
56325
28603
14246
36534
18899
36678
39800
94536
11692
5240
70174
74513
93130
81923
33159
96653
96784
85359
83435
38018
57155
80024
11533
29170
41119
71134
7653
27156
96685
26324
16255
97382
48055
34312
65113
16128
66325
86955
1040
95122
66074
75353
23723
5328
54042
54991
4367
4822
55499
51836
90155
85267
30964
2517
14143
96985
77807
52925
92279
86210
91268
92486
67285
20978
72534
42162
94975
91103
22918
74661
80862
6717
96704
50160
21084
56600
43888
10677
48844
4735
91148
73987
56344
52332
17008
43961
31227
14132
23790
38630
36068
85915
20181
77746
28058
66306
67026
73032
9637
74252
9666
66314
6098
86374
40653
41230
30199
49159
84226
44505
69856
40521
23766
26148
55329
87453
77765
59988
81208
22147
13100
67329
61782
42408
37252
85617
14127
39013
68695
16975
4222
72361
24254
21957
32145
56639
5703
61735
48342
60653
67384
88285
61999
82067
51398
18504
87306
9154
47775
39269
80237
5540
22857
54846
75686
6329
82993
21842
88104
17291
12729
28374
77979
43230
44667
752
44396
44669
39256
57699
20612
14444
59400
12224
55140
2259
78825
70311
79083
99610
87428
60037
9466
496
46546
81466
52134
83619
45464
99171
13109
20843
1802
91926
51321
21530
42360
28568
35888
51837
92318
42310
80277
73416
71009
17301
80939
91135
49804
35325
91242
59170
46106
76712
49329
51296
661
18879
99007
49854
73985
30696
89848
22806
1612
99716
62985
53880
31066
13816
3822
45524
98354
71524
70043
67902
92529
85994
46525
18238
17616
62813
63517
5296
7792
56683
50862
6080
86675
98365
68825
11372
26952
70624
41494
63821
3603
61357
89346
84486
15969
90651
26865
6852
63209
22606
40106
38559
43245
6390
8541
44218
47191
21548
59433
58442
986
82227
51236
1512
12925
23348
10086
11002
15652
62440
98163
65612
98502
62013
22447
55638
82614
50917
35191
47808
86431
2694
87071
54342
91057
37902
8356
44623
63887
11719
67936
57901
10037
97199
74445
56464
64954
43070
53012
40502
4138
49188
85093
7792
70343
10608
88491
22883
83747
96398
13636
81658
78712
67537
51646
89059
62079
24591
85732
48748
80556
61741
43847
16280
19129
95845
20595
41016
36849
4643
41345
66565
23626
77259
50355
89008
15189
86307
11617
47297
4176
97669
69450
4700
94704
44920
52542
55103
92231
73852
84549
73495
84352
60378
34494
23905
66638
54487
43583
79422
8038
98111
94604
60751
12296
61291
90637
86329
85013
62555
31857
12000
81240
59898
74525
9015
12345
79292
22944
21194
8823
95060
17573
44721
3147
1289
73970
70903
32430
30818
48080
51098
78483
21957
20449
73415
53551
9111
27705
26148
59205
24963
53520
83534
7541
50737
9594
41136
49362
2329
47482
601
8167
59123
42895
24512
57400
84503
91686
22233
71202
46486
66939
13885
70187
95785
8396
8952
64880
11646
42273
58974
54028
13581
55525
80860
62856
80016
84573
70557
9339
65233
44422
83654
20100
11340
98244
35345
23952
54158
12880
73525
90297
78538
47274
12063
44021
33838
99254
3679
39350
41998
46604
55423
64256
16861
82188
90968
42324
21039
96702
8655
63042
6014
76375
92743
86385
22432
3665
97218
86449
2463
44
51634
91870
1735
70697
66332
11816
94377
49112
7872
3686
64271
69251
65395
53638
75240
12018
80125
22257
63977
28229
26759
21136
33316
25299
98917
49408
70163
96264
54235
92908
47080
56436
91835
20700
72
22727
59104
28456
43952
77931
44016
55664
20900
64360
66644
43171
50876
45569
56145
96785
8725
42115
99952
40584
69717
1767
99692
63278
82272
7171
26009
22027
5750
45121
28476
79863
19257
51126
56921
50561
58325
35684
20477
56403
45071
80362
3295
90673
87472
89366
31791
2624
10229
14444
52165
5539
98021
80215
35512
42542
86335
89179
77901
36454
61798
60
19083
19547
26851
75790
67860
82197
45341
25195
36020
70553
42414
32991
61071
82915
14345
3754
909
91607
88670
21327
33215
36359
73236
38591
75449
33831
77179
3567
58656
8969
49789
73827
71741
20781
52708
38113
53620
68353
65425
59791
79151
48340
22510
17972
45746
