92565
92357
86584
76227
8021
16787
42500
76324
41575
36388
58891
58189
56991
17386
8773
53126
55862
44338
73098
19851
32956
80452
10101
68947
51229
78210
35073
61499
77260
63179
13671
74512
84548
50737
11923
86783
17505
96612
99013
62857
8644
89263
1504
89120
87619
62814
86973
10893
81385
85265
993
4865
74685
88035
52223
92515
44329
9547
61540
72979
22778
19864
56934
55180
74335
10150
90584
95997
67310
47738
17659
91415
52827
36130
17013
42310
87690
52855
4807
4841
64789
67379
5759
88100
52867
6810
60924
15955
56609
94543
34177
97935
44586
40806
6946
36979
90814
65244
21391
16116
67647
8123
31014
40466
96817
43136
63211
49287
39272
21541
35680
56628
18511
14609
29124
75068
34045
78675
39458
59995
4102
46881
7913
4483
52434
36615
74158
30377
37660
28088
63467
60326
69958
54754
26963
51124
23808
40487
43327
78707
88852
83879
8707
39516
36063
91969
66882
42578
83607
34940
24744
58867
53351
36054
43083
84077
35852
44551
43953
98457
15018
6180
76738
99718
9003
22380
41482
68324
81735
69332
30103
31831
68768
49068
61444
58144
88955
9162
82725
5888
56125
72173
68504
2406
51889
66985
87130
51040
99376
57972
98905
44905
910
4752
72153
38269
65438
85320
24667
73547
68173
51793
61243
87061
78162
30752
30934
89375
68066
51747
85662
76408
48579
44789
43581
40550
12460
8714
62858
18988
29602
9498
41132
92800
39274
61137
98506
39513
75396
37340
65545
78486
78536
7118
44288
35354
83473
83665
11678
72244
58683
48465
20050
68497
99226
31381
15294
52060
41228
97672
12341
10702
65232
22832
36663
82821
24952
59818
36429
51379
5835
73747
23169
99817
68475
29366
44897
70101
55855
33675
68235
87279
57687
11542
92897
72187
7790
30819
57933
57173
85584
62474
74403
43030
82724
99793
61881
4503
