14215
12376
99156
54754
26919
14511
92421
72047
59831
52535
25400
82237
4647
5235
88453
83237
13474
48974
84222
68620
66309
15756
6221
61738
5161
38148
37583
34106
5417
47654
14
44236
47141
73050
11207
54073
71746
2520
59675
31219
87329
95935
18957
3170
78027
55862
42054
90372
34219
98850
18970
17811
41327
58505
59518
91688
55592
11560
87492
25530
74407
18029
9345
65594
6093
12940
74204
98736
99474
7275
77764
43689
53763
74065
74202
79558
79277
71996
1478
50850
16172
95939
84101
31643
7802
38504
23601
53366
671
93548
6744
47193
44168
16793
33382
45734
32818
65181
65159
99846
57892
66026
70359
80912
35386
15016
75083
85030
50848
70977
65211
63364
27131
77009
49204
40943
9625
63930
42072
82249
17643
19294
62856
92442
27117
45126
8154
39775
85924
76391
53612
30245
10152
21593
1325
77839
3019
54562
95295
62415
69685
61094
69442
76321
88289
21896
93375
1169
51425
68080
91393
99043
62494
7347
84153
17657
56108
85866
520
46269
29302
62799
34590
46071
98758
65135
89508
18505
3421
98078
41376
83353
61085
30090
6539
8843
18702
12880
67171
7918
78138
15096
11620
92955
43019
96877
50859
55658
15011
84395
77756
98618
16706
71571
51896
92938
64215
34171
93544
40953
74778
48027
74461
25601
65335
52253
88940
59924
4013
47677
92296
60176
50463
10150
90344
57785
70227
67180
61707
69367
8555
94985
62616
47238
14173
6770
94175
43479
23515
5581
1472
51765
82007
54755
44104
32034
75027
30140
56854
21219
21263
65495
35766
10427
43963
65764
64086
58958
69933
31333
9009
18663
71968
27238
79118
84994
53598
93520
34060
25170
27326
54102
56929
77238
2654
12307
39783
20353
74670
35110
71832
46437
39745
77292
1305
41525
87498
33777
73555
95243
99323
69255
30600
87029
52102
47323
36916
24510
25604
25390
20623
1937
57576
46687
52890
93863
96469
99365
69558
31883
51258
65907
59727
4907
76771
40470
67786
40952
67833
34548
25857
65340
40964
69768
46250
3258
64314
94673
10899
82030
34911
34317
53834
54804
59378
36578
56999
60249
73253
21555
63640
70938
10291
62868
93727
21182
7285
39168
73802
53444
7463
39492
18647
89807
34824
67118
9380
56218
23660
48625
19192
57796
51532
71580
14599
58322
94381
3492
98196
27269
94714
2398
3298
43154
66724
3093
93713
86445
28637
90938
51069
99311
55110
6794
89764
13055
23449
97558
94428
97111
85065
47074
56445
38744
55984
94260
81950
92749
77032
32556
51190
20638
56422
53449
84906
66445
6628
95267
6807
2576
1744
18930
57808
54423
57200
26972
4340
52242
1438
82826
16188
74738
81035
11156
93185
12355
50488
33138
34255
5269
58717
18398
17473
61512
2589
20251
48746
53920
99188
92256
92289
52391
12043
13653
60726
87393
64313
68726
36825
99267
17993
4370
60339
92494
87070
33134
63111
74162
4094
5239
50179
34924
48212
68430
72700
21617
11899
89667
84907
78079
24397
27016
44364
7798
62681
46049
22322
60601
84721
64461
64838
99134
89427
48199
62557
71182
23617
20179
47485
63509
69449
88022
35061
47737
85653
15012
2618
2954
52291
21133
79914
64050
50439
4366
79642
6357
40591
91626
124
85992
27057
31144
24937
16473
58291
66218
89016
48586
68982
50972
63607
2078
25622
16704
46482
94364
24515
15351
95517
97976
34731
6039
95471
22912
71343
24211
9738
64581
83307
97077
11210
14987
82967
80988
17110
71736
34258
62999
94597
38816
66713
5930
67446
26045
22783
12137
87457
41928
59390
35880
19388
52020
82323
52363
46903
80908
71854
17560
22197
54988
52968
4091
66425
75366
34768
27016
56039
22717
99141
14449
51211
82020
61174
26958
71287
80526
59475
61602
13562
42399
72340
73960
1020
46893
10573
96588
98891
6590
62110
47132
29769
22612
36317
72051
26152
30058
76023
75184
80773
9172
53939
18618
7076
23512
57526
6838
32843
86738
50810
47116
59273
74119
78492
68597
65064
96975
5881
49179
34604
72897
40085
94145
33495
31857
455
49848
66487
19714
24063
25650
83779
29601
91069
43334
91145
26483
87741
5827
40033
13212
58446
76837
54393
49095
17536
20053
22511
33576
92636
80912
51702
31844
85499
32958
10706
35191
39121
92640
56349
31287
35984
68255
23082
36408
93544
48241
62766
67704
69464
38453
60129
60200
47762
20735
90041
64813
72821
55106
44012
93628
47162
32091
38777
3832
5196
32305
31306
50033
85080
97849
90254
44478
23510
22079
72198
96342
60289
47992
80963
94208
95817
45068
44470
84156
60225
63831
72092
6858
60721
4523
29057
44013
3362
6477
56234
91273
72831
34217
65217
74789
30621
29979
51132
48102
31561
38130
39046
25177
40403
38372
93747
46073
30255
78425
49808
93559
85001
65010
86549
78065
93261
82059
25701
55859
88029
58712
39559
45257
20176
98759
82934
19590
40569
19686
64051
76463
67514
67338
18046
91657
30918
23473
11173
87608
85025
69347
75912
18065
18484
48951
1727
40683
47441
20644
52519
66488
35974
93821
95709
29426
53538
78778
78525
32592
64767
12229
31394
27545
43720
82007
43382
6542
61941
10517
66069
87262
60689
62945
79888
33519
43559
80034
90021
27351
73856
62582
84165
22775
77384
43512
78370
29687
43033
36327
28409
53854
90990
17681
65437
56876
90040
52684
41863
69100
19767
17514
48007
31754
70013
66124
5084
57486
43696
86134
12135
53697
66833
31392
94403
81189
93468
60074
37293
69787
76570
73993
66982
