57566
88777
28091
20834
58621
8089
51951
17366
65753
70256
54635
21840
64572
35778
9767
50889
60002
20539
322
26095
71823
97011
1908
80436
40203
69939
21647
15623
77402
56895
1327
2437
65751
48771
70253
9670
24094
36435
44906
8711
8466
83978
74857
74544
21938
14036
98011
22899
60203
97766
89359
1320
88776
16145
41555
2655
24528
36039
98067
56850
51151
76602
6603
87002
98630
24263
80020
56162
86167
57905
75586
26172
69018
51319
90568
26255
51672
32506
11537
2190
14989
19909
5114
52035
29682
62003
59838
68707
19711
85397
23746
89003
31029
94702
9785
53104
91692
20056
75169
32968
80804
24863
62953
11144
6378
2658
84857
42464
79450
77933
74295
35904
31211
44125
83256
30574
52383
69500
50150
43189
63214
8232
55585
89709
96746
52907
75313
45250
2397
99739
53999
39620
79691
24787
94328
9222
3829
67417
33632
46614
16520
51240
72376
82369
25057
20110
92126
15917
13802
75081
51129
94920
66523
22163
82076
5414
3251
46682
68562
87349
24680
90058
55852
68548
50223
66469
8882
82426
80236
81005
99279
29918
24060
67936
58359
18152
75670
51342
76625
95963
99886
34483
47272
77144
22409
22890
2361
96269
43461
28920
52238
34859
64554
30592
46335
23591
81568
75226
74438
40104
13733
5380
26309
70325
6539
8651
96029
549
30241
55122
13635
62504
79437
50191
43043
1072
25156
97009
67996
74584
98
55456
28101
77888
14260
64531
38283
4242
97850
9863
65022
94889
53446
33617
86166
49392
15085
29824
41134
13670
50555
60531
18405
29735
39544
5331
97746
62000
4486
7159
27752
19932
87292
65845
22094
27649
89746
18004
88300
3589
22047
32088
89429
79158
60278
68034
14213
80989
40547
48488
18834
44954
12810
90206
37110
98442
52603
70454
81406
52523
30087
64656
44909
70140
9103
3467
82147
4758
66906
53117
3511
16599
84336
90521
32636
99036
34898
20480
99465
52827
45283
50458
