55501
78561
25930
99640
91842
36251
50286
30825
61382
10502
1169
54053
38469
23658
13754
65733
33843
81735
80431
63842
55739
80521
66288
67466
72114
87009
19395
70720
50185
40482
64130
95215
16352
19732
23925
3925
72775
88353
94833
11285
72684
52905
54021
9850
53681
87920
14005
83051
99518
41212
36383
70671
24779
47117
75506
96646
79491
54835
77592
40221
81123
82490
63280
19430
61745
15639
38719
37871
85235
1017
97426
86524
66466
63136
91439
64885
87524
61668
25890
29461
32118
99150
64300
52626
54881
51790
8145
95245
24973
10661
78167
4563
3274
29847
35054
39393
55435
68297
25382
92983
12689
63695
84092
92186
22802
31707
91038
20685
45036
824
48469
96609
57987
54925
1106
91137
88926
26959
84445
