77881
132
27888
99235
84561
72886
59426
41610
18039
81538
67933
5468
12087
46023
85482
42187
13571
81778
2498
98023
9489
92073
10930
4746
64860
60424
20953
58930
12056
18268
24119
59617
50956
95212
71481
47824
60812
33395
51818
85858
64525
40432
26739
91188
44860
36082
13867
68723
91724
46992
64523
3660
22749
30700
68946
35770
77925
39002
81624
8687
96891
95853
48809
6214
38798
56971
87507
77852
13233
6934
52005
21496
84576
17253
69016
11068
18028
99206
5772
17157
48235
61140
49525
34354
66491
77552
75166
73422
62388
26209
77559
98345
33514
58994
74772
47831
75082
64025
42885
52973
85853
75930
6362
23370
79964
13178
74302
59405
84356
20547
36471
44305
6445
28838
67496
72545
23641
32665
93996
39773
41191
72162
91394
15415
79009
60365
17822
26548
84415
17314
89170
38139
87250
64196
9465
74866
33982
22912
81223
64363
10336
18641
95391
89257
95633
45920
58819
43829
11783
31021
61816
3372
79218
79372
58580
23351
53021
1000
15329
25332
52672
31915
75856
78078
6669
93928
98311
65251
44888
3490
66268
32016
78362
85053
32631
21048
52917
42369
71954
242
70264
83790
11035
65842
63716
47827
2963
9075
17643
21331
2140
76507
13746
24437
3230
85491
94410
97246
54173
55836
14234
21872
445
93904
83983
54747
99133
65509
68720
32692
36378
86942
80908
79139
52934
39631
66531
52712
11302
55554
62644
23862
39164
19772
95479
61684
94173
13300
26958
67021
92432
54574
97282
55420
9641
33022
92690
84482
39265
1940
14662
22775
64792
25517
60527
53356
27101
74789
43031
96299
38930
83753
87295
19815
32989
33072
32784
87429
74640
32672
8907
95964
18575
86185
59463
71254
30402
63116
59021
28870
7066
55965
70250
56981
59090
99166
28757
6562
87643
60803
86037
79422
95489
24650
79227
31803
6924
72653
35775
55208
61507
8617
32875
20081
95922
9688
27407
22875
55849
32170
62584
12929
3069
80306
57937
17626
36073
60225
71481
50279
11060
91226
84501
61663
30125
93626
18714
18538
64553
2332
2841
59455
33535
12559
78504
76110
36900
69850
30670
59373
49846
42077
66508
66626
41754
36041
17794
63614
32168
33583
12809
83111
98108
42215
86260
16951
94905
6577
39222
82465
45799
25505
58164
33382
42528
41787
93682
56200
25106
50313
91848
39483
73174
91709
94218
70196
38526
86655
67745
47041
93463
73186
91618
63939
96941
38846
60200
42240
7671
34923
41279
52257
57505
49331
86683
35618
12783
39711
3640
76050
38224
8776
93579
22072
66007
52169
80597
45407
35253
90280
80350
4929
47047
90536
88988
66670
84987
22091
77219
73393
72870
92715
4788
70948
81287
53078
61047
92728
18995
47055
23393
61324
47058
83761
25437
6467
98094
12415
60569
57922
63865
41676
37697
53738
52096
56509
11882
7032
87071
54198
83915
10324
15059
94985
56933
50804
44710
26775
5157
79111
69125
49798
32283
64723
59498
58469
63263
32681
61879
67801
2399
32336
61502
38029
40949
13438
46920
68869
46923
8663
3420
86169
93479
54293
79045
71463
38243
25755
58150
95472
38459
71159
34184
18225
6696
45729
51205
75973
37298
50404
7862
37734
84397
11755
64537
44029
77069
59159
61122
49550
61934
96779
14238
99554
52456
3404
24135
29407
34742
97439
4691
53309
43778
60110
44224
59488
91504
62399
99861
11693
18110
70913
91905
97407
64367
89648
56819
21921
20366
92433
68836
85439
19436
61913
41483
80119
9179
66553
15851
12057
40261
45304
10570
57827
71148
46794
43196
70667
56296
