34897
1556
54245
74720
75130
72556
1316
29839
97142
6796
29567
27400
7677
37991
1871
45426
58687
20910
25893
80284
85901
97871
54796
29958
88254
40709
84073
74385
46763
19752
60320
61137
731
88323
96232
15032
44377
16164
72138
79906
39975
42422
66514
61505
87515
14921
79211
54110
96282
60171
57660
61368
73554
76252
22877
92942
16055
27325
47636
93564
71681
11780
93295
57600
56797
64527
68350
22029
35370
49880
16817
41286
76869
2165
97273
14081
55573
80950
84092
87665
33423
18512
28854
41053
52314
23150
68323
67075
85902
5773
34269
42455
16615
42173
76643
98857
35899
44982
87084
74936
15150
29513
20975
21976
47512
11272
48845
6394
64004
86755
44307
45709
14459
12714
82662
57043
85217
2719
396
67471
46012
6263
71531
82861
98273
18806
73510
39528
36805
70465
65593
89138
96863
28590
95630
99424
66513
41489
79621
54311
81499
1898
8160
43564
61147
60810
96473
69688
15505
99069
97885
99197
39391
29011
83571
26254
44271
37220
35585
56762
77015
50208
15021
49672
19071
22930
81924
56643
75786
90553
65079
51529
25056
14525
13604
40399
75206
39103
79959
19174
60775
8317
91757
99985
95790
86716
94448
31778
77654
90743
61656
24796
44917
6727
59199
29793
27708
71694
30208
94578
22096
69195
18631
22175
94930
38640
1199
54321
39117
20337
97110
73762
80202
11237
56224
33539
73403
40114
76324
37161
49076
97491
79516
76270
24405
75612
73426
32688
77546
77927
69019
68502
81782
57741
18036
22975
36431
88648
62477
15168
23368
30845
8326
46420
62907
43726
76488
93870
25114
78064
83164
85159
19275
51323
65015
79466
47300
41886
59885
51452
26901
20528
12175
18207
93197
10241
17691
35907
73517
58485
32262
17997
72409
31484
45118
78531
32005
97215
37714
42965
96828
28992
56834
86677
33279
11511
68958
48651
58377
6006
48671
90654
74342
28229
40653
40172
59445
66880
20591
67652
88471
84795
9142
53204
78320
76322
4611
96571
10513
99483
50605
95048
21756
42954
6865
83262
31135
68269
66724
99832
16145
47903
79804
20444
1295
72296
32749
4333
35886
15989
22938
18812
70943
92916
94145
43551
44761
77736
69403
19109
60374
71693
98927
11728
16502
52887
41430
98519
48188
80595
17606
99879
4611
9214
62427
82122
83355
93627
37906
62350
84364
58323
1384
69276
91641
56733
81221
36558
22344
30734
40796
33644
43121
19920
91914
43347
15270
39891
35153
98984
61795
56912
98645
65166
5213
16901
58281
6407
92613
92393
206
70199
92190
88654
51196
27535
65302
88743
57732
67757
60676
54156
80545
72538
4663
82058
6324
94604
60372
32714
14431
46104
47117
65491
80892
6917
66126
48634
60047
82832
7195
35598
86403
32485
70451
35462
99401
75727
96653
94674
35923
47799
31808
76386
70522
33009
75130
70739
71398
53845
44444
51522
9139
8344
43178
73297
59652
34594
2145
53854
1706
71838
42485
24096
68048
39186
74170
42215
84127
72906
92454
24416
60150
16084
26141
34870
49893
29568
38211
824
55623
35299
56812
7009
3638
41727
92410
77198
29288
24630
42391
42709
87268
58949
33028
80269
31790
89503
34513
39880
41758
8159
25358
91099
47269
30399
99819
94545
68586
90667
87826
50246
64830
69147
17762
26084
80112
99967
96182
70264
87064
33293
35547
17065
4361
93594
87841
86757
71019
84182
95427
85617
17241
64746
48491
68000
39031
74325
38602
74344
56257
77474
62832
85569
6355
13437
34421
3019
45223
44404
74145
8345
63226
7339
42684
66908
85427
17809
6490
83811
60229
39949
8617
24222
91905
98678
26103
99952
41599
43321
79341
32476
16464
3172
13562
42650
94704
28889
23690
48722
39164
6717
90448
12005
65752
57549
3034
96603
46083
88170
29528
73955
23133
82827
26407
10472
99344
24768
74090
85471
71940
58913
23642
40315
59029
68416
25829
98861
2100
96826
1380
4670
86661
61480
61976
2842
79951
91543
16216
45603
33673
25321
65586
73706
32870
30132
18966
62161
15576
75741
36024
43691
2504
91410
84149
52578
53631
49808
95352
20306
74190
63293
35037
56809
59980
53609
82666
26169
19036
