40988
73337
31756
18379
95963
97100
7030
51777
97698
57274
73421
54480
20427
13939
78251
25497
22630
40890
22920
13991
50323
52387
34670
78467
44268
88729
14295
50625
34931
71129
22006
56526
5398
34470
31270
39420
20001
46170
52825
97894
49689
5826
14872
58687
14015
54257
67555
60999
83211
73650
88358
76325
48506
13099
47404
92882
22378
5745
66783
87834
72830
14897
64187
63050
52771
94056
50380
18466
54009
94955
49633
50300
61090
413
52490
76028
65329
46169
46835
32022
84938
879
88108
89222
10770
19088
2013
40525
89071
64300
50577
18286
34316
33541
16779
1457
94384
51383
64767
674
29004
51849
92667
4454
72041
49873
86074
97307
85478
84795
94358
25706
37622
2760
94196
95084
24416
52485
87977
86290
32931
57661
80943
62715
20721
52723
97079
54877
90617
56180
81804
32082
88829
5580
85028
25102
77423
1501
33754
89306
10763
95940
15456
64100
91650
11987
62093
57138
94339
805
43655
81220
21941
62373
62236
65810
37552
14944
59396
44167
89381
82820
11410
73138
88103
94923
11961
30561
26574
28081
49833
23717
9602
75895
19612
17009
68914
2
35022
92144
7135
21746
73560
76674
10544
15949
47629
70304
56748
32441
20635
99826
24779
49457
92152
47075
70015
98964
24490
1856
93787
24183
42986
48202
15297
91184
72324
17553
12620
7568
98414
89462
45610
49693
67802
10001
94992
80953
24902
17766
88498
41356
50168
47522
75876
98992
95291
10117
34183
6329
69261
25639
3003
69772
19334
42587
33493
7196
51194
88600
51651
76704
27459
97476
16827
2484
60691
4987
14037
20870
57934
58909
60664
55735
2999
10802
47870
34286
34074
72449
3203
30937
45442
17932
83837
1069
74174
94088
77125
98301
87933
45837
55949
13687
37825
7658
13998
66288
74102
89852
89202
62979
50783
83785
24907
5634
2704
48990
52794
85128
96349
83011
13124
74657
11733
99207
12692
22869
54461
99588
22315
38066
63340
29733
9045
28879
54925
94167
17116
67004
4291
19903
5054
54568
91201
65932
83985
97407
58999
67878
87129
33796
95321
8324
931
52128
90034
56056
97410
12426
50049
53542
46517
90697
98901
65119
25776
10735
17516
89392
64117
84275
70426
18406
47976
1512
19095
27741
29322
10766
49343
89864
88138
82555
55786
73893
75487
63506
15690
7567
84346
63441
20603
71947
71970
52762
36997
89511
57543
754
81864
42369
73056
7609
83933
15861
71388
73399
82895
64093
79971
20365
76388
3214
18965
40802
35799
53255
33949
68625
40990
1945
94451
84758
83250
34288
56129
32780
23441
61145
30239
23024
50860
73957
63515
65198
47628
61694
65181
66588
5489
55863
69676
377
40961
21028
7827
46676
66483
39976
64464
16385
72775
83881
47293
33966
45862
82984
62639
33262
18267
5880
23954
88315
56943
10709
85338
28037
7058
19473
77533
51283
92521
45097
24339
57866
22751
67345
28868
79891
77842
55208
48533
71582
41493
61624
80949
62943
46252
36721
54127
85227
69540
28352
94914
73575
39930
86588
38854
99713
21697
52586
86312
96778
96818
70129
23887
56483
77713
82469
4016
8803
55035
39984
91455
35382
49171
95057
75212
43827
87102
73993
58190
66723
84628
3991
84566
51922
20086
73078
88129
38037
71068
94938
63205
56637
68629
14616
43688
51518
35872
91036
92835
28355
52605
4378
84564
26033
32544
57353
11085
3844
19765
85460
82382
47915
84938
4794
70156
67443
81704
55985
3502
67539
89316
80433
90496
7675
94446
99314
6291
37622
97450
93191
14628
46842
56808
36584
