9751
84738
41286
74789
39423
57377
4875
46041
81598
79633
45421
76440
77143
94004
80182
81727
33883
58220
72763
94396
59597
22388
75789
48844
97988
26649
88836
24739
87314
42814
63276
42522
53054
57700
29738
87508
95207
98282
61739
8671
32846
26569
38690
51525
50849
99528
15060
11577
82814
11889
12314
59704
8112
37218
1755
97829
48569
80879
81916
20484
73424
98081
91140
40069
26404
65225
465
17037
42486
38410
37507
65760
99398
20214
38581
12802
68134
89616
19986
3033
86746
87394
78827
5551
6894
65935
34835
64184
4578
47109
42253
21109
67714
31823
29329
19218
94783
63933
94746
44716
17022
80549
39640
9659
42089
72558
40896
16433
93256
513
33487
4005
12302
56865
3795
87403
28692
9503
17648
11444
41388
91748
57231
59687
21198
61905
10643
83992
1644
37106
26284
39965
67186
56514
4976
35869
36816
51652
96928
7949
6064
22903
19750
29331
63573
32580
54854
10905
89929
80629
87094
33877
50322
40200
17179
25417
80149
16861
72948
97455
74682
38694
11698
5439
22166
38330
99039
94311
23830
99466
65979
81384
69642
38416
41083
63156
31350
87793
86756
62468
65994
21049
64482
15757
29937
47543
40409
39778
28865
24232
60015
43519
3983
50649
35136
8538
2398
14480
71193
46
76540
58264
13431
41281
84959
61845
95051
64529
96968
89954
6230
4086
80223
65552
95509
71005
44579
18655
30918
26912
8877
584
15890
67271
86579
89472
11640
31791
5786
51497
78996
46818
43504
57531
86241
96860
78291
2262
24016
22113
46454
28929
98565
17961
63900
36919
75713
72124
46530
1515
71760
32364
21975
21639
86809
44331
46654
95349
73372
28918
22614
64332
98411
39843
22340
63072
17694
72272
37541
27493
58371
14412
22474
14884
54252
93422
95610
62916
2002
57253
29222
27787
2841
48059
1361
75652
38045
13733
10428
68184
35756
35875
43520
24701
44328
97986
1302
90556
21343
2994
22839
42054
83830
81783
88361
33325
77679
13342
33909
96503
67822
45800
42174
7343
21597
75580
29449
32954
51823
71182
15797
774
22207
26161
81702
25896
32784
94000
610
63341
45694
54059
34813
80140
66394
40586
5088
13108
9063
24278
30353
37007
53562
86891
21716
76604
42816
86040
33333
6693
87475
36525
52196
29176
44195
63265
56430
86991
1028
84498
7964
49361
85510
20159
2521
85576
29221
12019
6813
5575
4805
62775
22868
37650
69572
57645
3447
32590
27296
61916
95356
94176
67295
93007
12577
73827
62468
74811
11521
29437
30996
45508
26962
40874
48768
24196
49250
13454
18003
69545
99591
65015
68778
19295
87260
27263
4511
16236
76402
54519
71037
76578
99807
2693
69632
61842
51276
73680
96401
59765
39072
65359
59684
75191
90711
33637
17459
22886
41738
65100
97956
87406
77388
11313
42843
40836
12585
12010
59425
20180
67577
34164
83872
88776
1834
37863
53886
28627
24422
53089
40473
14902
51052
14113
91804
97736
87227
68373
6907
82333
28370
219
88999
54671
19962
95341
41361
41585
962
74962
53586
89561
6684
48233
21428
26787
92951
75722
16587
76255
69039
2812
76247
45804
8801
14842
40827
55882
83496
76301
52050
82290
1959
28337
52094
21620
55886
45189
62377
37683
29548
99542
39812
95397
76412
13592
42349
32552
93063
63179
24572
67189
16078
12774
96858
31240
36542
51501
55116
9651
11988
80445
86945
37696
43636
76274
96721
32158
64361
76449
33711
73224
42454
6938
8850
46222
23831
22486
23843
21118
26599
33075
75219
59008
15573
41958
66317
48879
85078
54905
68717
89198
1965
34801
86935
71941
65361
84474
7978
95009
62066
4406
54214
50855
1202
1388
33682
81868
10730
42480
44539
46969
84406
57984
3415
98311
50268
28945
72664
26454
2415
2893
22837
14017
76011
