47067
29318
44144
7613
48436
37158
94894
21920
97189
3809
16990
55477
69435
48595
4737
18598
69086
93135
59400
4646
87101
49628
67902
91796
60902
46306
42721
97329
46336
55437
95675
57720
75960
16716
36767
25220
58957
59470
78466
40255
49303
15446
701
85170
10752
2231
2584
30132
17422
9754
34646
84070
21048
43044
20602
51400
58968
37669
88672
68958
45887
99231
26207
53445
17263
37956
12070
65636
12681
25913
13944
62730
70692
77601
2143
19034
3240
59320
53913
95936
40522
42393
72932
20434
28900
10511
60955
42689
52288
70618
42951
58376
1431
51680
63782
47474
72504
37113
37890
95133
50201
99127
72338
37658
2451
98290
99534
15584
22390
4251
51780
34542
37180
63278
79302
88584
73791
64304
20584
50110
75046
50702
26271
35172
17882
32047
6974
15567
31787
35179
43879
58900
97060
24041
51543
59121
15155
1974
89897
44974
51489
43294
26262
78385
68759
88388
85424
76395
34824
71566
75462
42282
20395
73524
75596
97958
18236
83658
94044
40903
30644
24196
48982
14862
76303
83711
78950
76611
59852
2121
55322
60768
88743
52197
57387
72153
42648
60830
46496
39417
56816
75838
73257
86054
53398
38836
163
44394
14483
11160
63532
52919
84489
55715
65846
41813
23952
61794
41147
42076
49365
46254
63857
8790
44438
55412
85643
48308
81964
31790
75156
12592
39764
90203
92539
51275
53611
20356
12156
14268
96887
26433
48089
13688
49723
71406
85212
6217
86857
51605
6424
73122
17178
3922
24765
22404
36224
5511
25171
35360
77642
85793
81599
88227
73914
31082
74987
72430
97370
36713
27342
25672
65563
79676
78775
22338
35965
49719
8797
48674
41443
15124
80091
42414
39713
38876
72326
48945
97538
64957
98228
65574
69012
40944
26293
99959
54727
69435
52030
36673
53775
70629
24672
60587
52530
40823
92822
4611
10854
32746
56997
16420
61639
31751
22900
74408
38849
13015
51311
61311
27068
27533
42117
47506
3644
54336
97567
53255
24981
39472
92853
34760
96474
79426
74824
23208
50377
68192
68412
61924
27049
6842
89174
90507
93437
43846
91636
67175
68003
93738
97157
68685
47035
92694
58394
95292
14164
52374
29842
37243
19577
26799
96544
60281
6757
63191
16121
41399
80780
28889
21714
35430
48820
97562
66720
24811
86987
44208
80694
86646
11807
35534
10778
44496
24070
33526
61189
66682
86892
47104
58881
75361
55337
23697
66504
90801
37893
53877
85994
48234
46092
41819
32001
19880
25983
82339
20736
9195
43010
43527
38899
51656
61923
2972
57146
20518
45104
41583
59701
68282
75646
48469
97982
29714
88100
48341
38508
94367
78586
57315
70445
28275
10466
7473
7903
27695
58492
43553
72193
4527
90498
41957
56264
1742
85602
64676
82478
58018
77863
957
98632
52384
95294
46084
16088
90590
95943
57480
29944
63305
42141
49220
14696
90997
29131
89848
27784
59647
64699
64469
93844
89111
34193
61784
78039
63034
78846
18853
61862
80391
87594
35847
69248
13662
15165
75181
26376
95240
45828
8471
68225
13375
88035
61285
86966
84172
34671
99449
83926
91037
9433
46312
42614
93041
90429
82262
23584
65191
34622
74418
4371
71468
26072
82277
87758
4844
12227
96837
82983
41738
74754
49816
26568
22323
79703
28999
70371
92216
24127
3110
69995
67672
29918
28568
33700
87026
627
49598
71834
74324
22037
74615
17591
44468
60974
58450
36426
96267
3577
25506
63077
99654
35988
36475
11673
96883
55013
73697
86202
46214
97429
29363
91166
71109
96396
79466
48212
79194
63465
30056
47562
51171
97580
73835
99158
95436
34034
99858
64076
89595
65890
81042
28425
29093
