76787
13886
79876
39565
47786
17816
30719
83122
83509
93495
22977
63388
31096
18326
97955
80289
70077
39395
92280
95589
12997
34342
67738
35959
51326
15724
78565
91987
65417
25198
97502
52493
24461
13236
60827
94908
68626
57653
45898
78181
50888
44697
98398
14115
35763
45490
22319
6161
60481
76083
77981
83337
96911
24666
51132
57101
73712
33130
94970
946
99678
30271
52396
1079
40147
29112
74753
37511
36012
35197
35829
65626
44633
33373
80908
81233
39292
64056
55441
67949
82887
39988
58956
35651
69515
6577
39356
44914
42211
14287
21759
99483
51695
18259
77579
32917
21342
84276
84452
34123
92715
2548
37985
2602
33275
36340
48503
59532
23858
76693
45686
27113
78737
86254
15387
2717
65192
44730
55471
68647
18111
94962
68066
45879
58628
23535
52710
75915
67984
66498
99698
72272
30123
69132
71208
51683
18963
7263
70070
33328
26403
54459
57085
6356
23364
63799
37250
51186
53091
80081
75035
67347
58972
13683
62593
61210
31158
54300
89203
78985
58714
72229
10291
67914
96139
59935
99028
14205
36788
83109
71549
81886
15156
33594
2557
90477
98023
22933
21375
