9047
48971
25580
8587
17870
33778
94421
88140
18670
76372
41332
54115
77754
68546
9062
9239
80495
41380
57333
74643
91642
80374
4261
17994
20933
7451
28913
36612
21884
2643
25273
49723
64365
53816
63671
85198
74199
30741
51784
10478
8876
75038
23935
69257
69088
24100
41273
59347
19805
56310
67506
42636
60700
54255
29041
76698
24978
2213
94059
62
46654
87716
97722
62610
47006
9720
69411
61934
93471
13215
5181
81046
2693
70089
43648
78628
58847
10004
46981
86479
11057
30593
61255
87232
67554
45836
41898
63898
99592
93080
36978
68861
14900
24023
48363
8821
49503
75572
92824
38326
23031
78234
38304
64573
50229
81142
554
11604
21967
86567
89277
27635
49892
18872
78672
90594
64354
55593
27187
15837
67118
15258
41096
83259
94876
27388
96147
82040
98984
66201
12685
4437
85191
53169
90926
44400
7243
36487
24491
11876
1614
25677
52750
50097
48744
22403
22819
20742
99938
5278
7192
74395
8282
96626
42958
82561
50978
68010
3018
25059
63601
8150
88014
94994
2787
41639
7736
14093
68503
90091
11409
44207
71822
75409
57615
9744
65840
32362
94296
72485
10781
98816
48936
36704
76565
84417
51228
55559
51561
64136
97914
81518
23891
22686
82171
99011
17213
93421
74584
99804
43866
39538
3315
15828
22184
45883
39497
16654
98067
53593
5122
93667
16419
49277
67816
44294
36523
32997
66983
44340
94492
78397
80106
584
29345
93884
47687
54913
91801
44529
80189
87833
57447
77376
21925
86217
98768
29773
84189
9865
96925
56066
76300
37420
98703
48932
73647
50297
21213
15383
43373
53605
16252
49115
54516
16289
69749
40576
45022
62806
42333
74187
14983
18039
82959
42040
47836
57088
43276
26572
80786
27517
74076
49261
3646
83564
12280
85771
8033
5442
74038
18174
48871
43923
91975
73368
58878
25179
74502
9052
39452
47103
37278
17910
9086
3467
75652
41549
90050
19371
59983
2370
42007
689
84551
97401
66525
56834
81324
61433
77473
52268
35860
90294
27489
5203
51911
44400
12808
59855
59876
12120
99123
5658
1471
22909
28488
89055
92799
25782
16296
86051
18415
91233
95497
70036
51486
7389
83507
63408
65413
65409
88261
54513
75050
31373
78332
88153
45847
36901
72581
37358
65631
18741
77844
83265
85197
65541
10485
25615
5837
8481
40489
78478
41220
63474
73351
72926
29014
22843
9182
22898
35312
68137
37750
56307
29129
60246
25562
9196
58170
32222
46408
56962
32060
26917
82568
81477
42242
41722
3223
77795
55521
14646
53167
58989
4454
59728
14623
67780
48918
36058
18200
83768
35734
68518
43898
68726
49246
49735
63641
82133
61945
80722
46874
91442
6505
31786
21891
19022
92185
862
91828
2635
86773
38639
92540
68297
35146
86373
30329
29733
11218
43769
10961
15441
13301
50074
63879
72750
77740
25314
51376
55916
59965
94624
99951
12649
98199
70814
31503
63731
95041
231
89950
45226
93339
87858
79504
81447
27938
41204
3959
51295
82729
86887
53849
7210
84584
63826
82405
36422
25969
57474
29623
59322
90881
88370
91143
84562
92425
30359
34736
92231
81670
77646
47650
29967
41570
52826
16772
84605
3665
8315
59647
53054
49393
28683
63578
29820
72411
80355
80222
53723
89296
49120
40769
94255
96006
23679
72747
11996
21048
42230
40673
68447
59354
29876
16914
76319
43956
52403
18146
69229
97964
17559
16571
5624
23861
26377
13333
87503
19097
59059
77784
65465
37846
57963
53321
31585
32950
78461
49109
47069
60305
15400
24644
90175
15927
76207
76262
90490
6209
59636
78553
90794
23495
79183
78559
5119
40659
37288
85552
22201
18348
69748
9219
52028
5641
6443
95528
76901
38490
79357
8918
94220
94366
53524
47010
71082
38823
83221
56369
61635
67100
15539
69962
21838
29421
73266
35145
61417
95787
31042
13543
8878
15803
4273
17379
77625
8639
99677
14751
26115
11286
82802
4956
580
52742
15164
58354
33286
19355
93911
12187
27868
72157
96781
41941
90709
93056
41413
7048
57344
53866
6987
42251
92285
87733
86302
29163
30930
24305
89204
217
60194
56149
65696
25258
98100
6090
62663
49144
39023
39294
3988
40158
19664
91051
38093
20098
85512
44619
84420
3326
2613
