23075
6705
96704
54600
29318
35938
90245
96257
42495
88445
43214
70908
14153
74711
29974
67506
40528
37573
69742
14560
2478
59271
33099
75790
65542
33856
10604
18890
83643
36736
12502
21148
21403
20347
59382
4566
52072
54804
58678
77102
5882
56927
43861
46604
57851
80432
81195
1321
8638
85361
18983
48421
94333
98249
6708
51274
41288
14108
11577
69637
54870
75196
76342
41192
97534
97443
61190
85142
31917
17816
31081
60167
92475
83131
36824
79303
4556
81878
81449
63100
87873
36431
82878
92821
82927
6490
74840
91618
65130
3835
66416
20883
76138
11364
90412
96604
73241
24293
79998
89913
25447
71203
71227
71042
57871
9117
26297
60282
21689
24135
35516
99988
47391
81122
78139
41423
78434
98138
50333
19307
85771
4336
80148
1642
97720
22903
29499
72802
45561
27184
69726
46469
88703
74520
18694
87350
40510
25232
67616
88441
71961
11421
56620
86316
57216
97387
32228
49531
51474
90030
84517
36794
75300
20922
34777
84388
65268
32294
52532
84955
94948
36343
1353
47369
2159
86900
76118
80396
75734
27571
71947
77315
93072
15431
47549
37566
49880
13334
6969
32499
2857
15849
77245
20717
86151
97192
49325
75000
78229
49276
56464
61887
6563
6845
41381
65937
60980
53011
28597
22009
97935
32375
15548
11522
51044
67370
45121
22381
51387
29393
267
91075
47043
24681
3727
52367
11044
12002
10831
30581
69370
56895
11823
7765
8047
44463
64395
55836
15628
61908
49316
25354
23102
73274
82483
39200
19337
94968
76450
46938
58932
39888
79799
32206
65351
24528
35972
66841
58644
6759
94804
23555
82418
60392
82316
41660
58044
19183
11601
78266
66404
13594
79435
24361
28880
76830
42127
5291
36992
13235
42875
73529
61137
5978
84410
29598
39947
64810
28299
15551
58698
8214
54009
4654
30182
49778
95524
25235
18088
1941
21803
37853
79089
97900
57355
31717
50610
70957
33071
10094
46226
99251
60076
63411
11384
31529
89484
11251
3077
19529
23110
7384
863
16440
2132
41070
39169
98779
16832
95171
83794
85457
32360
63604
60202
80073
48187
55491
10150
95808
84316
58302
50837
86516
24773
50404
10441
79437
56349
36974
11340
91083
78270
45083
89289
30858
25867
44472
17320
91064
68065
39620
67859
65961
70200
21953
66322
44918
11581
38935
56215
82522
93936
28695
71648
53995
68826
15165
70166
36962
3346
42823
11225
59178
67187
71524
68149
35756
36039
92662
16852
30115
32819
77552
73788
9615
289
57922
57248
39630
48958
10915
50674
48412
40365
94804
9887
64824
71258
95726
16955
67722
60467
42261
55021
18728
65568
70683
26481
52147
11428
73710
10007
92882
16143
9590
76023
81273
17170
70115
83742
11528
57325
24223
14274
99446
23916
51353
56748
38155
56375
67271
85242
22816
54252
94351
9142
53268
43774
96726
19677
11982
84086
80543
49409
97349
92771
49321
14138
14078
11168
1306
57295
36139
78503
53570
21224
2080
64156
43005
69286
58287
4008
60906
19682
88410
50586
66514
67948
69421
29223
39998
28099
43482
87300
99096
58169
12743
75162
6434
43613
75818
36944
96837
83736
8826
39545
