95002
45897
75865
28855
61083
83823
68292
45740
24987
46250
2355
84854
97819
82677
688
67022
5367
12844
63999
95819
80440
16348
66848
83632
52083
36237
20297
21921
16700
80133
43302
53716
71264
1428
5783
99886
26743
56400
83481
17428
16092
51728
69143
46256
4774
40963
51305
61762
5864
54518
50035
8074
8482
60931
42026
6760
11751
8096
72425
4846
49598
63466
47274
4387
31758
36138
55203
65575
84182
637
16089
1506
17462
78026
38609
80156
33998
85870
66751
45340
12659
51945
17506
22497
99709
54142
31552
76731
74704
3298
36327
39465
64134
59067
6857
52436
58623
45263
16982
15965
16282
54803
45082
69656
68318
89919
20615
70707
31943
56645
7476
52824
88832
55239
65986
89753
20778
3069
86001
77986
71621
95776
54944
8079
84647
20915
15218
60520
36123
9418
87108
76841
22570
27382
97743
4811
71025
74633
17103
43006
74413
15537
25494
76743
82225
6673
64810
22902
7092
93269
23084
57722
10400
88216
4668
52721
61015
55057
12411
88103
96928
11942
16644
32739
23047
47177
76550
34743
11631
87935
70243
43387
93327
92398
89014
16325
70220
45834
7761
35526
75858
98799
66119
34577
20398
19787
61230
58818
28491
37180
71273
45151
39418
84901
86038
87395
6184
35352
51981
15064
82546
1705
63150
22385
26628
20534
14274
7575
17985
76404
85966
89870
98763
56036
61455
47641
87111
29708
86639
92457
71113
54056
84121
70424
84041
26086
11861
48772
86973
13847
23744
50712
95557
71223
9879
42671
55768
58977
97430
43233
89280
79301
70294
96288
65787
46957
79631
11217
16842
55202
55331
27523
64394
34797
15746
43680
6029
40467
17017
7934
58350
54603
77897
64682
81358
45894
22183
24320
39737
48432
71087
26576
50670
81045
76240
19748
95419
57721
92479
40372
17359
52189
17487
94730
70833
52127
72298
78275
20186
65364
46212
70130
38712
15359
45313
57548
71720
61296
66947
45531
14704
30665
78807
73548
89771
30319
54130
32097
49353
48627
50553
16558
86499
36793
59644
5884
97454
46528
70964
48234
49186
51861
98347
70145
82151
58800
22178
32305
36808
21097
75621
28889
25619
72787
95878
63976
17569
85447
62250
97704
49600
98402
79346
24304
62488
95981
1425
53923
64731
8075
11299
1379
84383
74945
54682
11507
3780
28258
28373
59440
69672
42340
96188
78642
96047
4672
30843
71217
7381
58029
70666
47524
11301
44249
69463
27535
64915
90777
30828
10439
41974
37572
56540
36619
47423
8226
61324
35433
10681
24852
73429
78916
92339
85202
40157
4911
42318
22060
64601
19266
6551
5316
43336
28889
20081
96649
29549
23141
31473
49925
73480
33027
79464
9705
13273
85281
71409
32753
71975
38066
59427
60840
6384
3812
71307
14571
94811
34645
56090
73457
54018
46381
8525
79877
53167
47308
84308
18783
79304
12676
52332
21968
12610
33880
6586
91668
14961
52947
50371
58245
86103
91678
72403
32861
84836
93625
98235
84149
