3818
77261
86304
55222
85998
12225
64817
48736
84806
91200
45770
42642
58095
76260
59474
48264
46865
39808
40784
32032
50776
73459
89325
39651
95258
42351
72729
15988
11978
13293
21247
99272
6902
13105
63481
95587
82717
75180
4062
81006
15053
96948
48830
60736
63834
17976
12910
74725
70249
43370
1721
25947
90315
71062
95722
45510
72408
15040
71072
76189
62214
99973
82569
97524
34169
59315
73591
10459
87542
70225
29496
20409
5298
54037
74013
96031
32115
48449
62508
41348
19325
85627
90539
40219
39338
28545
37585
78108
24016
36336
76924
14920
57583
62586
56533
26395
8674
89553
70461
1490
55191
62592
46415
72125
57999
56992
35798
38267
39085
84433
25987
52687
87609
94318
57316
81672
19232
26302
41089
62507
24648
43993
74990
22885
21487
24225
44743
76054
95438
76317
19602
46268
1064
87614
86150
82262
27839
82287
57236
42494
69921
19576
4229
81024
21212
97375
22307
3515
78841
38595
41844
47811
30488
7826
42791
71125
57495
90540
50729
81435
30932
58848
31230
64309
12550
24350
42064
56673
67526
80780
29758
35562
83183
4848
88002
93086
51469
8854
14037
25073
93727
18966
55785
51741
84085
73763
98225
16455
64161
13062
29795
59329
10664
26831
32839
8289
8097
88292
71406
88269
84880
26293
345
5307
98581
92808
68483
57943
13449
32136
89549
234
39226
59756
86689
32546
95138
36066
39660
45008
25850
51645
65209
40130
44054
87050
420
68123
7384
7280
64274
22937
88315
55028
23413
88716
96352
38916
40161
65715
33086
68689
25745
81383
56680
85533
7547
46807
62253
47587
71462
26722
15284
82677
8339
58363
85133
89216
97251
50318
71257
74498
47014
39405
63715
17682
72021
19616
80797
15039
58940
79463
98406
46401
40073
88889
10308
51117
96234
43002
20969
22905
50113
30181
34419
65768
25351
63071
99518
36296
17497
74968
46632
16014
47240
47921
84562
88763
96984
62567
35698
53155
48537
40178
57053
66713
3487
14500
1623
78079
35483
50294
59304
85713
27471
1735
61022
72473
8077
56948
95532
52423
51838
19593
90965
91507
6719
24660
55755
45538
38330
1566
20475
11030
81053
9625
70888
79167
15378
57612
49369
17571
15103
37851
39630
50140
73123
47077
4580
88220
57639
13624
73397
45014
34351
25770
99595
36234
62650
27727
3457
9123
33107
22244
45325
51812
76390
45482
88793
87346
75838
62721
23034
33073
49894
42186
3432
87728
91368
62640
62812
52341
69337
3391
4293
59247
32363
6960
79549
33556
69919
85988
44044
22979
94848
60390
49480
88025
91477
98423
39934
56894
