60113
95996
42495
94029
95427
95306
61024
4132
57355
33839
10502
15557
73123
43293
6060
53045
298
20665
6628
98944
3259
85960
75579
12978
24833
55984
87845
60424
23063
21517
23251
70345
58167
91015
34184
17136
9790
41029
52972
68050
80077
6496
77782
47605
68614
66618
13718
56750
68088
22645
79826
92672
91118
63661
16483
27252
22371
76756
418
27593
38949
5119
44565
87800
8165
34482
22476
52277
89190
73409
42478
11668
1411
17610
73295
34296
91624
67585
65022
95690
9760
32041
6072
51481
14610
42489
88996
5692
69639
92795
54701
37490
76273
74459
86075
20581
92014
30581
65714
28747
44139
18154
5747
90525
94561
26013
84209
60325
53846
57910
62287
28097
15896
69211
92578
99915
21339
31612
92983
17030
27704
18362
5411
48790
88370
86686
86946
50753
74976
77073
16868
94466
32074
56277
15831
75489
97145
65106
99246
62613
97029
7185
69707
32521
68714
47064
81440
9109
89815
72795
20475
24485
7662
70737
36329
59324
28116
32010
85705
96025
45662
16271
68317
62667
6036
52974
12183
61125
91592
43470
81888
45153
65322
35517
12970
81737
5909
24571
55547
53619
49859
54785
39975
34753
72635
43849
56249
56307
21102
55090
76745
17621
52091
67682
97452
13307
45667
5882
62837
68045
4182
84567
72973
17274
24712
19386
22075
5589
30839
5632
60180
12109
20154
17903
99011
24478
86796
27443
18853
58417
77457
70130
38059
45109
27829
6125
38931
97
43425
28213
61386
77280
94735
54222
87261
47005
95431
55102
75495
6597
73688
41916
68168
59949
38991
7480
27132
666
1089
11391
54840
72566
77589
2825
93571
257
32949
57571
74753
36463
23101
59645
22576
28092
25998
34099
80923
23442
83915
13126
5587
1687
53681
81477
32099
68750
38727
67223
89183
43542
83346
50316
36313
97736
95934
4160
17828
30603
31922
92317
26132
91669
37214
41186
87424
92301
49911
36434
29654
81026
60376
12463
71341
88778
46096
10362
53104
86855
29703
11078
87189
30649
8085
89381
72752
1199
62451
80573
43146
42865
12366
35003
81187
60892
86647
32381
22071
46050
43963
62585
33435
32075
66250
21281
67790
9140
17118
97041
6860
6447
66668
55395
90870
9053
63109
33221
29925
33799
51339
29505
72709
78043
31364
22118
33361
90300
17862
98354
77689
69204
82654
25370
93470
98782
70579
91470
76663
27641
51534
126
24989
79857
12464
78547
95620
31915
89541
71900
82578
43682
41824
15387
2397
98451
16032
42545
31743
84579
75541
70385
30585
23156
76653
60523
72529
57441
85264
87930
89377
16037
25772
44043
18254
98639
77019
8259
9718
27709
2289
77193
33583
14787
22708
39570
43103
16538
47939
83079
55693
97426
79360
56775
82025
43106
69756
52283
97028
93131
1530
14241
41346
90554
86949
7569
13008
20588
25096
78055
31975
90783
37904
31534
80631
13486
58222
4830
83636
27964
87172
42820
56006
68006
42714
73788
22350
25425
3339
26877
5201
17449
57212
31454
31593
79177
91034
52267
28538
23537
83152
92143
94885
86187
97868
14025
10157
13446
94579
39702
50295
77245
9782
1550
65435
23359
92616
48453
18537
46681
48948
53651
77745
12824
41154
56827
56415
31487
92092
42027
24028
23574
118
92212
49203
39250
58003
26498
36048
44694
56772
43544
24417
60629
53045
93628
58394
1969
7973
12636
79461
60634
45035
88790
43351
75623
54084
58914
41879
36515
94992
69088
26769
95661
20761
19500
29937
32587
84852
53568
94330
59319
50906
45962
61398
83148
30481
74421
49655
22801
7344
40209
72440
58906
2967
72315
56126
87897
41073
89063
25868
49641
98032
68379
6475
32380
90402
38929
60346
97232
30979
48040
86097
91548
91096
93932
60912
22863
56300
30
18122
64653
83543
56035
56653
36054
47684
1986
80662
39098
4534
2663
67845
42862
67165
12199
31525
35324
82914
89811
6481
27104
31711
56826
40487
38935
59700
43143
89425
19734
59622
34624
13087
45738
92926
62240
38472
86994
56999
50681
68307
94051
63854
62990
32687
50824
81610
81329
45221
7877
87288
98310
43060
82644
60162
9682
23791
41484
94748
79615
44020
24678
60579
18771
81102
44500
98671
99110
88879
36278
11089
78486
69345
42295
36958
42505
54905
59892
67187
81407
60913
38596
73562
17850
96620
33352
35297
25122
10505
57690
67344
17862
11450
45637
1390
71245
71174
87356
42058
54342
97794
65631
33418
50657
69925
91790
63941
24648
48385
80844
93034
70078
59923
2741
72788
6427
29529
75788
29283
45592
42268
84562
79585
42618
64206
76689
77017
75100
70958
52400
55817
89131
81616
82046
5015
92771
55834
79888
28828
99811
70204
75131
86671
29718
64039
72654
52511
22460
72367
40196
49060
20509
91425
26113
66913
76697
98343
197
15782
38474
20083
38228
76666
78660
93761
88983
81741
76371
19816
43581
43161
93469
78652
68542
50140
74388
3582
10401
6078
52825
97431
75807
49553
8649
72143
73530
73921
46649
14580
42859
8674
90850
66272
5292
53518
42122
27951
67417
45882
16405
14410
84563
6377
75391
54587
11279
58930
3768
32905
13643
94994
3727
39327
55937
97978
53847
87089
61469
75861
55320
32024
16213
91653
64778
84474
15035
89479
15822
23366
97157
64458
16628
65819
87324
980
76206
48281
42895
17183
85416
35677
11700
38993
37818
93909
78019
20731
23757
84439
26906
93006
91557
50173
31011
94693
45446
83168
64454
46992
68888
62287
23837
19878
93235
