73764
17849
86923
71188
15863
3472
65177
89155
83770
72367
31134
54609
80669
66301
88208
55967
8437
8771
10819
28347
19768
39809
46550
49075
80779
6874
32224
68781
57729
29874
78321
97717
76311
19277
76517
72002
97439
96211
66348
67610
83368
24538
7728
95141
73046
42555
4593
1857
23564
25467
21236
11953
94638
30885
77089
97804
35445
14037
23816
68757
68753
96575
89324
19237
18396
72551
21453
52481
22629
11525
6292
58385
40893
62989
21698
71771
11735
36542
40019
89182
36645
72247
10905
73818
23244
49097
48446
2239
34610
80544
50285
16425
45005
72272
30792
15611
75463
66270
70564
28274
92386
76263
6245
70702
46513
16456
70902
19713
8219
40552
36363
38274
57072
82359
54023
32750
20094
13529
78429
6708
52199
89057
26658
24023
42724
35845
35868
18149
34027
78233
27385
56205
5243
18340
36982
41644
90025
2398
2858
37576
26143
81094
98918
59041
80027
70854
6680
76100
63943
63654
6412
66648
13558
75436
8714
63702
98765
83858
51984
73442
96601
10683
42753
26656
99409
16918
30425
43608
5357
41699
8799
94194
65220
15677
89258
16666
6339
50364
49519
36841
71420
13038
23845
60027
40405
73815
62619
4773
27377
14857
6481
35101
23869
58783
43326
67222
70301
8626
85506
56873
35353
58698
793
43032
15249
83994
33160
316
22234
86453
61020
39469
39533
20424
59654
79538
44741
41856
54225
34421
93718
73102
80798
30866
54655
64545
80702
8307
19339
22509
10539
24308
32205
60904
84759
1027
61836
40299
94152
64052
92626
6198
67889
76435
9276
3532
75312
34701
2613
19322
39486
22660
44602
13349
52574
85600
31276
44965
12304
88425
16772
90304
89486
40112
48672
14155
95475
86575
12863
93465
15776
46566
19222
62688
64706
79884
68451
25234
1822
26956
47263
25283
28937
35021
84530
47176
68890
98712
702
7047
50947
48032
50759
87500
61621
32388
36735
93032
41978
99804
52955
81220
12215
361
71502
1289
67707
14363
97053
18982
27735
39957
33379
94413
47466
32158
75190
72132
89237
61546
79205
58870
99785
23443
98341
63579
37318
85613
50252
67048
44736
52195
17861
93170
60211
31798
18669
73631
76800
41130
58477
93460
29556
34215
42070
51779
27880
72216
92029
76310
97111
95732
19925
70939
33009
64452
13732
99058
17469
90104
25503
26170
33212
79093
71779
47767
94840
16124
87125
63999
1861
93382
21460
74075
46321
98056
78205
43291
78396
66964
35486
92451
74446
78220
541
99186
62784
73593
44990
19107
25344
48013
36184
31334
10178
57257
83843
3702
21264
75601
77360
48020
53014
74821
84188
2964
20054
38853
84479
96549
42386
69695
18624
14655
2486
81604
73959
91461
34023
11990
17854
63879
82259
82999
10220
65422
14832
73481
49127
52693
89856
56596
87489
70455
3528
96698
50773
22713
24612
45863
99533
86139
85157
88108
88930
91260
59450
48500
15030
99998
4829
61037
12601
76803
90566
90610
23354
1383
51918
53979
99690
41092
12102
92767
90482
86742
22145
87749
50664
78342
45306
37787
67332
13093
56763
87989
79342
49244
23021
12014
25605
43179
92864
17274
23459
73342
25223
