227
20758
72257
88927
45500
97466
50863
25304
69790
16154
5277
94264
34506
21609
69012
51652
96298
19158
79838
1566
31988
3116
76482
83972
71494
68130
18009
67611
94384
50822
46660
99336
89656
5713
15186
36061
65327
12249
62062
38556
95266
87676
18992
97856
11087
48466
43004
42521
38512
60489
15048
15560
13677
72112
52841
78030
122
67170
91832
75906
17235
64546
83345
28619
87259
8658
26035
66827
19172
13517
83155
46819
70488
47209
11146
39053
46618
85956
15034
76113
88744
76159
60325
57847
25
27727
90047
66510
1144
41783
35556
77663
46621
39243
42681
17189
91628
35000
31528
79935
21996
89027
20503
93807
55282
1727
33599
92591
22267
28284
58862
56015
13736
55252
98252
62998
71047
54766
25857
73551
24103
99752
70239
76093
52500
44473
39988
63959
27759
27996
21607
37451
25521
17833
12500
95954
48649
24572
81148
13723
34867
99368
21607
50252
55574
10337
34792
36769
56399
66044
64392
2994
25098
17013
27084
94077
98263
46842
59459
1585
46782
42340
84872
1305
41870
88315
55972
23
90278
55422
43922
68536
43999
72059
59765
43178
70083
50235
83050
80404
99628
97067
55318
631
4991
83145
73234
1805
47844
88818
21557
97555
50480
99277
85621
80720
15128
61018
95761
985
64701
98669
74516
57686
97677
94783
63995
33892
13997
40359
89410
69419
81314
5119
38998
24969
46101
96645
65142
6606
26352
96937
58945
64613
16384
56746
7642
43154
64362
91838
76466
19967
86210
87160
48300
50051
75526
23009
10484
1252
55012
60236
54359
80622
65066
22991
3258
59073
16967
57577
69901
93971
19245
52759
86991
2502
66216
64009
59046
58857
72071
65730
83689
8663
8161
58606
63622
58678
76161
95043
33166
14114
7981
38957
25667
81656
49895
58554
88412
85138
66387
38763
72159
36746
79119
15965
27547
77142
87824
4788
80204
37874
31932
60693
43261
60130
82019
48808
97255
14876
13315
87241
6085
83071
36146
84019
59184
67740
69026
85329
72652
29505
80287
46082
84000
33041
11876
8477
71166
43057
40397
32334
27714
76246
17212
74956
37479
163
50610
81797
12907
23465
76660
81874
18547
20203
39018
57052
39143
61631
94756
6533
5483
51750
35632
58338
64122
71747
15667
16850
97042
27819
38338
26598
28717
34977
37964
39181
97162
49841
54437
93204
22665
31711
55240
90933
53297
37182
4499
28292
88497
21629
9171
44307
48217
59168
8659
34163
55665
39739
75817
8652
14037
21615
80332
92537
24156
75176
47915
89452
75792
3303
16837
81847
51643
38838
36706
7479
11293
94494
7038
95258
40505
42964
68695
16412
33503
68777
1443
62718
67085
69427
27445
52393
50454
48503
69405
58779
72807
32827
12982
95751
33035
3227
35134
80281
32600
99226
31430
30829
36812
84860
825
69890
2378
74194
34471
31759
60533
45334
11802
50777
82843
89979
34872
70900
76993
82898
17779
2887
21755
24560
79912
35192
57461
11983
90741
40277
16174
33419
58028
52213
20880
20634
84834
64147
87463
47823
31431
53693
85001
59127
9590
89545
25954
924
34081
92422
85421
31602
30908
66747
74892
62107
95079
32479
64934
16694
77325
62918
22202
43130
71000
57913
21804
59823
18811
57599
34139
62630
90943
29897
74219
63037
22653
27930
13772
66234
58757
3683
10894
94691
12656
5602
55956
32264
40546
32775
30418
16147
80942
53422
32752
46964
95913
47059
98480
95404
97840
35530
34483
35214
30026
36850
26497
21156
67746
66526
69939
28194
46984
41253
17729
61123
61799
18571
19105
1694
80280
23582
28230
47418
28282
29124
78190
91317
14074
49131
27568
25026
8273
39164
7890
7959
77245
17405
19357
25017
48589
7902
14699
39994
60916
83649
44531
8765
24371
1400
30061
28046
59477
91592
40060
70873
27913
31458
8830
12452
84398
24553
55128
9851
61764
40145
3181
76907
41518
82262
24062
2148
2106
97942
56451
49874
497
60911
92769
14580
44205
33175
54964
54095
41259
14496
33796
92685
6397
13059
78765
54027
10600
52781
70792
63020
48974
83019
51262
29769
21231
19897
7709
74406
96643
29725
71809
61150
13356
80643
30502
30087
58130
55548
70862
40760
28869
92082
74255
61618
87845
63107
14217
43022
48517
2952
17375
17906
49010
79947
22515
5540
8902
22969
31394
33145
59008
17612
7550
1501
27237
70943
93775
23838
33455
58681
22300
89227
79906
31832
90509
34735
81909
96481
9784
33990
63259
56300
5680
62099
60574
37206
7425
1391
92860
52237
18132
41993
50898
19272
93454
21993
31470
4762
47826
88078
84743
29639
31185
19025
50446
20773
20086
77680
19192
58407
11478
8793
89312
14165
73196
72975
49642
12388
756
15560
17776
58451
63349
73103
10325
36095
29095
97359
64765
63215
23380
46974
63810
14073
23893
70818
103
45059
77931
52099
7890
10077
58216
8644
84220
38555
77050
33472
47606
89674
95346
20959
46660
