45579
25945
53789
97359
61243
71211
985
54415
18551
82442
53817
81696
16721
33255
1994
14730
73487
52628
478
43558
66996
74373
40005
54466
78919
41951
55855
24536
71560
66944
91929
99243
14252
38187
97464
16405
17037
41797
63085
44239
4546
15878
51807
98657
72710
90051
36639
71805
94396
61794
45046
74203
91938
45749
88495
94260
82068
65815
11109
12307
42698
5025
62091
36419
74352
86839
59161
86513
71289
21158
3669
64435
25048
69896
8433
29605
66632
53833
36089
39372
8691
78670
60508
19940
33173
30215
5299
66110
71051
17237
99946
41913
7051
7667
68152
330
54330
92175
39091
92593
65067
42679
86567
84262
51375
33562
61734
34701
3440
22866
6967
1978
58100
57336
25189
41599
32906
42004
48475
90736
49811
44574
40379
29422
89164
27853
22506
51798
41132
85341
70609
93706
59064
59060
85396
99119
39582
41081
22734
91292
88546
42283
32792
29379
54425
99767
21540
15006
12713
62615
36151
77745
16271
70397
25409
45932
62180
21715
60476
96052
85713
38871
86526
172
96391
83561
71003
16012
18882
47053
99799
61739
21450
7745
78941
22625
53870
67409
13974
65372
66751
49373
94084
15366
59921
57456
29375
96234
50541
18167
21951
21919
91586
35907
79143
7845
61369
95715
25497
19347
60789
46489
10261
54467
99010
99456
94718
79427
85059
35174
55457
44969
68128
94853
47295
58234
5080
88407
99104
84637
45017
77124
79784
82680
59205
35602
39681
2285
4801
87967
18920
84180
62286
2004
82067
56627
98903
7219
33308
89568
25901
10743
55060
60787
23169
93424
28408
50940
19469
5819
9990
7632
71534
37973
527
67048
33602
39691
69293
63356
98817
62357
97706
88572
77663
40486
26771
23668
81353
55389
92896
53254
17881
21544
83265
93228
23310
61548
650
25023
60608
8264
93678
99335
58385
46482
94125
99462
93831
60821
95299
34580
66476
22208
36442
69740
89050
15597
37041
25398
61149
2384
77818
47401
48468
71740
96667
19013
40313
23238
46110
42691
91808
57525
96467
66353
56321
64196
10865
6974
11773
75423
93282
36160
26618
67541
21516
5813
4151
69510
18518
28779
76072
94388
30439
80581
72278
37446
46820
86992
20941
56091
94588
92893
5189
18016
98142
21073
63068
51156
51150
56653
29936
24594
45307
53853
74950
44139
27888
99298
36862
17727
28626
3746
69715
57894
98851
39841
89633
14038
40811
89911
90151
9469
40101
67216
71077
59396
45669
44635
59041
72238
64447
28264
27486
53988
55472
87613
60481
77778
69066
47448
40527
22049
77693
46965
15807
68732
49449
67498
5260
17364
40715
80872
73210
67
42179
85343
14040
62660
90801
37966
77179
13120
13679
825
78141
69517
33323
43440
74982
87308
39768
70988
65049
36092
77869
3610
74568
22910
42152
27723
28568
37183
21339
44997
48907
53254
11159
56893
69414
4491
82809
19397
98737
16004
80856
94008
42092
24551
25344
55953
81272
92935
10736
49619
17935
30466
29519
21802
23301
10876
921
89166
57593
39794
899
19902
94290
71726
53837
9213
49542
31460
30311
17912
43203
89843
34810
43339
75714
84362
32168
41559
62971
20492
8454
85308
27564
60121
25935
77547
84754
9429
83025
62291
90603
16134
59995
10123
38901
95091
44031
10268
81919
65581
81006
20384
87335
91617
47341
31598
51079
55000
49483
39030
62702
4986
437
60811
18124
8438
24311
92254
58276
15470
2434
11909
60865
34559
17818
58439
50505
10876
94668
24702
51138
49014
53495
62035
82118
19382
56360
22243
39631
58071
73518
77512
624
94538
50878
88641
34900
43992
52133
66776
76146
36515
98028
5747
1633
51911
34449
75666
83250
32098
51856
14410
93137
92873
65460
59941
4510
6821
36442
61317
14926
57590
91906
8020
95378
68266
15721
20679
38503
8452
48823
51012
30350
82482
29791
84611
6246
