59185
85549
70109
89679
85163
88079
17
91404
72776
4082
12092
29105
51178
21605
5776
78940
7533
9551
33665
98928
30306
47751
33239
39248
28107
91611
50399
38785
45755
85142
28096
1067
44563
47172
95510
87256
69643
57548
72054
64806
55733
84028
10588
58328
82908
93186
27795
48237
91320
59236
48477
21398
28018
81789
77462
64737
93152
53365
82355
3044
61368
84830
95898
99029
16049
27091
3720
29518
1844
1940
17305
43086
32708
11666
76024
95875
14067
27402
41427
42088
47582
90662
4289
94820
86985
12827
79933
87107
54104
5295
93923
19106
15987
94589
10020
15100
86948
91551
42003
20933
22411
50242
