30903
73596
85830
96442
49477
30266
68907
82266
93693
41235
20416
24703
73456
42170
37631
48750
21170
3398
8786
72872
21261
28332
68042
45237
81408
80368
2075
81712
84485
96142
200
74101
79150
37582
23820
38457
31139
42012
81534
90980
47014
47197
22735
98344
4090
42678
76563
52660
36652
86965
78652
61070
71014
97988
30302
77522
65745
39329
85286
51528
98247
79219
85333
50913
67927
6825
9805
96544
59218
43926
51988
31434
91611
46121
40230
31885
86980
17524
17977
29975
79719
92095
84119
47407
44558
66395
67690
33603
49901
60337
50499
7911
57218
29962
58273
56685
82649
33654
2127
60010
49683
92214
93959
11783
35916
25547
58943
19009
72002
95657
45055
15014
32973
72268
67533
95673
17641
97255
12982
81173
30751
12754
53399
48023
99222
73923
78010
73345
77826
73890
35892
13834
8365
96553
14890
48917
21890
95345
11450
41401
99989
62083
3855
447
19450
89093
28320
62487
84156
60983
9840
90248
50057
85867
21669
87682
26003
27184
78221
17583
22717
93374
84256
45649
2734
64997
75935
4107
25114
85954
86408
10881
84476
33975
97772
5141
10819
40593
23792
59897
50547
16693
64321
12881
83962
95938
78235
57225
57176
26095
67835
65353
45438
52327
42019
88338
47712
66165
7951
37394
68670
7854
5809
30823
26202
74454
6367
13438
56290
45908
57615
4601
32358
24104
15291
91134
32701
85798
66931
71038
89863
85202
42729
28229
34227
34494
31914
69257
65414
80264
60136
68976
38864
76868
84764
83539
98969
9407
13165
62653
69847
74067
99168
58793
9131
74187
22413
86864
79091
38610
3773
15042
2729
72849
36862
31484
32596
31222
39050
2865
63412
30163
30144
13331
50514
71512
68307
97261
7499
36731
25105
38668
76773
74325
47641
87336
4841
72511
55714
61532
38184
34299
53841
79847
51773
18371
56022
35677
6066
58094
53108
57543
92162
13909
61044
37614
69354
1055
46760
74269
2154
9684
63761
4966
71128
5836
86303
49244
17432
80883
47846
21119
43778
