19298
41089
70479
9038
3573
56014
99596
53315
43872
36343
7370
73621
11531
97122
67570
16216
43634
38766
15022
69213
29467
42739
93709
16603
51185
46844
86619
50866
72812
4161
40461
11578
91395
16766
82431
77844
80837
82175
76770
37215
61220
84701
15241
56654
60732
99486
1127
50392
7473
4744
39044
96185
32359
47335
32600
3287
52158
92236
59691
4160
28227
4861
4712
744
13960
22738
45396
48735
68558
18749
9120
84969
33309
16987
94852
25111
27526
17355
90473
23643
66718
1755
2968
82051
89136
60917
1835
51505
11095
73145
5736
13106
64440
8963
44367
59820
68051
3503
78021
57874
62640
60616
42837
46482
6164
9806
19298
31643
17521
68977
58731
59235
37752
75169
22044
93513
26515
24962
27912
5042
42489
93372
48471
28573
24081
24863
57572
78918
27720
80696
7378
8022
36275
58439
58015
34538
73534
45369
94581
62250
97510
614
34948
50687
64954
54195
33977
33468
75303
77817
35574
81717
76538
30450
54442
71088
34118
13635
57893
77372
47535
6384
94619
14403
78320
80905
33140
79047
96034
87977
73105
44374
64936
38929
63027
62077
1361
81577
12150
6962
8578
72983
87862
48650
44111
52081
6849
9056
99499
31321
92433
73454
5884
2136
11354
27429
87935
70209
64622
68663
74337
44837
52906
63223
58830
18857
22877
88449
13364
9870
82462
85169
89109
8171
24945
41463
43075
34333
23351
47921
90981
62902
68908
1538
58110
21582
29826
77134
48035
8354
13541
87870
76306
30665
79372
57422
68914
98996
66648
19054
41269
94775
27823
7915
36997
86715
72246
98537
52036
37911
60834
3272
93457
71187
99086
86458
47365
43271
30811
23870
67478
68656
69175
84733
59752
27264
18736
86169
89076
51133
75491
34897
3393
39317
90850
66181
66303
12934
75917
94577
5592
95462
73690
66644
48655
19403
98220
32291
6785
33428
6276
80459
23574
9027
21673
54742
20694
6947
67741
86937
96404
99873
4466
64833
12283
40898
47060
13772
59702
77320
75484
21494
47152
69321
42167
75465
91486
45855
61942
25513
92472
27057
34340
44971
5686
71005
48357
11945
61608
17331
75625
92186
24327
55269
82954
65732
