58450
39348
99323
71046
39600
45086
37116
97746
56674
93025
17738
16337
71829
85566
51983
54655
66446
31228
44841
25456
31672
95728
51446
28445
62001
21661
53683
28071
81784
91718
49883
56801
28384
37777
8094
45257
10876
92405
97130
5637
53261
30486
60934
81520
59594
71770
2526
69181
94799
41435
82715
44867
58211
21590
63094
89437
19900
56938
20783
2995
47325
71179
70640
14584
3937
69037
61465
9495
80646
76696
92422
91864
355
69651
81671
95605
87414
17499
6027
93807
62419
37884
94535
89781
99437
75272
54142
44863
96202
8233
75445
66846
45249
77617
72178
54186
78114
18955
68630
22843
16210
43832
68892
35954
62731
81658
75196
80763
33735
63419
43035
68126
53289
2715
40609
97693
74715
94449
49497
66052
5628
99691
56546
46619
11033
41031
88929
78957
82048
36933
17022
89900
988
6898
37267
22851
53332
25341
816
23860
4558
12287
10983
94262
10553
63363
14482
98790
15441
16464
4492
3987
13266
68980
6721
62106
85150
63642
4020
73139
8805
91295
41403
35350
15577
6504
11068
28212
56175
99421
12708
84966
70834
63980
73125
66974
99949
88070
38004
14495
11438
41838
44235
33093
75874
75217
22950
7829
92680
19292
36939
18208
15653
71080
2723
78327
2379
83767
31493
88191
81375
26218
42680
95753
70164
5340
51222
70641
27098
19707
6384
97162
51032
74489
96334
29216
18884
80829
51122
76508
26095
64761
97311
43667
94557
71049
81169
68587
8102
80326
90027
29053
81106
2621
50899
26472
8215
78892
89594
50623
90279
69125
40281
82334
48650
40937
13507
8891
26428
62383
43371
15838
93812
51194
84170
1261
4089
31485
51217
85930
75234
23260
23222
77860
58696
68267
32523
92851
96451
92693
40252
90699
21027
1367
75387
89851
70159
18385
87475
42147
48943
56040
38449
3246
56709
83843
97444
91036
91343
57254
34230
85666
39127
92415
65842
65739
37191
51380
24269
84700
384
58471
95151
43938
49082
166
2678
15852
30677
68660
30365
39235
11083
75052
65937
62358
16814
90697
90300
18242
91090
104
59601
75142
66789
79838
91607
84385
17541
14861
71278
36449
80334
23224
23284
30325
52678
29618
80450
79359
49053
6840
62896
65536
24126
71894
78912
33601
20407
73337
27402
30754
77161
4163
75341
22885
22071
36945
12899
91354
39872
10670
29131
89577
76579
15702
95406
30721
17854
61366
45474
58129
37663
93863
7037
67454
65667
30617
59966
14078
2888
47482
2423
30165
64042
16645
52725
31097
36488
31390
62438
67708
25769
87072
62620
18572
41652
22601
52531
57018
70812
3144
49709
34714
27344
61141
68511
31874
89443
16905
15205
46511
87924
84127
82711
69840
71205
11169
13602
16313
67662
63724
84178
28002
13877
28512
85590
65295
78402
59072
90563
35925
81984
62560
9309
62568
53750
45063
52213
16707
84688
96077
11895
15970
98786
47243
83027
84157
80875
26283
36733
55233
67077
28337
56278
28568
26929
93686
26464
71370
74897
52731
23740
88749
58272
41644
93328
11345
68306
87934
53919
81870
51744
39951
43109
11254
44558
69808
31318
53085
67224
127
38599
24068
10119
71126
77845
1939
126
17640
79028
74629
51937
80460
51136
19348
85818
91183
60523
71725
35356
9034
38694
20903
7032
89588
56751
86587
12206
53004
12256
86483
73698
6433
24011
39426
23414
7578
68190
25544
16303
1138
34205
69737
29145
25367
33904
17288
60714
88775
98326
16857
13776
32313
71764
6100
31554
8303
50755
17410
14419
35607
33074
55866
18671
5853
83643
46045
50395
62559
94008
40423
67543
54730
25879
42019
88941
76122
47775
24012
60472
28526
30290
78395
36646
97558
4111
1427
97773
18342
62455
44529
83107
25118
47110
62145
37552
14199
36998
10539
25886
63378
66498
94491
60181
25902
29198
21163
78138
20180
58569
34170
82146
82474
