43248
44469
66190
15230
71814
40713
39665
39908
13607
95102
19112
15820
77460
35951
10318
12549
13033
38423
51376
59435
99356
14774
9046
44801
42247
22071
49081
75396
32965
22766
19548
47246
36957
24207
32709
30208
89045
24880
56231
52989
55740
90785
78098
43846
91763
11238
84371
69734
81263
37718
13861
58188
30924
30783
65250
18860
74579
767
91004
60913
36277
85762
56434
52719
21142
35794
81100
95006
14234
24368
47848
56439
47509
54219
25214
68037
58677
60317
9941
85754
22787
73988
77981
88549
87924
82252
66256
26804
78634
60141
50983
44424
11674
4303
31758
40904
61716
29215
2109
55887
62235
51679
46076
69537
66583
32919
58569
43764
21164
3474
76
81921
5701
22628
6628
3098
76135
63506
10526
18935
35953
46083
779
2673
31930
37821
37228
79138
22871
89835
10926
31690
99070
11421
59568
36598
93742
70891
25646
31456
73181
18366
75473
35608
40531
85072
59424
7699
4264
70358
74506
84862
27621
15813
68322
54650
69663
82327
27184
74467
18907
58845
78905
15810
10926
35433
13591
17447
31925
59169
21918
72331
26641
38927
36792
47411
12321
86335
76373
55771
15025
18450
86310
58064
45147
68403
11009
23342
96099
76274
99698
69134
96627
46958
98371
65299
38226
47078
13203
3398
8021
8474
23061
72351
63406
31028
80445
87399
66889
68746
77982
97221
31791
92950
50601
32903
85413
85576
33088
4840
51404
24606
45099
50508
67615
64708
9924
89406
91826
76221
7273
43995
10747
19039
82206
96681
58251
573
42288
9206
24880
58110
22057
1015
66816
42233
94052
82471
38771
15505
96030
21759
97650
45545
55494
61718
58831
41101
66426
94335
42905
87638
86365
90673
90521
36487
15624
92719
76347
20943
80748
91236
51899
36566
47922
7159
30432
58472
6551
7648
41597
99277
97823
61285
79389
42438
33158
80256
11960
16646
65542
37379
15762
16846
22065
35270
66034
95932
78415
71661
64655
18852
41381
72307
19584
40182
23939
41264
8813
21988
43542
90870
97594
99712
98108
45077
89629
41818
23255
39557
12595
86681
6625
44202
75357
80094
93097
25813
36700
7118
36467
89645
7072
54587
17378
66328
46997
58953
99154
29885
65598
78603
31625
4148
17015
68267
32762
17905
17971
27385
42929
90850
60594
74630
61857
91453
5320
12525
15012
52
84870
64866
75622
38812
89229
29213
72514
6278
14026
28609
26936
9684
53253
2332
95423
22169
93010
74641
55332
37112
24490
2436
53889
90101
74827
79533
62070
81894
44085
21347
66835
63424
39107
47090
10859
16545
71556
9286
66197
30392
84598
95228
47032
43423
88557
33104
73991
22784
16075
77272
62527
52136
24353
99654
24870
87048
74316
84370
59152
42172
59323
18883
56883
98107
26462
40152
10119
69783
5958
40067
95767
94785
5628
1770
58752
13194
57835
10392
53967
97530
27947
97709
38803
39801
17685
26777
36905
48993
6552
18192
49305
50766
91281
5305
61204
20944
99708
28372
30230
70647
23277
13893
91313
40361
34166
7719
37029
33494
28275
8763
84854
88188
25426
28340
98036
35283
83568
75599
52784
6210
76742
67542
41784
49225
95257
35755
25833
67385
7512
50344
4340
54772
27606
70026
97779
18384
70540
20680
70147
28884
36701
19359
61569
56367
35879
2544
69547
44107
91416
78533
58842
27134
32803
8401
2404
18146
68119
45903
72727
79985
59232
75450
55452
50318
63272
79647
78465
24540
34578
35520
77104
41833
62603
41348
10119
70880
47557
75935
98515
88752
3706
97429
35584
50552
1777
77386
76143
98871
74959
93030
2768
34944
96974
81654
8186
80528
92089
92720
96504
83365
66694
98786
40642
44055
6625
55353
90398
66556
77804
12573
9748
36288
82918
51162
57512
68348
81827
25752
5339
31090
15987
83529
33973
69221
68446
38165
30776
42187
18679
36491
86095
58962
46667
6730
16951
99750
41623
34477
32760
81997
83140
83487
18528
94934
10158
19815
26875
75754
53907
89946
76874
81758
57654
66846
52224
4091
67641
3182
80276
55383
94793
27079
5167
42141
45943
39825
19045
92323
20203
49574
62067
24041
43063
37927
16788
54558
36593
2694
78648
93375
8606
38630
44257
745
34470
17511
9141
41406
85104
1296
89540
49959
29541
79723
62045
55715
72217
13571
86687
2999
13677
74855
43682
42133
11129
48809
15128
60339
91435
90007
99736
7746
90756
78919
40103
99785
26120
84264
80600
95665
92008
34293
56307
16468
71567
82834
50879
608
21946
42332
57510
34265
74221
91258
21610
89603
14418
18337
81792
37162
61292
1667
28301
37394
67511
27108
660
4737
23374
46597
39061
73576
52493
17889
60957
79039
66391
3974
97626
42533
35477
45696
83074
71702
60190
74163
15287
30584
16910
96345
11913
23857
55909
33936
41620
87447
69577
47373
71036
72050
5193
85017
40529
55995
83388
58369
73162
86795
19231
9405
77313
61738
90745
6080
85899
62969
88339
59146
29719
71769
79374
88328
85332
33290
84290
10321
67305
64554
28817
13563
52305
59718
43615
14492
70386
47216
40957
37961
92054
2906
45712
55072
75453
94240
38441
67688
3833
19615
64373
82993
21170
2159
86357
60549
16945
91281
6800
98077
17121
47746
40191
73333
60873
54326
27436
