25060
82272
4698
60069
50747
72311
90676
37373
13762
98010
93464
93968
63905
22750
50635
95693
62527
59810
97157
70671
31325
65324
63798
11613
86008
92300
25707
42671
44635
59627
24416
59286
81161
31753
54031
79115
34578
39781
86276
93372
51735
79833
11500
81970
21508
84899
45326
67282
73982
74963
56642
55066
70565
51109
67036
30349
63873
72394
81836
73830
26599
34907
68215
46213
85572
62769
24661
62024
7305
78195
80324
67034
97342
63790
80266
87310
68176
542
10124
52611
9831
37874
27705
30287
16386
89060
87711
10846
93162
27929
93259
53076
14964
98231
14858
15077
89902
29634
48358
28306
28199
34697
37860
88819
36611
97337
81758
66939
10122
26817
743
89415
54466
89305
92598
44117
53262
53683
25783
20132
52720
40584
75662
4717
81933
8051
18987
6673
56396
19780
31371
44375
98306
76598
37438
8643
61033
57858
96284
82458
24664
23082
25667
84237
31057
57189
51224
91773
79128
54078
61742
68702
40835
94954
31067
29512
89706
36437
75327
82943
70795
11173
87832
47004
79659
93307
55210
80719
94429
17259
68562
79659
88806
7826
32096
24736
22821
45133
24298
73706
44464
90214
72693
6465
56963
41878
27918
13882
12200
45465
4124
15990
45694
64933
93418
18172
14885
67386
26982
76900
23701
38705
92665
74795
30668
30140
56208
56199
8263
80994
29192
24399
58078
91540
54202
53324
92663
27541
71274
63009
56036
74004
42177
49123
83466
72350
49719
97747
77857
45
63544
52920
6354
98604
78238
2010
82170
77553
93216
25867
39381
65144
45361
62019
27808
56804
68143
36587
7571
42062
15165
83175
79075
70515
11071
76930
13135
64748
80457
94635
82289
93194
66555
47452
95880
96751
45212
58293
5540
13784
63089
2433
93235
45933
82459
49279
9425
4405
38901
84020
83831
6540
21305
66323
63236
75776
33191
26848
24238
67911
36620
54517
47233
17547
1776
64184
11354
19371
69781
74530
84312
84792
55854
12403
61680
27572
92495
3467
83724
9622
21377
71119
56111
36876
63825
81761
10861
39652
10566
82881
38980
19106
17801
85048
59336
30201
82394
46288
46945
81777
83320
12054
96409
86464
51710
57678
63210
30889
33393
20110
86817
80684
11152
26830
21834
53006
51455
80341
47393
9754
35443
74617
41670
33627
56308
41445
48109
46098
41045
20693
86400
75817
18479
72886
59659
61437
35078
49311
44395
30453
14017
76193
28512
96037
41934
60385
65268
28269
2646
77138
11182
34153
90647
52323
62037
24756
63562
45276
39893
62095
91511
81996
68262
43304
88374
46897
72918
297
99767
21811
79370
32218
77775
23174
75629
48721
27001
96997
79777
69702
45464
94975
95704
40830
19467
75410
67302
910
2984
57766
47027
56373
33199
61788
46167
12632
98737
14116
53940
42002
15679
21093
12388
8790
39101
46640
62812
48918
34707
1623
90729
26856
59616
29646
44120
9308
35245
42177
51323
58738
73006
76272
58616
27282
24287
92417
3138
48529
1034
86180
86372
387
5616
91940
85961
3340
43283
34714
17325
79619
18136
13839
94102
27251
93395
31786
20592
83751
61700
64942
52465
55412
77366
47097
29334
9274
73803
63255
90084
90765
36588
13536
162
37543
66305
54262
61207
68480
7614
72858
87674
85741
93794
44075
44055
15011
84940
45938
64308
84623
5445
13350
71947
81087
81132
41637
71049
78099
66313
84137
51878
85439
31364
25501
83995
62919
46450
60352
11846
1885
87985
17277
67739
48378
62335
34690
18727
33760
87959
70892
52146
92102
1678
15983
18783
87623
24192
85230
21193
90910
65600
10309
56974
39112
38025
74730
45906
19167
38372
96776
51197
49515
76026
30728
30761
91268
85656
74257
4213
8562
96196
9290
35265
77682
52686
74372
24455
2032
66703
50004
629
74531
98613
30637
97900
57926
33975
9797
52416
25079
94118
80484
56374
48713
95993
7035
48924
49953
35016
5776
87646
17015
69354
90209
95926
78611
75479
34464
20640
87018
60970
97232
21539
312
50517
13621
20528
7254
20399
44129
56905
66931
76268
96568
56238
58613
76576
64652
74413
17204
43044
20675
74703
86098
3114
43406
5276
83403
12670
43664
46088
83835
68530
40049
87158
9874
52126
55635
34322
36456
99235
84765
6020
80726
12377
