7514
99517
29957
71891
34655
40025
74554
90301
41782
4138
58674
95739
25883
8435
71225
45127
36254
99898
35710
67959
47824
59412
14437
49587
79214
5741
90532
15161
10173
86664
12991
43697
97077
15117
65499
5580
93269
21239
54266
14225
84380
31431
44041
72600
46643
2248
80987
5485
85506
58114
84094
22140
96843
86641
20280
40564
33217
68799
71060
71531
88517
47477
19212
94096
17133
56714
64904
13235
48720
5946
47192
25898
54982
48319
72867
40980
26855
44206
58050
8361
18928
23107
55332
29882
9881
74242
52897
19724
328
19714
26843
47873
74789
42128
29989
17636
1389
59232
73823
8744
59971
9908
17336
56850
43965
98606
9797
54450
11750
75940
83654
22578
56206
22886
43977
98062
76638
7205
2091
55538
2306
64032
59288
27649
79370
25205
6760
25245
79246
35999
17674
40315
49103
52192
67161
38761
46691
12783
39399
68438
2956
83950
4639
79002
49698
47191
16171
79819
82026
62483
17856
4377
77159
64980
78790
82600
6725
24663
6149
43663
32121
41497
15270
33023
10743
55312
96306
53661
61957
83516
1424
34306
65266
83337
4743
20299
63181
57613
80270
55068
96039
80303
11236
44799
14675
40752
2650
42710
539
73346
90777
42621
11578
88075
31591
30212
64322
34250
21582
25147
30689
71614
81443
72012
72172
48329
37451
28049
4538
73022
39945
32466
48391
76559
87029
47607
5170
92781
21739
57381
77131
2899
29931
37649
52557
7645
93040
73070
44600
66541
25062
10165
44838
64119
17410
14573
26901
18498
91275
14186
19350
10419
19679
32533
76009
48997
72927
37559
35800
79075
77114
10580
27775
1061
40805
84947
57950
33130
7991
6133
78054
15820
83634
92960
31797
95776
59831
53429
60170
47924
28358
530
15485
60435
7710
92555
19617
2905
35599
95098
57815
72404
49894
50523
17484
58516
45486
66302
98139
64267
96034
89926
39167
65660
14682
51248
5758
80892
6562
94312
44152
37330
95200
66451
99775
65944
92431
35392
24468
17895
49899
27077
67515
87537
77618
82312
69315
35884
79148
95650
31198
29580
37867
21877
76317
21219
21974
9124
44730
55860
19227
47258
35736
99875
50046
1447
30999
81672
23620
66387
33432
81772
93964
92515
48201
94448
35053
13062
36007
60871
34609
57442
90197
96198
47410
3214
28962
54019
70478
87070
37542
45193
31078
15848
59749
67993
30451
84822
48165
91739
9987
47201
89350
55918
87672
51547
18349
79984
47494
8227
74151
12713
72246
6552
25652
31124
93760
76586
39037
73101
63874
93555
33706
79501
24825
30963
90063
45447
99994
44390
47313
74942
5292
42296
56396
16600
721
17493
94622
66546
96219
99123
6183
27657
24026
3911
37734
84960
82478
68121
66840
36309
24219
48334
27809
71276
94668
26388
97533
81962
92600
73375
67823
57499
51707
10618
65951
2767
7744
50543
50916
15518
1268
21330
93861
70066
56635
35003
75665
60983
7089
54714
54787
70345
53986
23526
89823
6236
5532
73033
21736
18516
99938
93554
10970
75380
66926
98198
54514
90908
40086
