43656
6419
86775
87071
61526
29590
8026
3312
71672
46523
93976
97860
84073
64649
13753
46732
99557
98695
15503
64820
88524
70305
86416
39581
18169
59015
32269
36148
19471
51671
10968
45853
27465
1556
51026
73227
94662
29755
74154
71928
47689
89741
34956
88215
73276
2036
25825
25916
69917
55222
82154
14017
87044
5655
42814
60342
42159
52180
55630
48578
21602
62884
59784
61446
85776
96270
49314
92881
93899
13427
67895
68273
26298
78628
59420
38572
57291
59668
9618
58406
4919
80129
92052
65357
14249
85177
26253
23755
50370
42914
43036
87533
14387
1672
9475
47333
5911
46277
62449
49420
70136
31440
1380
8290
36040
4500
33526
60969
70470
54381
59036
88122
22606
33383
47599
78275
25928
61486
58277
35866
76759
43820
57244
72704
3561
52004
4069
89383
10882
92768
98264
61610
44957
77710
27850
67564
17062
65089
23817
84773
34528
91746
25087
20835
74581
39948
82325
96718
84704
71829
88018
62773
85804
61533
47205
44754
64536
19987
19289
90732
79648
95152
63106
85127
77603
36852
62819
61725
80925
70059
36133
73988
71640
16630
96492
83915
18238
26071
63085
43946
85036
56240
98294
73161
83636
30580
47099
66120
36880
18815
18873
96100
98941
46284
77708
93273
94156
26068
11209
98335
57399
77301
63766
89779
67215
47351
2589
28135
46760
75161
97466
48692
49876
40433
32473
68924
76881
89036
72425
116
61313
51170
85000
53147
14721
7075
17253
66757
49264
50334
32776
49149
25536
71160
40782
4580
81986
87792
73987
58566
95912
33359
54734
83847
76648
79759
68324
88320
45226
96424
40052
39121
81329
44783
54916
48949
59766
61372
42824
30367
61146
51123
92153
56981
44238
93059
92100
72074
8530
63851
14171
65734
62628
51411
45684
87298
67085
68616
86978
96123
88436
539
63337
80253
74536
89792
85332
26583
69558
32121
50007
36307
2689
1031
33128
70628
5271
91565
82498
93013
16114
26685
91959
95002
49136
6199
98340
50507
42904
73603
12801
39207
39102
78278
78014
32311
36135
6627
89448
95311
34460
49508
53214
39757
72047
53396
2163
66705
80098
63427
76995
8367
20664
95972
44475
68813
4477
46600
90569
50066
42239
86140
8698
93237
76420
48450
83131
43420
39349
28723
32207
97677
1900
37074
83616
93890
51992
98478
70610
12431
28990
22594
35160
11115
8914
18846
46003
47589
8643
62755
96173
29452
85487
33457
94105
75485
34473
76268
89628
21680
63374
91504
59943
23300
2742
93702
88554
82512
34804
36618
26433
50188
78971
27509
35505
20106
9175
99519
55236
25791
64287
34085
59454
6574
91189
69290
18133
60322
99246
71378
6194
9586
11988
78552
81108
32329
42034
53155
52388
56771
14870
22576
24969
42421
47576
79520
49315
19197
42325
38566
62423
11213
64147
84968
13574
44455
36030
38804
54938
11767
67472
66261
20829
73621
2479
73669
10013
87341
98326
12466
7923
62168
23174
70406
73556
11569
39762
64199
58237
52592
88549
1209
20260
8530
68864
64126
30942
28036
88828
89044
19372
79937
57963
57777
29201
74622
33844
6772
22428
47509
60971
16018
4306
82012
31888
27928
75849
47266
70927
31010
74141
40368
39151
95074
53503
3958
27828
92980
55448
83159
11202
79256
9951
42323
2007
36260
3193
63516
75925
33320
94350
91053
77364
10950
35214
21655
44032
31044
48976
19907
67781
51017
14492
71549
93733
23907
93373
61264
40242
36541
34369
18897
89604
26850
52961
85286
57032
8770
96442
53970
46111
61922
93307
55362
45704
28730
60938
57522
49362
6173
45689
78378
51248
1111
73753
28123
47862
86968
19365
60105
56581
33567
45302
68896
5949
97248
88978
4378
91104
39010
16351
5402
91392
66143
30247
44816
2456
77300
39272
29115
24797
55898
54245
73467
15928
141
71433
33805
41774
74956
43327
72047
63347
39309
43311
7873
23691
61704
20892
29265
53421
13022
53354
90456
35941
45549
21188
3063
85467
96176
67894
59640
40118
45956
68325
96311
45308
69457
21836
94472
38656
77338
75793
10578
81214
16991
66941
45986
59271
35451
16047
500
4085
60437
38022
25252
3469
9001
89835
2127
56909
47565
96946
22639
82683
6181
91177
60628
49703
40144
90483
4228
69642
38961
96115
53286
53400
68392
26313
36772
14976
78
19106
7502
81319
82733
46628
60708
96001
36230
95810
29248
56205
7671
34516
1312
60781
7696
45435
802
89300
11817
16297
99613
33941
28572
98581
95829
42068
21596
52401
80291
7792
59458
81009
68169
78146
64350
89858
88691
84496
81200
90127
15305
36708
38571
45157
36634
94691
13105
55873
27701
58782
21384
1031
30779
82984
72556
4792
45772
61464
93323
31498
67177
191
21811
77407
42541
71960
93723
57605
33756
28211
37724
12236
48723
63144
25346
89595
70146
11288
26599
43035
70208
42340
93734
41544
13775
17856
8313
27510
58896
33940
11241
21300
83403
7215
61827
89180
4690
29764
25496
97061
41167
82532
74688
33374
3243
16385
88005
43262
79691
21257
57630
55663
6755
36114
61145
24787
80649
20631
32409
84582
16331
71645
96647
