74814
59130
73804
78173
14259
50068
69605
21168
58270
9285
50341
61142
79336
61790
67163
75904
85574
88963
55331
21915
17567
43584
92930
15953
21773
33000
10447
92063
50890
75365
16064
78012
10438
40632
91997
45787
23986
31117
78624
97878
78022
79280
18489
41172
50948
64877
59541
76834
14298
7312
2591
47158
62509
49457
92476
92741
52074
87079
81056
66768
41432
29183
65858
44488
92286
95022
74290
48840
25932
37157
83998
8164
19017
16960
51721
42393
78625
1020
56212
32618
95845
13600
72542
76814
63157
53989
60844
75150
7972
95229
60497
41034
31951
94794
46745
20168
51635
96131
24062
97796
1327
3577
17651
64907
49712
80582
4551
86133
87610
14268
99755
21878
1878
63098
55639
98053
22357
42250
81060
23081
21586
87281
82883
71146
13108
4554
45359
26127
8664
26355
44502
19313
82641
155
9460
97788
70923
68338
19531
52948
68896
95037
28338
70674
79177
87361
34736
98523
24895
8761
56491
21549
62861
71994
56119
70985
3284
5635
18467
66096
41913
6490
89565
66811
60983
8194
14695
70698
85879
27443
18667
27816
94051
54256
58200
33880
8166
49146
71678
54408
16075
66105
84411
54462
22345
47357
13903
63789
70138
64257
39328
61408
56044
97530
29394
19043
50227
44211
26347
12330
35455
71080
8457
42909
58840
90854
36771
97692
46260
62511
95229
51767
23784
29775
16434
98170
93094
78071
90426
36851
41338
43111
46557
58906
3172
18603
52986
4528
99577
25791
58438
35896
95598
57332
54231
41089
61693
44718
61040
75377
15092
49733
31585
42812
29226
87377
92102
299
25871
5565
27602
97331
82726
27228
7057
5642
23951
45558
66007
38835
79667
20619
33024
14734
39583
55018
65229
73249
52699
94182
55312
6430
76714
90806
22649
55508
89391
45703
2164
82225
6375
53220
34340
32523
94838
80741
65323
45655
7020
92872
41292
71252
95279
95217
51213
15347
41152
23343
24602
76360
40961
10507
94735
62003
48975
94258
39525
79014
42821
73652
33102
30473
46375
99366
90809
70133
95270
46879
76054
994
7605
26063
25456
25634
14322
1938
79870
32076
94652
58762
83944
4603
76148
78031
27069
38620
65395
62445
81559
19126
53253
91955
36852
62832
85340
65454
49763
41838
46217
51615
70702
51294
72893
70194
9078
75727
2717
75921
56730
39246
86249
35441
44212
56825
33632
38140
556
57358
91879
55280
57947
84907
85297
41699
21804
57381
79024
8736
35298
39251
75676
51978
68427
22556
98473
75284
55866
5044
72259
23654
44435
96083
10822
79922
1176
76641
67460
72064
34231
12077
79164
60376
10035
55165
24444
26959
92691
10066
88911
77983
25404
51982
29954
33186
40832
45025
12054
96482
22917
54400
68990
71222
89107
75614
1438
72202
66797
16071
9343
32908
77985
53995
59522
56197
82120
39550
2931
66039
89293
92690
87550
2076
99230
5513
67533
96794
67008
75497
37546
26716
7601
54249
34712
91200
40712
29769
10374
50679
32007
34941
41929
89544
11515
40014
93385
74658
36420
95698
43001
97118
8880
40651
10443
13155
61
38066
51300
72001
85821
41516
45806
47353
43680
1521
74703
88355
25459
84422
34110
80198
38604
6626
62787
24987
40490
3697
34896
77186
19264
68625
46888
28823
18619
23495
76640
41931
8950
25231
41213
45711
37405
55203
66345
27498
52203
47263
25803
63048
7213
38897
22920
7778
22472
77322
12329
14554
12569
40006
63598
57209
82243
8827
57350
53138
58602
91281
2285
13923
8410
52485
86774
55777
20832
17269
41340
86793
85262
43330
21289
99111
7995
69942
79334
14891
66429
37691
62252
41121
8093
21166
24411
63662
26156
94807
74990
22452
47448
39251
81392
14023
86995
74750
78385
81178
12547
79949
62424
29876
16001
25857
64816
27932
44210
16690
7853
94050
42681
26964
69170
10486
39678
52937
80127
43046
54650
67087
93242
57474
32707
85211
99378
96523
1431
54481
28001
3057
77521
61231
81488
27694
47996
51379
5453
54702
49631
17687
69434
44158
49120
41502
6189
20662
53333
39759
6576
24424
83969
22816
55702
55148
47249
95274
12266
47965
32341
37729
89780
85668
73995
93261
87553
52076
15233
14554
8034
27011
65874
15321
96906
43876
99701
18919
74265
30214
1181
64079
47090
21403
11099
47485
56880
56942
90314
58400
93888
27219
68224
4203
38900
67408
94876
34245
36401
67862
22362
23576
42830
20226
38567
84752
75372
30569
67929
45227
13117
49616
71956
19653
97133
60549
9227
81868
4392
23179
55350
32092
49495
44834
6685
53661
56039
14638
12679
3075
86681
6398
29605
62802
79240
42845
75999
72408
20042
36871
83550
85514
91514
19383
63737
96612
97649
35820
6637
46544
40176
24531
87742
36693
85610
93925
36971
50990
