80283
73711
27763
99508
82379
3279
11776
12081
42587
42611
35567
55834
70138
72207
42259
29733
6981
29210
26240
2259
73121
5568
93924
35391
6663
82583
23350
43892
75327
77283
55820
32965
37920
3013
50271
75344
68133
81488
17993
6906
78583
8615
89713
49719
5885
16616
56264
97278
90679
89599
39116
1200
74063
43188
34763
42066
79119
4747
81284
92474
58724
36231
24104
4120
47247
57225
54464
48252
50590
43081
41590
82971
41059
61713
71508
95078
24482
59622
39177
28619
81355
89708
72943
7030
52846
52604
97402
79165
77209
8356
35530
43284
49457
8210
88926
23255
40762
69417
49900
38746
90358
95072
24963
38261
37460
79408
66440
26588
58307
31177
87680
91210
23332
32517
4961
92859
22725
28595
81006
18844
13849
64049
30859
36282
81808
1321
16792
21426
8608
70130
31238
9925
17790
92538
32284
77169
44042
97615
54568
92421
72673
82855
959
17410
3613
21382
68807
97631
26947
88908
29140
37530
45847
32076
92690
82239
53689
21016
11399
84963
32984
47236
65786
34935
37587
1441
30240
24724
34020
66994
28187
35517
27458
84490
82485
77697
14255
90866
38852
69149
53482
38242
11679
87439
39298
56198
89283
36088
8483
68505
31143
6030
47486
66954
59229
29922
86986
18597
49589
19348
70982
61304
10632
397
75059
71899
65625
32832
694
79203
28562
32851
17393
21567
75729
39765
10038
14521
59646
39965
78751
29903
62963
83171
6962
7640
14754
66344
2363
18595
20770
70906
81065
19787
55113
48883
47372
56238
60400
6650
69347
84238
47965
31426
60962
59517
69467
93506
96932
88037
92792
5482
48956
76644
7236
26024
73843
47239
21922
42336
19001
52975
16356
97075
80350
95722
53378
94193
49511
6183
13813
59988
89220
77383
26269
87470
55603
90929
96828
39426
9858
84132
59771
43517
63450
63830
52930
76047
87772
37272
8305
88135
28733
9877
2771
76125
83045
99057
95858
35346
45846
17966
43209
1401
53366
94967
49884
68224
7785
43745
7962
19039
81811
54021
180
38743
37542
51769
49128
75442
17588
99028
99962
11705
30300
36577
38959
65648
2982
33001
35157
70013
72453
79697
15509
54059
34997
84432
98680
64730
78397
80548
19316
45486
61750
95761
4209
45115
32499
92506
4509
86965
72460
88373
36082
14000
4863
37012
44044
21564
25967
22507
71402
16983
25549
97461
69081
8032
96416
5735
753
58349
37084
56865
93291
84768
52987
25836
24356
36841
79288
47977
33876
41004
31309
93485
56571
67475
24054
61627
41121
4378
93334
14124
88310
74827
76777
47614
33258
53374
34003
71306
99016
10839
66826
5491
85466
85052
26388
93357
6549
77160
83530
36500
42772
53404
36293
61318
44108
9385
41908
30903
71299
79489
26277
35662
63083
4383
74671
46897
67741
88054
66845
24749
53842
90719
57761
54165
21054
49370
40377
3064
96201
248
80594
98298
30384
48481
90017
59269
327
761
94938
74026
7627
92988
98426
94396
62593
75056
21504
20113
41284
44227
97516
94156
21976
43255
67871
75111
46589
91905
94854
56741
11188
45145
33249
95883
46477
23163
98952
22614
63535
7861
19220
31757
27366
27649
83131
29112
75120
6632
73903
45888
22612
34811
51026
72129
39908
18327
25539
24682
27715
89382
90238
82929
35861
96698
51709
41479
19448
54554
65216
51760
6986
12439
64849
87061
87950
18755
15388
31362
93498
60210
14952
96737
8733
78256
12927
70725
34626
41140
16631
9080
1906
36081
2402
79018
5484
70414
13795
50350
7090
61778
67641
4146
85732
45958
485
64004
80941
38038
82077
29142
73212
39777
12300
24503
21349
10514
2125
23530
65207
91368
71558
36967
89047
55296
38383
86393
61883
30821
97288
68634
95826
92934
87903
35506
37166
35246
67999
20792
51816
51521
81942
48763
36880
34762
27117
41942
98585
59531
7047
46677
81016
92497
47986
83817
68258
69194
4439
17858
31358
14220
87647
37523
37819
2832
96867
88604
14233
5471
49858
47389
36765
87725
48260
78811
39818
99146
93947
19986
91959
8157
3618
5428
26804
92065
78986
69717
88052
40254
38268
60320
72760
34347
62226
91678
74382
98770
77422
86243
35067
58926
43007
99828
45044
27097
5449
83998
10943
28086
32411
18381
28038
31030
6564
21072
50772
5289
95191
17294
52607
39713
38215
57383
294
41600
46125
96177
90305
4941
40398
44744
94033
64044
52862
30685
19165
94110
58506
74178
61964
4359
63259
60526
36086
88974
31644
31514
45387
5484
79807
72297
52297
33114
35738
40559
62392
91279
69576
25431
4845
32528
79551
72067
88452
66414
86155
50895
61627
38719
35432
98061
54401
82044
76253
38783
4031
57192
96126
37215
62421
75751
658
59450
40503
9717
22476
56126
79474
80107
6612
26596
85542
54154
38962
12267
73589
73907
13992
64446
12324
24473
12627
22747
577
6304
62007
25295
24458
51506
43369
82368
19843
2789
83421
9064
37546
26365
14708
3129
87188
23225
31340
22170
97238
18198
57767
54049
72077
62295
62687
44933
62815
7163
91543
18674
48469
93746
41463
54498
26888
4878
93656
18038
55731
35229
72482
59144
99336
89461
17268
25054
69809
46145
38270
85947
66939
12853
20351
31441
12443
36955
84165
6461
15
59779
68035
29658
44505
76530
2792
28424
17115
45952
93952
92710
27930
17251
34780
25322
73670
25931
22046
23988
60971
3207
3255
7218
13351
94516
83453
44638
5156
58654
