12943
33748
90843
47006
939
84014
72763
88023
48376
32975
96988
16481
99523
18218
89298
73678
66888
57073
2522
87443
983
23889
94873
70564
26572
82917
32103
49843
93829
22889
84254
17824
72747
12514
28850
63303
3310
37637
54452
44230
57760
45739
20625
40240
3509
79135
86637
56721
82726
35714
33481
8493
38290
25072
83453
49313
72679
81714
20530
46038
42755
70744
51768
41698
6617
21456
2454
44022
53751
70847
90304
82883
61681
44462
51040
99757
50708
21321
35301
93401
46170
58521
31094
79244
11392
62870
17181
53088
31997
59479
30488
96023
4882
64936
37905
57884
28900
9924
95622
72291
53528
13073
21011
30029
86580
4448
61815
84820
16274
14711
44982
85510
22685
62922
94974
81486
89286
86841
91581
42337
39654
41736
32121
37176
93260
63326
90008
14518
8935
80330
60747
43968
57478
2808
95488
7367
17481
4130
15703
16037
30100
71288
92440
86297
44023
70795
20686
72013
85275
68894
71883
98
63449
54491
2040
87777
26432
39404
46206
54497
7352
73408
27208
81446
15428
91206
44414
44923
7574
2520
57734
9847
97210
50700
92685
