82051
82045
87682
23414
14484
23978
96123
83317
61674
21895
77202
91487
68587
13446
81174
41778
49499
1296
86060
68259
87417
63874
93732
6459
56180
90321
71505
38539
8654
42334
96491
71374
42087
44103
22112
37725
24834
71948
85471
68600
31738
6850
34304
27247
38530
51892
27284
46325
63366
61046
69706
13745
9558
49896
79773
506
6724
12758
24020
92410
79407
49252
56453
73459
89625
77550
34939
8650
77714
2125
13787
13812
38300
98010
95035
6752
89455
19696
30295
62697
9084
75846
99876
57004
38542
64131
21637
53695
21102
56097
92506
88468
34497
81549
55601
63246
47670
63402
64343
86413
1127
46709
18944
92443
44157
29198
12061
12841
26751
94332
79151
54507
74289
34966
62051
51164
80774
24960
91966
25674
96125
21583
41996
5238
38751
63447
13319
47507
25978
97416
17351
11404
76294
39510
34664
75231
68767
25603
98003
77828
9991
19708
21186
61426
51818
73618
65732
24829
89665
49780
36484
67712
5223
85004
18970
26442
1198
40053
58884
27395
23782
92366
39500
53607
53732
44121
21721
54177
32218
70433
27575
42275
89034
38056
91384
47221
26710
97508
59568
32403
76333
90878
43311
14940
89162
97750
36097
64805
51670
89609
305
27178
70158
