3188
80499
1988
25425
8938
15856
89691
89891
45616
52961
82609
71109
91753
38095
47575
62070
72664
21571
35991
80735
71022
20537
67374
25699
22294
88225
45287
18467
72961
13706
47920
71595
56955
10083
71029
46939
81576
5015
97118
98770
67523
17246
45456
58239
99007
60247
43013
99006
31356
84423
57518
70260
27441
91579
9762
66227
36824
84408
6656
63229
58929
87170
14948
23634
6330
97866
83103
64897
90140
30310
16516
76863
89853
11626
97666
13393
91603
22703
55081
13756
3721
44574
41089
59901
22564
27420
44495
11394
8077
58369
82794
70350
42702
70125
53951
34807
88554
84890
95986
89517
64345
4873
98773
19663
74608
90356
68879
7446
53930
73065
67294
75732
82373
1757
29896
50964
24805
92562
40794
2479
72804
75090
92954
17483
41687
12933
63738
8622
8151
89991
34590
44253
42527
38018
45081
56677
39203
69613
41102
82798
31924
42558
46118
75595
87603
93745
17814
99919
89849
47641
84171
10960
5716
77602
10459
91091
9456
20948
72381
61966
30131
4039
93293
25105
38208
42349
44731
79015
60621
30042
6285
38468
18902
78243
84379
12157
19083
18931
74829
9649
72094
53415
13252
22783
9366
9923
82085
51378
83003
85943
93523
96327
13505
72150
82822
46516
72733
80215
24222
86131
50096
40497
7881
65933
95236
69822
66090
31576
86756
65732
17249
8468
21585
79698
35918
65149
26996
6378
95805
44599
56642
56069
20554
44151
20116
77834
12542
98810
44405
91701
60760
61524
5449
92876
14257
11202
79257
36259
93446
93740
42814
46986
72925
11696
69181
81288
67753
81247
77145
42128
32347
49973
65275
50516
96593
81149
34513
51848
89346
79820
93143
98759
79658
71027
19741
74608
960
42042
79342
62454
32500
22678
35299
47723
52177
19177
11328
89817
99896
96377
59035
75476
83850
26303
60717
32971
31675
46794
48667
28733
99978
81164
84271
98899
41946
68695
14497
46207
72155
69759
94576
87773
57609
9248
28562
31101
5543
68219
21558
13010
50766
95348
65496
49289
81420
78840
21460
79319
76640
53621
73793
97343
81051
86858
74847
21040
18684
24610
9511
45966
26096
92890
44119
89197
83131
36499
20483
46937
47896
71608
76294
35520
63546
92078
3062
67590
50712
89778
56874
46471
21278
13715
1408
64388
37412
64743
95537
30709
11178
64072
22367
8903
33565
7251
71632
79557
77901
34498
90505
74293
2414
81017
8950
19339
19565
26023
65587
88028
33868
12310
2842
72930
88993
62684
90572
88186
97038
61861
64168
36064
17135
79255
93735
56565
61100
75593
49648
14392
85367
21967
88408
26962
46007
24403
25727
77872
55486
33334
26107
66957
15525
33847
58309
72458
57435
80361
81725
6757
61400
20275
58902
41629
31745
23852
71623
24572
74543
8983
79538
44520
19336
70595
54623
16403
76557
49434
18994
30566
12734
27591
8824
3019
44120
97578
33793
38678
43045
34094
9392
46982
4630
26111
32698
46101
94117
65283
70529
36495
59841
13230
64497
75196
76078
8367
33632
40931
6932
6214
46514
40076
38792
61016
68455
78799
33291
14220
2899
30980
63714
3669
66765
83850
13598
48578
34412
50781
59015
34116
65913
66769
47237
90763
98327
25290
45744
97050
67281
62801
60078
98880
27487
59289
46015
59096
4213
21025
70122
10765
35600
9505
45190
92924
16516
81562
65140
77064
71204
86845
54697
68292
45456
63320
93339
99224
98681
71495
79661
25786
76493
69487
30069
61126
14871
28928
81040
91702
88024
73410
56591
607
8928
55530
59177
61501
22473
96444
72302
33918
40707
43644
2784
91912
16630
97880
5562
87065
44740
22715
65411
26044
18953
37544
94213
78555
23103
77256
95756
15627
34660
13659
60987
78535
97415
97972
58074
19712
92461
36600
22804
62774
17131
20451
10868
67098
85065
35507
43593
54079
71090
64282
60272
60805
14978
32468
75090
4567
59024
86668
87327
50148
9742
36476
28888
14245
8917
74662
7737
46944
72061
92310
3607
28132
9212
35775
56491
20548
52331
5631
40632
83332
20301
93337
59557
52015
88162
94928
8149
69440
42666
75799
19010
97808
2048
26922
76231
73110
24495
83042
48415
93754
66671
96035
832
89692
3916
27101
75502
12968
56382
76094
65571
12578
875
9677
49046
89840
86118
41528
50519
54970
60972
21293
60778
59998
62078
13045
54339
55337
25744
76789
57152
20767
25785
65716
55106
37101
45759
47663
44025
5305
62872
64802
94762
12579
16205
52745
53191
47852
17303
16886
96811
47291
98843
4267
26296
40846
73902
29439
69645
79107
6042
55226
53387
44659
55565
47427
83657
83065
32847
43059
75658
36377
80813
86820
40171
29880
82886
21486
16777
60231
66468
98108
41736
36145
73908
25514
1222
38920
3332
99281
52566
54959
63056
54246
86709
77868
84349
7454
75972
20716
74447
82429
41565
63727
24823
95815
1238
19702
18788
73621
14023
78753
52304
50420
76724
55371
94031
19737
17442
48957
767
98779
30551
54604
8800
7405
66775
55266
20004
94150
18926
85200
12592
28822
372
56297
58391
45013
15413
43784
61395
40510
25764
