59639
20592
85484
84167
55960
97606
10076
54929
62775
29983
5498
14808
70615
88869
66492
90855
49943
75788
30016
70684
42487
60078
99876
59095
72287
86314
27088
55824
5100
21713
17268
28536
90972
14952
91716
14088
81882
43004
47264
50412
57315
57030
72508
2944
81150
44859
31650
24018
69429
58153
40905
67936
62296
81662
45146
52358
58545
32431
63327
3435
33364
27669
23954
89328
77934
86040
34663
68119
40378
7046
22625
52238
41780
70267
36818
84783
96385
85281
72075
26619
73988
69193
97921
94268
9881
75202
79431
56938
30835
36978
71241
15541
3601
23867
23338
34991
81840
35582
12362
63142
1213
92825
61135
63609
38823
82386
8131
62987
83267
15999
85122
97476
26669
24408
9942
3392
22115
83945
21241
99179
43824
25519
95215
28832
69890
12172
67428
23410
40669
12175
28963
78733
14196
86435
71199
11020
16604
63930
42978
14322
16739
30979
57302
47914
74885
57660
70680
77214
95465
24804
79400
33695
1009
60877
20424
69289
2552
94895
40168
90696
73181
5638
55567
94674
37821
45712
66099
99043
66577
30612
83450
95434
774
16871
43698
9991
18236
92084
7623
25592
13375
1403
80443
63097
42056
14218
69322
54947
63518
19413
75656
17562
63970
11623
45254
57442
4999
26229
25998
31670
64746
59112
64778
95455
62553
3742
1957
95802
96896
68055
63828
18675
61456
54397
17373
92664
47566
23857
54786
58264
12255
71152
17477
26729
20132
54962
26160
56586
7980
19744
39859
97272
1414
74817
9294
4715
57167
69877
81508
54197
67750
45331
63389
44865
32757
34396
83466
67477
