47892
99546
15800
48395
50726
31184
92565
94878
68059
32260
85097
74393
91152
34098
71788
5689
16941
22557
12944
54422
47909
78465
25263
88672
53453
56375
69526
94433
88272
37220
37867
13180
11524
92588
69949
98173
37282
79884
64756
13090
4989
52365
74574
32756
14469
75103
20765
85192
79209
30299
18866
82100
6362
23600
34020
52415
12749
69485
99861
98958
27206
47689
92950
65450
86397
19828
36605
99094
14209
4448
66748
6238
49870
47755
1446
17379
79613
19238
23426
11885
48995
26920
32132
36595
41868
64738
24692
90114
98486
670
73166
56038
99815
27494
84356
19869
32144
33323
41480
37919
83735
93778
66072
37667
56121
90144
7790
27465
93993
80294
54001
71714
50390
84413
89193
21280
45975
73866
18403
1524
24740
1507
39208
55769
87998
39546
27767
63968
80217
70957
37723
96158
78031
20887
36921
12749
74706
48717
63267
92712
56714
60622
48913
57048
78462
70237
33327
16871
41432
29802
70497
12868
71510
36908
93962
70070
24131
69504
18204
43180
4852
46320
86376
71209
77910
88940
65139
60797
83066
36741
96265
64866
60684
85791
40910
49572
32963
774
24672
47411
21816
54824
1186
44246
14960
37840
56132
88853
99619
44354
37380
27343
40158
15699
54006
48438
67943
85629
19894
51616
90464
71056
768
15910
93079
25775
85672
41443
12224
45339
90644
9838
48615
47947
18914
78160
85639
94510
78055
25244
68284
17326
92423
803
8586
99854
81177
88727
92076
75384
44740
25807
35990
65709
31621
33880
4984
65882
42553
67265
92919
37298
56069
28067
20426
1224
81961
69092
99629
7235
1825
85311
66705
67446
32591
40990
428
2424
48445
96855
83999
21837
15533
59460
13500
86758
320
87968
32872
63440
4331
91732
92945
73273
60634
51465
47081
73124
56706
22368
33885
89033
23880
36987
19300
73727
96211
58794
20489
48670
81298
34069
77629
70287
70218
15632
29745
5708
36727
56582
46410
98814
17228
50818
68283
999
4593
8101
64413
47394
32312
53657
80277
63081
75360
40474
33438
71997
14197
12908
50382
48266
84138
62218
60010
61556
48191
22790
29899
97094
8528
30329
24671
32578
18246
56057
21592
90502
21615
74180
3832
18372
76173
92868
87532
98725
15636
89865
13228
19009
77571
97947
33802
90450
50140
83625
44481
75804
4963
24717
13060
97864
45691
14268
96700
82682
89124
51951
16585
38280
60844
81353
51671
12444
40726
59070
57108
77652
47033
62571
95756
21525
61538
37830
99728
71925
5054
50793
50524
37484
77027
43766
54983
78260
70676
9138
92937
45273
86418
77543
15903
71510
23004
17079
37214
32172
8504
37210
68420
1682
76257
4443
79769
34723
79002
47784
86203
70672
39861
20434
26960
15447
21955
89188
32565
12530
85297
35699
71784
34780
31966
36097
59291
70145
90099
35423
39383
91516
61939
74153
49428
16008
51120
53422
42235
31301
62880
93426
52540
8246
1797
15906
37938
2595
19493
13667
7206
12182
47208
4248
1645
56087
31728
33992
85486
23617
24795
28472
19527
81297
14136
77190
94653
80062
64034
84491
92483
4065
24494
70544
95723
67614
48274
20030
44909
64143
24851
58672
64416
98504
375
7530
57367
39694
22637
51228
55813
13384
45748
58177
43175
18168
46933
77387
8211
1262
18885
3672
23078
64003
71697
65603
61070
71607
68551
5185
43200
49501
36435
51266
9471
88914
28938
54790
22673
55099
27392
62199
47817
32340
27448
14893
98078
37045
3491
84662
58973
26428
58727
88918
97035
12468
42340
86438
22017
38495
64205
62697
13756
3903
96253
71133
582
82766
7273
35930
61058
67756
43244
80042
20808
21097
72198
94263
23851
59219
63487
91229
40255
50019
38001
63030
5789
5677
15101
2462
78369
5113
40686
86738
58726
71282
2933
6995
65999
2019
41283
32861
78339
4103
70256
58673
95342
56918
99249
17662
33828
35023
14733
17268
27629
58895
15855
80030
19642
26406
95239
34730
87890
19876
47489
24090
77160
77700
54002
92370
4919
77979
58620
572
23058
34015
78166
598
66233
40192
82899
39510
30710
35493
12516
61423
97271
81543
47757
25139
8571
48044
44918
16407
45135
62457
86193
98215
38930
79359
41979
22988
46805
37545
9096
76581
59987
75672
72317
97898
18224
82239
50680
57892
56715
79853
37258
79326
81836
79340
16047
5492
12040
61072
10940
77475
77537
18763
37636
25305
97509
83541
32648
95436
36230
9358
86930
86821
60377
20987
29144
18532
61955
47162
21552
23144
81268
32794
61221
2761
4456
93739
25236
26267
58931
29365
27240
20849
10247
18977
45346
15352
25031
92744
202
5011
27104
27483
110
62492
76135
58838
61392
75923
97017
3701
13521
45266
57014
5443
86387
58498
42948
2099
92122
47171
85874
37930
68371
67505
29029
82256
34401
65788
60855
64434
15148
87749
43262
83056
69354
92359
29354
43392
66670
85626
68730
10171
45107
99955
81680
48334
34194
79804
17487
93168
29043
8864
71597
91211
37829
79964
12700
50496
67480
6695
21746
79962
74584
95701
91760
51229
78918
39243
43780
85097
78614
29478
32048
21802
27061
1629
93722
24687
98976
27787
1133
46513
28280
98194
88236
36839
45294
39902
13279
85887
63368
88051
27689
54350
35975
9971
76549
23250
61545
57078
88390
27975
73657
12081
44062
37483
67171
11382
96763
46012
10168
95734
54355
18821
16381
12245
10086
22412
71442
83880
18322
33689
97203
43654
71433
33938
77918
20244
40379
29089
85654
39067
84013
55914
13469
81240
50972
55677
41146
21870
58257
99995
66811
63616
57508
324
60602
8775
85315
44477
97910
9358
84948
68299
65549
44910
79205
56171
45553
90730
55774
65436
40191
64629
77699
45647
62626
20678
23097
76318
39746
98229
78045
61323
22464
39414
11272
44294
30325
55070
27566
93437
42838
62721
20768
39730
26592
17107
14040
77147
67246
63418
38572
65279
7133
80413
56731
47163
49874
5784
14685
4161
32745
28473
40105
33602
27210
5979
99551
89451
58443
23489
66522
92100
66508
72011
52906
68064
14950
60750
97987
