12749
68772
16765
63312
44180
12593
45767
79686
41819
35926
86084
62053
95380
3505
17227
35884
94185
6045
142
88216
90286
86268
58433
56114
86231
41117
28921
58595
69852
67197
46230
59885
62243
91206
49148
98980
97677
94123
75360
36364
49792
28080
31149
3555
53018
40433
44387
95747
59301
46265
50712
99794
72628
19041
9986
42673
81586
62679
12703
92425
28564
59968
56369
67329
60841
18411
37932
10003
22229
98225
9225
49551
84868
28803
88956
36168
67016
97616
74271
38801
9070
34560
42480
47163
38435
63309
97510
86996
93430
19622
84401
72819
35513
52314
11261
62423
2588
96352
32341
35265
81684
21110
90934
78134
59200
42430
8620
72048
66712
556
53600
27430
13602
14152
50078
41094
50875
30968
59247
39494
51040
11555
9691
74149
79702
6392
36623
1800
59088
58223
28280
84003
97073
48830
66741
79625
18379
89294
13748
55737
35999
26732
82152
86704
93856
91963
62125
96132
30807
57060
81996
68263
56458
63933
92764
26193
22194
4467
89701
47299
25687
16123
75117
58724
52178
32347
49966
46891
70472
83807
1656
37450
9507
78367
68453
51918
53605
12181
23157
88628
26491
24231
38007
72414
17378
72344
46941
17202
17643
14783
57629
37093
7045
11366
21975
27963
56186
97873
90097
17997
70499
36264
77421
67899
36799
71173
58828
99977
48503
63927
82328
49081
77737
75919
24318
1802
97928
27649
95254
81148
7762
55689
30352
13667
94725
96260
81160
11423
84628
94291
90863
76884
39788
94982
631
7416
46704
35322
37483
52411
44269
682
77730
64437
60604
32913
47852
31290
74915
63520
55077
53895
84336
95027
72096
76579
25644
87858
76164
41117
35587
89330
18903
99516
4084
47424
30142
80285
5895
76918
26393
81047
8543
81432
83068
73736
49080
60102
8126
69968
17191
20063
90709
99029
31052
85033
99126
61822
16639
46702
1834
26748
43919
17948
49506
17057
74638
2137
27381
77360
40951
48083
12092
31387
7595
56118
48156
33865
56034
27762
90619
81759
86757
76958
95056
48744
9334
81023
10974
45946
90548
89146
19292
39979
7484
92763
10789
29519
22073
74510
54822
70218
22910
33580
67539
89622
23558
34661
40896
25642
60616
45737
81234
57938
39682
9559
56023
47552
88355
38048
62953
25271
18933
94708
2477
34051
78886
88761
57222
97990
58420
27024
77865
