10639
16217
50169
72820
45467
42072
90113
73661
75963
68644
63685
15411
10850
63537
28874
71876
80928
11239
1127
44753
34498
91113
81626
37388
72267
51689
10571
70229
5925
78989
20194
93632
19021
85756
55725
37614
67419
71763
85565
50091
48818
61079
29627
21722
81127
56285
46238
97577
19702
31198
26783
26262
68536
54759
10208
65962
95381
18479
75326
59988
83617
96327
12857
93976
94262
16149
12880
72290
33632
44017
72284
41394
92263
10197
74401
10706
44811
25370
82702
29090
8775
80618
95498
83595
27550
18049
48995
29369
90309
65502
53495
67607
37022
10371
15253
52518
38571
53838
25195
36551
1966
48016
75336
35965
50243
8675
98672
25136
57253
28458
89701
55763
83807
3278
5232
46491
56538
11099
42157
5952
40838
41302
50464
26472
99248
97126
39211
99978
79194
76210
13036
99710
71181
2469
5075
1903
90854
32372
60299
20507
55272
26762
74809
80007
39918
83927
7290
26574
14125
4801
3867
90555
98634
93490
31754
85238
46582
84121
69588
35803
27437
28028
49231
2129
89485
20992
1854
70355
13199
36212
95574
63467
49274
25446
64479
67113
30508
31542
8783
18459
44251
9010
40594
40849
33351
16785
98794
77239
12531
12995
13699
36821
26922
61604
42137
73710
11808
59726
80930
44986
65764
63781
42137
76887
89846
84367
1150
41931
19400
54486
25438
35366
88223
9507
80317
47669
48764
49218
77779
87788
12144
99581
4894
63478
41130
55940
48907
62312
39843
18931
65212
76017
84275
64133
48872
65737
941
20960
62660
745
35648
27103
3303
14114
19848
76552
74459
86986
31580
44472
17456
79821
15596
20131
38008
75851
88778
34200
86081
8573
84520
76781
15011
84076
24166
45479
49647
87945
40257
78222
34420
86809
51541
32418
34530
27737
67376
49713
6535
36472
75623
54906
83537
55999
40644
88828
81699
71160
44341
14813
55725
36005
23248
19307
87098
13145
30809
88707
55042
58383
8265
8256
54232
51100
11676
39486
20423
37949
85790
24500
67446
30845
94912
24882
77583
88076
47058
88345
67121
64507
29474
54188
4963
11952
74930
5580
87328
70906
74266
52912
60769
19512
32472
46392
92743
76873
64559
16517
99713
14423
1364
26723
27343
42946
69461
619
19613
39632
78891
77188
63229
55842
8663
4208
32022
82935
40361
28704
20651
75637
87435
63298
19043
57119
76388
12394
99640
90286
86540
35947
51179
47254
81418
48701
95749
94345
6710
73543
5756
37932
8797
52257
59443
31241
50120
43256
79230
75903
56593
30839
99946
32207
87043
81510
96125
15679
23042
52145
78958
97121
52406
61753
58323
4134
78502
35788
80525
42350
56921
49119
15909
77624
91261
67402
90894
10037
88531
96345
23569
9930
3353
55713
38590
61466
28418
12708
79244
16708
16487
99879
14122
40782
98456
87898
48823
50933
1817
50867
97427
3659
94762
12108
97633
65305
42452
75265
35961
84803
29152
53648
30328
17443
57431
16731
92662
11048
81693
75914
42613
73604
29483
12002
11846
91035
71380
43817
11734
6771
9734
93218
69139
85506
55849
30210
25520
9357
57078
75390
30556
37655
48348
64405
24378
21357
49202
17500
27642
74870
93199
37818
91091
11259
27255
63847
34955
79705
52238
32370
35537
48100
95595
3608
52546
15035
95459
23847
81394
51721
51904
23343
12608
7851
51366
75047
82220
28944
57805
1962
85714
55619
64238
20002
61807
52172
21764
86789
21490
73433
49125
17833
20545
90493
59800
25178
59314
59976
87326
