87218
26898
64081
82727
39260
33253
73267
52665
21908
93861
65229
66282
70915
29882
10828
90315
81142
16390
65166
13775
19242
90505
69654
39969
33741
67019
48198
42456
42680
2467
69047
41389
10629
44760
59768
98104
75973
37265
97947
34321
11403
46773
92129
66950
92799
24022
33448
50413
68002
71880
51575
89702
74813
33628
71075
13789
48670
81303
12990
30991
45476
89879
47009
57972
13027
44305
17396
76513
10461
15807
71562
358
18820
7283
12721
94463
87501
82805
65721
33661
21342
83061
56632
88619
64348
63799
33624
96576
5583
41608
90697
1657
58497
27773
76639
24521
16294
56753
19859
58268
84593
9157
99670
572
21324
85243
36025
63732
5011
18835
57811
3088
98629
7546
28457
58754
55349
20361
657
43577
81870
42125
80011
4166
30242
73625
68968
13484
28347
11939
62560
14545
61349
53710
82003
73496
402
57535
56571
61192
25517
61675
36795
98844
12896
46708
95715
35671
5317
72148
45795
54394
79514
52304
55699
12113
86723
99410
24516
27310
85257
62907
52133
74380
65106
7085
76631
89122
20483
55755
51522
12122
37396
4365
64862
97247
79941
30849
69198
81569
83301
95129
73677
48940
14616
48399
10957
59156
6682
12156
97996
64055
45166
85141
24218
24094
42126
86033
9341
92980
59036
80081
80685
24474
30453
13213
67261
27846
92668
26738
73277
33785
8862
38906
84178
25519
90093
50504
1765
71528
24546
36519
54673
63106
97398
15699
50438
80361
87478
87034
31311
28122
42821
76632
9537
89421
54480
23851
48569
80019
39065
55021
13637
234
49420
74572
87061
78480
71187
8509
10567
98417
41490
95674
38314
28012
93322
13764
28855
49654
12342
33399
24816
78269
22045
7806
6592
89207
44108
10955
15234
29770
30649
99321
27594
68109
75459
3313
80596
39063
10721
96606
98554
43808
58731
56169
1245
29002
22923
55308
38306
92884
48717
56712
29812
37256
41136
56352
78730
78596
21035
22587
11570
58443
18590
37019
58727
97392
12995
6350
22837
13524
89131
73702
71034
36914
5755
21603
68358
57313
31807
65678
13672
89370
95885
91882
13333
92107
89627
6108
55790
39153
29639
29605
61547
93733
19311
54382
69820
20884
95622
61535
94301
60241
44001
1290
92867
55738
65921
95699
61298
6156
63004
72931
13691
95944
80968
88003
10436
97054
36976
33111
76594
70034
26289
34634
87733
85174
74569
48203
32821
17442
48200
81066
31742
79085
36012
35448
58193
20555
67304
35201
9495
91366
30849
69471
59083
78366
56152
13975
68721
51770
72892
50474
86470
52556
