38400
66976
36278
12787
9029
60139
23508
94174
34752
58882
5647
6575
16293
42513
6
9943
16540
92448
25324
7598
94861
73362
55771
20050
78866
60486
57313
34990
62096
18357
22376
72320
42581
46380
86387
59474
45710
26084
85793
83247
90085
4392
22799
75768
85235
4962
5622
87167
71998
31099
68764
80077
3224
94988
4578
52859
69913
88781
92102
2634
76749
78195
88804
75074
20145
65343
80291
7689
36312
82579
59852
98896
95985
73573
95564
85713
36722
66249
10951
51063
85678
44810
97564
2630
12259
33127
52069
89717
24662
85440
42061
98199
69789
52
79434
11870
7723
6294
82383
62059
25
34733
42673
84395
84746
75016
47820
92004
66316
45386
79763
28249
73163
15177
80483
38789
9609
1952
11919
27495
92455
35173
32532
44480
49018
16884
65504
82986
1990
57877
4068
82206
90733
2684
16089
14051
59384
37795
8904
52760
3676
93685
19004
89551
31902
67426
90012
76852
15342
47796
87994
62078
14124
80248
77752
27733
92115
29727
3514
73345
72761
55787
83689
21334
54688
8060
72321
55559
49187
55571
47257
27066
82313
90472
8831
31453
18683
7593
20052
8873
28980
50360
83058
4789
95464
10252
11188
36720
32820
86753
9609
99235
89387
79087
65668
45281
22318
91773
75643
93456
66253
77664
52861
14321
86806
98942
66945
11158
40201
38772
25021
19670
86712
24477
83954
66073
58562
22552
29671
66049
56160
49331
75306
19134
89329
13
19907
75081
49466
43138
390
59011
69038
76590
6270
87932
18074
65108
30489
14076
75716
21973
89627
5175
89641
46560
4407
77029
83509
90719
66525
50180
47895
45788
33129
93564
76762
92962
56708
67401
76012
90936
5008
73119
66668
59040
48017
94455
56475
42924
99221
42477
98639
77843
59190
74961
23568
2679
33593
87383
99245
52620
62733
25871
11082
48590
23519
85204
74855
51389
67394
55692
81596
31028
69450
16265
68093
2903
99844
25249
48219
91682
42940
69793
80044
61398
76068
41398
53846
54746
81560
36866
83651
71417
67378
79776
56335
92078
96646
67142
27665
59074
27908
34250
30580
40988
74569
35804
50658
87494
54662
71208
56600
51003
78529
94084
17706
76566
7885
19899
40359
97444
79805
34615
63617
71292
64679
32694
83390
94974
75397
52886
25898
61777
49427
89409
41024
75372
44572
2183
98711
84070
23479
11834
87178
53996
89749
68290
5432
92227
3279
8311
80305
36111
98199
79512
22601
43485
38795
17739
41188
30612
83584
57882
97189
5653
7293
76091
27404
68556
91525
2309
9611
35365
73047
57737
61597
25062
13089
87357
58267
69102
56415
30053
94370
15131
99326
20616
86798
73637
81189
92151
22263
68919
78970
11842
23160
49373
83343
6059
42736
51879
12895
18540
91216
12115
23493
42859
11682
40820
45397
64540
95968
88139
7196
55127
99493
18885
94261
96275
46361
61452
99895
75065
81639
62183
79541
1114
34851
30481
83053
22680
79913
52577
29195
62526
44413
22864
68321
28920
52337
5388
60742
55450
12477
4372
79035
96808
1500
10703
84212
1968
79571
9388
85505
35844
19623
98319
99623
4017
15707
84519
59439
66736
89364
93071
93113
1776
51187
79705
61175
35371
61255
80687
62502
33104
72794
10655
84024
49665
2414
73277
31232
1235
60451
72504
36847
65606
4549
56096
85040
27723
38141
21051
2208
19973
76516
62235
51431
76329
16846
27373
44198
17561
52450
1152
69781
70314
24903
40203
81029
10692
8364
84639
88071
66496
64661
17053
11777
30085
32115
37093
14329
33586
63850
93643
2652
83187
74521
37390
91665
54943
2801
88717
16246
47435
15571
91946
87236
28627
27272
59152
31931
55281
84882
59050
25451
40263
86978
83526
78366
53775
65950
91385
59725
71482
52569
99021
81343
85530
49356
97585
58879
54531
80669
55694
15040
84075
99917
49335
55435
68780
54419
89392
57269
88711
15767
99544
76644
12224
55057
21113
44968
54484
85027
535
93460
31956
76857
86224
19773
27592
26996
20610
84119
37317
66042
40013
75940
90083
67719
10416
58106
58986
51136
19083
26684
76162
12281
10913
12638
14222
25180
92757
20943
88868
48536
16859
40213
40654
55421
34517
12727
8643
58060
86654
41819
41271
26391
40487
53419
83531
66353
67359
58785
65492
95393
20132
51667
35597
71185
70412
71463
36146
86784
31483
23099
10115
11991
30931
50369
23190
41502
10997
24325
21681
88537
85493
31052
83477
49412
47484
36993
32575
72750
74280
85614
73825
32557
76846
14661
6227
54446
49185
36553
23585
81695
8355
19359
59907
17740
45309
85260
9784
37176
99140
87667
76286
98366
76964
84367
5365
75031
12866
37582
20596
44889
21746
78159
81432
79795
64633
54934
52617
4867
1234
43133
18838
8949
10457
50484
65105
89418
3763
58985
26081
27162
7366
99496
64526
56871
8708
64606
93599
60388
15742
81235
79174
41162
93483
11424
4896
90316
84207
26588
60210
21167
50893
34920
