70353
93473
42602
90117
52349
96347
51234
69706
17046
92201
64222
38397
21727
63711
56179
69159
19631
32869
10427
46278
74642
72141
27665
62482
99463
24807
26847
7842
9396
19030
28355
53147
19947
48012
10487
53315
31224
71279
49171
95009
59677
59075
43469
70836
641
75047
75667
92357
89470
74210
99707
21091
73782
6574
86927
33809
15475
79461
54207
26203
85699
99865
67167
44800
25874
58174
98309
25183
37181
82046
6915
30144
16805
40138
84715
63100
92637
3482
19836
73155
78344
86949
10895
16568
52852
51403
4128
89631
84745
55409
32507
25109
1868
10178
65104
76783
49160
9751
81310
27734
19656
50665
5325
752
40498
38851
47806
49933
2527
72771
31180
37596
65530
25198
94791
955
58340
82698
63533
69341
77076
66802
5551
94032
44118
70808
35096
41795
21998
10311
3286
40281
83642
28614
2585
53945
34297
14507
23537
81667
26268
80995
34390
78646
55573
81092
64925
64120
34990
61601
92018
92562
39765
18414
86265
8460
87338
46248
60025
10109
4188
89978
15978
38678
45744
1476
17668
35412
56052
45135
58387
86543
83447
40861
40394
83204
59789
37152
3413
68792
55500
63474
73692
94821
97848
74125
84560
47623
81754
98753
87146
15447
11469
54858
72556
13083
83752
74182
41406
91834
10640
34554
43207
56089
62727
15709
11483
99198
55994
60123
49139
60780
3410
15341
31329
32485
68480
14246
37978
87624
45861
60750
90091
9662
84975
20712
4697
43967
38055
65481
9756
75337
49029
13117
65081
77471
20209
43927
55333
50685
37323
73189
44948
15041
93849
64306
49262
17718
88507
90652
38707
23526
94063
60258
16935
23807
21749
28708
84006
34569
85836
98522
10000
66045
88443
18617
252
48869
20804
55655
66367
98119
37314
12855
48666
8850
41379
41402
29474
57008
98031
56551
26571
61618
78322
21079
69224
3405
30619
95313
78193
43206
49073
39099
15537
31641
73368
59083
84625
46921
71553
51230
5728
74553
72054
74584
85893
61756
2198
44437
28618
66024
33486
93238
3151
68382
55350
46406
18955
71409
31912
31661
10493
54538
88363
68274
46517
93351
90210
15322
8170
18828
44681
37515
99258
65756
31317
25611
30125
98768
39041
51236
97691
30408
59029
67768
47655
10297
71737
36973
93459
14080
44547
83668
62874
87224
24215
70708
57104
24325
27467
21267
28945
65231
5016
4041
22863
53793
68479
97740
59015
38195
23407
88264
95688
69046
19852
44945
70035
46335
29217
44083
79892
98019
46471
23492
25755
62156
16509
57264
8294
4455
81539
84134
88693
15104
51796
13660
87704
95929
31740
46060
12314
58792
83962
9197
69017
30443
39824
178
94177
82455
81702
20086
79132
32606
98756
36943
90396
28134
45647
70488
50387
28643
90376
4435
42729
34360
80932
75705
38428
39110
98042
35015
82756
29779
77281
12393
95550
61791
82759
91256
80299
41079
603
41886
63375
17304
26875
78489
26363
74006
75095
83907
83891
8938
15441
18186
42807
37159
16296
77772
77745
11920
35385
8850
36459
43595
80410
3668
47267
96912
49621
59370
4669
79658
61467
46333
2704
59826
66862
20694
97457
99251
62119
7925
99937
85080
95010
81498
86429
71109
87404
55701
33257
36055
67186
67849
98004
3495
53938
5164
