52692
60074
29004
58115
14971
17636
13199
36599
6691
65930
52456
97427
2956
95822
34311
56715
76084
1812
55362
41796
51914
87202
53511
38680
79854
56313
21222
78554
8948
91166
83530
46864
25111
25971
80799
51694
89865
5866
94568
55204
91632
12937
37438
99976
43471
98284
3664
82912
61679
7055
79336
59678
78268
13586
41766
48361
80144
29278
59868
69415
12783
47094
83238
38549
82895
68113
37777
99262
39094
32468
76405
2915
716
39889
92223
35291
13238
85750
50685
42652
37267
36611
9916
55059
53615
81942
56706
21427
23042
65272
94136
98367
405
18962
96672
7364
70405
51721
47449
52035
22059
44197
252
43477
4422
19147
2289
74769
96332
3818
78764
41557
31443
46821
3534
4979
81304
26830
16107
6805
75042
86040
21604
97321
12896
49302
489
18835
47838
84487
30765
49684
23166
39063
6393
43053
73249
64421
85173
49843
80871
48928
4080
76668
23306
3685
41783
34877
60183
60080
28411
98487
11531
8152
9542
68601
48590
34017
3682
92714
92947
14811
23751
77835
24386
41789
26378
21077
44143
90566
93366
50964
25578
88496
94602
17113
10204
8255
40960
89320
56172
60593
53743
26960
7527
5713
16599
78634
52087
98601
26547
60690
86819
22755
31994
9920
33213
3119
32248
82789
88339
71375
57514
5082
20202
37135
9058
40503
10407
10955
24954
86551
16898
96920
71228
93524
165
85408
98804
34170
81954
59797
74417
78913
52735
90840
1665
89382
86822
66683
14137
95916
98811
65795
84475
30104
52334
58311
8329
87196
48475
96335
51944
4620
58684
71106
32564
83574
82327
20445
20429
42725
61082
66313
91953
5511
32912
39386
46865
36637
41672
60757
5741
96175
67062
77174
19271
91449
35166
20947
44465
6135
12628
36615
72387
63377
44175
35563
98243
9860
23760
27668
2185
30121
37289
96564
95871
55038
90484
12723
27602
97419
69102
65569
89806
25912
98193
77163
37177
14883
41695
54193
2427
4642
30248
59135
50841
57236
39688
26776
10628
24022
37244
46240
36582
17192
43684
84907
91452
83018
29830
39844
47178
98244
31184
98467
74370
94473
54461
91594
69620
62791
98097
61278
64135
77510
62503
60817
21792
57982
72411
71901
93104
48853
55422
53951
21056
76660
86339
47703
17478
53054
47484
33463
95881
19187
77206
54312
1333
10730
40971
84055
66264
56659
40460
88087
28106
65151
60599
63873
87256
58941
92777
57335
6613
49813
79236
81783
78715
