35749
13671
73036
76521
43573
10508
6879
21802
23994
65127
47554
25565
60771
39578
69055
67318
79951
85517
32120
29505
73073
94551
67013
49350
7037
71901
5436
65562
64971
32423
15498
78234
33356
6381
56545
22526
85109
85609
80362
8290
38087
14786
99881
43843
42378
34104
65908
79132
26546
49045
71744
57597
6462
5548
43840
5435
49437
57666
58778
58633
17892
11744
80362
91570
68143
37334
56277
26809
70390
9167
67781
58571
74768
81807
82840
50845
32777
68728
80469
93434
99954
75104
30284
74604
21961
86456
23657
2155
26729
26755
62239
19383
66328
35617
3007
49014
52594
22034
11943
28753
34851
20041
24795
20741
86502
94360
59537
9711
6765
9388
81467
75501
2837
80716
45003
42974
45391
58210
10422
58670
40640
26162
98091
66026
70331
7373
15206
63878
57121
96777
81488
27062
19742
98471
46524
7107
57729
16482
17163
57009
25933
54535
37347
78664
59907
20058
6800
95556
61955
42832
54849
22280
56014
5958
32998
77682
56496
6964
53127
72919
17793
39336
1948
45874
80103
39139
86711
9814
47906
39501
77541
83135
9634
27959
3111
87516
28163
27993
62755
86440
49059
14706
56154
44767
77841
29788
40104
16615
37595
40189
45302
71439
29424
17853
58540
47179
9045
19100
11611
40876
79644
27616
36685
42360
31478
41638
85897
18435
25168
89303
64604
72911
79707
99758
77207
68812
88243
45151
36205
88639
10050
11513
5233
52607
40165
41099
31369
10272
35546
1964
15353
28683
68275
65648
11163
16297
93842
51130
20768
35836
86544
3459
35601
25444
35049
58722
3374
15315
97420
88130
47085
41903
50249
8621
88841
7342
2896
79189
86094
34329
57787
90103
7391
21421
11374
70957
41837
32417
24186
87399
59382
97701
1354
60013
1455
67297
25405
65868
4297
28148
77897
80659
89446
63039
64699
62083
1123
80608
37633
74331
39278
23833
60879
69311
67467
88958
69483
57611
31667
18556
62548
8846
79971
30147
72315
58748
39901
93297
90992
49616
79074
53272
20171
2841
61032
25245
91474
50640
75431
35280
44635
54025
69669
96997
79397
76966
23045
4575
3213
99416
33099
82585
53496
74838
64785
14129
62112
76169
34964
18357
28307
38501
64735
65586
64122
64849
91417
1879
88680
51
69608
66180
45243
71056
93117
58801
35511
20080
86037
77464
97888
47759
70829
86719
45233
6792
51710
63178
94815
94751
26840
95651
49436
38934
49390
68416
30532
39916
45339
99690
41215
77247
55770
91289
51186
59806
26347
8838
43294
19984
58770
22167
59251
99547
27334
95635
86291
43884
31641
75031
97711
75195
64209
31313
58162
98008
65419
54610
3352
41733
85794
99241
87555
83871
74346
85618
28331
40637
65673
29370
16929
17594
96121
57761
51334
43837
46925
46625
1154
98664
84214
35224
96787
51964
35779
17112
99105
95598
63690
2375
19291
23194
11544
21586
89719
56903
42203
82627
61551
51146
80527
75026
27186
1337
80212
80841
45862
78675
51086
72533
31370
17516
86924
90254
41916
58039
36897
10143
68347
73052
45585
20652
92564
77362
86490
87551
26099
41315
60491
48247
72552
40334
74242
44909
59105
53978
75526
31324
56232
56349
24911
72149
76599
60821
90942
7492
20991
91682
44922
75162
99313
91612
72733
81865
65543
43291
79410
1105
86377
87643
67803
33433
92822
12163
31667
16321
8507
83530
35357
25101
59467
27508
24023
54172
36168
59774
85700
12664
49834
39546
31625
12096
93642
85473
91973
43035
71026
1191
30049
16347
41229
20987
29181
36760
13298
2815
25558
52254
2375
23458
53913
95821
6916
34994
30773
88758
10199
18956
81645
57032
12300
33136
7529
43185
93224
65795
77189
81579
59340
901
55309
58088
54642
41168
94922
99007
56600
46404
86925
393
14888
22535
47468
76485
39451
42873
54258
88797
54556
96055
50107
18637
31555
27593
51942
57850
49400
47018
1779
6730
16539
67707
21221
63616
55927
42847
3885
7313
19607
36617
99602
46573
35001
53803
36478
74746
7299
76063
51649
44260
50713
11170
28570
69181
87281
86238
48241
65551
82004
89399
72036
71989
87775
90943
28688
51630
22013
61209
15392
84581
97842
74159
52390
841
43618
62828
21457
14564
72442
1864
40195
41048
78431
53816
51839
26368
50072
43472
14273
87983
86828
67359
63630
534
90648
70431
87865
93232
96508
55557
23866
4516
12917
2158
73746
13709
10089
68322
58953
89139
14131
93029
89894
2667
23974
18724
92977
5080
84877
88715
82197
39672
52376
51086
70262
59105
40852
86656
81201
99962
5690
30356
78328
20467
80749
10952
74511
59737
62795
67493
19997
92088
74094
62874
93819
71111
19311
61571
87279
44374
65767
8241
8310
70722
81245
35040
8288
2394
49858
37367
15780
10668
92633
23638
84477
63218
75563
48869
11172
72100
42896
37400
60675
39785
50857
30044
31292
14854
53468
11277
28977
8653
31336
59590
94776
46922
99583
40665
30630
84136
24636
55013
71481
47853
34347
53575
2957
3817
52778
9792
70654
36653
9753
16689
83769
60198
16180
39453
71444
19799
50463
10996
9576
38720
50305
59318
31193
54889
93835
26924
2915
3811
63085
34125
31418
22680
84108
56831
33647
98998
7650
84990
84236
407
55211
780
17854
62625
9903
35024
34470
16109
37571
36932
95001
29408
52052
19562
76985
49806
65078
32142
92804
4581
91365
22675
91406
4882
64168
34048
33001
35322
45459
15723
57213
56899
74098
27638
8474
