63862
97590
45875
2275
38308
18829
49099
90599
38460
73756
78424
28071
86813
17898
1861
85377
84613
40951
38966
83725
26747
26057
35562
82601
31592
46525
15379
66864
40188
18623
85427
22001
71286
61581
59105
43358
5053
26023
59733
97763
41088
42013
92952
91459
99621
71876
76860
37898
37482
38414
2087
76127
27832
63510
73995
98323
66193
77599
70140
8403
30836
55470
55573
84239
56269
93021
58209
87308
35504
9199
11267
63501
26276
14645
44660
77414
61471
7032
96639
59145
11418
10110
23007
72589
68977
62921
84568
88843
36448
65625
24259
14202
89134
23207
39620
69502
88897
47317
38482
47441
26346
90953
524
8459
68029
29370
6133
74371
14137
95770
52207
11534
53582
20633
79695
83282
81448
52281
63188
63195
90801
48667
15641
76719
80142
192
39139
88917
77165
77487
87110
11346
85834
66810
32037
28839
83974
99051
99529
28788
28859
14547
84223
86051
14115
24369
65932
87654
49166
11212
37193
95134
59968
45131
92220
87160
42688
37456
6507
70867
16375
7516
24021
14232
98838
5812
94077
1451
1104
70871
84977
62539
55792
74371
10223
26873
49545
86471
69964
41041
57386
50923
33243
5831
12147
55009
8125
62612
84826
26621
5447
51101
31313
67797
34177
91132
98789
93101
2386
2418
49592
69359
84295
3750
39111
29768
2361
82292
43279
68937
94834
19126
47239
18316
29723
36070
6992
17213
678
2188
74860
33593
87706
31753
59120
4981
29158
54098
91534
60634
40144
77672
90026
19288
74561
9421
38993
46068
34736
86029
37971
60427
67421
11930
16414
69968
16484
42201
59547
82922
22170
13015
50996
60338
76176
43934
71599
23449
7746
