5406
58130
67785
30192
29680
28350
73657
16940
15874
92830
43037
6559
48520
56015
17271
70872
5172
35261
22007
58631
75912
16741
62291
529
98129
96469
99549
60696
88611
29535
85938
5266
10456
30090
3935
33068
53252
74118
62234
38302
21687
88921
41777
27157
13526
35106
5590
50059
22979
167
19238
36659
15977
26472
12562
34978
52788
84907
89203
79057
68862
23796
29873
69373
10561
92747
44582
63734
35963
11326
50179
26765
33221
25441
75802
65050
68846
50358
36324
79505
521
64452
4736
9521
24711
17639
62842
54483
60131
91988
88491
11751
97552
98949
75556
26814
53060
55978
2357
25778
48372
69587
19823
66737
8640
23256
51262
40512
70001
63764
50882
50715
40020
3164
81520
63397
72828
75595
81416
13120
11807
36988
37346
60405
95402
68404
21908
2865
52069
92449
31350
91698
10956
33962
86545
18624
3218
86319
15544
48520
58696
68965
65694
92846
8039
15528
71412
87078
75762
94610
49992
98236
2096
40494
71307
10924
98202
22564
25127
3922
19035
23589
57569
27750
86279
35340
36277
88934
68700
99558
12041
66357
25256
62188
58105
43202
78880
89833
66965
44473
37291
36036
46165
77163
30017
84117
13945
81054
26960
779
93835
33691
30488
173
11987
64680
43531
97459
30540
76504
69127
74894
95049
37627
75282
23338
33997
76540
73708
63797
1701
93400
18156
45315
92966
32825
77622
42253
30386
92609
26371
13195
61503
49001
30620
20979
82677
1980
83912
55808
35981
23868
45979
47505
96916
18683
1426
68277
91882
12675
29777
43217
33633
50065
24685
73188
37083
32718
86060
66788
71466
85635
13369
99498
13747
50636
12822
98747
79861
82296
98155
32984
45988
98664
91449
28755
78347
28145
25813
22984
87147
38140
5285
32489
28612
71690
55912
80047
9651
11760
52694
98831
90979
40110
4559
27720
77196
96837
76886
73802
58207
61363
889
53118
31945
93387
98472
66449
76011
77759
47989
35997
83307
92120
8329
90139
19836
79496
50259
78381
9232
64585
53584
66952
20323
55578
72928
68793
63652
73234
12193
24795
28200
42013
86232
53113
36889
74873
42908
39541
44974
65169
58195
48806
52949
92614
7146
14706
64033
77013
21277
98744
30159
64725
2113
21186
60924
20244
39316
66259
74451
54380
34220
21255
24811
91412
2518
24381
61565
85129
13161
5099
6719
30328
15420
54913
92758
31600
90720
80744
14878
56084
75484
11369
76717
42715
86493
34488
23984
84236
14656
19753
80272
90422
65381
25102
79750
7686
75218
45988
2462
92506
1820
90581
46470
96188
77261
79627
40334
79097
37798
61087
54655
51043
51708
38006
56133
92474
62152
62937
54797
38744
52574
83246
64711
58885
50345
32038
53851
39282
86979
7752
93051
56731
55028
32196
13572
12202
81960
64832
3607
31259
58561
100
87220
61061
26525
99959
47087
62246
30113
2413
66398
22669
99721
52850
23377
93620
18091
50351
22484
83454
67749
23091
85611
16781
32542
23014
89042
85497
92314
69205
98953
39661
65992
91816
5072
52078
42370
95530
18368
4613
29715
12508
14701
71510
24126
79600
91019
2600
7326
35957
14616
50884
87362
39406
73967
19030
39431
5423
52600
29678
82684
24354
8764
624
89446
72394
91818
37124
25627
97288
59549
6758
86276
86830
99299
69344
25855
41835
93527
60303
82310
43415
64190
5573
76497
51133
71738
62529
90645
16578
28957
75251
8407
97305
53289
9330
16347
35309
25805
89318
13800
28160
82090
41011
58982
82577
21752
72943
9274
64730
84652
92395
23529
52807
96050
66046
97565
25910
58258
5596
61021
52587
96869
14944
57275
97428
20336
88635
31490
35197
39010
22582
22636
28786
97514
66246
58225
54677
21499
27140
38130
30801
63272
85759
96325
76738
94468
73458
62332
78975
88062
3909
11801
47652
59803
76774
95876
36941
46589
97983
47098
59834
98884
92184
76954
30729
52817
64754
81454
50328
42289
35550
67923
50063
92538
42261
61541
89709
84802
26241
21589
45149
99597
68019
63915
92064
73376
83430
70156
79841
50713
10374
51178
24118
42561
3806
80093
81114
41460
4951
13766
69828
63129
81767
12704
14580
51504
5315
