92999
86326
32534
88533
22611
17000
23634
16656
35668
53203
62016
69955
3164
82480
3081
85601
51965
51955
79415
84184
33688
87017
47223
51105
790
81358
44864
11810
86662
81382
36263
56058
35505
12071
85638
70654
50876
40223
2680
42787
4820
8813
28929
4405
37228
74395
10971
93010
68948
74746
9800
2384
67550
82978
69846
68632
59326
66458
22480
20615
77156
19080
75431
35186
53028
11199
20001
50512
29989
7723
8781
85092
93432
59040
48162
27902
35172
27951
55413
93224
68964
36838
26172
66779
18356
11882
6451
26965
88285
52074
78998
68289
4271
85173
47011
90499
70923
64465
21480
3872
82946
28528
65438
88294
9026
3567
55223
3341
65734
64014
46753
63387
14233
20161
46287
18577
23062
91830
34652
81556
68892
38498
12510
53386
36488
30113
95473
52918
74069
39457
28479
40892
50930
61429
10648
69479
2058
89603
7539
9774
80275
29560
12165
58441
80789
83196
33899
25522
40686
89691
87934
61170
51630
20074
79300
51955
76943
31395
37967
99441
46052
81899
39397
27992
55130
42325
38354
97750
34310
34727
46975
79783
69547
38796
29871
24759
18861
91289
47100
83928
24808
47606
85521
1392
96778
86901
98599
96386
898
8344
39282
93787
19321
18557
90617
55971
82899
32980
88736
33972
60713
73717
19619
32218
70924
88150
94291
92262
95841
42019
1621
59415
57321
58282
16332
95682
75502
14439
72333
54333
45930
19542
43308
49362
7725
29632
14911
1567
48856
93360
57071
66736
91445
68968
8565
56848
13994
950
70339
45499
86170
15526
35703
45918
26478
3379
99474
96949
61037
20223
81455
74589
69972
85369
45736
68670
325
66459
38503
4775
52371
67632
56519
88434
62766
83050
75605
53809
35442
56922
61040
61116
40089
61275
25180
87631
63694
67381
32699
54320
21945
26430
99033
95374
88883
14782
40336
4349
97089
23900
72766
37641
11105
46279
84689
14043
22657
85792
59488
80821
13316
98596
54264
90834
91624
76003
47067
24772
33842
76484
18573
52670
1499
93705
44673
526
53889
79121
40463
40825
21799
62736
66244
22455
87525
78497
58444
32024
21632
55263
70342
7958
49795
74923
84813
1408
74058
52350
15116
57773
64632
35253
87696
59726
79615
46638
24068
10557
37241
91744
86350
35092
79357
13524
91054
92537
23260
27252
6665
19875
27219
54374
34934
19721
40134
9970
64070
86250
48858
39442
91030
97556
61016
62292
5942
69662
73109
1976
22516
20781
65593
88776
6660
44064
60128
32299
28701
63324
48184
2886
5215
45754
59184
69870
60458
85537
71353
95473
59081
46922
3086
69595
41815
59394
4358
48728
47468
79247
59138
95994
11888
2351
25252
98101
21464
42340
84680
65478
53979
5518
49898
13627
32978
55350
33230
75091
9847
94417
18016
92706
54926
19610
72775
91029
67602
52747
85164
6022
16166
94408
57528
39359
85509
2409
87975
48264
56588
49203
29275
13090
7514
86457
32850
93291
85182
11334
97361
86950
20228
62228
36637
45820
75785
76565
80745
33697
25541
52919
89749
62262
8181
565
96816
24262
59834
7051
4477
53349
15601
8534
36247
91329
17205
59808
61465
5740
68815
37261
32087
70142
43739
97645
62379
69189
21760
13202
90055
96634
74721
86993
44380
72306
5843
12440
83238
35092
82654
17240
52014
75972
24821
52862
21858
57695
46866
47021
66010
97900
42738
71745
82111
95971
36979
81920
85702
51504
6106
30957
82907
69514
78603
44379
58129
51449
84523
30252
33795
81880
5326
24351
66392
15578
15547
2982
30162
26401
11960
20048
45018
99015
90978
10764
3622
85566
68526
86079
89417
80014
54951
39489
69879
12077
80260
88821
70343
12046
65136
3140
83642
19014
58336
28456
54046
22214
48200
76740
30807
56022
40084
74997
39450
18996
58774
88080
4732
29765
49421
94925
51077
30119
90856
69712
13931
37939
29185
5974
7189
25165
35596
39147
33628
76637
97698
57373
43950
50668
45285
80086
59032
22964
44213
67956
93523
84470
