91138
12701
65068
64534
92687
36562
86005
32796
83367
2086
65278
90153
43411
93183
76378
44968
64352
27868
67727
59545
44890
40597
73
32409
84503
87802
40030
64280
18424
54559
44442
21942
75225
73592
20869
32798
25302
34171
834
21017
23375
64086
60249
73668
6211
86284
25258
231
89602
91796
68901
77927
71362
37761
34453
31724
75272
57461
16884
72857
75892
68754
5539
92168
16255
93855
63974
82995
51498
97938
81420
83946
36714
36230
99987
30965
22764
89250
72392
59832
68493
17796
85928
46402
64358
24336
2502
50746
66417
29565
91007
4347
71002
95301
64666
10885
44627
33414
80278
90058
59808
60900
8711
14109
22721
66294
61289
47118
83612
17177
84362
32910
11340
94357
524
14788
42637
87396
16495
23234
86434
40749
50103
58539
39726
58765
31713
84958
39912
86707
31733
21701
16322
16902
70961
97628
73234
5604
83134
84081
4465
49493
11372
30026
38666
43264
21591
74577
68525
68470
42546
43598
38019
66482
33604
66397
2531
39836
4794
70725
30239
14208
99851
35682
85872
9456
33896
75344
59850
75046
60882
17472
51015
84111
2392
7188
6499
31124
96017
98931
80053
1931
60668
19486
96671
96199
65981
2924
53711
93189
67302
11528
60303
87508
97663
61684
95129
87220
61929
14065
96589
11385
46132
12686
19662
52495
56642
57161
83232
26653
47675
52139
79247
66237
13918
21476
43888
98416
15975
95638
40524
74449
25402
28713
68112
18562
73991
28027
46395
32836
58115
6183
27008
19544
64232
15638
18554
30760
68122
88955
22636
38179
56012
68193
84249
28637
94421
85387
43677
54419
88218
26599
47911
18248
84458
32764
55534
25349
26653
41033
29171
72571
55735
7640
12710
21825
13814
65047
15244
660
97717
68211
90822
566
14978
36622
95349
79875
10512
79518
10860
21429
51135
7007
63879
77150
15128
51067
58616
24379
36922
38401
89808
45160
89075
37330
95449
49352
28022
51018
34427
98297
20486
5792
51525
50312
62881
4974
2313
81705
69395
80351
21696
40450
23815
55164
13921
61251
5772
9099
30081
65461
69214
50483
48008
45118
83940
37771
96053
10819
38403
19518
41527
20239
48422
99542
49798
37612
28801
51162
53344
24474
21991
94559
6785
35323
64730
88068
8636
45253
53589
48948
41730
32538
50360
71139
99049
59678
77834
13239
5670
93280
11559
77045
48891
92424
11833
71639
98874
10940
64317
49360
70657
897
90305
5218
96838
93174
30245
24003
4016
96067
50977
41201
46634
50150
49304
20533
87113
53068
87475
47660
4159
4427
11601
84491
91561
22068
89751
87424
89019
96119
11121
17653
91724
50789
86659
23363
59794
29364
7941
61819
63085
33617
94618
83897
17712
80238
23196
45801
49332
98654
22664
11123
45088
71132
74126
92966
32361
77431
34857
32434
99512
