60934
88184
64021
69702
43115
20482
38544
99928
36020
65757
49211
73611
46134
56428
58054
79521
60500
86699
2329
49605
86806
3890
90905
82649
28139
20602
60500
84801
4415
15313
64148
7835
93302
74329
3444
91227
97474
85547
45947
6216
80412
43390
41003
20601
36635
12928
88231
45197
3562
79383
49561
47920
60775
19115
61288
33085
49510
92397
70540
34530
39416
48063
63976
4262
31744
6518
54883
85467
2093
89385
50626
54808
37648
32844
90267
74354
25116
10481
52142
29083
85719
33050
59653
52379
8615
91390
38267
32107
5338
28282
20228
72339
70307
12334
5888
58558
54117
10635
50869
35945
19499
8594
42193
24696
60524
91351
79515
64942
49766
88030
69090
58667
77916
90254
48114
22812
750
15182
66722
66831
215
13621
27386
60666
81785
13373
67558
18968
96762
17829
55748
36527
1093
77278
66249
9287
86130
43985
35791
31247
51909
10573
6487
33652
74007
92123
57518
78830
48166
3842
85794
93076
75239
93559
95637
24862
54180
83594
23934
47592
59336
33008
51843
6355
18881
32107
2081
82256
37294
82155
32581
81524
25919
15061
30952
91455
37304
54852
71724
19682
91463
63477
28149
87365
1918
45202
92105
53226
37010
10996
3253
82496
72327
61742
61820
79659
91194
40006
67281
58892
70107
49581
77613
95332
97800
65015
79177
80403
84491
89831
39064
25411
79880
94183
84242
9557
20664
99289
90191
94350
80406
33355
85472
87576
45106
71956
31548
21414
5076
11563
34790
459
26291
61833
94701
89229
29641
67631
37890
2187
70979
4003
83027
87155
59847
23122
99736
5083
28444
46426
61464
99094
14308
74981
62936
31096
16013
28536
98917
38961
6675
89840
93905
8473
2253
65987
11094
63789
65467
62505
94073
39009
554
22685
53168
72582
46132
19489
52309
24640
15335
38443
2553
17833
16886
96577
14310
6241
90632
96558
93968
67268
31384
58682
31787
39331
24675
7521
10951
57062
9390
16288
52888
68720
44476
92828
1872
70411
66768
39781
74711
33134
69311
78398
94633
47875
8383
94393
16955
65059
11310
85332
22245
71316
75653
66104
76706
55510
28906
6301
4557
98472
54712
21942
72017
56252
98250
32109
44012
82803
17246
54371
79781
33467
62748
64897
93519
15173
11333
76125
85469
36308
6823
79294
43860
29626
12926
45806
31462
69355
20476
31473
57755
50728
65033
67191
36774
38148
44009
39784
32948
45277
55195
31623
75476
88870
81488
30409
65302
95307
65321
18379
84678
32761
99719
24151
615
40022
39788
99447
42940
80255
6603
79032
53699
91366
36589
39283
20025
52372
87645
98645
71242
31153
68876
54244
46892
92525
17830
70775
75928
87754
39665
26066
89032
7086
96357
16960
48138
37547
38067
76858
8646
14998
63523
97222
58577
67875
34255
17114
28004
51494
38583
51449
75424
17573
42608
1098
63415
84300
77026
35345
33476
22492
8996
4868
14746
29970
95869
22537
79818
61624
82931
81465
41080
12798
4066
47588
85942
84787
60693
31284
81008
54754
22375
56827
63531
25644
88451
46727
15999
1265
73086
16009
65496
62032
38091
79865
49741
77659
64091
46960
33437
59819
54554
66590
36641
15720
5537
65499
14396
44278
59515
31908
69967
98112
17781
49372
64141
91253
40639
99648
21755
24072
71954
85422
37692
67309
27686
4691
55017
45324
33191
21682
9298
68398
27532
28140
34169
68102
51065
28555
14042
8000
54975
37400
66718
110
53726
53811
80878
73244
76617
62727
13732
85041
33291
968
83119
40048
77311
22183
25069
27903
59862
63905
12400
5062
83215
43592
28414
45527
58870
622
63757
25910
68468
9795
23723
7547
45004
69100
31681
44336
30428
88987
48301
65797
16400
25357
68686
75660
79000
9297
62283
57060
73703
90823
17057
78254
72598
17039
73720
79416
7226
46706
66887
42536
84237
26115
4228
62024
76
89894
3246
57771
33519
33084
29857
87857
70016
18184
7605
19649
30238
7071
50540
99191
42815
79015
65015
75358
3113
24652
14429
1927
95227
26809
76087
55525
72895
10000
76040
62198
26614
96475
92633
31686
31629
76611
59628
40142
45009
43373
51598
89966
11909
56622
14769
28612
78338
84110
91208
87076
44253
36626
58526
18667
34477
32706
74386
69462
18798
42435
84116
85553
35649
39730
26371
7741
5970
43212
43209
88770
11913
21292
50976
22071
41972
99624
16650
30851
7066
66618
6331
11384
27784
48651
54106
38990
90409
51141
96538
64099
73112
51583
35325
98437
81860
74079
13775
22249
40475
48779
99217
76192
13032
27443
30166
96291
4947
48895
53102
50613
30821
5073
61887
98682
95680
44579
21792
51264
73527
35851
33694
74735
22751
75557
51470
36554
39424
87871
2405
35496
74242
47342
54204
71673
69852
68660
30642
82521
83954
65402
72620
91618
77491
54620
69462
12901
28711
35504
92679
95538
53984
78255
83180
56130
52115
74395
8531
79527
71209
67634
92978
30910
99040
12957
65227
31385
83379
12431
27486
41032
7816
58561
11051
34891
4026
69791
47875
14779
87074
97628
73947
88699
18776
67107
39562
96677
97140
74604
22568
93789
58632
93409
69468
17988
12899
99288
79729
67787
62771
55725
35504
4829
60568
33488
16042
17420
77852
7698
83414
87922
64125
11583
69319
99064
17940
19610
84390
93106
85901
89544
11742
41456
30377
29645
33393
23616
2589
16305
40547
53277
93656
24289
14960
37200
96343
80337
82038
63995
26518
79095
9023
49254
96129
77969
79684
12661
91898
78456
60987
71036
71059
52511
25381
75424
7661
63154
2518
28887
87870
87113
58044
19198
61525
13913
37838
25853
95458
13745
18723
67493
18042
33946
23883
92072
8560
75106
67568
81165
99037
58089
66948
58033
33168
34607
26526
15931
55174
79391
72629
40176
27784
54846
66266
601
11985
36409
2731
99914
94536
14687
