50093
96691
25113
65142
1118
5208
42043
99339
41502
4098
73767
55591
88445
51172
18529
13645
30164
47702
5204
75495
7216
78328
10296
47392
1836
58664
28710
25331
33013
35298
46407
40675
1922
12241
31642
92857
88177
41876
85751
61974
59605
46824
47697
20103
59894
6063
8520
5910
28991
48090
19504
95455
61721
8122
5551
95428
10458
70798
58280
87471
84319
3071
12752
26759
32853
45385
66468
98165
1960
52064
22052
14714
99627
82347
59046
58143
75825
54524
54795
20292
39084
68138
51159
6844
32167
19651
62394
30075
55006
63256
17009
72832
47820
91048
92400
10414
32715
24093
16348
66327
23213
28768
90140
37999
39240
83532
67742
2160
3167
30024
8298
63493
97383
66199
78368
84932
4729
80612
33
64577
7192
78932
73894
96592
68306
81005
3513
44477
8781
81118
98543
62657
45624
88701
47698
38695
27908
46508
31910
94486
66540
2574
62640
64066
24694
17307
79145
53606
36508
68912
61090
2830
71360
6949
96491
64693
61432
59401
18360
67612
21272
14661
6546
21187
77884
49478
60489
15228
27776
17039
75200
53211
92195
77447
13170
47718
80374
99436
59180
12448
20320
11527
38794
95359
43114
99393
44206
43583
73916
58052
54205
88371
5721
52614
60699
41420
33376
35089
30492
70499
44784
56302
44291
77470
88311
95904
8038
92749
78065
95546
