20288
82860
87514
6962
18432
79059
94963
89168
98065
21696
36022
99738
33672
9676
21546
18665
91258
28424
19553
19972
65008
62225
84927
23038
89180
91684
74500
82771
82946
22188
6674
72422
56556
8828
76387
92501
17425
65996
52039
88355
35031
55136
39420
9306
12935
93714
98354
76537
19994
33109
57937
23407
89885
50316
30467
52160
34316
38378
93981
89989
94300
48259
59648
69545
99515
89099
39405
70391
19415
3358
48180
31249
87228
87999
51066
38237
39441
67346
51053
23749
41127
99008
77269
11393
89460
3662
46610
49956
82892
22427
25399
79874
6542
63551
67843
94085
31592
50909
2847
56965
75993
74831
46362
76398
71300
3425
74066
81224
82107
32810
27028
46969
79137
19897
5472
80906
44640
47518
6930
82615
68007
61107
87591
94860
53236
6347
80967
60051
49535
3764
59760
61477
7649
59596
96729
63381
18991
84205
82880
21662
65444
89908
29899
5268
39210
86772
22328
67789
86806
8270
99451
19384
88755
57150
90061
10965
97115
49583
18291
15598
58702
82537
49999
8355
17699
60742
53852
65617
85328
68543
59014
11930
8897
27921
57574
8748
36615
72623
35817
63457
86799
87813
22428
44508
29382
16937
57848
19051
82938
91025
99117
5022
9668
96316
29902
48254
84206
97883
66450
85287
76345
91419
28133
19034
2544
65610
80601
21936
77516
76922
90666
69363
39450
16313
67621
66574
79469
97159
90214
68030
36252
67312
78131
5197
58000
83020
77868
79328
25963
55157
96660
4261
20109
62444
72011
56180
90322
84659
14099
54520
95613
18384
76079
9973
12032
15581
76077
76777
55044
88929
73947
84710
73968
35073
65591
45214
93642
95964
5221
56409
45662
22397
22942
74953
91498
49891
91541
82947
39004
28766
66017
12228
12515
32093
72563
26156
2251
33194
80919
53049
67279
21056
76978
26771
25278
38674
83405
37226
43475
57787
98624
25735
24496
89641
47925
44599
54596
72092
5322
53007
54761
41901
15080
43571
76326
62977
13315
86086
91111
55725
39386
47573
40807
23953
68594
21177
11979
24598
14428
95599
81156
42104
28129
46829
34912
50907
74484
11404
60063
43292
84788
80723
62793
26146
32171
80292
17175
60112
76229
43811
12785
74518
91648
79600
92958
84513
70767
43595
81063
87076
40311
94198
35685
42462
32896
64861
82718
93192
25129
31092
52468
7465
61502
29215
3091
50725
15141
66406
55087
27017
65978
62556
42338
54254
12325
38289
3130
17261
9790
47033
68763
68453
56457
45522
63270
40234
93626
22819
10108
79545
64329
39259
3546
8435
77105
69469
22532
83742
3735
71996
92446
90475
69829
84361
4322
43263
94796
89191
75902
50418
47525
27344
57254
33691
22710
77922
91421
58179
79451
95819
77602
20747
84359
77094
70684
41636
61920
65576
3823
60488
85450
13338
63230
65583
20595
30593
67978
65038
56965
80436
35678
27942
6210
69984
84663
76590
4834
50746
64499
2806
67702
35066
43028
50298
38734
89032
17007
33655
22267
33045
73299
90734
10611
37562
91125
80239
24453
70770
99549
57864
85085
75971
452
96806
69128
4642
22794
95701
87894
84717
85450
11942
10040
41153
43277
38195
27553
76983
15384
61886
79937
49522
94274
8860
20453
44379
59292
84812
91914
39797
49731
97319
91455
35762
41907
17473
65608
36315
28516
60361
51015
80529
10700
42194
28199
36837
289
71314
31556
55898
45198
28936
11736
46455
45782
38881
62903
75230
44611
60529
73296
45924
30467
45972
27387
81251
39320
30932
63270
50081
81317
49876
37840
54005
36880
26090
83250
31244
14235
53432
269
21241
98910
32077
8256
63514
54917
59590
98545
82369
23543
80705
58056
12981
76621
28373
52700
2480
90599
52558
12771
50290
94557
60437
29080
43330
24389
1225
3263
41258
8433
44626
799
36006
31557
72979
13266
61992
69786
57674
2309
9051
17259
71706
18386
15461
47585
44696
80643
20643
45089
97667
39841
97251
39768
71472
94085
32500
22445
28626
6243
30268
95993
8240
92592
37612
21271
98658
85465
57183
46633
33924
45161
99582
13656
20030
41288
14761
81831
87122
6289
7981
37537
64714
14848
50761
14575
69215
51243
20326
14394
18866
69471
56989
78854
56168
79202
205
58292
83753
86277
6749
28736
62691
19766
836
54135
12372
32445
92418
24955
10112
50872
73423
75046
49120
42485
27336
24690
59790
55324
7850
33228
49376
42445
53130
23008
85947
64520
54524
62747
62686
34091
56671
42672
69380
29497
46204
27541
78059
93119
90291
77803
98097
64842
66443
80173
31772
83018
35806
82101
27401
23482
52247
95701
97640
75570
65196
23087
11804
89134
23232
60541
87440
56576
52173
39151
97986
98716
64701
91544
35666
30160
88461
