82061
53009
91203
94999
89023
64451
93860
58844
57754
48092
63105
79319
63410
2141
98557
95159
91314
58248
50627
68125
36041
19738
37600
24530
62277
52192
72572
83990
72212
23484
94670
56819
29604
51014
70177
25669
3032
71672
45612
82977
45399
97198
50542
26904
70739
79703
28591
17250
25176
28456
45938
62221
16646
61068
37226
36201
6565
39036
56304
70627
88973
24657
7730
16515
68514
78494
7429
55568
10580
27837
40211
10085
8280
66811
62909
79646
69167
44495
99897
13298
96350
96426
68895
82179
38060
62250
8738
57343
28585
13624
85941
60628
43001
4335
65645
62123
61056
44210
11807
41429
71888
90866
33485
60534
59352
95983
39909
25227
76101
90776
27806
23699
2758
52757
55109
96480
83498
98563
84982
50507
40531
78192
37707
30622
50800
67957
9379
32642
5534
14272
73267
56324
2669
63787
38299
81690
12436
18535
12197
93456
56601
65263
40378
6978
78248
78473
51524
35190
31873
75494
90262
75402
40246
90153
55064
39794
97143
29149
1489
36201
12454
21221
49309
4849
96320
91448
8803
62216
39058
34897
92745
16387
12003
43350
70093
9481
48193
59696
83187
78430
27361
40961
4817
66762
36933
10327
72475
56197
77578
8171
25163
11366
24462
30672
87559
56883
3522
3226
21276
79473
57818
13299
13759
41694
39615
86993
38610
2646
73602
95566
27228
18380
1360
58172
74705
20367
7088
39112
34205
71135
34948
52039
94685
22794
88722
95649
11448
7124
43398
64135
91471
99611
9589
61899
8178
51807
90088
51984
77783
60610
44956
55981
52644
56068
12566
96686
49325
79509
70302
29062
30669
42369
70849
13953
3229
76526
31025
26907
16310
24241
18382
36969
28800
27798
86740
91469
59619
77802
69824
97737
17776
52436
63405
14851
91837
51197
37065
38865
89344
55997
18420
87278
40385
34109
51770
80206
72538
99644
61105
58830
32947
30357
4707
21197
50729
74684
79591
49257
45491
52567
60253
48369
21245
63523
94905
10236
33137
27951
64737
94191
21582
26740
11782
12856
62609
43421
52261
26612
54308
32797
8012
54044
93120
17010
87274
61347
33986
93623
72523
56206
30819
57526
4053
18544
66803
17227
35256
31698
30938
70539
7003
7860
8582
45596
8611
30390
45900
19786
32076
93713
74228
