71665
26976
80569
77684
95038
51650
55975
49628
76779
81955
68459
47286
7321
40836
4339
23797
53657
86404
44015
38766
17662
36908
95145
45429
96098
71539
19333
27912
13293
22778
28061
3303
25072
72753
24001
84644
61118
74442
6933
28060
94790
85653
23040
20928
27334
89732
80491
66350
17711
61980
58691
94146
64440
5962
12778
60740
21589
40545
29067
20967
85909
18372
81582
11784
61930
17693
64352
34453
30467
50302
7244
57675
10437
11044
13386
79868
97165
4575
3418
45704
29958
99219
11996
11566
97356
384
59677
65123
82720
27067
99601
44290
65430
43730
48235
66542
36905
53148
26810
93500
793
43615
14814
76590
2593
91479
34694
91277
36441
47052
74155
91331
56174
86456
20362
24747
16888
35050
67232
37566
60544
33571
19221
43304
98221
47742
75535
73896
27502
16259
70906
79807
68513
53777
97943
78401
47600
95627
45205
38484
85621
80833
9272
41734
319
72836
17712
76111
50167
39553
57253
17210
43590
99796
11835
10205
17090
33968
92169
26305
1525
36767
35628
77908
63427
91412
14126
21228
75379
55003
13528
65367
83297
22476
47850
91418
3036
29963
78521
58097
9175
7409
24248
29319
58810
83123
1687
55776
94143
7642
49389
60517
82598
83026
75628
30992
67605
99822
45497
45355
59116
29508
31345
98614
53120
66503
85336
98212
90243
56470
70150
68789
95270
48656
35130
23403
21186
64227
29191
4761
16612
2222
55156
87050
2165
87897
31811
40396
18090
28939
74559
73974
38582
31760
78965
16824
62337
71838
49685
38861
24942
97309
20027
84668
65173
28444
45146
41881
82063
79149
14258
41212
34597
53747
95647
83158
98024
30157
43908
37906
62151
43303
65948
51673
36987
30075
61800
38056
82432
81147
89784
47620
27124
64991
61996
37527
96155
19736
1132
37360
94840
17766
96907
65556
72527
21222
80996
48739
40025
82371
70243
40377
3890
86591
92174
14045
58516
52475
16391
78130
92971
3897
98584
45305
23964
58444
38535
34764
67770
75522
63748
80047
6632
64483
40160
51608
49378
65657
54748
21712
4640
92317
21782
82966
71777
23442
75393
94785
2512
23424
76713
78714
9920
20844
20800
73599
32118
2994
28275
8200
27284
60164
48483
22375
54869
52776
73194
34186
48364
32412
30703
21132
56050
5331
9810
80116
72335
99801
1554
33102
25383
7350
29222
30626
11597
6108
53766
10326
54543
76818
34662
48990
48870
32079
35838
15832
83634
88521
23563
16435
13475
67853
66520
64218
76292
3609
57676
38056
94748
69010
10316
79469
89651
19164
91405
99048
36977
52478
80004
90965
1905
20440
24133
1778
93199
35089
23861
31684
95957
87912
83889
75247
32110
61715
8123
20925
75105
45994
97253
72965
89001
94059
97038
54684
44015
45984
34964
31696
8158
16650
42154
60788
36262
42988
80554
26745
85783
2642
10929
80420
66491
85721
61155
98698
55531
75376
5259
98811
64620
40652
13745
8948
89950
42556
25796
50881
33942
54541
40960
94288
43206
43290
58982
74327
80925
64933
92038
28060
1666
7366
117
74396
29736
54856
32707
88437
19252
57035
57017
61136
82980
94851
5555
67210
61899
7250
51425
75296
56079
91589
92052
65465
42626
88091
1489
29220
93904
96837
79257
29751
6618
32352
29363
97753
86466
89396
25280
78397
77141
60919
30489
11345
82182
91279
66595
22687
94781
32692
48509
70513
69157
86844
42152
26370
85687
93025
20732
29541
90865
19238
35451
6542
61012
96985
75718
45490
21216
72490
95693
52278
11075
31986
68323
72629
38268
58872
38268
47363
11949
29736
66932
95516
87450
16405
16881
11040
50979
71237
49203
36695
10913
21360
86782
96193
66598
83478
75088
70352
75815
80200
68949
91787
20180
57414
32346
30359
31577
3577
19359
66452
22792
58040
54364
63026
52744
42550
22228
71870
82034
99752
72278
41685
87688
22832
25853
2825
82883
72257
78323
24950
27812
25798
78976
1985
75406
11472
15560
19100
14643
11767
76706
54543
83991
89047
61268
