22819
4936
59374
60332
63252
50958
20206
90024
75664
43468
38675
85565
41656
90545
45223
42380
58472
8809
56302
33732
19837
1168
31009
51759
94911
10171
39154
52311
68271
99046
11432
39445
35352
48663
56197
81450
79917
23116
5586
84417
49782
60530
91260
51456
95805
39754
34750
36374
16122
61231
84382
57216
95286
14332
69503
3911
42025
93976
5313
120
29838
69736
14078
1970
18098
69921
30504
70445
32733
34391
265
55020
91916
77645
40166
53535
31761
91571
84742
15828
19604
77876
16422
99709
44707
62749
94516
71969
52395
81030
27179
92718
67250
34572
40681
2184
16537
40304
67966
62701
84222
64919
62089
90002
10574
16110
59363
90751
2457
94838
89150
89523
68014
80725
97992
91043
15986
67529
31273
85262
49981
2101
12511
68879
15538
50849
93409
65665
3776
64275
41187
8126
75519
3789
95360
65382
37552
16907
49073
49982
18832
840
26375
71928
47372
62460
32940
12881
96203
34190
20517
31896
58412
157
50318
77657
32946
5484
77619
7482
60610
40403
27295
41467
13420
48589
6228
78768
16015
55653
24735
9159
45924
15208
99902
99253
96954
56314
48103
45086
35428
25042
72607
62190
99848
86843
24303
54445
27747
41397
45048
93119
5615
68253
100000
39394
84525
67948
59245
3790
1957
91200
39520
96566
31684
98265
91559
87459
77036
98448
54674
86288
86019
67544
80400
30363
792
23776
92832
68219
16239
33083
16948
42582
50157
66523
14601
90265
39553
55496
86979
10194
32839
5590
53869
55575
28839
90125
87752
5309
27792
83909
16467
61290
73718
41091
92988
98566
48921
87930
84894
58039
39484
83384
95907
56920
25156
86666
40808
42150
93952
3550
73538
8425
94540
74331
41621
6246
89114
89161
77979
45337
54640
9705
13010
65611
83071
22108
70995
81039
78729
50985
82028
98134
85638
62183
74375
73023
59779
75531
3396
87724
25760
33976
25637
71746
94693
56118
48095
7869
62312
50292
35032
73878
19806
81814
96544
58139
18018
29573
29445
76285
73547
57483
84330
79935
16843
71392
54400
72694
28055
17103
54721
60174
5583
33012
22742
20332
23056
89519
93765
55420
19176
85512
46652
57937
9589
59919
29118
83661
51603
61874
81109
58322
92185
93992
75342
30042
223
62452
2579
53715
56153
28268
83030
38209
59762
90004
49735
65435
30592
46684
3329
57125
76886
89134
27579
16627
50635
90861
51096
49084
26563
40178
45924
19976
32720
14012
6611
18114
38039
4664
99816
52413
87520
91657
28299
10929
