60849
61495
11774
86506
63943
48857
21070
19224
89622
25695
44478
21148
37129
6070
21594
24412
88007
87602
80722
52090
48222
41893
76236
57980
33424
42715
96313
74952
81984
52556
77711
47845
7149
61981
78582
84281
59805
19408
87438
23614
80779
7336
92955
49494
18086
63142
96914
73349
29328
97768
23395
98626
43002
23164
6100
21845
35678
22352
61924
16661
16736
74229
24184
51481
19317
49315
10034
37883
75856
74849
47333
6729
5128
98767
24222
97590
34571
22248
17540
90446
73379
47844
91922
89446
70625
51123
94763
24832
38613
52877
69973
94964
97913
65234
59524
85816
60570
76772
72628
17094
96542
23628
15295
63467
57555
92429
94911
18951
98248
90363
81990
57331
39848
14095
85793
83372
94690
94081
61203
40
88583
57678
67459
55909
27083
67134
79426
75522
56380
50372
79784
91250
93085
23429
61576
82413
65112
1819
75787
13741
51006
36780
42993
63681
55362
47711
55020
98144
55416
50882
47309
7927
39290
22845
56371
3683
6480
7375
51256
26928
75235
39283
7381
53075
7244
49355
85771
2586
68298
48293
43548
96152
70226
53625
51411
36508
72395
95407
47200
70669
88373
33326
99549
56231
46301
56700
26035
61559
94243
91138
11614
94470
10953
86183
35193
72573
98301
89058
47817
36433
21711
96479
72096
74312
19146
88996
5218
98451
3109
60504
51796
7343
23553
46872
55220
49623
90358
89083
72249
49069
78381
5915
18869
28048
91027
33568
60675
35419
65926
77836
50384
84015
96140
65087
90354
29189
66171
3779
12379
51356
11799
14417
10891
49893
29818
47421
80197
32427
83853
63506
12437
27309
79214
2579
49264
50612
15520
48699
53482
37672
35729
79371
49568
70744
49053
11239
87134
15725
85502
87082
33973
72677
42379
37915
24809
58923
89163
6688
4865
68326
13579
22898
39281
70949
5208
37789
95398
94451
81889
61496
29376
14989
20310
53004
14587
58435
92964
92446
82096
45472
33301
73493
62659
77091
23222
83337
95687
65311
