36081
98313
97909
99464
42259
29807
56592
7460
83418
63550
53233
52494
43137
88709
86248
25850
57807
38063
3759
85169
87973
8884
11052
45464
85273
41460
92475
76766
57141
45493
84407
82284
1939
1711
67198
64665
97147
90581
41590
82377
57342
11267
59962
58043
5479
88937
13344
70023
38163
81900
49239
36761
28822
94868
93157
38925
92917
7108
62206
56099
23408
4883
68795
99191
46868
89282
17449
64396
69991
1718
74133
18078
34904
10790
53462
9320
46750
11439
58474
40957
47766
82595
25254
42597
5866
87522
31733
20158
90227
87096
71020
89205
16376
33111
78898
94760
76498
61234
34406
46757
24503
5974
17683
91034
51212
97247
67942
57113
75119
79187
44571
86904
44870
13555
17367
77252
25573
89976
70616
6195
30615
27718
38930
82282
71344
41576
52630
26108
90355
47744
15957
92880
80114
35922
20239
47795
63364
25811
99739
54146
12530
85071
47411
10348
25656
88272
30072
4404
18839
26360
16267
94525
32322
30136
78476
9732
60645
22017
31714
99867
6244
39283
14368
90014
11676
32192
40359
89351
69731
38712
19378
89969
60881
88564
37271
2487
2940
11736
49370
43608
1862
10075
31024
6907
84649
50402
83837
3570
494
9985
15840
17430
45392
76593
53226
48890
72207
36573
67531
59716
19889
70843
28411
95208
10352
85085
81004
92407
26586
27027
27253
35447
50092
65793
40233
86451
42129
46710
34967
76603
19372
77749
93153
66090
36490
66179
34752
57804
79742
84165
14305
27187
27431
27196
68984
85403
24643
61013
19282
66337
91736
53038
86180
76102
96505
312
51235
88792
85099
11336
28432
44582
75601
86713
35677
1372
61729
41035
59194
38371
82191
43683
54558
27368
72259
22213
28327
89143
73335
97474
90794
15725
88467
13593
57270
9344
54609
79657
45311
12876
6638
68359
75455
23246
83255
18813
90550
21381
36596
53862
33244
14287
25574
10997
33729
64335
48330
53625
50889
62938
73520
3439
11624
66091
50495
53050
90478
12213
66713
11626
645
55599
28350
60134
45951
81001
37130
27804
88881
64833
13556
28941
8484
90286
87656
80084
24937
4897
746
50385
99607
32565
6447
67281
54803
54766
21359
78784
77727
13518
88909
40247
15958
919
48344
95953
29115
19407
65824
68860
1118
99135
2949
71806
99677
10338
51958
25445
49991
77514
29496
24282
3350
3109
59963
62535
95019
30829
32655
25139
98842
80805
49700
84970
49075
86710
86213
29937
33849
88743
57146
28729
41397
47126
29553
94392
85729
2974
94956
79575
74417
80371
58225
60111
48186
43916
78918
31094
86636
48834
32095
12230
51744
38949
93120
18212
