72119
70001
72410
60677
67915
10820
51133
65733
33583
14678
94335
36656
67867
11073
4404
29156
19472
55204
87129
26095
62136
92690
89204
9165
34193
64154
94528
84766
12238
87499
40807
20794
79943
58870
785
99744
42502
8389
91357
78076
86078
65391
98467
73295
21178
34289
73065
67401
77800
34164
85267
28807
50705
69318
93009
47155
7772
26781
91095
77178
91124
74113
69828
58484
14087
60947
5727
54149
53040
11506
84999
37567
75602
99124
28301
40293
89109
3319
84672
41723
25857
71924
90554
84965
62742
67061
52781
68603
71901
6164
98578
36265
86887
62853
41437
8505
40801
31110
48966
50801
91332
60139
23497
10018
76906
16771
59775
32
50432
92105
48993
1373
79640
65264
61974
59199
20012
31780
16161
9272
42083
66907
72834
73510
37528
15746
37743
34618
13829
30893
3985
77808
71262
59008
18357
16794
59569
44866
37106
16791
97784
93492
59769
11594
60273
76403
56638
78316
18936
56396
22785
41882
96821
19954
59216
17765
73778
45084
7676
18353
47254
80553
13774
1357
13502
35931
78554
7326
23380
46546
68693
82465
35732
28448
23037
71719
44030
94588
80191
32514
46140
54841
93126
14203
2446
21600
26514
16835
39073
84478
80193
67872
81253
77446
90962
43475
72469
50359
65761
6277
7699
93464
95597
36918
64219
95729
64554
27932
49794
68904
32252
40917
72106
54344
35503
80464
17663
56318
8856
46628
48424
34286
38116
98563
97795
77867
66444
88459
77677
66811
62837
69498
17596
24913
98438
98877
63538
50868
19366
83004
9840
83621
63859
39279
36738
40384
11364
89806
15576
89390
24773
43813
42471
84196
27072
93686
25810
74811
6289
9578
84401
83761
25340
88556
4145
71021
7530
64724
85217
91642
82353
57016
35020
67688
91012
81798
29491
38885
