18819
91592
39995
79110
56390
24662
86865
95094
93928
89978
16966
51901
78698
28989
6169
89959
97789
85750
53523
38254
19757
43149
91319
49660
11991
38287
69583
41072
80898
5646
2167
34212
85597
88255
55437
98730
96921
88718
27863
75821
84992
20469
20367
7851
50893
30163
43657
26476
78665
76830
44218
52190
34734
64552
98283
79424
31458
98634
92410
79542
11701
52864
62241
53220
43646
44107
85126
61612
78845
10022
47775
30904
92650
14572
17596
33222
52106
25044
12381
89846
88337
30271
60512
92615
27305
3433
1099
76293
16574
50022
98275
48689
97940
16208
8873
29052
73663
10184
70238
50198
46574
48704
50162
50277
79397
76181
29805
17362
604
62861
71494
64009
63365
41407
15086
48872
64650
30343
67382
56157
99380
22217
92608
8994
59845
91007
8111
27523
65899
29513
18650
42100
57171
46319
63699
53621
87050
96048
25344
48450
75994
94113
2855
85670
1762
28792
1914
80340
33222
47436
36447
42687
13309
86126
77327
88991
14035
91142
72184
65412
40542
79554
20843
97717
76585
23099
22701
24755
44290
59781
12907
27873
58742
38790
30302
74713
56832
52579
75753
41366
13792
94907
40785
51433
6644
67932
91272
63080
51287
56546
42588
55921
28729
38244
50552
96172
4250
33807
84321
40678
64980
85895
92604
45238
87255
52249
14812
39224
14886
80549
47235
53930
81495
46645
38223
94431
45350
70837
22719
29992
62720
98514
72569
36177
7861
30571
1010
81767
7934
55454
85622
3924
64133
57480
30995
15675
44376
66
12059
75319
42519
93493
89364
95436
30677
70146
9391
28686
