83789
90000
79114
21048
50407
71355
24886
57012
65087
85475
28532
21812
81289
85286
52199
84189
10153
37513
62342
54624
43254
56400
80175
55868
48405
17911
28260
57896
33129
88509
16502
47482
14586
53042
50272
4815
26288
15568
48526
55048
56982
73937
26347
12052
65864
47090
26378
29672
85790
20768
37074
82669
64662
48187
55946
52497
96477
31887
12077
72366
19806
66815
17524
16098
60907
34440
16060
19980
97204
53851
38862
36552
7307
9401
405
18814
10604
26424
1914
82421
9119
62892
91519
5494
34558
95290
87455
13902
48878
64343
84998
19095
33266
95003
68126
56337
23531
73323
96055
34276
57155
68671
15971
23649
69104
92257
7353
88942
3409
6886
44211
27616
34607
19077
18265
70029
36193
84773
34823
50719
11407
11945
59905
94711
55906
89918
94179
9749
46044
44769
13195
64901
62709
14450
66868
10208
74061
10681
18867
86483
67525
62582
78095
2066
29894
14468
64101
4941
55229
8851
66118
6042
46777
58345
68714
42747
25193
17213
98403
98387
42589
74676
45885
70839
59728
19577
18045
71527
15726
6584
63036
10271
21995
70594
35859
67711
88358
81609
62821
97815
27972
17318
63623
70273
36239
48765
77474
55501
