46983
14391
66888
48096
28680
8135
29282
39868
48684
10387
68743
29937
39352
72961
23247
5636
30042
97332
6622
4170
99033
85553
35265
81226
26150
88023
47100
92318
33318
56511
58461
27871
21022
18727
41573
2129
91686
22572
53633
88637
80626
29431
29222
28110
35352
54559
43613
78939
81062
56677
47542
23124
38573
74513
95418
43571
72157
5948
77923
9022
39279
38062
83425
84226
47541
6516
15385
80019
39836
11492
40763
77275
26992
42050
20953
46653
81884
75762
85524
60928
91578
1023
4284
3480
1533
72037
95299
33614
34711
80513
39016
26262
69486
10291
65136
221
20044
78231
81838
6276
82270
74574
31660
99182
90359
9746
97780
24921
44053
77808
80603
49358
33309
15727
17265
72656
84857
41831
38042
49461
69499
35035
17412
38215
63099
75497
35727
44181
29364
18092
66331
83188
2837
93724
73962
34580
67776
70636
42487
51527
81688
84721
51152
84830
92283
54876
77513
22460
71813
14165
76643
2214
18225
1905
31449
45187
36226
30472
25485
11852
4640
87067
86236
22914
9266
43179
97572
37254
20060
51396
84719
25519
85420
9289
29828
11531
9228
95991
64333
12982
89514
10571
61348
36844
18067
44025
9368
44138
99526
80045
72054
77921
73606
51865
70617
16386
92817
25847
1400
45224
56204
93669
34491
70030
60504
67450
96077
9757
93003
42971
89893
84294
86403
32989
28329
20884
90604
32658
75728
19640
86927
26557
32561
35568
68995
64082
98118
8320
31119
8749
39437
5147
7095
52694
2662
44494
86719
43125
83668
67197
48697
20595
29040
57726
77382
14912
26137
72281
89588
51565
29646
48121
51427
684
4123
1933
90675
22212
11913
14937
42291
70551
18064
92627
21791
30623
68919
77936
35701
7697
61691
4788
81554
28142
73851
77842
45609
30589
97216
52972
75884
49402
67426
86565
47609
46759
58279
57301
32451
95678
8224
15612
88984
97801
78758
46378
47787
28255
75823
9498
31053
98437
70741
11495
854
63874
91340
95360
67634
80975
4557
2714
27115
13389
35577
35754
5501
58519
96009
69032
81614
42597
15102
15263
21573
73181
8840
80831
88372
17454
54066
64198
49698
58019
98704
59782
24481
45955
47892
90607
86495
71557
26410
57723
19276
65221
36665
7834
72340
76671
65712
88578
86981
47157
46351
2845
20846
55408
7388
67734
62150
18445
1930
49169
64169
61330
47424
24354
8088
35760
5143
45022
60728
19050
60973
43374
68340
49293
51695
9252
3890
82314
6769
75739
6217
95181
55197
68247
93403
68413
88916
61421
62918
35881
44876
17980
86615
92385
56689
43392
77352
8396
18872
75874
65834
35450
88172
62901
37929
48667
21122
92633
30547
92883
36035
26033
22508
86449
98384
76783
52338
14093
57070
39688
23154
48095
5439
19827
34839
24166
49649
32980
74460
9046
36604
95877
52179
50663
61544
38905
57645
12417
88051
26556
20831
99887
43298
85130
39857
54189
25353
94201
77915
80907
52533
3375
34899
31271
63766
81447
32084
29924
23660
44134
42810
91464
78087
69740
75820
64122
61805
23215
71411
73778
53598
94486
65824
66869
24752
97580
76493
82544
74563
37484
80888
44511
70650
76235
38029
43602
4748
97127
51263
55017
35828
51547
21305
74960
15183
86250
53612
35495
45701
81645
63836
58101
80845
12089
77746
34443
61679
14285
93945
87876
79260
83963
16262
8176
15367
63299
29164
48633
49629
92882
20951
26407
19931
75914
49362
98640
87955
6010
17035
99542
37951
28862
69027
92459
3575
85956
10555
97038
55817
90689
57635
47504
76394
13449
28711
41765
22906
79795
74090
92045
50528
91825
43888
11517
62850
81189
4304
39910
50665
217
59193
32465
23774
63907
57168
1210
45656
22346
57013
92075
54075
6803
39197
69277
349
71445
45504
60021
45557
54206
6157
77962
67952
26583
68075
5709
62799
22107
43299
8265
18173
25762
78605
67260
8851
63609
48182
75272
60977
16813
66328
47395
41072
83904
29312
30173
1726
21491
90479
25273
50666
14667
4256
31011
83650
58781
99620
54983
65697
39371
87039
13607
579
35026
66229
70148
32847
47437
57896
21994
49696
16810
25939
46639
39807
19896
83985
91294
27985
40120
81376
42584
88196
66481
7587
21634
94883
40932
33221
28492
49231
3
50666
23026
86617
17494
21988
54190
48029
98634
93216
27932
39050
93829
37266
6014
89244
67174
52654
34979
79559
9909
37205
91834
99199
73695
45984
26135
43918
9794
13437
27433
52930
65232
15700
66278
99691
57088
49034
98925
79622
56421
30931
37534
14371
24334
70648
39333
50513
40069
15241
52877
80597
44355
56576
36922
37771
1012
18931
67739
49568
69233
62260
79414
67658
91651
26377
7468
13082
68470
46650
22014
77451
82612
16742
88595
72730
36493
27830
23677
38729
96157
58077
65298
21151
84241
84635
12270
23016
27114
90528
61084
10365
5005
32310
28639
32889
46229
46078
3275
52295
98587
91019
9877
98011
22225
21644
64585
53716
76787
14492
60901
23416
47306
54002
78162
24373
27636
71036
68209
46448
33923
35044
73836
18217
68871
86359
88119
71960
86589
47757
23944
22751
67112
9041
62851
10066
78745
23548
69652
11324
18589
27098
34580
67645
73955
23877
92071
84475
28100
65507
47788
48032
45505
73028
48207
94692
36812
83834
56223
10030
73348
28407
28921
64211
61369
89577
73565
73655
87356
50421
2467
62079
33296
95214
8546
37096
58739
92152
44008
20354
77237
79506
10376
83681
87401
95906
31940
9151
