37889
83228
68072
47869
19620
45414
43634
38722
78413
37822
61028
59243
67537
53155
49543
42784
52337
3252
64080
50757
46858
12193
25071
58331
39320
30714
6518
44252
30841
38946
50775
46164
64442
41650
98788
69888
74463
52595
39165
35008
73244
74126
94250
4557
96704
53480
6260
8815
57410
57264
9434
56359
97675
63592
59602
95565
1490
56365
93261
87215
69644
73085
868
92492
67976
33546
88368
51299
65143
32409
80135
76562
36699
91642
81032
53437
88844
47545
59901
21485
88362
46521
63543
39476
63898
95342
54905
67728
75975
69016
7288
98434
17393
23624
43859
12842
43294
25752
2118
3289
84399
48999
253
67516
9584
85336
304
16059
7574
96656
43854
32538
47204
35102
38981
31944
66083
28896
37282
75026
19249
8866
20853
63741
66607
32163
43140
35823
56885
45451
77467
50109
59959
98464
21452
41178
55756
66321
23772
35939
20035
21153
5273
31900
28256
82843
98897
9026
7602
62953
17886
99879
5522
20213
14885
68997
97462
80476
13898
82204
54464
56576
41027
29341
16004
80928
4152
93663
44133
26803
70379
14080
38489
60265
48793
46155
9096
74402
39866
15148
84121
75498
59988
85018
54743
41772
38212
12872
31740
38572
56960
95621
47515
57506
68867
18153
2061
49378
80014
47666
4114
52444
534
80516
81610
81214
24768
76042
90996
19905
46256
95794
48737
91957
77276
42353
11266
47520
39267
44139
26955
19990
68708
46632
22771
3811
61996
37219
26717
24447
76185
99610
89744
68915
17521
69208
39095
49592
67932
91803
81343
81329
53025
64207
1351
18354
65273
6846
68349
5691
50238
23769
84669
89680
99569
96533
67175
82836
84153
20361
2412
47503
64143
17349
79703
16712
82352
42979
35151
65103
47863
17032
48087
69072
52793
65464
20807
196
532
50248
98677
4309
32979
58580
32028
88968
40622
20730
4368
12720
90283
33166
14000
683
82681
75242
56530
74988
76408
44872
35338
13338
77984
40620
87751
77824
40773
46895
45475
76200
45263
10988
84329
73729
20531
51932
90712
41550
15316
15427
82888
46053
87589
54216
77503
47911
10829
99789
94482
1071
15284
75242
47442
33306
67507
60339
86024
57933
49775
42911
88764
12430
18159
602
28514
31063
65613
23124
45663
34593
98280
34725
5995
61077
95642
92573
13892
76357
97958
23516
19047
25391
46282
35423
34063
85281
77002
29657
27536
89452
74896
29073
24468
20539
96519
46116
45394
9583
63926
78687
57702
70140
11875
81001
41990
12770
19783
86566
62012
2595
23191
65274
30721
24370
79729
62466
30227
19665
99282
76387
90218
47854
55923
63796
80152
64638
32220
14581
58547
63019
26155
84598
83946
35310
38351
44390
49132
44323
7969
32587
71502
2715
33891
85655
63106
89175
22099
11485
22530
62217
48511
6236
12850
74018
88276
2254
90581
42287
2390
81777
76996
29522
67307
97158
75783
38655
51159
8197
61898
88253
17135
92256
91155
92567
24833
55250
62753
60206
47547
1226
6774
62265
48543
40940
53460
82994
40477
79577
13563
58694
47167
19799
56462
21557
5494
48181
63117
69639
86189
36807
6597
75561
18908
84522
14924
30191
4414
84911
52995
56721
83404
26886
68904
27595
75934
86940
57516
38997
99749
26117
31811
27495
4353
64688
81547
13734
28155
88121
6249
32559
8035
45363
95681
58682
39733
76495
15198
29136
76253
44427
69086
99752
74600
68948
75787
4325
97895
68018
41019
91419
25564
48333
12878
36636
26392
59533
37472
73522
45584
3152
74069
43861
44793
20006
33359
49553
18983
41484
99238
29688
