54160
42646
38039
8456
16717
67632
57642
64106
92131
99345
27702
74453
86346
74010
40073
89547
72639
97526
68709
48727
35437
79359
42636
59009
42092
18291
8267
47256
7029
32420
65285
18629
94051
61272
68673
58492
42146
21696
46692
25201
50408
87404
43122
25724
27181
24693
4342
86800
93392
82566
39982
55197
73426
31955
52455
77708
93503
48211
65305
49660
8411
72904
55708
54502
93164
53716
83963
21490
75421
59723
41586
17678
13368
75434
74512
90953
1261
99322
46050
34212
92810
324
45741
44824
41928
59607
79478
49657
56629
39974
17532
50039
85461
88365
8553
45205
42821
70709
61741
47312
48060
25605
40257
76654
74249
63502
38055
65865
55110
99999
22885
18712
94082
82658
84582
29450
55285
42286
88727
90491
38981
34662
49157
50625
26472
5085
63776
47463
90571
83384
85451
22434
36446
30087
63780
12676
42343
40290
33538
58718
35762
34056
71920
17907
64369
9700
22399
60561
11329
8476
51750
37266
10273
58953
92030
4189
13632
15250
6884
7496
97008
65602
37174
60432
54381
54604
98273
23312
99815
41512
81688
84564
20395
72723
19278
99533
98330
81570
94519
28238
82786
32174
29898
82602
40007
75955
42222
7483
71523
43541
67798
37346
50781
43382
536
19841
58995
97959
41682
31408
60906
19102
41458
60232
80540
89897
44545
43217
36122
92237
82740
69795
10340
83638
50951
13652
55652
11442
5380
25844
43825
48024
18968
96378
72480
31087
62672
95502
48277
61062
44917
603
44033
44190
79846
34606
16540
86870
78344
87688
14909
