1436
48103
35638
56165
33858
36031
58858
94214
99287
66705
75754
59954
16039
57545
34848
73623
34713
98896
94975
92045
46915
73981
56472
98619
37492
9626
88512
75958
87445
45978
34633
69869
50171
5419
79279
91604
43100
68865
72349
37696
42548
92522
67580
79791
9713
41121
94512
11026
20253
84628
2061
47346
19648
16963
92678
92794
36835
63028
80443
67937
85026
80552
98565
18205
67879
11804
85598
94463
78057
69310
52338
26411
84395
86907
92600
70451
25303
63351
15
68781
62799
26899
83888
65406
49650
39142
47313
72679
77720
96800
60643
93595
99624
16894
34831
81955
76502
28670
42912
95578
29229
48154
1407
55672
56932
22654
42748
41114
78230
75188
38619
44427
59557
39339
49559
16546
78398
99624
16367
82339
29715
9346
73436
6957
29473
41634
31505
96579
45982
208
98689
16044
43146
29405
6831
20530
40553
61074
42533
29755
78420
60022
52590
54062
93102
20969
12589
83310
42366
33545
78549
37144
58267
55819
23633
92263
19228
55854
3687
81200
85487
39706
13872
50773
20738
37629
6639
82104
68964
41753
18749
11359
4774
36432
90927
66281
47439
82288
72667
69244
45812
48312
54839
59059
69674
79163
55172
50561
53186
67973
90025
6725
30102
11758
13801
48098
61451
70010
24327
53836
98386
14396
49255
4392
21332
25584
84798
53929
65044
54214
55836
11850
68618
18625
34936
56358
81675
74046
51202
22962
18704
59996
24654
51959
51931
73867
45923
1541
8613
61238
2090
38164
1570
95779
1858
37659
11869
90864
94979
55155
54485
99740
65271
80344
2473
72709
85703
54244
57488
68382
56317
91324
36213
14698
28666
73122
20503
94332
81469
2844
9022
41270
14428
84980
10682
36803
31630
88243
51089
20771
90837
42041
68742
7672
40652
26939
55353
89402
34948
64807
72278
41757
84682
98843
99572
51009
75412
360
55991
6547
33518
15667
5662
63772
90013
97977
35833
26560
84700
849
84971
53666
33621
48733
28239
1833
8303
48813
82888
48740
44510
53523
32091
46903
79520
50204
48737
3528
95358
31503
63083
3709
36112
13716
32098
63517
92564
69505
35702
35366
87234
96287
47364
20156
60262
94674
36042
47173
17008
47866
68584
61190
90209
89483
96705
61177
73677
46651
39814
33841
55795
24738
61122
51607
30064
69857
47494
10781
94932
66732
29783
48503
72037
81785
7314
31001
29328
9826
49435
37546
14585
24030
66000
27007
1978
53974
10613
70065
41249
58020
6720
46553
93257
24745
74481
58084
93113
4230
1436
37533
93858
11175
26854
33877
54477
60458
92487
76909
72998
40398
44229
38845
45213
73684
74603
11650
98575
89208
76474
59172
69925
85663
83008
61243
71197
77373
69886
38847
76737
81588
1717
62653
78453
13016
62779
90480
39987
41707
52674
66506
33417
26918
2657
65286
32225
88343
23276
89818
28459
96150
42900
2590
30988
5436
68862
21301
95629
82397
92902
46550
40393
65910
13890
51633
70084
66304
43282
13688
54212
21480
421
87935
82144
46594
91219
69923
61598
43769
1556
59636
77948
36075
90767
71392
48928
1470
8813
28932
43868
63911
11987
70804
58697
83062
78405
13589
82795
82602
38801
19134
79004
75365
25366
23825
22925
92181
39134
674
41218
29720
90333
73853
8589
57579
3899
33582
95450
66527
87700
26897
42142
55998
26421
45204
20145
66275
46440
283
61544
35155
37890
1906
48771
77775
17485
60810
99214
34220
28490
18342
72971
78703
14415
67437
73172
55707
46698
36833
39649
63916
99281
51215
51536
45577
91235
31082
85513
64448
35405
29411
92725
81988
31161
16945
96582
97348
69560
60857
90997
41248
36650
55945
41781
94937
57081
28317
7462
20888
53326
15953
23460
79395
43396
31164
62230
61069
54180
73359
98817
