65492
82678
23841
95262
12592
37530
49317
42778
52527
1840
29404
85626
66280
25690
65082
96598
72257
92215
4523
27259
29782
40821
54543
79600
96348
66683
98994
30832
75830
40194
20038
78393
6887
51424
65997
76034
56905
69829
84711
97218
94383
42320
57162
85274
58017
60665
59824
31494
14583
92566
5167
40249
53260
10017
63310
22479
97771
78891
80465
38100
27789
45475
73853
10233
80516
81020
50110
76569
47956
67069
88490
94389
41505
61858
22641
22867
26417
73385
37325
2912
51775
55177
38778
20825
41
2579
52473
94261
89266
41117
41325
32834
28726
81792
29024
88301
23254
23893
66022
93750
10116
17128
72337
29701
81138
49917
35808
4410
28482
78697
17907
61817
28381
95067
40617
29210
27782
15204
27368
59647
49068
70352
74455
18930
44743
78394
25234
2306
55993
43672
69863
53953
66700
91887
1014
49407
62732
1130
6979
4604
84590
54689
22969
38652
8135
31822
23880
42611
42356
51711
82195
5329
64562
54932
13481
76468
47943
54879
22821
47331
73265
23239
79288
44529
78328
21298
50061
56239
83155
39616
16259
63631
15430
33364
38478
90796
55837
19628
90872
39195
41437
20437
83315
26984
6956
7730
16504
84362
20644
65321
9693
4037
61975
89802
59072
99714
29907
35725
16292
20764
69649
58315
73691
85572
59642
75316
97699
76580
37682
6127
72710
90887
84876
70454
78230
61335
29887
98569
94690
94607
13694
52281
55735
12911
3410
22010
14678
83782
84258
85212
13100
74341
6485
89218
41906
91785
79665
86286
63594
98629
95591
51871
69383
83813
5298
52918
64109
44468
45147
62735
51344
13967
41671
46240
29453
99424
62797
499
93776
33093
76891
61975
76083
86485
99144
62092
48035
2734
56257
87688
19644
50513
44779
74684
76161
96247
63679
26213
48373
78559
1589
17116
59289
34340
44177
67757
52625
41233
89350
59147
47008
38742
11528
46468
68159
14131
5844
22481
33064
1159
84908
4329
54754
29509
40367
22220
39375
52510
6128
92466
18569
83831
95118
89291
58113
79909
88887
74676
46413
49639
63087
78463
79835
51271
