21619
37249
27407
14982
99992
4201
13924
17171
82732
35809
22869
47202
98290
98381
40069
21726
45088
75166
81856
7507
66505
18939
8317
83935
54272
19388
57638
144
25863
65969
1228
40757
86188
11290
53948
75529
81885
3495
42290
50629
1777
74839
73747
24897
30204
30569
53451
26626
94395
38602
59119
88952
74001
96597
46737
86949
2249
6773
35652
80603
56163
5415
14554
13555
13766
69869
47125
10912
97688
84973
90093
49949
62584
23548
60388
10044
8569
22937
98003
85657
87243
51713
8912
88494
76693
32346
34107
25024
62968
66909
8680
82349
87708
62677
78076
77173
1694
70730
21172
38616
2525
45700
55126
74349
40588
36601
36859
78335
33169
64359
54275
74005
67786
40765
24078
75582
64120
32202
7839
45400
21382
68076
25152
28971
96851
21956
8637
56585
94001
14332
75392
72946
59470
82335
59385
45014
26207
47548
16693
64907
65063
78800
48831
82502
57268
80819
73064
47135
73851
69744
56614
81325
77789
51988
40709
77043
13987
86503
14338
75511
70100
40553
64147
84270
80406
44460
24438
15965
23777
15387
12737
73022
46224
65235
70541
51559
26181
18561
49067
45942
21245
61492
60847
30655
13427
74855
44827
86113
56190
49324
58977
94070
74061
7912
80800
53318
97110
69533
10332
57683
47558
79402
69754
21907
85718
13312
34504
91319
38848
5691
45095
90291
76412
10675
18214
18448
54158
828
18483
33660
3197
39005
36813
14
50061
50717
70091
84503
92729
43068
17828
38683
31534
79252
36529
20563
90680
10046
47356
97911
26856
63980
75118
69649
52623
6255
33819
83402
93705
48681
61030
99376
53852
70566
69825
13346
9355
33932
78689
78938
71621
95799
36402
99338
14730
65942
50201
96951
4830
79380
97718
88997
28878
37182
98002
59852
7153
20964
39428
54911
68255
26247
17135
84776
80491
60560
92904
89603
3457
99668
56538
97654
20774
49329
42316
87360
12893
89710
6001
62110
56408
28356
66042
28454
7779
36580
87340
66485
77285
78793
35835
66223
78748
81944
86244
58195
53090
56735
10964
72231
51493
22290
29234
31824
45594
81052
93764
30636
91619
85698
85146
97204
53431
88438
36106
23660
53079
64195
97226
23456
16136
2375
26708
68404
23148
38452
39951
42628
21680
74832
62825
66134
87096
73980
49949
61871
40456
24742
27017
73476
75757
12235
41079
3338
1188
71875
69662
75750
82829
63753
69338
21257
65604
79517
93021
54735
97684
22301
14406
15890
67518
43172
66600
4984
67237
24897
38106
31119
12583
79801
76197
99798
55364
70770
91653
62543
30434
89718
44864
10776
10517
65918
48581
77507
10995
97481
7606
35598
77945
79600
87780
72266
37845
46533
55535
45573
20297
25185
81114
43111
46272
70931
99142
23738
60259
34414
87152
15115
32048
13074
36120
50576
7091
82666
15688
63632
31202
95163
58764
16674
35096
44286
90478
19486
91627
20092
78351
2914
85228
73992
47046
83221
53770
77936
30571
97834
37962
5492
5903
22291
40808
49905
34744
32865
49953
27481
61196
90842
28668
21056
76304
1366
67661
48898
12143
84842
92935
7533
11201
48678
4966
67891
1806
67941
51549
64905
19361
90194
42673
86786
69539
12439
65436
52394
58348
17515
72933
53302
21841
75064
62184
98705
71391
34483
35329
63633
44249
68655
52836
86446
58082
49250
13851
86971
78735
53151
76314
70009
4456
5698
67593
93444
59793
10810
84463
23841
87083
55605
29968
59929
1013
40177
40217
15775
20879
12201
66021
74973
37809
44401
24804
67824
76154
85180
71467
4403
6754
18861
86092
92856
86433
35256
36883
74725
59064
62718
66157
69046
12653
56488
64260
79945
89915
45423
8251
78251
29637
92969
80547
2974
94586
57837
34283
86220
58335
3339
22975
33615
48197
20120
46987
80441
27434
76972
23008
84131
47753
54090
55917
60687
35560
42320
46058
72614
80747
73723
22943
94099
72388
87192
87359
91440
78863
14010
72774
75028
51747
93227
20832
16682
76007
16391
86502
85788
99353
70764
93144
22710
77366
52236
10199
15290
69344
31498
80581
84964
47048
7486
12988
83359
67037
49205
64712
76736
61733
16656
43071
74798
89091
7113
47696
95975
2583
23734
98437
77966
34028
127
43810
88776
16582
94520
40994
63072
17727
37883
86645
99691
49270
55938
24766
34003
75228
12599
44667
96408
75156
5911
59108
5497
88786
81162
50050
63073
33235
66858
43029
69061
74275
1668
38969
36553
33125
13103
15682
68007
49892
7091
87993
53462
4173
34347
49820
4280
39945
38309
41349
35931
69352
58350
58204
11584
94253
52148
25376
87203
74254
53281
60638
16756
14231
86086
91298
86325
22792
63447
20666
35182
88257
78159
79236
70291
41779
57707
58130
64921
514
53694
8266
34124
99777
2248
96230
88484
2429
25109
1562
67053
20935
