2890
85480
18385
94006
10430
1582
99577
32709
24688
15440
96449
70294
92258
23824
10214
74813
36090
52862
27224
40002
89876
97554
31227
16315
96529
1392
7724
21418
66004
93785
95544
54143
59405
93412
22922
47389
48372
71418
86515
2819
86909
37513
65817
44248
56457
51193
75551
51851
31509
65961
67936
68073
69703
57435
82022
94044
46207
86959
73485
22040
24495
86840
70551
13453
3712
94698
39831
15737
89080
21717
88495
88179
77206
60479
39958
52165
11409
51360
84207
23111
17969
5722
72640
26436
8757
81470
26619
81364
43558
55935
72017
43004
44234
18980
86935
67699
85034
21947
65474
88443
8080
10929
77425
40133
91125
81615
61951
81747
76106
71621
3
51118
12756
85044
81609
62660
88137
62504
69127
88618
59713
67121
64153
83968
825
73979
30873
77975
79166
2639
66708
26145
18616
83150
59880
69814
29926
50292
40920
16600
86132
78443
44058
59239
4978
71615
96204
52280
43808
62478
36461
85076
30685
11876
92968
63269
33308
95838
87672
50607
33815
7343
9477
76161
99049
67361
8478
90987
62506
10874
63794
60744
90385
57704
99852
55628
9923
69622
3756
32647
77337
68250
47613
4362
15859
39153
35017
22373
13523
78103
36957
23134
98881
36718
8108
82494
36926
3170
83388
59247
31700
65712
79778
85892
44533
40143
59365
23137
58441
91903
66855
93459
8709
70164
11733
91289
49067
52526
83989
52249
23202
47733
23791
53490
73714
78179
13321
89623
43970
85215
59577
85189
17570
91297
73593
37119
44708
88634
29440
85452
45976
2111
90899
83377
76528
71577
50496
58607
82307
91995
8304
76367
61670
57277
22298
60582
77909
67475
22754
13199
35077
22592
692
45005
74199
15395
45643
95126
33563
78316
10658
28877
19036
27637
88914
26823
123
82557
81970
20407
77532
31656
35207
13629
67405
37464
38800
93562
39818
8291
48466
47048
8095
59783
45012
95883
51773
21631
41510
45294
33847
55648
49609
51625
39314
40863
60635
66231
6271
98126
46044
41039
22285
43404
70056
97588
10917
88747
27136
58016
44233
9390
13680
24496
1024
22251
74783
44673
95146
69045
98220
35037
50242
99777
742
75205
34457
12279
67418
51921
10962
39477
79005
89580
24297
54213
23295
4034
12807
43108
95319
67854
79570
90327
72606
56841
93769
30603
36938
8036
69145
86404
41013
94026
43022
44583
78909
74582
54486
26918
9161
73189
40248
26600
52851
44901
22535
32728
38213
32387
21214
40443
1062
50726
22245
63256
18037
43742
58799
11807
44736
59757
9672
59031
7966
91505
77038
28137
95891
77319
58753
33165
89657
12932
45643
6409
24207
36749
30014
32510
80081
70680
79722
40170
20749
30900
32318
55534
33971
28680
15855
78159
68959
61175
31990
50084
34747
71510
30935
4319
92089
82353
61548
8552
38729
95303
7302
28755
82424
59334
96188
79705
58877
15875
15531
21006
42040
46688
60494
95978
42598
23830
6204
72630
59807
50865
64115
52527
87389
5416
33715
31215
11155
91258
14598
44897
67612
13683
75624
71628
14018
6768
46651
46029
88001
81983
38808
31584
27096
88196
56328
76771
50411
33929
35272
99367
2214
25919
16706
67042
44132
99699
89250
75049
3755
20937
83653
7125
61151
31299
31021
55704
85516
27020
19481
20643
38123
15879
75546
52767
23650
75901
19669
75018
80717
58480
51046
97757
53737
35605
6387
51470
31205
46500
7191
60908
42367
37533
97053
18055
40508
724
83341
61494
800
57372
29719
75508
28127
16549
28363
89478
2986
88242
28866
32376
25082
50857
29446
94961
62170
58463
61138
22391
19149
33959
29273
77707
85715
68113
38009
92780
5010
8511
46314
84110
93240
34284
99397
2199
64901
60474
47259
65988
19731
15736
75940
82927
2716
60472
14289
49901
56752
6190
40674
95459
22567
74966
10249
62608
15899
12781
16056
56985
10083
59931
26355
33227
39130
33172
14640
58256
87080
3151
63713
93061
27830
34152
75752
22757
69549
67691
54232
44049
9283
14650
22519
67946
25457
42006
78223
52714
30079
27860
35371
71395
1042
24756
60216
26025
94180
35027
86794
98841
61393
96526
57089
59154
64130
1740
45176
45692
29866
38356
28526
32969
3777
80350
93498
70339
51159
1142
93737
85615
89909
55867
21342
86550
96180
37469
30576
71434
45629
69065
43475
71947
76790
66886
14314
72126
88886
57719
56642
55148
51711
84966
82863
24405
62944
66362
9913
6440
40875
61680
22085
71350
48578
24115
86515
9091
88139
4056
82168
50636
8452
48044
49848
72062
926
