32457
95974
78135
73379
36287
63223
62626
27838
67021
79628
58753
26972
3802
2440
15793
27695
61804
10343
44364
5263
57591
5483
65546
97294
63840
26708
80557
75027
42396
31876
23593
21505
25710
3955
77594
78224
76006
99693
84862
24029
39969
45478
34238
29499
80061
33706
75562
21856
34805
51451
3694
97836
66836
74703
85061
74360
25700
34135
91745
577
10251
96515
77061
21719
26023
64487
6965
71322
71969
49047
9161
79224
82192
49425
63833
14993
83861
13535
78684
5774
56377
97247
74971
91202
84259
92871
22826
34147
95642
1957
93472
24939
48789
77819
60593
55410
44510
51462
98194
96024
16938
72591
96785
16681
50277
72761
58443
27613
73782
20541
29261
87069
22500
55872
8769
82027
87673
72229
20108
42607
76334
98932
95697
32817
40146
15235
45100
73716
3462
85610
99298
50817
49604
72917
76934
93700
62124
79401
55632
75124
71474
25014
9300
1359
51543
62198
22659
30428
85263
75776
24344
36533
87985
9799
96537
43053
67999
28871
25120
87336
605
71106
46553
94217
51278
11691
88592
10373
48628
69108
66348
75596
4524
44210
14323
30827
99001
46882
18151
55912
84197
50988
33703
28993
72019
83140
83167
38633
90677
51369
29635
71446
51628
88342
6720
47934
96523
13523
80364
38224
17511
2900
53174
65420
73684
60944
51903
16163
52997
91092
31599
67660
30957
74920
35200
83372
91921
69164
3598
75492
48809
11812
27777
41458
59945
66256
34740
57950
43937
22216
70404
36290
7544
579
47460
40312
320
90314
54748
18353
61777
62072
15010
72545
16388
36597
74543
8694
25791
62684
95149
11482
75030
80459
26447
83398
28827
79341
46272
64971
33114
30286
98185
32163
49730
90642
76568
28862
67481
13743
71526
2551
89029
52597
64506
14904
96597
45657
34732
28716
13055
13772
64235
64006
22085
71653
25936
90483
90410
73908
39962
19979
86346
71478
87600
51224
99322
47323
35411
29793
22701
26970
69485
96089
10894
1001
24190
52417
49018
15593
74923
83669
70586
4557
97702
24547
45940
86710
85234
74561
7622
11609
7963
36935
56116
21149
49574
64309
9616
23987
41190
54603
86367
14875
97439
97069
82890
81954
51421
15827
5655
51229
76619
93443
46936
33686
51599
99272
10339
71351
49778
88860
20808
20156
61356
70502
94108
20596
44592
36464
40716
98592
87917
66080
71944
23643
59535
76376
8403
32958
15363
173
24287
89469
52855
12003
27530
92762
4443
78683
77280
981
87147
38109
79137
10067
94014
40620
80076
91869
94196
94578
13921
64821
13311
16247
66273
13873
58395
12236
46092
40139
90840
91421
53800
97213
10199
8716
90757
98591
60335
13759
43227
94716
34513
42306
18471
45810
6899
48941
24616
14229
47879
76430
23382
76310
6899
49504
82185
42253
24822
82395
66549
58818
17272
90917
86605
16051
70861
28801
52283
2707
2716
46556
40102
83639
76818
46043
31241
50129
1099
85957
26281
95915
93593
56398
46845
2195
3139
56326
38980
20200
93633
43110
32758
57785
70992
18420
84347
79485
59917
87297
58874
72322
81435
26267
62327
90460
8829
83279
24675
3472
53301
6866
3811
62521
63406
27834
99874
24865
91771
46436
20736
98313
87102
72086
2429
25705
11588
68618
24210
87150
80756
28542
3467
78582
89298
88683
37981
28035
80693
55512
67641
13122
46419
49703
26323
94750
5229
93510
72021
14189
72495
78311
30938
58660
72105
25663
15277
64760
94257
30776
32919
51632
48669
52608
55999
55199
96499
5353
76945
78297
91319
39892
52833
42845
74218
47560
19831
93969
79004
72299
88863
77662
23803
53976
50925
68596
62023
81390
77656
17737
1254
85358
58548
87315
58912
10196
71550
4644
53353
84994
48873
84157
75128
38086
95747
68441
56094
46608
11414
38206
19578
48691
20888
63928
97044
66431
66863
29895
33278
88868
51214
29090
8353
90731
68370
62352
11395
16149
13288
38561
76232
85555
82734
71065
47990
46936
33671
1675
63621
38905
59092
33755
99476
30966
29493
85440
41847
7214
41762
78906
34887
34286
23406
73290
37589
44943
30420
54667
57320
40575
25241
14198
25441
81844
99070
20592
82396
79356
94102
