40984
97877
70712
22984
83121
61949
46348
56997
19868
17187
51457
4147
11651
12265
40874
59106
59308
52759
98551
96973
70838
36117
9531
83472
61674
16801
72409
43541
79082
88530
82535
25141
44341
15195
87924
85107
51240
71627
94203
13627
27293
6298
61525
11632
7725
42462
44808
65374
14016
58691
96867
86976
54374
39565
50631
31803
93256
2442
44399
85159
23695
30711
55340
79196
957
88140
25978
6356
25582
41607
75800
32632
39326
33112
7476
57607
71574
5649
47081
63810
26737
52036
40228
96021
62449
53894
70289
11002
11661
91323
15006
99911
40485
14722
34397
2517
9374
51009
87484
97402
77201
74378
26981
60213
71985
12596
4716
61767
87789
26314
48745
28331
49541
16213
81547
23184
46881
5984
80421
95724
79359
47033
56939
41162
87938
16901
58527
36695
18617
94007
29098
45516
69390
5002
81104
76894
7265
98418
50043
53321
39371
86744
54634
14259
43916
80904
15384
59266
54238
48421
84074
91669
34814
98548
43270
24303
50200
81653
1069
73217
20167
42153
51253
83777
89026
7095
56420
27804
88189
50046
93609
30135
65139
56189
33614
36328
43065
71516
37514
85921
25364
79849
85788
94755
92314
75017
65759
76614
13713
71489
82271
82706
99425
73110
27843
54907
96374
4277
84495
66773
26520
8015
6919
88724
37689
19292
43356
66042
36457
18321
18582
2961
74262
84949
86618
42895
14726
95704
51167
41425
3356
6528
26601
82384
89592
23657
3134
82109
52982
39370
68566
58122
20898
28984
28993
82676
98146
90934
82520
59823
8091
90292
81531
49544
59657
21500
37207
22032
90369
79073
30977
21627
85524
50265
84495
64335
39345
61398
91541
78453
10005
60192
9109
97283
86153
19074
68442
74162
1590
26301
32036
12746
15971
23385
23125
52795
4979
81409
2589
16779
98585
67399
41987
56708
61993
83401
67657
77770
30956
65871
51209
52498
635
83685
42988
82507
45423
9308
35851
36355
10734
4121
62467
45608
4572
39298
69761
31114
24550
3296
848
65518
29646
52154
19694
88549
671
83617
98448
59600
63017
88448
96073
50821
21379
5969
33343
74059
70458
54098
1805
43441
98813
93566
6852
68910
34732
23022
19314
10900
96265
75842
29277
46693
51855
2344
1325
76147
64552
92693
35134
78138
30708
90049
98891
12436
7682
8746
95555
46463
76935
9673
70211
96546
98148
12883
32860
57191
75849
49114
40151
4986
7299
79991
57312
7009
1347
53771
2289
76170
41594
57173
77137
6891
25137
67808
20319
99039
91332
73703
91640
49604
63449
55671
37940
33058
90875
80705
65252
48825
80154
11303
78899
13556
43418
776
57889
6937
86366
11847
18619
28928
77018
7583
58008
18970
20783
99381
37405
54838
36683
16290
79108
20309
22305
70769
72120
83686
66233
36582
17669
54336
1268
23242
28540
64446
4860
90041
67394
53982
53742
6824
259
59902
47406
28360
35788
66915
11289
34826
2403
86962
29493
85377
89547
62373
72562
16766
83216
57930
92491
38917
60047
76927
75091
6942
80744
12881
87642
45004
63857
14516
64331
80706
88214
67542
50608
44927
64696
17913
67618
21970
45613
