71314
37795
4667
38200
18955
80504
78824
45046
61948
30067
18935
34117
87320
35772
3352
44737
69997
560
17473
59936
10879
41340
76611
54598
804
17467
68934
42095
64896
76337
50268
30970
1487
1550
55207
29778
67580
84462
98314
10815
71045
13237
73201
56150
80641
83513
50900
52654
28425
29814
66014
63586
52548
42774
78533
64671
83327
32086
65157
54168
77054
2242
96460
44759
45783
53228
84823
75346
96170
76152
47379
83412
57380
64214
12934
78909
81473
73510
37405
50604
74741
33811
49385
93236
65387
19629
6306
84331
97377
61959
13411
2082
97760
497
60737
72629
40143
62173
5741
94072
9702
70463
34117
83615
78938
75356
65630
11261
67180
51257
53265
99893
51192
65077
14828
4906
54489
65542
34993
9891
32784
79642
94541
5376
52027
92563
54186
76791
89071
71330
10970
78550
39730
18350
7816
61638
18556
63345
99397
590
20730
8017
48792
29042
1722
43364
1351
19583
29858
12443
22283
3424
48726
14478
34314
7142
39820
44707
67488
27490
15429
19184
18313
85073
73528
51949
80618
3758
74345
71211
6723
97923
28374
64718
78757
22569
9834
76867
62121
31562
57209
88714
64272
91832
65067
50553
26733
98778
99275
50680
56571
66290
9232
62982
1490
43420
42911
91573
8189
29349
64272
85401
93622
45221
99788
77215
2403
98825
1318
56363
65551
77675
49000
22291
38465
67492
6510
13015
39441
71102
76039
38744
47325
74005
55781
88108
76637
98010
5729
92604
50808
2696
16555
36111
9665
48140
62202
95256
9181
2426
85075
6854
92468
50321
19481
10346
87011
41518
75432
44189
60946
84004
5247
92667
98743
23146
6865
79747
70669
1477
32814
87342
3470
24869
69546
16358
24186
79863
14798
893
13007
11715
87554
72741
14455
39287
81980
92351
83815
27222
3414
90178
69353
79457
89313
28018
81928
18833
14509
57123
36621
79829
40439
45160
76306
33429
25363
61662
18273
19104
81137
30509
48401
54334
67886
22500
42918
575
79658
75839
89175
20758
79064
87341
95451
85485
98531
54109
84493
24799
89364
96675
66264
58029
59573
19016
91881
99419
78458
96683
88581
35811
64033
70199
4478
68749
29354
37567
76248
64144
41301
24793
95683
89351
70557
15948
35741
77558
67824
88758
477
22715
68713
21837
8838
42035
68709
57434
71228
90280
90909
62561
34186
55428
45266
64508
52877
78483
15997
67578
55522
37340
60138
12180
6376
71610
8679
78350
85052
23916
53722
86392
35447
35634
89191
86084
67927
14487
85303
34152
77698
23051
13030
88115
165
77304
4574
80421
95608
32598
64075
68917
56207
47340
20641
11328
83110
85165
18174
41737
47229
57723
13771
41540
43881
93335
23863
60779
74529
75136
69889
84176
90992
45370
19822
37384
2473
76618
75674
3540
7362
32339
4533
85405
61253
55325
14297
94060
17039
78425
46780
1585
41300
13272
58904
62755
91699
29298
5921
23176
11072
96519
39066
69309
35870
57752
15234
41162
97056
58426
38727
64100
92452
81459
36077
22910
49702
22227
61024
96968
81896
74926
32847
54046
28403
55130
33867
85468
15075
71114
73175
17781
38665
20446
23170
7257
74066
85590
67039
85021
7936
77812
36466
66090
44100
60370
9806
3325
89328
78182
55787
87354
7326
29099
48054
13939
72251
75477
29
93836
50280
37984
81217
66809
18115
49422
13224
52195
13164
44188
45896
49990
51775
54327
40620
86529
44774
90784
51610
80511
96671
1597
40207
46159
68168
55858
71037
77021
44844
69957
29228
16466
44366
36404
20141
7940
42690
71577
58650
7827
47491
59566
98493
9941
77456
66426
81226
17109
48722
47393
5547
33882
36754
17223
71238
65746
54964
58324
24279
43613
88329
97
31942
35970
37256
45805
18641
97306
63399
16692
31742
73686
1244
18896
81333
17715
29255
83827
28614
12702
79691
29736
65670
78470
8308
36140
81528
92926
62682
70359
78694
70732
52030
39500
52070
19709
43236
42836
18691
28633
30869
98547
28460
15346
18247
78008
45627
36747
97643
26449
18663
64409
88045
15495
20694
6998
22735
98372
77629
62858
27702
70623
24904
56325
22563
6535
35907
78595
200
68997
90205
31791
92207
67666
25958
59514
25963
53863
40307
27142
59378
42743
56161
75001
6094
29031
15894
23275
84145
76718
57851
67420
99623
7473
2794
59828
99339
36746
81741
67973
79772
79072
11569
34221
35444
89670
28298
89345
78108
12672
72313
27007
1553
11470
81247
65362
11987
68536
52199
84200
7459
70922
50317
53775
71694
26965
98473
74814
50444
93167
7384
4342
84989
68700
11052
54207
26134
28164
50536
31045
56448
99036
44181
24297
47375
11882
7225
36052
17648
12570
69677
23351
56985
24891
29425
31624
99280
34743
3952
23055
70301
15877
42112
49643
28835
14265
44585
25164
15522
84184
32658
76644
9561
92750
88625
66329
53793
73215
91255
75796
67391
861
80467
62384
50085
62109
27616
27141
45182
46349
63668
29525
19603
58964
81667
30566
8391
37273
23431
98064
11578
97125
28735
36646
1468
73008
4089
22836
1960
42047
66838
15462
73323
93560
13182
45738
96875
23053
41357
75985
38069
15589
2313
81300
68891
15554
9484
96386
3624
22956
16615
41626
82152
82044
76257
4550
81837
86518
62508
46695
85944
15181
40307
26795
32253
69428
37960
73413
6202
44955
42188
30445
77249
87576
47705
55655
68077
39124
37076
27909
58308
51434
20627
73344
55740
87407
93235
49028
92501
15622
59689
60573
15362
85462
6937
339
98879
3042
40469
39473
3002
65580
67697
40376
80484
57066
76655
91504
51709
45548
5943
93763
17418
37446
43868
70937
6613
53261
34784
1485
59962
50246
67537
54914
6082
27299
11020
16051
64209
21681
87761
50097
50566
31247
52179
48628
74873
57082
54476
46213
80558
99663
83893
50749
16613
12938
43542
86297
40062
99522
8832
49180
51775
53650
62602
26666
71538
6414
11639
11149
74873
42459
89274
73230
38650
77356
80550
52588
25776
15533
63336
51014
62513
23866
14301
61462
59934
78141
79312
52865
83502
75622
45504
67191
47325
64242
75545
46027
56462
24156
76043
9147
34959
48361
80639
55621
89686
1965
36950
7209
61162
10685
82357
34172
13457
78317
39200
20882
60526
32939
84475
27183
62432
66405
40101
58462
32906
39282
99634
91205
31294
48129
86376
67306
80015
68565
36317
69776
88120
75593
46428
99749
29336
33303
7964
47154
91854
39459
63187
45214
82733
45439
66965
43990
21409
15187
47452
5421
20235
