86858
71857
60453
1890
74396
39150
81662
50349
98682
84964
43040
46986
67504
8623
36933
20205
73164
30113
94045
60426
51657
81674
51736
2735
69993
36504
6984
81496
51281
48055
39461
3821
28870
12245
94521
54291
45773
91172
84459
58181
11345
78074
47092
49360
77235
45256
1014
54790
34421
6471
66542
41911
84718
11974
46122
58721
89912
4550
78463
80577
21052
22623
9985
21876
59374
68217
87575
23319
10213
53014
77044
40918
94879
76693
44749
68888
57218
39966
89875
71409
29245
16736
75762
92439
74565
68879
18415
4138
53924
65454
49014
53672
34787
58798
84878
96902
70723
2838
412
25615
1568
67774
33346
30694
69970
43133
15215
20107
40754
41338
47150
33209
26812
12505
79776
57822
84257
61655
10665
53441
61320
66386
18546
96899
32638
39962
24915
34073
56193
12371
14243
74984
13657
27501
94109
40042
63381
13447
2832
12067
13908
53133
