49690
13495
8751
76342
45281
12871
25660
60019
2743
16195
93927
70010
24608
76044
24614
79938
75600
65029
10234
96830
71539
9403
32767
1260
87493
52991
87891
34863
29199
32722
46296
73682
38948
78105
62968
62666
2044
68703
53470
49557
80301
74286
89134
24147
24154
42140
26911
79387
13583
92797
90115
6519
63674
28709
97995
45212
54788
89768
78162
33694
75990
21413
74651
18950
92421
60479
33826
92310
94642
98984
61076
68590
58514
15217
43905
94555
34880
18740
65272
94116
56367
35833
26472
11474
38071
48088
86674
81280
21832
24954
93716
39744
53590
65424
41928
57303
54753
99452
30029
93301
55949
102
27686
3500
34965
42193
26640
34509
83712
8205
4322
39227
73912
99087
95895
55630
52169
71141
34605
88466
95056
44249
80339
12444
54070
30998
64182
76126
15172
87985
6823
85870
61910
89220
70769
76840
969
96243
2610
76315
86727
69174
78669
44274
84263
56615
98114
39497
963
91109
16041
3338
1906
47043
34229
79832
90862
64207
88034
41039
25013
84325
98512
37157
80302
96024
22184
42369
79032
49865
64156
41103
92451
70634
6161
45190
90706
51862
18572
29556
44104
40065
59104
32322
23618
46959
17180
42679
86741
4398
25812
15594
89168
95597
47832
93666
87351
52163
71847
88381
72621
9098
19754
1347
47991
61635
61639
28471
8566
75778
64444
83546
7410
49617
82754
2338
5793
60136
68187
79857
11849
52830
80602
27880
67312
83604
89576
52802
17055
41995
