41864
83283
92549
25479
13775
12540
67850
20375
43726
78434
94164
68598
98488
29097
18410
14566
17091
38101
44119
85918
68797
37869
46078
17463
3996
59913
31976
10325
27222
4704
67605
93111
64998
89353
12491
34879
95741
62559
94514
37764
79647
83530
42643
86784
28021
30781
30322
5172
34706
82826
10651
11750
90270
16187
60364
98734
66423
36351
32048
10045
30996
31316
9490
1742
78485
57365
10555
7451
32612
1369
20959
60697
11069
29833
97652
85283
99154
21058
17279
6917
66007
49259
74847
11347
9133
7418
71325
13741
45145
28130
70168
80598
65979
69177
23306
96358
30337
59372
42603
17007
29342
31792
18951
11209
82709
42204
11273
68778
19987
15197
22774
49184
12860
32393
13261
82678
26378
26656
4277
86040
19177
7449
99689
21895
89372
19591
59303
68538
80951
1416
99174
68047
24039
22241
94797
4388
61748
62636
83677
21149
41681
8448
81652
75331
45431
34263
41869
79810
27011
59282
21042
50541
22869
49855
89600
48584
22463
29820
72253
23289
16992
88991
27395
26144
90470
81188
74218
42884
26003
19786
35548
43873
60748
68504
2134
74374
71920
26103
10738
79596
20817
74412
5389
73600
58882
96464
20674
62329
24853
91103
17546
274
8927
35133
58548
78472
34365
51744
42765
30943
51369
29280
99631
47146
65625
19088
7185
60696
93068
40306
3165
6516
21398
27346
95847
46524
12553
81723
66668
45926
56453
77737
88180
91419
33101
19222
60805
16712
81244
17228
41437
20242
8021
12411
86570
41827
64422
12948
16913
50840
35840
54838
28507
98766
98228
68518
40373
24105
24608
73716
5275
62915
73050
20051
91775
5758
77172
86655
55101
47744
13061
23896
6142
35373
96364
32895
56856
45867
60067
17774
16761
1010
90234
18668
44852
99200
4799
56077
55050
94734
46457
88621
10964
68634
96728
46085
33634
72003
11951
59345
87539
26008
6761
28141
61380
85531
64089
17468
85899
63405
14991
46362
76533
46903
75400
8710
98098
70101
46683
71389
98798
49323
54484
91379
56606
42738
72405
70746
93500
1183
94199
43960
17364
34403
95647
77518
98740
65403
94760
72559
58265
38247
8144
82754
3816
40128
18419
61331
66311
51345
34852
50259
79043
37330
88797
55386
39059
44271
35552
4881
37267
38670
17508
54820
24464
53001
64868
98869
32350
88157
11834
97764
58855
45946
92594
73123
34524
31123
72843
28692
8251
84759
90156
3231
2263
45657
37252
70731
42409
53251
62009
46968
65748
98206
91451
68125
39727
74039
27706
48743
95647
81970
30585
29269
20817
63840
24145
1928
14282
34478
50606
14459
14393
97518
34383
65670
81294
67144
58541
62495
15343
63157
44055
13082
60875
89228
7048
57498
32006
16852
31793
34521
79333
8373
34912
45140
44287
5841
80781
47115
33761
13542
7381
52626
56977
77611
59252
21747
38
47932
76715
4535
18852
40605
36911
39097
87956
26706
42409
46693
46495
25268
62803
92537
25546
49440
18980
91581
48530
12351
76668
16104
62615
33766
85027
7769
73837
37956
7171
22979
3749
10930
1653
94281
20760
8286
62595
1281
30940
4669
69607
53793
73540
50072
33416
1369
10702
67273
14733
22970
52909
17370
42478
959
31410
98412
48184
2160
11662
1138
42316
82347
62941
24499
40593
24693
13048
96282
53190
39106
