47895
51180
49512
30068
40836
16309
97693
76438
45914
58228
14944
67700
92608
11065
64744
24173
66938
97737
2497
77521
46255
83931
76912
20968
1268
27051
34828
41995
84017
34576
12932
45892
89314
52457
21823
72014
95414
76099
58577
81348
63405
16115
48342
57017
54927
34051
73148
58407
22959
61577
86759
8043
89458
64205
59390
39042
60656
16569
76976
90329
6413
86933
33198
53309
38127
89828
97184
14091
33557
73866
33646
71369
66107
22640
3402
78786
7385
28581
57518
78384
50512
34340
42735
25341
94566
12013
345
4966
76686
23974
17200
82569
88727
85697
58933
50842
80087
77416
92077
85556
91251
10483
97704
50010
90981
73065
57572
79491
69442
66565
26434
59863
85985
6808
18798
26965
86524
56072
67800
72010
31643
19353
61973
45936
29230
58563
33513
35190
15741
49804
36569
5747
414
71478
86703
63840
31389
40153
27008
15174
26684
61188
54187
86813
23206
23944
12464
86997
16967
58983
94089
683
92812
37754
12058
51717
90320
65643
29889
35829
59251
7104
92840
10373
42317
97037
46215
20128
81027
75523
77547
94322
14376
10529
62077
98551
93742
72039
22240
78759
57155
75322
96787
37053
29984
37853
78873
67456
2646
72975
46234
27682
34640
73430
97647
1724
75419
27517
76743
77340
13940
91529
79357
7059
40839
62540
78253
61515
46378
61023
84965
55543
78604
47006
2209
32595
7504
26937
16497
70052
32326
96228
49327
18875
31682
74955
32563
68127
79348
57783
28529
73307
23230
19057
84548
46126
23012
59687
26712
43430
10153
48873
89443
15748
73922
68045
