66377
66376
41913
20556
76123
65136
1133
44197
6248
14576
73662
91016
55271
19399
37211
82081
87741
9783
32384
71705
6086
90676
38261
30148
83653
4385
9769
93878
57611
33893
27903
56701
48945
98974
2139
51803
27872
31798
19954
58981
71633
5616
85582
24660
49578
35915
14609
34883
60572
8440
53441
49592
70165
19531
55540
34210
51518
33262
23181
98460
68538
74732
81492
95185
24650
87195
37272
13142
78487
92825
55660
52926
92902
56617
37450
1033
75557
50130
17283
79795
66968
92658
49684
20202
25702
58659
52248
14294
44576
69376
63775
31320
80729
71846
73688
36730
11227
95864
37414
95912
44776
28904
85331
9593
27326
64089
12299
5187
86091
76581
53602
53989
73935
85255
33435
33437
66978
72170
18776
63918
37913
87508
97211
71954
96702
23105
21258
80123
82114
40892
50729
80909
91595
82171
9940
62351
98496
62953
22355
7952
56163
9438
24978
94693
59936
12227
92149
91848
34150
43324
22239
70017
42599
39736
30452
89327
74471
93723
54869
61300
44152
39503
10086
22486
21049
62129
75500
94980
77315
90580
20646
87256
57499
63516
74836
23259
14086
46953
16162
31832
86605
23686
85974
21793
65488
17148
97405
38579
72635
37281
69738
52320
21911
56825
26194
37780
48820
2136
3170
78366
51448
59766
49921
3039
79782
56003
12653
54862
30706
65158
82417
36391
8532
2377
61550
35174
51362
11243
59863
83239
50199
76892
86636
38498
23292
59843
58380
66536
35616
91095
82733
43491
27208
73827
63393
9421
48511
96020
50808
4586
82933
14796
73675
11426
40845
56529
55012
52510
13406
22606
31519
28451
68647
21331
9604
24094
34542
39068
3344
6864
60859
30524
99157
72452
60167
89269
92100
65324
70344
29820
74299
7267
32224
80135
92754
62077
87933
36423
42297
71608
73448
95228
49890
81025
35619
32133
40585
86681
96772
98667
41573
1980
79314
90513
93417
12780
98506
30878
62907
53550
82720
29668
22759
7498
20732
35559
30268
4170
91539
51273
18729
69590
54798
56496
6583
47236
74940
81534
93574
38637
54801
19388
57404
67167
33264
52329
71490
93879
79554
13235
42985
28210
15171
72948
96428
16922
3274
