73940
67098
76703
532
54868
32277
62573
28286
97806
61741
54699
6577
41470
60117
55648
49824
68915
18460
53742
11732
87609
66904
26694
45094
68594
27354
21601
48319
81115
55501
83746
69717
88165
47553
94548
10745
97886
9255
44372
35214
24178
51816
38200
17778
84067
60222
18200
80480
76711
38721
64978
53209
64492
86293
72574
9710
97461
71499
40056
2896
82764
72555
94843
69167
58176
27948
11401
16777
73556
9550
16166
93588
72368
51921
18973
68405
41051
17987
11564
58940
73461
22073
72680
1285
9692
90511
72602
74881
90591
4987
15161
9696
62858
21067
66040
98275
58608
95778
94836
56187
4971
60639
29827
95495
22532
82883
60888
6529
32659
92633
28109
18859
64978
56518
65515
80662
43984
10421
51507
57257
96174
41488
77451
78884
52142
18217
71807
26181
15673
11622
27577
79349
70382
64908
71194
12347
14479
43148
73846
91550
23110
1866
66725
14688
53791
40167
72944
32322
17207
91205
25300
16490
43818
33034
86865
89621
9549
95177
82932
87774
60538
30689
76075
57982
67046
2744
25653
44188
43481
57429
71973
14894
28650
15721
26804
93132
20738
34281
47928
9704
4300
77207
69907
90379
54336
1357
22773
42441
93058
78410
86176
3700
93042
97722
62325
72185
81250
20410
22482
45251
5495
62394
22585
73344
48962
88836
14584
3877
69349
18863
23754
31613
12604
34881
32489
37703
65985
67054
48039
72077
54753
99722
68085
61683
79379
80575
81780
26540
55799
77921
73547
65332
3574
76512
97063
83655
48568
53739
61481
83471
58226
74408
28263
8157
95115
37007
59381
85236
14273
82977
55257
82195
11004
42611
44351
80694
85992
15248
66931
67629
5153
19082
595
8096
77503
46564
86332
35671
6656
65109
54305
83568
82712
94327
327
97983
46406
31892
3370
47510
80331
74739
94074
53112
31650
23475
40706
19142
10584
93891
66529
16763
31934
9186
90859
17387
15829
34441
34059
17431
62762
11557
43678
76994
95814
94593
78353
32068
50333
28255
72924
87904
54843
14425
33755
9012
75531
12381
79951
85111
18462
89151
14994
97208
24925
12438
41846
84348
88347
152
59203
88420
24663
8918
94889
40845
57779
61597
22679
59834
5533
99304
41477
83343
4967
80063
69377
85339
44234
24511
44688
53980
13080
28554
3929
34871
61778
69701
24893
61052
62674
24823
94063
63084
15230
72891
40312
10957
50166
22379
23883
92454
27605
48645
49694
80206
84245
53866
95547
7696
46181
49509
74047
67042
42292
88319
21997
92268
3454
65530
28166
73920
26494
78470
8032
92858
8657
2573
55999
41098
18017
6805
72868
44841
14445
84313
10158
22439
31495
30217
39296
26799
93890
55817
80995
34930
54752
92341
27949
25863
72304
81070
3264
63469
86372
1407
58146
22871
93939
76191
95563
69333
41285
59870
2089
22510
25995
85134
1594
3182
93500
1628
65544
62343
68694
95584
32526
49651
58254
49438
85316
55476
61116
37079
71843
19373
90790
61414
55677
39340
62950
64549
43543
4131
27834
99612
18348
78992
81658
73035
63179
11104
30116
46001
13492
64271
68169
86873
28982
89792
83588
19963
20691
44872
49466
52201
21149
49974
85891
21049
61010
65596
43417
90347
4861
9482
59874
79846
24128
13749
82465
37546
18907
72352
86820
39476
49325
85134
93358
7045
16653
88907
14918
20214
35416
18921
1339
11499
68917
55940
61902
54501
71360
15745
18654
13952
92452
83223
84696
36351
29441
7962
14423
820
98003
88336
12625
95416
4852
54719
26420
35719
9499
48184
8344
39669
4904
21784
21739
62595
94453
11604
36784
13905
1270
44065
84828
52405
43538
17273
8307
16182
73322
74915
50711
67180
54664
11663
14887
1593
78656
27762
83430
64300
63268
6809
48346
34730
98858
43779
77228
30520
43888
5205
77624
85497
2972
63134
60081
58737
54799
79915
93956
69482
47864
27659
63250
5536
53807
10094
45487
82083
30932
66838
18157
61783
48471
26423
77499
84522
20514
74481
57737
52834
55356
37371
82669
72069
22395
85263
73118
54112
32965
30398
82048
37995
66702
25540
39812
3412
50029
6805
75275
5863
38644
65093
89363
74287
2418
49004
90872
38334
59128
28292
85935
69313
99553
28118
73501
93828
10956
41741
21950
14753
55586
3673
39080
6163
82339
21661
56963
55559
55973
11985
32631
22595
44783
49981
1218
75051
36598
79806
54705
94812
59032
27837
39640
7827
49093
85352
70901
95626
34908
87372
11256
80719
694
79030
8422
58414
35361
94137
14833
95377
39243
34142
9462
26219
47707
82474
95463
96323
47619
8124
43855
54516
18466
50408
74418
95626
25373
34883
57294
7260
30370
21051
93970
97531
48550
57781
94255
90410
74163
14939
77154
92476
86414
3771
80175
62424
24455
12929
93613
3732
33344
93079
33590
26151
13356
74383
13424
21389
83890
95037
25407
9770
4981
22885
13405
98308
6686
73928
59988
79061
41332
50561
59597
23728
81905
32914
73024
83126
52752
74075
41066
70431
89231
59728
25194
35870
45026
34792
26908
31939
78899
11089
69554
58421
45502
25427
48533
78682
72576
46772
68348
89382
86027
15596
20197
42925
22934
41437
9444
25335
3747
86983
82871
66433
5491
87266
25587
40052
37021
89740
15874
99088
7497
13015
39300
3419
75143
83043
57515
32738
8976
68542
49301
73537
2692
43108
93433
80401
54247
1507
28977
9571
60720
92095
94436
40519
83495
58999
61462
65604
64115
39806
99023
20087
89658
24623
36791
29640
55775
84450
11246
7757
68194
3648
23968
15572
24926
26934
76138
16523
118
91632
15406
24456
17892
1721
33068
63393
20782
75611
57143
81476
16232
2189
56
