1322
19902
81392
10602
91828
99664
2410
8616
5487
16745
30655
9416
61738
97101
27918
12979
32740
48611
75901
34652
77806
35983
52428
27367
51326
11244
86335
83500
34080
69233
65262
24154
42298
83976
42613
78318
54694
13087
56822
76741
50497
78791
91956
46998
75267
76519
13618
75934
78632
30153
63948
42632
93697
6633
89638
89459
91555
5035
26279
67677
18404
7954
83035
31281
20291
24054
62969
86700
15131
5963
30430
17912
38273
34188
79020
39621
85632
61970
98767
24673
74165
57439
40496
4932
2492
83150
50452
19393
27755
60344
69506
58365
16185
18002
63608
28176
38377
82654
15345
6714
43923
85626
69914
11838
68194
93719
89363
76860
52045
92036
95036
12200
52908
96564
96655
21969
26574
23601
57604
15231
78269
19926
