29067
16002
38334
62358
13936
24250
54221
72591
92577
88815
61295
56585
89501
93261
77892
94986
71586
2696
13433
65689
98706
92604
41350
52435
43085
3291
13736
57859
13486
55130
47405
19531
61164
44111
53942
73383
16441
20633
70094
39030
55959
72030
70895
87858
85875
53205
90673
82413
76493
84074
77047
82766
1121
47229
55274
68753
88197
78121
43741
33430
45222
25644
91221
97952
24723
17548
19409
5665
14584
12253
41089
67681
71127
99113
42726
82031
53510
20716
74322
90979
27440
71190
53825
14360
53231
25753
17976
12002
16340
20030
39955
721
26682
33137
22753
97339
21134
86167
62742
79093
65823
60664
54748
29239
4531
57954
5613
45217
44826
66251
39590
74138
96674
37372
99439
18085
57920
34899
33476
17959
35464
33827
10454
4462
96605
79002
49260
81076
2272
95413
47059
766
83360
87957
36558
22176
2671
95283
72668
88627
12297
80454
47756
10397
43994
89860
31529
96041
13610
49218
76612
75504
51392
14843
69302
16661
26777
37210
65814
99602
59684
73952
68279
21314
13143
85835
80500
17935
33669
54783
15500
2934
19230
99024
39821
49035
7882
77235
48954
39467
2743
742
85717
2859
65789
80410
11596
95048
25101
62205
52581
10325
35852
51425
73594
46610
47430
35646
88592
19002
55886
48415
82254
98200
85134
6193
94790
87187
4445
19571
22759
12108
96492
87096
75198
4073
58499
60552
70049
75173
88915
39219
42828
85826
37912
70436
86987
45624
89034
51208
27481
66406
42392
59572
98586
86178
40602
80558
1252
51832
16431
51916
31071
1735
59875
89034
36338
18837
91855
53007
55098
98028
6108
65527
85317
78222
36234
77268
853
47519
29975
82479
72318
10553
67444
98288
71404
55621
1301
69814
33051
73332
54125
55599
20088
8843
28972
29920
48035
94489
28581
55237
48271
67122
83694
94364
20634
85764
90837
53374
35458
24179
66044
73901
8253
10004
31058
86003
7589
52765
99589
36662
59987
63457
81292
24669
2962
92412
21077
35358
52551
1949
62056
47632
28702
91724
59356
67921
8948
98230
96385
80669
56856
48403
91466
9458
65271
70875
54905
65830
64907
59164
38768
49100
97898
10600
51279
15535
86799
88150
91710
11096
97206
79207
94990
46675
42006
68699
84380
33963
96517
10919
19959
52451
14281
24419
98243
10499
57245
85064
28037
3927
4357
35402
91232
85626
61423
6492
11977
4188
90187
28037
13339
91705
26362
63880
91506
81741
82350
14686
26046
51863
27636
63470
10627
2782
56842
8955
5988
40187
10347
10521
20494
40500
66781
53557
3084
41389
5932
8932
21013
62158
62353
39857
66471
47604
65632
37566
52531
65185
30493
77301
51122
77328
11254
52198
63843
77675
41478
1322
26190
58850
63920
71343
24860
14221
4260
5400
63479
62929
14986
60851
94660
3151
64058
93878
50026
60624
70787
78859
44215
5623
11201
64006
21725
20912
68092
92577
83117
1783
75911
92205
38710
75605
46503
58071
74915
57006
76177
63586
49830
72855
32364
21343
6539
9456
31265
52338
25340
76872
44536
3393
34614
49792
22941
63438
73103
3339
25465
75787
6248
16727
20244
31356
92329
23836
7194
9939
39763
80439
85994
58075
41706
39951
38677
21405
45264
36237
25231
56498
25856
59040
53045
7481
32893
25633
2167
23754
24803
48422
7129
15144
23653
27699
28828
99965
48343
84996
76213
71958
55639
94729
58259
36670
92349
56837
29620
7429
69037
73963
49036
31223
49226
15144
25890
21199
80831
82172
13219
63530
21562
91495
98553
29956
63153
85871
82244
37545
8954
95748
83532
74104
29229
34734
66718
94788
55415
39950
15326
78416
96788
53569
14178
91767
68246
66157
72219
51227
54446
46888
17057
77864
22014
87897
32942
47607
3058
3883
59424
13574
36529
27711
37294
79950
78388
27502
24177
34531
50150
38985
1112
97056
68735
87149
71870
80540
89188
27220
85377
82422
23523
45037
7551
5196
39382
67776
68366
96530
25982
73149
82222
52988
41890
21513
58919
16571
6856
41063
34216
50730
98344
5168
68587
98977
54649
51977
59540
61399
8626
78059
98669
76890
53097
72770
3364
52298
44214
82631
40027
20008
61774
97495
44106
70789
10690
61015
54712
24749
41467
16319
70186
82442
62777
53001
58135
50062
60653
57313
25457
49070
91077
86518
61824
50293
46037
29160
76452
89764
20553
36650
67455
81254
88124
47964
15815
8842
4700
91780
89250
82835
57549
97115
48803
3973
81750
31283
65643
19767
18007
34887
34889
64971
30458
99517
21296
12172
81808
97791
14327
90066
82211
72445
49270
64579
42485
22278
24971
87632
75610
33662
41802
49145
60066
91794
24459
66904
17659
84719
22248
15776
41827
59939
68105
6184
36043
66768
35015
81352
45054
97247
76427
70384
2406
47658
70811
82454
50643
38682
10530
71289
18525
41204
3242
89281
93722
28667
99095
28654
70593
11929
90925
25083
58830
26991
30101
89060
88449
14860
46742
78638
33207
925
51273
15171
72511
56618
54146
10597
8389
88458
69633
85427
27246
14755
92709
556
50684
29604
50621
66980
94284
78799
26755
53861
21335
66391
96518
28957
75102
96039
65242
93073
33477
34227
36757
59490
14754
61167
3270
61236
69574
98656
61459
4477
53989
62240
41490
7962
18410
6170
3351
24711
4256
33223
69382
68406
60011
68281
65459
38884
2091
50703
38262
51064
5235
84051
6382
61042
4138
55926
25972
8414
22239
69925
90455
23593
18380
2671
90753
38595
44265
45602
14775
14178
80976
17095
13098
31281
25036
75417
86477
66274
31908
60920
53581
13589
95686
38491
96330
61768
99921
23039
12553
81903
92038
24848
5404
31382
24239
73445
46990
43040
58741
37261
27818
29431
36596
49861
91129
48848
63628
60388
1791
15125
12685
97304
35880
16675
47869
13955
38362
36502
67757
61486
55164
10132
96962
92799
22436
70740
89216
99621
79961
68548
53757
68934
40247
8822
77920
62972
