17505
3347
66202
14598
52275
55130
47261
99239
58025
4947
51025
44533
50821
29522
71041
40681
99522
14767
81133
51730
2178
6720
41522
40765
21643
54175
95306
46147
63953
27197
85805
73263
96043
46011
89355
31523
95321
1199
62085
24602
80819
78040
78862
87715
79499
90025
95576
88756
74176
37364
54785
44610
31431
42106
56458
61008
23936
80926
78777
56076
42755
62022
66058
95129
86913
5646
94340
17500
26910
62932
68540
8165
24075
16679
23879
22107
52812
92450
56443
14997
57181
12149
91585
23671
32963
94488
7751
67415
4704
69796
23689
34487
11387
87320
43451
68232
44679
97507
51775
60228
20112
12939
66974
97281
46836
52150
60667
91090
98653
6724
8110
3727
38407
87094
38789
16590
33660
11867
43413
20828
46767
96332
91809
81413
62949
49356
2387
23080
96201
91850
74778
55982
69469
22850
37328
56873
39055
76072
2111
84546
14152
51687
85265
3327
29435
96193
57503
23412
86144
73034
47007
27727
98402
83100
9826
50800
64583
16592
66750
27328
91596
1855
80095
11976
87037
85663
92295
43981
72473
11617
51489
55818
99880
22459
54834
69244
42017
52485
86259
13743
77564
83958
38533
1171
94431
41918
91518
89788
11908
44285
84910
43504
53999
36389
67738
35350
17685
29631
95585
42694
30391
65129
81826
3231
5353
76777
50233
45802
78916
98339
35222
62759
51969
14958
98072
33707
4844
23106
34360
74380
65422
21212
3083
18584
44280
1704
52125
38258
80973
65960
58345
81668
50940
27562
29047
81457
97737
6132
63669
49367
81052
94018
5613
48790
91828
78
13374
82382
51540
13239
1179
16895
45227
3596
47050
53641
17632
39063
18593
84159
10823
8244
62741
63423
14016
63249
91321
75955
26345
69928
50565
25882
96181
56741
16071
98419
79850
1831
86682
9903
45381
98427
8631
69292
47817
43690
83551
93734
32497
56094
38105
8761
48585
42076
50364
43629
54656
78415
78816
16499
93240
39332
28113
92075
48371
42064
54039
5058
19587
93991
59388
3413
74337
50023
9843
27308
60407
30429
5233
60211
29126
11668
9972
93646
54396
5809
32426
65143
22422
37915
24169
99134
80647
89110
24506
57464
65331
91767
72836
13068
34739
49530
22430
66451
8724
32019
29357
85280
56912
85310
64236
80428
14672
82740
65644
42698
10572
82923
33910
19698
58979
35535
27030
82715
38522
20525
52357
35431
75037
9687
17866
65159
97403
91796
66045
79788
50979
76329
27687
33517
8689
39725
41627
3417
