23555
83289
87395
5625
43555
1759
67447
42964
68022
4162
51446
24864
83464
32227
21247
87062
7953
68805
69276
78696
6383
85579
75107
78612
94139
33705
59290
54796
31340
17825
80611
81687
61079
14954
27831
47828
24881
67499
14787
25160
63514
49811
57491
17190
4885
99477
53626
70853
89529
71575
28197
94296
87184
51903
1168
39748
26853
3810
38909
27051
42138
98291
19386
13799
17532
53773
28983
12101
84668
75179
86354
10988
80212
71698
96574
56097
1865
47122
65145
64702
5045
4119
27143
89264
6631
59524
84665
24514
2787
51058
309
9538
8069
22182
6893
57699
17620
40702
67047
16144
31500
16059
98374
8214
51995
59984
12931
39099
14511
87039
13508
30050
38838
41371
4001
52066
49971
36313
94933
79097
46335
29351
93381
740
40934
56792
67696
30218
70743
32478
40512
66182
86478
91047
75316
2884
72980
28450
45300
44110
38929
70752
89875
83817
69256
53415
19679
41615
12456
53413
90540
60662
16039
69648
31730
66132
45412
16872
71564
37133
75428
70013
72098
7878
11027
31342
47365
43683
62853
44271
38339
45489
8322
63983
35922
26185
77054
96729
62318
43007
97442
52326
18594
8889
96545
72186
88889
14445
68839
33644
39597
88457
42835
13192
10183
42570
50963
6198
74624
64702
7656
71974
21518
49081
84508
82413
74045
25897
48140
71139
98256
34899
35013
51982
36350
12712
45941
8046
36165
8030
63074
54760
22081
8785
48653
90732
83225
21072
50298
34100
5505
23096
66913
70787
87313
18179
34933
99212
5897
19542
33803
9871
621
44912
22378
97535
17873
80048
19514
75683
66521
89727
84252
72477
90188
33036
26525
96824
66203
42313
40736
29136
73245
81303
14399
94641
78875
1034
91837
48730
76356
72069
22820
27763
2484
58814
62227
19881
36569
348
52496
79366
63976
7721
71448
84074
78242
68586
82057
83106
8830
3818
71909
40762
72303
61036
5988
40525
79629
77113
88317
2767
3920
81181
62156
19063
91199
37873
7858
76765
52411
44054
96551
74144
97425
62781
33431
58830
30396
62193
52935
47120
21885
15883
47750
7245
62793
36151
76927
70575
9639
96473
71757
80945
5552
19112
9574
10303
62905
7512
64296
83605
96821
17331
80904
14421
80119
14782
34454
53703
59688
48326
98188
89814
57078
79445
93440
92335
20845
44387
89031
99881
36898
28898
85503
5643
54761
44061
6355
15078
17895
53457
24155
65694
89887
73604
21156
55797
47784
87294
7037
71244
56264
94716
38359
79977
22927
26484
8719
45485
42341
8351
54133
84520
76305
17513
43271
38238
53232
36928
27630
65283
77000
5091
69882
71027
9724
32545
77272
61604
43830
38486
24800
11612
71760
27754
46218
70106
41879
44428
79695
86069
22052
23335
88501
81609
62167
1253
59368
74169
24280
65285
3308
95677
88294
15173
13346
7641
27156
1120
34558
95597
43735
33631
27962
48818
68198
63246
44764
23420
8085
89619
84655
47163
51280
29972
21401
77727
17740
53544
89320
57706
28844
76826
76523
76631
99821
32640
68231
26252
4935
54605
14356
72930
95434
5127
78191
11377
11194
43375
77183
73841
10147
38037
77594
84299
62483
24981
43227
4681
74195
56805
1144
31440
95218
69669
94609
34062
66221
43025
4014
76872
41397
43588
61321
85225
30002
38908
3505
10701
59678
70466
83568
78822
20043
64484
48866
61090
9176
22197
51746
70017
32368
93542
3173
41873
41137
70274
58147
49342
67891
8948
96174
41405
83151
69467
90452
70886
50839
27508
19707
11080
19832
14224
64568
56675
4727
45655
99660
28964
92246
27341
14582
76517
86935
71537
91166
70799
87500
57495
85668
81611
92683
67091
64520
51033
83741
87153
30267
89208
64980
82777
87949
12076
61042
97783
81474
96651
55184
48860
65586
66703
46011
90053
64695
95315
12791
84923
55763
77198
32771
72101
62320
87884
21962
17682
72588
42953
86623
21309
31287
32107
4432
96208
21132
60654
75861
56862
58123
46023
91594
73201
41328
87532
93714
5143
51336
85416
41424
99901
79983
24610
4888
59749
65595
14119
91791
71901
98581
98999
28026
17312
51570
4296
8158
17230
89106
51142
22236
21039
5427
12750
89658
38507
71675
97924
55244
60252
22947
60203
6313
7543
75698
9908
17628
76364
3602
52119
35292
43523
71221
65480
89340
80094
99185
49060
22080
91059
76103
17993
3078
43450
42053
63932
73264
12947
7093
23530
53404
32381
18730
92570
76052
64844
95104
58399
82904
13933
76155
88746
80
58190
67757
47615
43895
26381
77198
22698
82968
98272
5161
50529
17209
26165
44062
32146
71554
64115
43236
52034
1899
16008
36504
6601
49296
2178
20063
87145
96721
28389
15760
76926
47808
92524
91712
50252
67605
97074
75734
27886
72920
28208
76672
85953
71605
33464
8127
88982
75095
87635
35338
3752
70501
75223
33067
44510
59562
26648
71971
73962
33403
97647
3154
7370
76612
72122
13912
17784
86580
7938
14512
9230
28368
75624
78884
62704
28463
61189
74536
85062
97047
14286
7281
80882
32970
7245
64743
2213
98214
20321
21958
39204
90572
86147
18287
51114
39943
96925
56372
19426
81590
31921
80132
34950
89743
64825
75875
89867
48536
25433
39860
6283
6639
81027
82519
46021
54357
55865
97889
67798
47027
63025
27165
50751
52915
11507
92149
97339
21062
76019
11171
59511
64365
46239
21937
83685
55006
58780
77397
66587
99947
48187
47743
893
22096
66550
72014
3136
17048
16589
14890
57945
50730
86084
64379
88411
69409
28047
74309
68854
87708
58738
75107
81014
63085
28978
19014
61062
29914
55819
24190
57753
18327
11741
36716
