38709
72050
2038
62134
56024
74128
24912
95922
9474
36426
94853
34700
87626
84999
28612
70064
35512
40820
48020
56007
74872
27661
90778
50247
68847
74340
94417
5331
96259
69821
39476
63636
1976
17686
48813
81549
55778
35999
24349
28894
4881
34889
64338
89053
71045
16500
11303
68009
91881
94174
34984
65555
47126
28485
39481
45601
97235
72228
91647
52826
15335
34265
74531
151
43581
52147
12000
89123
44758
20204
61430
15506
14982
6281
73739
96167
17742
80868
889
51446
22320
20527
84938
14088
84433
24322
74601
70356
39433
37724
9050
12842
31776
54744
53328
53757
64132
28659
69399
50198
56995
91271
38648
42927
58972
20335
69713
25733
83772
6450
4508
66908
93724
74174
99256
44679
52
80480
85322
56596
81954
60085
15005
85189
31059
96675
59365
20621
69043
64791
10835
8789
13330
45319
56728
97495
45301
56609
91625
96892
8268
59818
25179
78964
98749
10045
23542
67881
46543
29222
24243
42532
9967
24582
38645
93328
11931
20485
82772
6812
86137
51787
63594
90078
90558
53056
94115
35605
92391
56675
4403
13143
93160
86716
88959
84329
71641
39403
31992
68721
52528
18901
68630
29666
77703
4990
74212
49155
29452
90450
41569
23437
5531
62179
18285
20616
89799
5223
80269
38609
85224
17869
15874
88577
65404
10628
18037
50298
34850
6825
10085
5593
9886
63602
25054
70174
75807
49478
59042
93894
16351
12630
66538
67658
93646
55360
11264
23001
70839
59347
13686
20065
35264
69964
43273
71963
49561
40261
51049
59309
72134
20343
97948
59239
1412
42998
42417
91281
15054
4671
2933
94312
43243
65794
69421
17168
45497
44782
30549
19198
58156
49
25307
22836
92439
73714
70722
84119
48870
42124
64590
35264
61077
95271
57680
98203
36340
44789
44851
89135
47205
47632
30979
56066
64945
89245
90941
93457
81663
62414
64181
50567
52218
7681
93091
27900
6893
55616
2260
98568
74382
93509
44566
92785
84585
79513
36746
71731
44294
36123
11415
55550
7316
70086
89583
76126
10598
17298
31074
50731
12735
29469
77896
48298
20150
61713
83999
29385
70578
65233
35688
87482
64562
57795
30005
76894
22160
41134
18091
56252
1976
9864
89949
29588
80837
88424
96541
12504
47484
46061
32256
17074
66323
49734
59937
38450
9505
47478
41417
79954
44994
93005
78834
22343
18999
13035
79026
43113
88727
84510
4648
25514
2859
56625
75968
48886
7471
61221
4788
72746
95518
15619
12981
69361
13920
53203
58620
95710
46016
74188
35378
79210
39306
92556
32703
20934
32137
12250
91361
50266
3786
44443
33146
71569
22609
78535
89101
65378
78541
95680
33822
36256
47309
4783
559
96190
16612
91087
50576
9553
51299
53563
9096
86500
57826
54296
19627
73817
5200
1878
75937
30226
93023
92036
93629
61708
95073
31268
5102
53108
67954
63727
20108
57450
24593
28862
79807
72607
74348
30645
44149
91421
55071
58949
20503
93501
12153
57561
378
61391
60964
88842
15249
95527
67246
60321
89071
72253
19276
64417
14579
31608
23104
8196
56707
52390
99689
15485
59922
78834
24843
32169
53376
71878
8968
24289
10557
34040
92788
43771
47189
77557
59218
49804
36866
91033
37857
54317
78581
62393
14379
69127
72344
40036
61414
47068
47773
97097
49403
99584
49027
78758
48421
92305
16804
29370
15024
1296
81785
22317
75789
49171
96267
10951
60411
94413
39806
9278
39820
37112
23216
88088
41342
21857
40320
32975
3204
62717
54631
53344
32696
2437
57949
18749
7305
81356
8434
56023
46128
48476
17879
88630
61635
68363
32585
49100
2104
64778
91383
23441
62295
66296
97009
72430
90742
50515
80757
40741
18264
65037
41392
59698
7768
51775
59239
6889
79989
39461
8775
92293
10413
20051
95954
46938
70414
5822
52805
71951
34887
37655
50425
61380
86473
1237
92352
7372
8578
77679
10532
11842
34190
12422
82363
35826
18326
9163
8168
74701
55709
81347
54622
4409
8048
59839
83534
18051
79680
36421
16532
49208
20725
18991
80146
67383
64743
9484
96819
77667
7930
79970
3652
90595
83612
17473
69644
70354
94183
86235
