782
50269
52682
465
26275
96539
79373
82260
90932
36923
46976
2605
86353
86160
37116
87133
91435
92208
88162
83966
63172
93066
11425
28728
22878
2410
16240
36447
51891
1748
77985
49881
23259
10038
15608
17089
17983
39388
77997
54498
12961
33385
93985
50129
96433
97359
56586
19379
91382
3449
75324
23620
66976
25074
3289
84453
56610
13931
32201
85681
96155
24913
225
94722
46035
90020
16510
80866
73651
7865
86877
97015
82015
82851
36236
99905
47600
84794
83754
5156
67972
77699
47864
27280
83668
58680
9274
70885
25966
416
5993
20961
85554
61932
56777
24603
749
91633
30055
23734
84376
57175
13506
89304
74192
6699
96228
46168
17070
93816
17895
54430
74304
87437
94
96572
37783
3441
30668
23835
89367
40551
19717
83708
35672
25256
64663
50353
65606
4049
50832
1857
19980
94317
29560
96061
40518
69475
35358
45648
85623
18160
18215
27999
69721
66005
9238
69521
99096
47550
55428
45420
55802
38301
13888
11512
81075
82302
10974
42277
25630
61369
4110
78700
59420
38245
59011
75366
38044
88737
52427
13662
15504
70767
44087
54789
14648
89407
5254
8217
1566
33486
92606
74901
15470
96421
98815
27053
70204
79645
44512
87310
67570
19518
26272
53091
73650
90435
86454
86160
38845
43828
4647
8019
76444
52049
55327
54281
68004
2388
38487
41488
76487
73428
61566
12521
34882
50410
19776
75491
38260
25182
22924
72811
96264
53064
28006
84086
88243
43131
86304
66905
32452
4289
91870
10390
25181
14696
87135
28386
74182
29809
92294
30235
52655
41991
24262
56719
41859
98002
64732
20964
40883
7784
35283
89309
58566
89289
26083
61510
74105
49011
96496
59170
32994
24607
59294
20593
8985
18450
89865
15679
16644
33156
47166
96503
68467
84515
4052
114
21617
17815
5924
71409
25846
89877
16368
683
93754
74905
86941
73194
35494
28328
94063
71142
46538
44130
66489
48106
90546
59518
82998
96034
87413
2382
40790
42125
79690
97967
74865
23102
72235
14262
94816
10599
43477
98671
99415
5696
29325
52581
3128
86858
72332
44796
67136
14457
78123
72484
5956
5766
18253
78900
25561
96079
48221
35460
65328
25964
68882
61324
33755
8980
23070
38839
53619
47487
98837
91564
63764
44161
99218
1729
60298
94294
43142
75616
34461
69592
92334
98576
14148
87405
73334
87896
14845
5931
92436
13048
95019
36144
59968
56714
68145
83036
44883
32967
66105
96900
36156
66199
69509
97310
35066
34526
60799
24672
57393
71959
78292
17700
82305
53612
33839
12304
95559
13466
24553
49080
57450
29970
95325
80663
65248
85441
55607
63801
71480
31701
92970
86433
32546
85349
8599
28522
65424
40590
77495
21802
16141
80111
73175
16022
