26470
77619
92448
23902
20336
76934
82498
5239
57063
35562
78654
97088
94762
18117
92347
19069
94026
33948
52825
5656
61483
17427
87536
70340
65322
31924
37126
58893
85502
84411
53281
60141
50954
57735
15934
7298
60520
30755
87652
17415
88716
97525
43277
29838
71505
41619
68775
73030
75317
15280
2526
56160
55380
40861
26488
80015
75813
53464
35864
44005
71331
24530
67767
25950
29704
27055
8426
23354
96468
80419
56034
38080
96885
96256
25224
24005
48949
67662
56692
97476
16619
16733
37149
50760
95708
18452
11249
68995
59310
86374
40195
46269
27288
18125
17340
35392
17744
26935
84929
46614
20456
1592
66292
37518
53702
34686
50862
16983
31966
32137
14322
9410
58996
8477
67932
91645
24277
18099
88294
2307
78379
68054
52205
85062
87553
58951
58027
38270
86313
9752
99625
39313
11670
37838
33938
87147
29604
50175
69326
24778
35740
59023
73189
39792
71102
76622
51463
15481
89305
215
22460
86166
41316
81244
20692
60063
51159
6569
15190
97907
63775
29945
69539
11988
88861
29526
40099
30123
60884
43532
19233
47590
23872
8981
53008
70880
43976
84243
33517
10448
9419
1702
7967
2056
55744
61916
85593
13936
25215
72831
38726
44136
79015
58963
57186
93521
50506
25524
80791
15622
60725
76177
57508
10736
45321
90538
27583
84734
79314
92814
78680
36306
87509
17722
58804
89373
36831
10740
15940
95462
81089
22467
97928
27238
76366
36306
82768
32131
13098
39121
86441
65267
16311
39215
63326
85513
72369
64801
77559
92524
95710
39754
30802
75561
13237
72240
3307
92308
61276
27082
64466
51347
65228
48415
83299
58493
58444
35987
19214
18236
84905
48012
8829
93613
94019
29179
9069
19450
95629
75529
68492
2878
74904
62659
77207
69983
66295
83709
50266
90618
66346
49389
63397
75350
70224
13009
36059
22688
7532
99828
58503
32631
19922
24628
10762
72201
35038
62036
14067
22403
15087
61409
61878
58949
33162
42717
28202
78285
98112
5976
50926
84635
9256
67816
43505
64362
92422
89185
88127
1507
31594
82656
59579
18832
98524
38575
10508
3471
50250
33437
68859
80701
90738
77545
61881
3397
2029
3143
31626
29808
76810
95878
63086
48570
97562
67865
68791
32044
44722
24539
20372
94437
53443
91845
90068
30424
24141
31418
24580
8326
42242
48035
1603
49047
2715
44701
65648
5175
76737
80210
37914
553
10162
92709
4064
5919
91912
17609
53255
31789
64195
93923
14509
50692
52021
98936
67627
70322
57542
76869
2224
83806
81123
95450
76704
26284
40498
24908
13235
39051
17317
47937
55391
27612
68037
58652
39395
92007
18071
17932
73319
27437
16179
14172
91235
39048
64673
19543
49509
79907
49383
63998
79672
4827
27009
25760
31542
17385
78491
54501
65508
51788
76996
35384
89111
45542
4729
81317
51590
44615
31570
81261
2114
35310
34016
85611
19343
98017
8196
51094
13487
79551
71613
59259
41304
84447
50395
61995
10130
61280
98869
42212
38922
50102
42793
98852
56417
73514
10550
15924
37641
23809
45263
7684
49074
57161
78447
17603
46142
79315
98636
16485
55546
31475
89996
20645
81158
76409
71409
40517
44306
22985
94494
12661
92004
67369
37218
8676
16691
30355
65190
7981
46094
74978
18147
92952
88999
57292
85123
23121
89157
18609
52291
34907
73267
53856
28805
21427
25912
176
74607
85370
66154
11296
47931
47057
68397
3604
77662
22017
37052
21789
4634
84540
14901
42073
808
85818
88439
43373
56498
32619
20841
71605
27061
97066
28266
53422
30756
4826
16552
91277
42832
60810
1459
25027
13898
88528
36997
85677
30334
5267
35028
92978
26844
65158
75994
96484
58807
34080
72755
57266
46549
34857
29231
74248
48395
43816
96473
68626
52675
87866
13194
49404
4732
40353
93743
77804
12974
57638
98844
11667
82123
90119
81737
7584
73659
55086
4745
62048
12049
7521
11801
42065
68130
25693
11409
47687
53522
17533
73464
78060
15092
48399
17546
87667
75245
3836
81456
83899
47324
53459
55934
48575
74176
30733
15969
95783
63040
81704
54235
4807
89750
81011
6952
53116
93206
68181
76566
2429
24907
7888
72436
87764
98169
68815
34696
27153
58278
44091
9818
9451
52668
57794
7770
91193
23000
61975
79649
15098
52927
23091
76790
60542
89786
78452
7086
96598
68326
20781
63972
47298
20799
57622
24031
85853
85763
70441
65899
27988
81937
74624
66261
9983
88554
84627
76316
1175
53700
3893
41742
38965
64753
65996
63197
21777
1538
52629
5669
79421
84447
51139
71239
68199
78908
65032
65232
12864
10135
43881
88146
27464
70011
35355
3732
21842
98300
71570
39783
11901
13856
81363
29688
57821
63825
69106
27412
1405
19168
51534
3870
52668
61442
30688
54392
45693
38060
58421
47299
39658
11075
30616
49210
