67374
23292
61272
64027
64507
39266
21113
42783
29133
20018
45420
44846
98554
41998
47194
60219
61337
53217
99562
78594
84785
39553
47719
91033
40747
18067
48064
96023
12043
8856
41215
76891
57647
35685
36740
65620
41809
63606
87064
44068
36773
34473
73865
7523
50847
57783
31960
39472
80605
91278
49703
37833
47373
73979
30257
12795
37465
61011
84650
72163
11500
88611
31322
16012
9961
20281
60851
92320
73355
38066
57487
52622
91828
4444
98310
34590
32448
44082
58511
63088
83854
83064
12216
9448
25
34630
6373
10402
30562
42487
57559
71015
5300
78675
41815
66023
16865
46436
24129
33095
17567
42782
10303
66410
10134
24357
67133
69989
67257
47482
10041
69049
70263
66686
48354
65970
29717
38306
89561
97774
26691
86968
24286
71067
81209
32770
49341
50432
87607
67381
30556
39273
37209
48025
27361
44346
8064
41624
48980
85437
94220
7696
54453
71798
73312
14365
23985
6279
43452
84387
51828
42451
51512
45082
73770
17732
11634
32990
46443
38788
88001
86661
58945
56886
62281
23171
28233
95339
7851
49392
1214
18555
57382
93909
80458
21060
45937
45684
90456
42582
55363
52305
67702
38466
83045
85252
76353
23118
32878
69837
21100
19403
3890
84036
45084
8907
9246
3970
26217
18061
43639
13621
21350
31876
34519
48258
50741
79542
20655
45247
50290
94838
82644
55312
8868
50734
61863
92168
12500
95178
99
68526
83055
63215
14115
32539
78230
64049
34038
66933
8687
5005
26844
62650
18131
24976
61440
82183
96337
79468
70409
20358
60159
61832
75448
19422
16109
34170
83765
84488
45926
64688
81798
36098
83088
10788
8077
61150
18167
36920
1092
62324
50150
49760
89188
38901
92372
47804
12980
46862
82243
14582
77086
49731
4042
35028
2975
5829
77639
39132
66459
44854
47691
26089
62214
97134
73813
39472
81768
24636
57094
47378
63308
89419
16382
24205
12980
62906
34707
5492
9854
22567
70376
76493
75647
63464
98077
18390
70022
23813
20517
22440
47610
53370
55094
41556
8352
70886
41154
49496
58122
31542
20376
52233
46855
61588
75427
63197
15836
51205
72629
44355
55810
72528
39571
45031
14295
53530
48605
76264
27071
66448
61155
92730
57967
26316
84537
63791
8239
69133
79401
45440
86617
22222
70814
39804
72710
90046
44563
42881
73340
88858
91777
41271
16730
70243
34208
25806
18474
84140
86912
74886
71909
35222
56702
68029
27560
94599
78421
74229
19982
28842
34820
57
67306
78697
17600
92383
33092
70116
2863
24114
78930
35821
31019
26214
77438
57288
17514
60247
43701
61176
49064
99771
87759
16771
62664
63786
19916
25731
46657
41106
48511
2115
58207
47815
8978
303
8566
73298
80120
32217
61186
15678
94588
93903
73566
91106
64008
48047
8801
19910
24698
85890
5319
96365
50019
48382
34751
40690
59214
77567
29927
78348
51275
59439
63394
35880
25156
95372
63444
77512
96359
53827
43735
40857
63649
23651
94001
13958
87886
55011
35993
16059
93137
96283
76475
77181
38374
33507
36959
58656
96286
27033
37598
99879
5088
19866
78792
13913
28877
28239
2921
5209
53514
81121
56663
1731
97431
62175
37033
95303
95344
99557
90811
4335
68018
44379
60590
6928
46835
29853
35815
22645
96157
59420
37181
83027
88603
7490
85669
95875
20299
57790
54385
19322
36856
25964
61215
6904
42782
15311
24285
46421
68714
31610
60076
66402
85129
23882
85564
34890
89281
99985
85207
34471
40490
90937
23070
36025
52630
31813
68248
8462
26039
26917
79465
26742
44732
86946
61016
60477
2329
44787
12141
53256
45882
11134
36864
59938
51379
9931
7469
31435
11428
65571
10708
63346
20006
31664
58469
54872
97867
1850
3127
69370
64298
20263
59281
99345
35716
55993
50634
85880
40447
81858
41620
87109
296
80785
3213
9780
68055
57393
81461
78321
98125
29428
86316
72188
29173
5209
47234
35198
58952
80868
4996
69324
88435
74253
27906
1973
68743
24639
1422
3716
62974
75496
16568
52830
83098
88437
5408
92997
42323
780
24288
99842
93041
91300
22415
22456
12949
31615
44574
40438
29109
31762
13594
71539
15886
98673
44711
33261
97372
73680
6622
729
61866
45891
66803
23470
49796
2502
50284
5685
48852
30647
71083
52409
19665
11646
32398
97749
6791
34710
63102
20052
6661
56402
16295
68530
44769
17595
15444
64021
67557
88609
9063
22543
68427
19306
70828
72393
78467
46811
38508
86027
11917
84285
32863
11506
87560
76733
9661
69446
49742
83741
82107
27855
50455
73240
7736
24959
82415
96960
55388
84965
52860
87450
25500
76947
99988
48297
41
1672
7242
19601
31713
93397
63956
80365
48306
51337
98120
40408
22897
15009
59114
97547
17864
30915
80118
91830
34121
63293
38850
42019
90894
7952
46863
3084
39174
80741
72628
23026
89031
96905
26231
47756
6720
47541
6477
57698
1990
46586
47657
45967
42051
32668
45568
47489
29142
84802
20933
12661
93621
43075
45278
65795
86405
67324
84608
61434
88733
82531
49677
4371
66439
99892
30295
59182
48619
9054
65965
44514
25867
41098
11379
49608
43993
63664
74554
85028
11619
77275
20213
17171
91186
9773
52178
35209
40181
96198
52959
63508
53136
36962
2447
29131
92177
60277
52231
13111
62722
34200
84884
96448
52465
49175
54902
5214
31044
47064
85228
73401
2788
59458
79821
730
77258
41259
15788
50685
43122
29534
72932
28924
21092
91168
4616
88590
79214
4615
75397
59117
56286
74735
26661
78683
76330
32294
56660
57984
1191
28422
82797
26443
13490
20149
37041
37428
34729
67767
23069
10644
88739
79315
11733
97591
63295
65932
89075
36428
29139
28057
45662
22954
88435
74052
47385
82919
81435
32521
74174
94673
