76864
15188
65217
69895
93198
25532
3068
62026
38278
25836
12824
29064
70406
72874
54629
26538
15771
54210
81248
90963
72095
53545
96782
65833
22958
53861
16805
32318
52156
62262
9422
62460
35817
66174
56718
33979
65756
21292
52013
50829
59678
70765
8308
42944
40479
16191
13105
58194
41809
71321
57015
19794
74075
36416
23829
84109
75686
8178
52218
95822
21263
56914
30889
40313
25823
93043
19128
83946
30543
18683
5187
85338
35798
39930
77713
75004
43276
12447
94540
86595
48182
64228
48004
82145
65127
59547
67766
99247
83312
75016
56583
61711
42034
50074
65961
74956
44314
72116
20737
20955
78538
40524
60723
34430
48100
87511
51383
63370
21179
53454
82801
93715
20240
74577
72522
31663
54624
30355
68971
67043
54586
94723
51277
94031
20955
84725
21144
66730
97362
599
74747
40151
5926
4987
28188
41192
92357
98349
3827
33943
59667
98213
15771
59043
5829
77249
88552
37313
4076
15882
21921
19390
89671
44851
91767
83364
57702
75020
25686
916
10346
93145
40836
18881
34162
43906
4211
78820
86832
31264
35438
95797
98301
81308
99101
36043
66352
50359
58709
90734
7303
49693
72315
54692
77020
38617
18491
69635
14421
74753
32475
91447
3171
94472
29908
44397
60163
31461
53995
64414
80470
11004
41748
35732
37426
96883
51023
15730
78608
26376
92691
3969
7817
85877
91088
73028
38853
80727
37331
5194
92822
10010
45622
49298
33857
19260
99687
83129
3781
53068
90010
52750
44724
61207
74912
5368
29310
6349
13853
34451
5339
35079
60799
15560
7944
20680
71944
16806
48123
79567
31649
7499
32618
1997
68072
56127
5139
84590
65389
61435
2247
74598
31189
84882
62011
86198
85758
94323
29370
10624
50753
80473
69215
54048
50317
47782
53209
59971
10063
34938
93397
71104
670
67087
90639
21158
93939
84042
54270
92593
59098
31961
61947
17669
63080
55287
85511
32468
72004
26064
48285
95057
63927
92646
55347
92233
14385
71369
55700
16843
75008
11703
86793
78553
2290
91970
90083
73198
21
57392
59944
41479
12409
62622
49349
87698
89412
2442
57626
84021
96692
49435
31971
20218
6358
69511
36904
37351
44093
55277
7232
59500
89491
26439
49937
67542
44023
69033
98380
9692
97266
89713
62274
5651
83116
76941
9200
23107
53866
6007
60567
14935
18869
30565
93579
36240
62558
73364
83201
7382
73278
45738
93375
99357
34657
67646
84563
97044
63963
92999
87539
20891
7355
13381
95925
62310
8571
59700
44146
39414
12775
12702
82109
61760
72154
55495
80110
72634
13607
94238
97344
96995
42485
18447
37225
18824
66370
44100
61281
20804
55787
76202
92289
42636
63346
27180
99203
46307
53582
32315
99844
24223
16767
7381
59773
77286
96392
98554
44789
53569
9074
15972
38014
80407
54703
67943
76653
59206
47872
64626
40310
76480
60441
3132
40727
86390
2909
93590
11182
39889
94692
35463
6717
89867
38748
24275
79845
18429
27932
50668
48520
57807
26271
28928
90191
85684
41765
27142
68046
7688
13493
84158
92536
4433
13102
98066
36983
55630
48051
69111
10644
92632
6208
49822
30164
61719
76232
89067
3737
11171
44304
99598
80660
10595
70219
39202
55795
11136
61600
85119
42000
73675
18323
51944
95940
17506
26999
60243
78324
47108
24444
20025
63364
19312
70758
99489
49461
75157
23702
44500
96398
533
61092
44280
95487
92739
7586
99984
69283
7686
85903
21376
54850
41664
35654
13659
71781
82299
52713
22366
97373
86328
71690
58932
40478
97749
4846
47571
95181
45495
14003
45044
25708
70648
39612
46411
15178
89054
72668
97440
23847
92047
87806
6306
92040
62097
33200
83794
77814
72558
39445
42482
79589
12644
11717
30868
94938
63233
30172
88809
65758
61651
39771
5232
34947
38300
93252
33212
74280
76039
50494
25006
64274
27223
31559
61
26090
85332
20296
5251
54367
16354
64387
12775
10091
1100
91826
66470
24344
35324
78550
44339
80956
83793
60701
65184
8407
3967
84025
58385
48665
93167
13343
57216
2878
84911
60029
69732
45906
15759
66820
6215
54930
82661
41195
47503
53064
25610
20367
97454
50326
6250
43497
32095
3799
59239
894
35196
21344
28640
45864
9573
88582
53466
73822
89125
81584
31805
35591
56109
91391
53047
28066
90432
43191
97882
54866
9358
80468
89224
32622
59440
76515
45829
21918
76452
94442
40690
61952
2636
16229
60028
66532
73259
24304
70646
10968
44414
50821
21298
51132
50608
49962
82956
98820
17246
51135
2056
66228
56783
18919
75790
66931
68661
54990
83426
96551
80098
58219
51750
28586
34867
92652
49032
65325
87897
42772
45915
67785
22584
61798
4416
19862
13909
65651
60757
18645
62526
33555
53645
92619
89460
97627
65207
448
34313
92506
98390
84953
62416
86375
52273
22229
1860
61145
30465
11311
12291
83082
7209
71223
2511
12996
28916
85744
50350
15053
1475
96057
80658
76395
36930
68385
8851
65034
88061
95442
35300
80452
16898
9513
94453
15847
43419
27551
35507
57185
82603
55291
56101
63857
5326
12658
48936
41228
92253
48731
5137
41745
88076
51219
13830
46909
82917
48538
52891
13881
96439
88900
88327
57031
92650
15442
31445
80975
8134
15484
38748
16500
10204
101
4890
99696
34464
23684
42062
15878
66267
14717
53542
46168
24109
98903
9321
64359
45156
19326
12023
67498
96973
66234
52437
86923
59598
34707
3111
96062
67429
49005
8697
68263
52491
87429
76425
36442
62483
14056
42783
30773
90342
20294
77915
66566
35844
7744
50263
41863
64849
81597
48264
55121
85869
53278
16191
13657
31607
11983
6153
17104
56418
90721
96381
14225
79958
12580
27033
35274
33153
90311
776
46921
83037
56627
5417
51891
1419
53397
14456
59955
33815
19322
41216
5665
8938
20893
47410
97477
32841
41954
4739
49023
9081
33262
15921
84008
69041
30868
86603
88644
86067
72283
21925
92015
41959
82198
52205
83837
1886
6716
79283
60198
19197
47271
57295
29425
32233
19763
45277
41068
19069
83431
71246
89902
30973
54474
12376
3236
91174
1775
38151
90366
24949
7710
84145
82266
4987
16031
36699
86171
22962
9755
46535
89971
85535
32594
94038
50404
19738
33174
39911
67467
85544
92700
62569
68481
25487
52550
87988
59181
21055
59273
75142
70480
26210
10634
29650
23848
97913
62223
56937
4445
17863
21214
39028
19030
37283
98304
38939
30217
38076
20057
95020
52261
22580
99195
20495
57331
25639
7240
84331
