60632
6402
5111
99922
32705
61723
54474
24948
92388
20000
31483
22164
4503
92719
68107
37960
79465
24374
54551
16334
19349
98389
67177
13789
55566
66094
1279
1756
13411
92922
93318
37787
73163
8745
82729
82337
90934
73839
71262
66231
1427
89388
1908
82474
92645
29563
54143
48213
94375
7311
77702
91225
59781
12711
26275
93049
26671
57845
78837
76013
13073
25411
80575
87892
57554
83556
83674
64759
72457
45421
69856
27553
78807
63691
17924
45416
84290
11761
70258
95935
20441
42736
40795
15925
54723
5031
53879
11597
13568
35584
53321
39848
10546
46559
91920
42718
37413
85108
70014
91320
64688
77701
76067
23699
7443
4429
36015
90314
51241
89427
50593
86814
35288
78829
40401
5203
49753
66279
16860
64149
22671
23177
24215
74772
51524
34609
58616
34017
12554
90797
71579
94738
15414
68072
49459
34945
8853
95478
43748
49022
92586
38451
24342
3661
42427
43008
11845
73934
61312
46188
61197
10358
83914
728
49732
22857
51871
78172
746
50077
17015
61716
35633
76252
27810
1206
74091
14503
50826
3535
23901
211
53818
94534
78158
52666
25806
12830
32239
19911
42275
93455
43753
32829
38681
86924
87552
35071
23081
10870
98896
83637
33249
1483
27533
36575
92446
83958
38312
91809
86360
7983
67481
15136
85253
299
28750
85166
39240
88849
34514
60418
10067
92088
69171
25604
18069
80178
8719
36242
96215
38466
88328
86412
85506
57823
4039
89185
80923
20974
96897
95210
47337
66902
93955
43603
18166
18661
36588
10666
65258
57072
79302
88518
68873
17217
67925
74866
35787
55528
23808
29082
66463
10629
43878
35459
41382
86104
94400
21243
32392
3349
90070
52238
46265
54573
74230
37171
25286
70790
33343
83990
78758
41691
82961
71790
36122
88479
18292
28118
66549
48809
6748
22828
64815
13308
65854
68148
20082
18464
17441
24098
10445
45153
66003
79306
50634
84298
56661
74022
48429
14848
48646
73067
4654
23977
66620
51623
7410
40223
11098
24831
33905
32896
73372
16906
38417
61284
62187
48687
63782
58995
96129
88149
70885
28504
58123
48800
61200
61968
70396
13344
80433
96577
12536
99781
70465
66437
68911
51115
71076
27936
3221
37921
23104
7771
14204
23020
94987
86227
70439
24310
62491
46375
99554
47714
4659
2869
33292
31073
30066
358
29176
58086
29684
80317
45108
9598
15155
7453
66348
68700
6579
80362
97695
9613
74061
95872
70451
27848
26284
47308
75939
65428
10530
78093
64326
88913
7802
23838
34940
24552
36191
41020
99128
90288
19574
83260
12364
1189
98481
19217
80482
18085
52700
99197
44727
98324
79719
88051
31696
1696
5898
38839
53374
30354
48388
35813
88150
90741
26719
53265
98322
38404
39527
17881
25245
87485
18982
18957
7172
46451
72424
95734
47536
9946
57465
90389
9992
43274
81468
89052
47365
35769
51842
76170
51326
11257
96796
92469
67922
21659
15595
99428
28481
70850
38122
91922
85761
42633
12136
62279
98019
52629
4269
60464
82215
44495
12454
18294
67330
84022
7032
89777
39965
72235
11540
45971
11068
24960
2222
45408
43579
20176
93293
16940
4832
19316
35048
42955
20501
48395
46728
28528
53805
70525
77278
66013
50001
42408
38616
99500
40576
35866
76748
59667
99398
30593
57689
45461
38208
38970
59869
84198
61359
34426
81607
29307
53005
25982
77456
54312
87038
91194
50048
30262
518
18224
89948
2246
53573
81231
2302
90163
13566
95697
18367
95084
16689
85228
78842
61014
31837
79257
33791
19578
51381
30426
65477
35092
78531
23134
99132
59082
63041
5161
38755
31761
93521
50804
37115
69354
90195
59157
18519
49908
75484
26513
2334
39013
74497
39092
10009
15566
17883
58300
11023
66941
36060
43047
76783
55951
45091
20045
98456
1787
41551
25939
51668
65991
71878
12557
47519
31159
70992
19841
58455
21849
4913
84551
99968
10918
95381
18564
9085
96087
82903
3486
99516
6758
93888
20480
1032
52462
95273
1538
49119
24125
65994
25725
58310
89940
73393
75969
68524
