12067
4695
20001
56194
26423
77190
88780
74106
57800
13429
3944
97095
22214
50460
51699
74065
68316
49986
88515
21230
7239
71647
33917
21782
85274
49116
75893
85453
54565
51682
92179
6029
35293
57387
77259
44747
42181
23976
63486
83894
63041
96712
91099
53574
97243
15463
83091
65872
84187
86969
43662
6013
57744
67038
67915
5792
51258
64874
96741
65007
34951
15194
65173
31063
57690
67423
46395
43065
78005
82342
82733
46324
43888
2950
94742
71164
11735
26168
99837
9885
41760
42549
2399
20882
55949
9639
6480
8586
149
19071
28409
58375
80370
30876
27616
36508
82762
30358
22009
98634
91856
66666
14844
80436
42320
50910
12886
80486
90940
85356
26896
35344
15427
83201
7563
11799
219
88193
6276
92617
54376
66337
88791
55369
51896
86057
16190
5970
48346
