79858
36951
20822
57990
10582
58396
29504
71068
7720
56489
89053
65350
96455
57312
8306
97163
57573
616
55700
23131
52466
65021
66308
3749
14101
87615
89996
19928
32295
62961
59057
39038
87646
13697
10483
89113
74135
38578
58679
92253
49887
33269
44651
30699
40940
54104
95401
51235
80618
7030
57139
14234
22479
94628
53314
29366
44207
68468
11464
80736
78165
75079
8350
35675
78954
32272
82910
18294
66790
7911
70267
42917
79027
64051
65463
4304
39617
31151
40580
5676
6969
34701
4436
67628
95528
88144
79370
30840
13968
61078
7338
28410
68290
12437
31699
45604
46045
60258
26478
7832
31319
60815
87098
11504
47335
38269
76110
37092
92527
43001
96303
2642
6576
19099
98812
84517
36016
13595
89316
90821
80601
22620
60765
41266
30820
79943
54587
23308
32509
69151
78159
76889
35261
11302
54398
34512
20956
96542
30051
55206
13192
25852
81223
72819
23763
74633
20991
90981
59136
72925
4257
55666
53989
66667
39263
78335
30925
39321
46668
33146
70142
43271
31683
77181
41910
62281
19443
76786
520
52795
92358
10954
11204
14116
45029
86232
59022
47919
56890
23757
78807
59161
83855
1054
17591
46085
36680
66510
93545
65977
40546
44924
16526
42290
43541
68005
23096
74322
97613
18869
22259
5675
87874
43037
768
23710
83638
62040
76393
97274
26949
30003
47220
96639
63556
46117
69272
18221
40203
74375
77268
92723
40296
29364
7394
67328
46272
73975
54186
78650
29294
27593
40378
10766
42536
91449
38187
94536
8118
45087
60783
54862
31607
5155
52588
27021
30042
4580
76386
72504
38378
94398
950
68063
94312
56141
40068
6989
72588
45904
89523
60077
88254
38632
73944
36731
21017
23327
48551
75497
30036
3054
28735
33582
91273
77964
96701
91189
57544
19375
23413
2989
47584
14144
9730
39708
58435
87479
10761
53885
23459
70022
26894
93793
28695
72303
50554
37429
58317
9504
41950
36277
95916
404
99505
27959
94734
36850
25984
5431
75597
24941
73685
86370
65563
75615
23814
38737
42412
96802
90878
37222
78543
28219
67947
43186
14557
50958
32857
7701
36105
5539
3636
11191
84575
7470
59934
79978
51230
93436
28686
16091
35225
8560
76875
95109
47967
53965
63485
51723
90118
56595
55596
67122
87404
43273
77559
85927
22505
40028
34606
6054
52540
18331
88241
13364
8632
73183
48406
30656
24394
85604
99007
46676
69643
54936
77894
19308
4182
99601
43909
59539
45751
11972
20776
73594
62075
66100
11762
81253
67065
19237
8575
18932
87897
38295
6298
61540
74711
18936
59763
10341
3290
8105
16419
55458
56360
21377
78399
12560
946
176
61844
86699
552
90529
64397
90314
52740
78913
49012
18312
60215
9511
49446
7796
35014
59968
57509
32383
52536
43737
62120
12357
76632
8811
82714
34306
61120
7768
60606
73326
56376
74933
60736
60427
72732
73476
70188
9945
52333
27905
84025
60518
92714
95618
95507
36288
69259
4566
50664
78003
49720
20076
7779
44273
75831
50956
84499
35709
50820
6374
34877
62380
95892
2385
87443
12572
91895
19670
93815
95023
95784
91069
44829
28014
22660
35779
17647
83135
3438
89495
90380
74206
36342
78007
17530
29241
50095
18340
37558
22824
2573
59049
14527
52973
88629
45536
95133
52438
5777
99900
65732
20605
98721
49588
3006
33233
32951
95025
35683
10171
47444
63983
29867
55399
65215
39119
60306
34284
99022
14693
46966
36996
80987
99740
71000
66005
5569
4603
71320
32368
94148
97356
1284
86524
59735
27483
95302
79907
54421
34871
62817
37918
69281
69789
14161
2602
41586
16316
25793
105
69389
89454
2363
13555
23588
36638
56244
70965
67293
56855
26380
57282
11642
69665
17143
25650
86985
7478
87009
6426
12603
12165
57214
68818
79842
63424
40897
29781
17797
9830
15421
85255
25299
86755
39684
59492
53957
33947
30330
39746
664
65219
7939
37845
49685
38955
3395
64572
23828
77874
92684
92982
91524
93440
98378
81174
47256
12795
49463
95288
52048
36949
90402
31145
46015
47738
3421
11021
31184
5674
60134
33654
8825
30047
96719
4994
36158
97058
96701
97974
805
29189
73080
12184
85200
1825
85443
89694
37175
83780
44756
838
97482
21258
76963
80309
3022
93673
2772
97772
90260
52255
30391
62972
43164
33966
47244
99404
26977
85012
51685
52178
27329
7934
52758
84008
73454
5026
72444
21451
13509
43367
50385
3825
97204
55521
9025
82729
83248
1929
26297
58137
80338
88280
65381
21762
52574
90898
69206
14207
72580
18566
30246
34803
13010
55850
42293
6711
88417
67017
14725
81645
69839
47585
30125
96743
10214
76140
44899
3523
14286
97327
25352
76320
66684
24985
20441
43346
740
53142
29432
60877
32694
81080
65018
20704
59367
53011
25023
61856
88544
12724
54029
34758
70473
97741
78383
41605
44338
63879
81493
5446
36460
63574
56921
37375
43459
91839
86738
50162
42633
19590
52022
12085
16878
65065
19087
92212
63139
42282
13277
53059
28114
1524
19710
62173
11667
81331
78495
14476
92194
57614
96418
43832
60939
67255
16600
1390
77130
74437
26995
1091
42027
33204
38477
71801
13623
65513
47000
13109
27492
43155
78647
74609
7297
48189
92972
31465
14132
13930
27324
24483
78478
40016
32961
61252
32534
89415
46921
73722
13504
59525
12367
55132
70070
26659
43055
3161
41307
35394
48242
77082
76627
22717
1273
97961
80344
1773
74
59025
5056
74821
71535
45823
32930
39185
59686
5229
85357
49106
124
96653
94680
41154
52283
98730
2596
45689
70647
18220
14174
19151
60647
59978
16293
36798
51115
66939
10214
65810
41326
55621
87844
51126
43018
86836
1028
89591
12756
97306
75016
45078
1160
2209
34379
98123
4949
88730
40981
55022
22398
30482
98459
41663
13427
59497
28225
61788
