37501
68951
16416
9060
74045
41907
8684
61825
67100
10282
16028
81746
54129
13510
60260
61548
2353
47647
80327
10533
23827
44851
95295
67445
9019
88635
43881
85825
13355
57472
99729
84972
78550
44865
20293
60470
81990
67142
22465
65368
3731
7102
60028
64506
18123
98089
26125
77533
55881
70971
63225
81294
58618
61274
6054
61891
66529
9916
62679
5650
63723
52609
70335
79812
63206
68937
93418
23940
58236
48508
52130
26352
96624
10586
15959
16243
99335
71173
66074
77660
87912
82220
18234
61496
31640
68873
16930
40487
44150
3326
2968
88008
2543
52127
80454
40648
60934
78802
89675
25600
59203
92397
72169
7543
80885
93157
32836
69671
21728
78269
16463
95059
8876
79932
74516
49264
63015
63455
56453
76346
13912
20351
30973
46485
51757
56886
46982
6256
46510
71925
7732
49870
43105
41694
36697
49704
48946
17877
57976
67580
88998
37614
59662
4659
5127
81946
23208
50629
3706
98904
30457
82156
57329
4007
49949
66780
40957
40400
92383
25086
6956
18619
25029
58045
40574
4376
47610
57214
66456
94892
97300
66153
93908
57812
16470
1936
41527
28452
84178
31765
57247
23550
4570
19781
53978
78124
88718
41637
82329
50358
44702
90708
76021
49417
32065
5330
85975
42320
49644
43227
99107
27212
36892
21196
28229
43004
40970
67724
99516
10592
21094
15967
47868
1852
41480
43992
57058
43506
78575
65044
68450
96767
6810
61477
15677
77906
21105
819
78349
70642
36541
33202
19766
4408
87982
70643
60366
47384
57929
81277
84730
4300
68883
79470
4116
79922
3401
59680
10491
20429
46681
40279
49242
93730
66075
94887
15734
45093
53041
35461
82707
18776
66060
39806
96685
29750
90348
25829
99220
26531
3546
7556
5409
14989
16122
53980
14618
88886
55937
5486
3815
17075
73866
25854
12345
85449
90571
80343
83020
69768
50870
50016
98137
35843
3399
33636
5347
68161
42502
4018
40654
48063
75844
68166
31654
3578
43121
15175
40551
19839
35696
23115
80200
75832
66117
99503
94342
47855
83069
2611
97212
92621
35383
74521
32797
5287
65741
66906
60901
30996
41654
57756
80815
9442
89611
33746
48686
45017
83995
56807
28590
8154
51960
63952
2753
80138
42280
85816
60653
57918
6481
32921
90598
22700
9263
91548
90168
6701
21680
72825
23381
53369
43335
19182
86919
94929
11655
85216
78292
5191
45457
69626
73334
90432
33090
22056
95078
29633
37793
78601
12135
48749
8641
37708
35788
65741
67469
18466
59020
18597
63721
23978
91953
99984
75159
53106
18816
30030
3213
14325
52048
37403
19591
56255
47722
48237
3054
39610
5337
4865
72322
76776
34976
26037
1898
5769
58770
23719
43194
36080
77657
43376
5894
72832
50515
79508
47310
23655
64476
11740
13810
99450
4965
43532
29903
73058
40608
86709
74583
77939
79903
80512
18307
77276
37802
22043
63025
34215
39990
2187
63547
8873
35772
98855
97357
21374
30870
23035
36507
55522
26240
13245
12712
48761
1111
80764
59675
19108
45754
72258
3742
99150
60581
59023
66793
47112
90434
67734
74078
82037
44443
31970
1437
55130
43418
14182
55812
7732
62311
35572
51915
6945
36504
6467
81331
77148
76825
52517
23925
7173
60957
64561
34636
9689
40745
76422
82880
17859
51233
41280
71802
33668
46942
27790
61964
97666
19526
64613
15033
53324
90167
80142
8734
99483
56564
47918
39649
59165
55841
98787
50906
55864
83008
75002
14627
31528
76818
43650
6984
86023
45891
65735
68563
9668
96762
27556
17756
27261
65614
47123
66830
71634
11311
5627
78655
9278
30634
51210
69251
70427
32435
29460
24053
49458
13013
13663
38242
14347
28669
25151
10026
9632
79276
45994
93488
3287
42839
83345
35994
35314
15554
12054
93395
44414
43660
77378
47823
31602
21215
57196
57699
23917
62854
51528
175
42743
68726
45765
54880
45954
20417
40354
9569
26133
298
23394
73857
78520
34562
61894
26645
17436
44960
26639
15255
87600
43553
79135
78548
12415
64625
20802
18541
14174
17678
18387
30616
44204
23280
64893
17845
15761
90157
25592
18878
85625
46544
40004
30700
64424
46391
64730
76822
1988
15965
19213
15703
19274
34129
89650
90134
38824
5541
28447
99136
29005
74256
85354
2492
87369
62474
66224
86043
75162
10402
20116
92157
26695
56548
74147
55744
56071
53172
27882
5295
2256
20005
11216
2841
60407
28530
94169
50359
60605
62338
90476
80622
61816
8501
75931
27537
12010
45723
36975
29338
75380
68269
56927
40826
49404
9666
61775
27335
10845
69443
89511
55768
67986
10574
20518
41445
47667
14211
49344
6960
85051
4620
60460
17028
79413
51288
67212
2284
94855
77131
93437
48131
8571
61088
78951
83800
77311
25610
25467
7473
2752
62678
94631
5900
58073
7487
30433
81089
11298
80350
2882
36761
24181
6110
94762
5260
15219
86209
69453
57208
68570
25466
90414
37222
67515
91478
20046
5149
45520
37464
46993
87318
7468
23250
49210
53524
54401
95370
32489
32404
1746
46690
96037
35379
97489
45810
8782
10085
98820
11316
84954
79907
47022
79048
13544
30083
91136
65775
38182
3899
34764
57654
62931
43868
74751
4977
59735
34993
18960
58773
75089
78314
76053
81933
7861
22619
45465
11196
73538
10662
1190
1890
69695
24400
89545
39215
65401
56180
83340
52951
14151
38602
67236
6789
12278
62647
79640
69520
92224
57373
33954
50605
86169
92138
8715
68293
58830
21937
96153
94704
38057
7054
64797
1927
90262
79239
20069
87882
85360
2292
30934
90423
80976
27299
98915
13939
67215
44063
43566
98341
67841
59644
12708
85251
58809
68014
67989
59701
70062
490
48680
40885
34260
1312
50991
80233
34297
21218
4036
37668
72893
75624
69998
14697
14179
9827
70614
78802
82589
31287
34143
30566
4710
61898
86690
49040
97873
98724
98950
98686
60441
93470
4711
89377
15861
79328
18483
44492
64652
72333
54461
