83393
46214
92758
27611
45908
48710
40907
4621
71986
32729
59370
5335
73523
63480
77461
41198
93254
70359
92084
5577
41615
98148
10258
15085
27165
44593
58983
1239
26223
16073
43975
61314
80415
89100
47994
6803
45136
80151
53669
95166
9282
6250
43012
76754
56271
22929
69328
59727
4577
39028
29486
58615
11451
49651
53970
45653
66962
90395
24328
78822
19618
8826
43936
10521
26639
10816
92520
39775
78645
46246
40662
85624
36622
89552
49834
33651
57364
90170
38360
5186
71913
9029
50121
55141
19359
62584
16817
37889
89470
69458
43114
93103
27285
63586
56804
73024
76707
78613
2148
2091
48018
20800
78439
88243
44888
3381
24737
53542
57259
26309
67204
62425
48810
32219
86254
31214
98436
50274
27026
17377
47913
51736
95192
41257
81854
76529
87325
30832
87638
78103
26228
97983
39542
73254
37504
11343
43462
47531
35944
88757
88704
97808
9382
90986
53978
74149
80676
69695
33925
57879
35331
96748
80632
34772
1542
24626
74400
95023
90471
90065
64377
50440
26982
84389
79059
1876
29109
26485
30818
42430
93970
6998
22426
15780
6776
92044
36673
43630
71348
9053
58286
79638
25925
13587
60168
6853
83817
61604
48919
64357
19381
25929
77018
95019
34627
67945
20401
81750
32744
10592
15720
2121
49254
92675
43495
6613
56224
34991
73662
4900
55923
65485
66006
24265
8918
85753
9937
15245
25161
76762
90673
95061
28403
66713
9792
81345
17271
66625
32769
43814
58446
79128
68658
90335
10294
14300
33761
8238
64224
78900
29781
21252
70612
39612
33421
88760
35338
5177
10376
95392
7390
8146
10132
88771
25347
5905
47511
95025
36935
43065
68736
2137
19347
66973
87650
89589
79802
91680
21002
69373
18324
65078
29500
98801
87788
96946
13732
92680
27325
47325
71513
74150
3370
42434
64921
89127
13596
280
14721
10337
29050
27493
68774
54442
73070
52641
8463
33970
27311
9896
22786
51050
80186
36029
21979
1306
62568
53148
29806
46163
46513
14884
58114
94167
11273
60891
69360
91717
41036
79640
67690
25533
21286
55689
36347
71615
88402
22258
80864
34160
20801
4660
31907
51641
2378
67921
20087
89656
98319
85672
37911
49221
40657
1836
71986
32334
16710
47268
11689
58734
20020
65446
10583
65891
90093
38724
11087
34395
64369
15272
77307
51550
70225
38750
50691
33032
61953
17992
93372
57670
38090
62578
22228
72183
43544
23962
18281
52375
46054
4616
80444
74684
70599
12337
54977
63565
10696
64265
66983
47963
83334
48100
89253
18539
85555
70835
94166
1217
61141
67642
18025
41690
60877
24765
20144
61266
62257
12877
25458
64124
4009
93356
75354
28073
14031
19479
72735
16398
2338
2895
64847
43096
87578
81421
94140
64684
12161
91784
60293
17104
64862
93687
43400
5987
29252
25750
78767
94533
58117
37005
22818
93305
28450
53020
79832
92461
37376
58200
43261
69361
17684
9724
29218
60557
53781
71660
59135
45251
12946
86369
58853
8267
43372
37979
1058
83091
59527
46501
17732
15999
91617
47531
27966
12287
196
95729
59739
5884
1398
7340
73849
37225
30257
16769
32354
57394
87187
11364
98979
77866
58826
62729
47015
62638
20483
56522
29071
85886
39244
62280
964
2912
40796
33967
75633
26420
34162
46634
58286
82836
72267
53923
64612
95550
50539
84035
33042
24867
34899
24878
10545
27457
60793
12367
55902
13386
78224
74229
27459
86893
64585
48530
19846
50407
59323
11844
64950
82240
62400
22574
122
62559
2918
48810
26443
11364
94488
14635
68053
35147
98453
45752
30987
91835
16723
52570
24102
73107
76147
68894
69857
44967
37230
9970
68604
99245
46582
81330
76367
62507
18665
96510
90283
30724
74213
51824
83840
51863
41264
97068
70616
4391
11154
60692
20074
79434
1249
97794
74314
48287
43641
50516
90486
55366
11240
13014
24344
47862
88933
48505
92603
23628
11419
25953
81800
68882
68574
90364
1750
16552
94410
97411
29619
99110
91754
63263
20485
86545
8026
87902
21150
57402
28403
66062
65851
14979
57581
40390
15365
29701
76903
61667
2206
82962
94855
77985
57362
60232
93169
39270
89294
21069
9336
4777
93933
85903
23021
4091
69904
43912
1332
97003
71077
50076
10470
69818
98465
53011
27847
7534
35382
47828
23170
13336
39465
64243
594
85335
73538
17363
10690
75609
20071
26432
40503
14110
41484
1831
73928
69080
86510
28034
64420
75298
88617
33634
70057
11657
15861
67116
80075
73509
32850
95613
12441
99437
78854
58988
85421
20364
55799
93065
99168
61630
91583
81117
83088
14985
51795
92286
92236
59990
28905
92353
25297
56423
64988
11064
55371
94521
54004
18335
60456
51998
5621
75545
51536
32756
19181
74006
70731
38435
58362
65626
44431
26544
10728
2192
40621
93014
36985
85354
89111
31442
26250
82769
47512
11159
54701
25678
59442
14904
91296
68268
38808
30846
23082
34612
5619
36819
2558
97624
18328
41714
60677
61675
35742
7008
83983
58266
38520
85662
77819
64843
80430
38199
98486
90804
90862
62166
96133
54732
54925
91906
15849
72627
267
3447
47747
63378
67183
17198
51207
3653
99611
1987
99247
88732
64934
13267
76928
83348
79311
44357
88773
57076
46946
95929
16792
22038
81712
82906
51814
19047
18502
66721
51619
30217
43557
49125
20985
90815
72755
58208
70546
34177
4841
66146
89186
3282
63897
87984
96232
23163
98987
14534
63759
71789
16673
17073
39067
82542
39963
35230
877
44007
13245
1461
63191
18461
71199
6769
65280
19118
4225
15159
78111
76346
97990
54107
49703
39331
23705
96839
15891
84447
46254
65351
19355
89496
11721
90908
47616
62781
27064
52839
45467
50311
46787
23821
51091
59438
40123
34575
83854
90935
86618
46162
18599
85366
91734
18469
96924
42953
84737
20702
30405
97427
7528
27042
83382
54257
65427
95876
34122
66678
28943
41321
57075
29783
46711
49882
48164
76437
27304
87677
36610
89417
78670
69914
2053
19649
35943
84968
