70273
48869
24447
73342
25083
53889
87188
16460
43230
52491
85928
47476
11340
93389
29301
46411
7615
84089
31244
3814
10865
11782
28591
19331
87923
68352
55144
71753
15997
65527
79469
93187
47938
73889
17174
41215
78240
34760
2041
8021
14690
90375
74098
23339
54769
77830
50232
21245
65951
11077
74570
52274
45626
7770
92136
73306
12414
46989
13550
37509
91970
79988
15757
20277
90453
96762
27920
34264
62910
92847
20798
48431
59208
78523
92913
41873
42125
83497
91101
76855
56393
63496
37907
82021
78287
21178
26762
73174
1760
93968
71914
12214
86002
86508
89965
98851
33206
85050
87410
43094
63123
78448
29748
66482
27652
31908
