18159
91131
88870
95263
23762
55108
73673
82383
64652
78498
66777
93464
90181
25922
60896
55701
42902
30071
99626
62406
27068
26902
27017
70157
90582
60020
27558
56754
40598
20252
63136
86144
79572
20521
84855
8854
3570
6434
47167
20280
32881
15724
66615
60090
7209
58178
68482
45607
96744
22587
11073
5791
37653
12734
28006
93484
25662
98444
87518
60526
36747
90763
4732
41586
10941
85643
50371
68479
84915
21194
3312
79303
95869
9162
81738
32127
49855
82257
39831
13549
24266
30030
95784
79736
78114
11507
97272
88821
64747
62530
7328
68298
55066
63197
21434
40184
57116
16793
44215
94035
90587
36963
15014
39358
67641
14793
16582
95880
2260
87278
31121
32829
41750
76044
35957
17652
74393
86666
49792
34377
53300
88040
37048
51676
97055
43138
5964
40223
11146
27212
43098
30662
23250
52559
25389
2356
5893
50314
3143
27433
65017
99039
97002
59676
52134
95761
33
69706
17059
2658
73190
72239
74157
14044
31449
55342
6505
28377
24031
77346
4184
27454
13203
10000
73301
37125
40313
14790
77376
17866
70719
41845
73816
91099
57632
99587
96826
93185
5683
14523
79602
35017
21200
96012
12863
85304
61326
76898
84732
46289
55962
26461
16209
22872
97543
49341
51812
77719
80599
90576
66138
39713
41990
11210
4301
94425
53040
22085
84628
89283
32984
40597
95436
30501
10544
8271
9057
21481
20967
87783
21673
49056
58493
59683
58420
31537
22552
21956
9249
55994
57896
26638
91067
17448
43063
37441
48293
31467
54420
17849
81283
71904
51108
54324
99830
85270
78715
14563
62215
21437
90723
22920
11480
39846
78640
53843
13458
80266
92112
66609
64409
91983
5309
41293
99748
11208
78634
50479
67584
49654
8086
3149
26642
64327
3221
37802
23730
22571
42723
24958
66806
71148
51694
99007
55158
17142
4421
17039
79165
90256
81851
29602
13052
72443
13174
12298
90741
27870
2472
47863
5837
9587
26778
45509
48484
43484
12282
20328
52599
7424
81291
11741
28845
83541
22789
10435
75768
93655
13315
85830
2976
22990
87394
79363
2736
90301
37603
76116
40991
22430
81457
6125
54104
99257
59904
67360
83953
51557
95428
1360
71273
42653
52557
95683
84916
28091
14412
18710
58363
83654
28571
87845
65444
78249
91212
55582
33973
76694
60726
90129
49923
28345
80913
54691
66126
51170
91446
74516
55705
5459
51074
79647
90507
95430
33366
68750
39497
10540
40745
74716
7639
95902
65504
98024
38698
77944
54434
41174
98914
94213
86759
14165
78315
98689
15522
69576
30531
14868
84958
35975
23197
62257
20684
34402
80434
7516
28672
87142
55079
81589
17643
28897
59722
20170
90831
50526
71078
63520
52930
73080
21794
87296
34041
16072
21305
75265
45158
54856
40967
13416
85111
16383
39559
50661
33866
68672
34983
42091
9990
99292
52251
62701
79490
37171
23109
90132
99506
33387
16187
49142
99853
79513
23791
50383
66366
78427
75086
34304
39069
13204
18170
72445
37960
79322
17233
26973
23037
69711
91436
6258
90568
24440
61213
83194
96440
6745
60251
14967
44274
91130
67871
66222
59123
50939
5896
92991
39242
16573
46590
18952
15754
79856
97778
95273
99991
91485
38712
7401
84538
82496
70401
90293
7348
5859
77176
54151
89602
90287
95262
21658
97752
66962
97228
56819
22266
21183
14625
95308
80474
75539
36580
79418
37088
29136
78995
22114
57630
64892
2961
70351
55515
10636
55424
90940
81799
42972
12724
58944
40490
90616
30021
56207
47975
88358
90922
79636
92588
75766
57056
3156
48661
17365
43559
68550
84624
27661
96519
33213
5348
94213
79185
11894
3481
17088
3389
60875
750
9595
61895
40191
69888
71092
12422
75515
40262
63671
90301
36836
85413
91672
74720
70267
48127
43731
70514
88857
67456
746
48753
60823
13294
32031
32034
79918
41258
10179
77554
786
14984
38652
874
4215
48823
52884
94191
23273
38903
22532
81287
40332
38605
13897
61392
82333
26462
44462
47980
81634
84589
34985
76590
2252
56430
90304
94131
7788
429
23008
92830
38850
33844
99675
78195
