8972
91951
67892
17610
69043
69817
71251
82969
12580
35162
50421
4840
44336
32830
57933
43574
25521
22665
23931
6677
19240
55066
66549
59070
65945
96969
1001
24433
43242
48343
79615
43982
93300
33672
17250
23817
93498
72855
40557
28254
49753
70282
85288
80712
76350
80344
99946
33387
22939
26791
60563
56980
42088
46473
51756
35016
4093
93868
86313
13708
91977
97805
59314
51677
17806
68200
95721
34508
56584
85081
714
12004
49389
64650
34549
42635
42896
32093
78056
39377
86069
13856
76966
18605
83191
48315
7193
94248
67038
65085
54884
99936
62851
1381
11259
28322
5599
99524
39581
21688
98406
52423
45247
51623
95723
62230
63430
39130
39483
73561
2826
96682
73377
10503
25133
96454
50845
18632
40483
74970
75050
29723
50165
6548
62400
29567
15983
20353
60948
23059
44580
41025
92226
98047
22685
55904
45038
30192
17710
54458
50877
57430
1661
16648
93003
50863
32597
36699
89196
75473
26773
60676
57783
35154
20042
43136
66395
72014
95079
46281
18668
51121
60967
44663
34832
1605
81042
29194
59259
27385
57643
81891
98601
36876
64263
34721
49200
78196
92258
22697
68775
67646
90473
34379
97104
65578
33355
78871
35450
92018
567
42384
29341
22943
89177
48272
87005
42289
34122
75431
27652
34752
65518
23384
8768
59877
22576
33606
94372
58049
99941
57962
40660
56060
65782
66007
44825
58689
60934
83837
94781
30944
62968
68284
6715
66643
26669
16602
27307
38206
10338
55178
53246
81582
12040
63215
25987
62211
55942
90435
88663
6120
70668
74897
51563
98305
52434
27671
52773
24615
92291
81691
36908
97740
63360
54822
59922
84952
34779
13288
34319
82751
47469
94363
11220
72112
48754
88997
23024
60071
80781
35418
50538
61390
54760
31989
22471
69431
95934
13268
1505
4076
8944
26826
50834
42192
99974
6341
83016
12016
46685
13903
64677
99678
25460
96120
30488
7909
37091
80542
19185
37870
71697
80108
26898
59390
38975
29430
18364
32583
8527
23365
82349
94964
11358
99771
91711
30200
67792
36237
14094
78226
99486
99904
25265
28559
88407
1140
63384
55764
1345
18924
43443
19031
47747
64325
83256
45444
47872
68491
93672
94389
41876
83597
62774
17018
26307
30153
62536
13214
82496
66152
78428
89222
4702
37841
81210
49078
34630
5240
76887
94474
75814
66140
87621
97947
46949
47625
15959
24115
86888
83446
30511
81671
95166
94991
52481
29890
52287
56912
93978
42335
13320
69695
22453
62943
44611
53247
3689
6292
48250
12610
29656
15642
91476
81488
18467
78099
68266
2812
75407
18645
56791
55819
21625
39665
30902
66230
