42775
95481
96598
71091
93085
19331
88392
47465
15901
44895
28755
81183
97442
57183
37792
61993
88951
54256
53063
5629
4393
37064
16538
51494
40694
27189
62179
15513
29932
54393
51348
74113
83267
22019
63988
9087
20351
28967
33349
90115
4855
98741
87020
88977
78899
4063
88082
51523
15277
60280
88873
46729
55719
42388
94536
19564
5947
58006
84816
50416
11070
50635
98786
33106
99474
9821
67006
42100
52651
83248
1623
83171
13967
47116
57079
4074
82320
8962
30406
22712
19276
63400
27821
78478
44453
1732
13907
41294
15159
74885
43314
61914
52658
89773
62460
27210
912
41984
10563
28347
9979
12342
35413
69491
95519
32725
88820
44792
93786
15999
93923
11716
4853
76483
6701
22998
23786
67319
90052
61339
91912
9229
15744
5169
87500
60041
74910
80022
91571
76274
91944
54647
18431
62273
85868
42432
31124
95805
34255
3145
72515
22675
85695
21759
98966
57048
72749
60805
17002
48141
74627
11491
32631
9511
53063
4562
75795
48059
2524
35319
96559
15008
32917
27414
31290
83061
54896
13534
71088
35198
65851
31426
71090
69415
22752
86776
97738
21222
68525
56428
58505
69251
58927
50810
43000
83551
1277
74387
86307
14426
56210
90930
7198
79612
89155
79017
89469
52022
16382
31124
92388
18009
81425
71733
69777
10007
86787
74516
44166
79301
62148
91758
31766
83901
75490
18496
52807
92806
43632
99159
15430
26236
47015
61028
63162
28506
84741
95666
99342
85203
58494
71644
74468
47591
31684
96851
22678
49576
98958
27405
88751
85325
15162
18682
81393
31538
42255
68340
45649
7699
99418
56390
25886
59374
71766
26806
14771
62185
9678
53138
70948
92141
69684
34507
48729
60602
99656
64869
10912
95316
15866
66119
33093
80835
57020
1163
46150
13829
17520
58522
50553
21644
72907
4690
36364
51313
99029
20823
65143
22967
6098
89862
67046
14521
50564
3515
74335
12289
39860
2928
16389
53025
59206
48706
86555
87839
68584
53428
44183
55684
53367
15906
31850
92507
9673
75597
20849
5727
55906
83274
44902
51953
43812
31937
60639
33430
42336
27662
99539
93648
93446
87298
74061
8244
58001
90986
43873
58864
94205
52374
31421
81570
730
82397
8969
46244
360
58091
98139
62427
71499
47113
10520
12080
37378
91061
4663
78307
60264
32971
29362
77379
67295
97621
67259
78725
82587
94375
9857
66944
89636
58669
21893
53699
96663
61365
32965
34435
29237
79222
38439
26881
78962
69028
8448
87894
89871
16235
53609
77019
21655
49797
21779
27856
61596
4125
36353
67559
23298
63465
18694
81002
63364
29316
2357
14208
96062
58239
97336
76930
21276
77202
85553
36635
13490
32642
97661
34643
32069
70831
25722
3260
92600
72238
68536
43605
55708
52817
73077
71891
36588
16704
33507
31016
82014
65164
73990
7434
44166
84114
57888
89031
1596
35750
35388
50936
54607
60095
79764
52935
56500
69926
8862
39933
28779
85379
19123
96291
7315
39075
23710
92280
92913
40228
92884
55257
82843
89182
31171
74718
40543
93917
5837
9040
45441
4256
34704
56331
28931
36615
67842
92538
39725
43297
73584
82160
9655
78815
2692
47427
75984
23416
37389
82471
50657
68792
58271
27850
57975
56966
97450
85678
38352
65734
52681
80038
46880
88845
73204
93387
97976
26952
70633
99341
70547
53985
675
52095
40938
30607
5804
48497
67057
86510
19765
81594
2712
78887
11770
17779
4315
27401
22532
83561
65214
17511
97628
83552
11870
97631
22548
51516
3387
30290
77384
55118
48909
92383
21178
30140
44883
21018
47363
14251
14999
90458
84520
74294
12302
52704
65155
32051
64418
37164
97052
97825
89020
9846
81020
51632
47514
37630
28653
58439
60053
86981
33158
77865
27167
79222
47926
76990
23731
44716
28894
10217
17352
36045
96714
11745
2873
86325
17971
36168
67790
6700
3635
99301
99753
89626
95195
86885
20849
4434
25862
57274
75902
38805
71756
60168
12186
13663
31069
73120
91954
18170
82132
55435
67589
34367
86262
50719
1534
90182
39351
53433
23312
94800
52098
89798
81559
23149
63676
73090
83022
5190
30360
46386
86229
189
78367
71684
50717
67483
42956
49473
74980
46509
59587
51564
13639
27036
87423
69437
88572
86608
75025
8093
14903
81029
3841
60187
27738
85746
82057
87790
34197
33604
74013
1952
19374
17237
6521
99426
93328
3103
59015
35527
95331
77969
87722
1969
98564
12139
12938
42120
85881
46575
62792
5025
64297
3766
3929
34444
92970
89212
28460
25236
29397
60893
95936
41429
74470
72028
32120
23346
65987
8720
55224
14810
8053
52492
6790
27219
55131
54639
86758
91604
28562
37422
35462
95078
27404
75833
82206
88580
16639
49067
39401
95118
2122
66932
97078
29236
59668
17582
98107
33336
