71121
86048
55763
78623
72650
92270
36643
51520
72536
79804
25964
74900
727
18687
65068
67801
96560
26223
26567
9840
76931
38510
23409
28470
84228
66949
80772
89906
94752
42755
64588
97300
58113
78291
23
91057
43431
26650
4221
54340
58498
40704
90219
60075
52179
41505
62332
80680
36990
74751
5800
84357
49113
23089
52610
87700
22701
24733
75985
44086
28687
36125
45655
7064
29481
72683
39692
78775
21385
14662
16990
45212
57625
72215
85092
94369
4111
94120
28323
7410
37366
86654
53329
80744
19577
31371
40918
84911
50165
5809
32078
24864
73548
73851
69305
77345
91866
47515
63747
57099
37838
29677
77975
78069
61044
30840
23397
24650
85072
64225
92982
92572
6347
73930
94427
84791
31431
48737
95274
9835
92330
41328
80999
12273
76944
61937
37878
98090
36462
99491
83832
10197
88916
60690
90444
37905
52819
10796
57722
3118
18609
65039
70504
27653
57326
46806
40255
47480
67143
44662
19687
75988
84744
41190
54654
41360
26310
78664
60055
6121
87744
64043
31254
81162
43992
52824
94718
71656
81189
94652
61742
60379
63552
84254
2516
84833
48506
9191
70587
19142
18367
95067
40460
98457
15675
42202
72025
80464
8175
93059
88527
25072
74703
90067
5926
10864
86761
49668
46875
99991
98388
55041
51296
13952
83200
92404
83644
66031
45291
76310
2981
14839
1718
87864
74822
93323
20717
87028
29422
77122
43813
48158
72706
25460
94737
87764
92452
93615
40569
29097
25086
16300
48432
66664
94574
58102
97856
9471
85914
10503
31269
22077
45417
334
29996
38970
58029
59663
18546
5779
28028
52003
92817
24887
74871
8010
25697
76405
90097
2358
31689
85711
2724
92406
12552
66620
51351
29896
45158
50075
84534
14125
95746
48879
77394
11103
15410
86498
31093
60673
98531
62561
32148
2986
85642
32012
20287
61510
65581
91207
66739
43310
96199
56158
23001
69032
87273
44418
17750
19308
12285
80673
22098
19
19671
418
26067
2233
37643
53655
51464
33021
65487
11743
57407
17542
28852
8226
56524
63309
97941
34726
27280
91247
39874
37469
27671
57760
40494
64001
33553
16191
18531
40188
27418
7590
71264
2301
85403
25437
12097
13222
19324
67610
77397
61207
80870
45088
71644
76697
9551
28079
20406
54789
9151
97264
68078
52366
85862
36554
48466
40322
77677
68130
26953
88996
142
96195
93061
25892
52242
12311
15119
3101
31500
1278
89260
47564
91223
29055
8508
95343
78496
35774
45975
86379
21019
63316
14571
89770
11154
70702
56906
98642
14768
7087
23111
18350
11612
70619
62699
54523
44781
17692
42074
25292
75480
48567
38581
12245
2641
90517
64099
70009
96852
37815
43658
39649
56761
60587
52390
99453
43045
40641
27598
35273
19601
32628
70163
94220
96566
28795
47666
97635
99696
32647
80611
90508
17318
57714
72397
29781
13780
91487
63211
60141
55877
95005
91685
98234
71113
56084
78715
23322
66154
19353
66084
42736
48707
