11289
39826
41897
43201
61064
70365
82571
19177
99231
19240
58506
77408
47609
42677
48168
33564
541
4284
99115
77143
93147
76794
42942
11693
20206
96733
43008
23909
39433
26915
55367
21892
35944
3187
70692
85143
51957
20323
58509
33829
42985
28125
94566
12408
43005
63038
38516
28719
74641
58321
71395
90165
60924
17696
10611
41165
37966
85369
41109
3527
86462
12499
66513
56106
39593
22810
56484
97994
36337
4088
8890
14775
28923
98169
77524
9946
64757
44144
7471
67603
60702
93326
78835
34025
52303
29540
60212
51492
7205
3301
78127
43330
25476
71827
56844
47762
9803
58057
35297
30315
85830
1819
81707
8924
90873
59741
28131
84410
39909
40983
74822
99851
36387
37425
89499
58274
77672
88074
13764
26592
22078
66846
37646
1807
77168
21447
48018
22001
69490
73659
47683
83155
34973
74892
62993
98310
42563
29993
79225
85401
93074
37575
7412
71705
8697
71681
8195
35832
14800
49172
3853
63147
70892
47444
64198
34002
58985
32228
36941
59788
23306
99916
27415
57552
44954
12993
68189
18274
30852
19355
94100
82250
37957
25623
36469
18857
24482
53694
12455
33148
99746
71802
33253
75440
80710
53507
61001
14689
71248
35204
50614
51442
54531
79669
58318
24241
14450
65540
88249
47837
77756
8266
29107
84055
59239
1492
84685
49592
69512
49281
38056
82791
18729
72067
99663
81142
15215
21342
97420
75859
22140
3878
78573
36147
4626
50795
78796
78284
74571
79774
16797
2630
5236
4269
47413
42952
72622
13359
28926
52886
37122
116
63020
39561
82521
84742
11255
62076
77686
27150
3808
6853
74580
33859
59079
11335
763
32193
59665
66766
96941
36858
49601
18487
10538
12044
25645
2923
25865
8043
74687
26090
81027
74514
22324
96796
94377
36833
38237
34498
88080
10730
40326
45340
4383
63888
40439
45848
51630
26697
86577
45178
86685
59032
21230
8592
1374
2515
76527
47451
85265
5200
93276
36984
66615
61337
61180
26105
31447
15427
76942
16794
54224
17709
34231
4615
71036
66262
33000
14879
68758
74624
63069
68875
52703
47102
13834
9619
68906
62864
24667
71203
72606
47999
95530
23270
99887
40889
10950
40099
27542
92876
20456
2284
94234
33029
98375
31310
6853
75729
43607
81941
41175
10994
75404
65815
24105
17651
49775
47706
68813
96254
87233
73815
62913
50596
38137
60104
38531
67967
92749
84098
84873
11673
89980
38683
29801
56784
45511
75426
36012
32483
31678
97262
30632
22971
67758
70864
76896
51992
97416
7776
1228
44303
72805
501
22456
19086
70396
14706
68008
71902
17660
1277
69363
52200
91373
48690
7637
57298
81673
25891
38652
10096
82040
3012
34469
547
985
66871
60942
28310
95504
80754
90269
4761
15191
14960
37229
96186
51636
24906
88511
58564
57864
88712
30580
47960
35275
53466
70331
23269
81610
73848
21402
309
9489
79384
61870
17398
1263
38178
44321
90200
36578
42936
99999
26048
73135
34190
23174
75823
10856
66015
71520
92405
99891
12169
30818
42253
21214
30319
56935
75242
58301
28834
94332
91533
47288
41907
19474
99822
44596
5354
88944
38878
9835
96412
38284
29173
98320
15056
49152
71647
26037
89540
41834
80165
85838
37342
90047
70686
76557
57223
25401
8982
61348
37546
17006
21822
50286
33358
40163
99948
66219
10806
15556
52001
62265
53979
93936
21355
15508
47324
46731
86052
30239
18520
64017
98656
56229
10927
58513
92223
46422
99437
83200
88769
97496
62919
48169
59204
18336
67322
36945
22610
3438
94958
3753
86721
74135
49537
51044
66385
97669
67233
53200
7274
55203
72862
45861
69195
19362
7804
68466
76564
61661
5107
33084
26302
43392
74079
99297
24726
68388
62575
66719
14111
61676
56172
60098
40554
72705
20839
34824
78381
5411
47837
67067
53957
23357
59703
5744
47037
31146
56162
86481
45723
50919
63909
86262
53478
81761
16616
59388
7159
28321
82731
19796
9707
54273
45983
9887
71471
73148
55764
2647
93661
606
92551
46939
77239
6773
40646
14863
7917
70067
73331
31412
32937
53444
6160
38450
10360
24557
29078
10411
76454
25241
20808
22257
66098
74971
95804
15322
13236
63240
48006
21745
59489
98039
83299
54743
38689
25477
79938
69454
81559
8935
64745
42703
82652
93337
