48683
86746
93086
46259
57304
83138
47546
83854
79734
42888
99387
44396
42170
39240
92921
73627
1865
45732
90881
93637
2917
31382
18096
29433
72374
48552
89738
76197
2498
88517
56848
9405
80348
58938
38927
24737
39756
53445
27534
54996
92938
52204
63128
66055
50596
36897
11363
75089
71922
49140
79067
28299
11615
21497
89861
44722
29288
37503
95747
62344
75004
54501
77099
59253
28477
96232
17387
24096
77808
79963
89568
24794
98149
36906
61794
36605
10696
71597
91584
99030
46776
44448
10215
89939
46020
35707
14468
65966
50398
15976
5178
24549
84019
57509
31806
45047
80065
13738
94138
17442
36919
82498
2230
80785
5315
27676
48083
4952
29463
68862
29602
4604
77401
37229
99484
68507
61430
17809
13400
5367
8606
36286
35535
21392
22890
446
8969
46839
97236
84096
55547
52736
12395
22503
4238
38608
74039
37216
80310
31671
87746
96058
86579
84733
52357
37208
47268
7656
77313
56599
23031
75628
36221
48000
19734
69651
87148
45748
60017
80864
36541
21443
84242
7411
66158
87870
74190
62849
63692
38426
8651
92432
45783
54036
59522
53814
28861
57730
43967
38415
16218
67603
73243
56323
85243
29132
5246
67845
39800
96430
43838
61730
63506
4181
81253
66719
18420
86383
92464
92862
82197
31632
23605
17737
98983
47321
4079
57721
83477
58763
95681
58673
81889
69769
64820
89818
13500
87975
54448
84596
52968
8743
52486
7167
56407
3861
5378
86039
16326
88236
32668
35653
2264
52761
20947
58121
13268
92797
89367
44661
3363
27621
18721
34609
62027
58186
5353
70524
51541
17149
17458
17314
86834
74111
39060
57131
78447
15547
91166
81797
11243
58533
34967
72856
52234
69481
37332
30412
20727
45920
62213
78615
42252
1717
69690
44077
77764
35111
1499
6190
39521
19940
21903
15799
33636
9918
86230
16009
55697
76722
20227
49899
25159
40756
64232
8333
54338
24312
9952
57291
68029
31438
71573
80858
35367
6147
23118
45427
77527
58675
19025
42880
63194
76423
594
93107
90563
33448
50273
13473
46544
41737
53167
55442
91532
19394
54385
17666
16613
15438
56712
26634
32914
65376
44398
75232
81167
20920
3511
17229
73128
16746
53972
86798
61114
7571
48073
36188
88063
22374
35752
71729
7192
81241
64387
24599
24228
94064
74580
17934
5986
5625
39476
57420
21512
40380
43013
4530
36496
68462
2104
63760
78316
19188
91914
53278
10415
51925
70442
74054
77211
47121
42195
56445
43561
4337
93776
35240
57705
24513
83815
24535
59648
66430
60627
33739
42518
82307
95558
84309
27908
39209
72924
92523
75292
97128
83200
94963
83347
73411
78020
37919
80742
93727
22595
49857
25928
60150
17929
29597
31045
53729
2805
46892
89243
64038
45462
63928
98452
30077
258
41054
78106
79625
14539
56854
13777
41981
60394
5355
2060
35672
31037
31625
16004
70459
59209
95984
53717
97349
90572
87204
89045
33392
3574
73777
37758
75155
96213
4864
57141
46081
62894
28242
46566
12531
11031
97717
79886
5738
37026
83383
65511
16764
56328
73013
85967
92256
91481
64538
58015
35095
25869
68908
4601
41999
65507
45488
2228
48661
21618
21192
64482
15103
33378
78940
97260
435
23877
91305
6923
54340
63659
89877
11926
39836
12170
45089
88257
91961
32969
4714
25421
39453
70760
23396
10557
24975
45720
1686
38606
26541
60689
62730
75752
29933
76547
82212
90539
38329
72963
49860
73580
14818
45374
75062
31093
64840
29247
46834
17478
48265
59511
78568
47864
18915
96080
67712
4013
49261
2387
19131
35384
88965
85787
74912
4557
88844
50079
51836
86491
99275
56553
62528
72525
80294
51516
8463
45700
62996
35593
1737
9308
34316
41795
36531
62832
86812
7710
79125
13926
59735
37838
19792
45747
48546
85928
45820
77947
7299
78935
12862
75854
29446
83472
64697
29849
62745
20086
87066
72464
55870
70583
56543
87064
34774
35650
53154
26831
46431
36813
92303
80111
74991
32790
82560
42761
66486
92993
88288
11276
22901
95871
54926
9490
7566
68907
78847
37985
92832
82041
11973
32082
93084
9522
32079
47314
89693
27716
7206
20163
76292
94999
87188
18838
4409
5386
23836
2161
31142
85543
68403
16658
67319
92020
29938
51088
13872
53429
51511
14513
26629
50026
61816
3990
57549
96632
46075
58687
28900
12821
77757
21819
99943
90231
57808
41242
34410
12048
91656
18936
52275
54987
40120
71661
64728
55309
44071
83618
27596
98401
66160
22592
94202
8101
48462
73383
8664
24687
644
24258
98433
14180
27362
67875
36964
42343
43006
90306
29324
33223
57565
72653
47095
98313
93485
54305
74132
751
36548
51730
93802
69212
