30996
34845
19879
4181
83830
82114
39254
19869
32713
96122
73988
81785
15911
12107
86216
91134
40969
42316
88394
89038
5170
93687
40662
80918
42950
44070
63510
80713
97207
2239
37006
44259
41074
9230
25055
95680
31149
16101
8090
75766
60549
21625
50877
58785
70854
11929
85341
72873
34432
80124
676
61680
22113
44885
68758
75257
4474
97347
57498
47971
27633
15529
89062
17942
41323
96522
93391
73096
92414
48318
52631
36874
33734
58426
35080
67491
80371
50496
66545
87932
26910
71271
8897
30076
69927
26894
2995
43442
15280
14838
78256
98114
43383
22629
24709
81699
75551
37040
9398
58449
18425
59353
11336
30202
98432
93526
33371
47626
29941
3219
233
16039
65905
30359
35666
18918
47581
65281
40397
42319
30470
1952
17185
26118
63714
14981
78331
60221
634
57067
96127
44365
22189
21210
77556
42320
59720
84977
65397
93394
21432
9252
93471
13439
67164
91359
20088
7229
5880
24102
74378
37883
79199
54638
66367
96204
50017
16232
16978
40708
62067
29584
11277
33176
78679
13591
25384
24396
18525
39018
51586
73153
46873
73503
21895
84390
95792
16513
37728
74604
33895
55274
70654
51878
90215
95725
95871
52305
57487
55346
66977
55098
8552
37588
30245
15607
3430
58237
56980
41785
69115
85392
31121
39279
42041
70390
9530
71134
18657
56133
2204
42545
33715
32100
88082
50218
87931
870
31894
34430
55223
49
27785
80855
92645
28209
98107
28492
47900
38580
97763
52504
16184
94436
24404
47188
67641
838
97863
27148
74942
16568
48788
56984
93848
58482
71994
71800
6941
58549
11175
17627
50825
95803
11951
59913
24027
7393
58897
53767
35920
96266
81782
66460
51133
67306
72680
91351
83011
22871
78664
67043
56214
67735
92747
39121
89820
50130
11129
38477
58942
10191
81530
30698
29816
99447
53555
71803
58543
338
92628
43813
38498
15612
81813
82879
93163
31126
26443
17848
73545
33645
59687
32803
6135
22216
70407
88907
9787
84043
60568
27895
19139
61859
26465
92233
15176
69839
47397
86374
37774
48478
43002
11774
79159
89422
62142
86194
10618
52632
64915
94170
65614
40907
12670
45446
97245
35165
3162
51149
44163
21933
29621
31426
63896
59880
70342
95575
78092
53939
25112
43980
49249
99542
43816
3279
19653
4864
59345
73970
65792
38254
20542
49544
54092
98135
1822
21788
92863
99092
82257
48815
5776
83618
14515
59294
22984
80629
80318
61614
22794
86782
581
72452
53624
23675
6047
33813
76934
79942
44999
76366
40429
76874
85017
29988
900
34138
48371
42245
92563
59543
14405
911
17344
90147
56112
41770
1248
86209
58925
25728
3849
95176
65202
15219
87803
50546
98453
49736
96878
70504
15505
84372
96226
23520
86175
98696
22008
85876
72106
54429
69266
16560
16949
63481
95515
59414
48049
38617
26268
78735
59432
35388
43279
71190
51408
82340
46747
48728
46177
75512
84260
18719
5294
74088
62892
85422
37558
18011
6834
61776
44697
1120
28728
13095
93332
85150
69649
46120
24661
76919
36871
70683
37389
76363
98569
94400
27707
56299
82227
43347
11422
62762
4015
80713
142
94682
66806
67384
95174
28405
90311
9377
6949
93286
13121
16612
88038
3452
25720
61208
87449
2597
57916
72133
414
63277
61407
40583
57782
6640
1572
21825
12233
94415
82971
53335
78734
38454
87810
69896
97107
28657
27927
57767
55514
95952
11610
21990
78961
51975
13915
75018
82964
22978
85335
76209
11209
98790
12897
53530
57204
96833
10637
85349
12516
63187
45887
94983
27496
10874
61973
51900
61026
29817
24913
3823
62642
97804
31483
29610
36402
58
81978
59434
75339
77920
58557
31005
92704
23912
87973
11123
44014
24145
5073
66167
36696
36229
80338
92197
41
2225
6964
40898
58279
60039
44370
6416
44041
77594
80907
54006
45635
64261
3360
77284
67669
81179
24377
99317
59869
79552
93683
82669
72754
31952
726
5002
71246
91896
46802
82711
76432
52330
81974
88747
12880
75089
84701
24040
31435
12234
13961
38057
4307
95034
84462
4062
77938
65396
75221
3841
69256
53728
81193
65829
58463
64103
48906
42446
70630
41503
19445
6213
22066
55488
54448
75600
63435
15986
80025
44506
84719
30781
18273
2747
80314
90948
15489
24084
65082
3955
83548
39018
64975
94848
60898
86284
26808
57869
75016
50386
10088
53741
90901
20861
3069
94389
47033
53844
31120
21591
66641
2359
60234
17176
70897
35300
67946
32667
27770
17404
7078
68536
54960
77578
9456
36822
57322
80681
64330
62552
86315
40997
11626
91321
88865
97929
40906
93960
25440
69358
56835
3421
97841
55781
88512
63986
87245
72078
83394
49102
30199
45975
87808
39820
36847
64087
73067
93105
61049
17602
38163
89694
34568
68542
52624
24480
32712
85956
6399
50470
29390
47467
58232
80177
95704
36285
22320
19836
83306
