70086
2190
9808
41894
94394
25647
37772
11020
16301
60264
25491
18698
45371
35363
31970
7962
18183
91577
90800
23857
54008
83409
5086
81330
60415
62187
43898
75810
4096
48112
87876
89760
41904
60803
87331
22616
97049
39517
45650
25757
83402
88991
23470
59944
54400
68146
91449
34851
33128
69132
68402
95388
34456
81193
73016
36460
60910
81459
29323
18953
37869
53029
36174
57084
87097
82562
67980
7545
4459
50742
93872
53193
83033
92818
38370
75018
89302
42280
74524
91087
46120
11936
9627
98180
51433
11136
70622
8724
28254
59682
39118
46198
24267
44867
51967
80745
41167
78361
78200
71299
88591
4724
4651
73187
12681
24202
59786
87408
9770
14681
37666
35082
3413
65125
30045
62380
96106
93370
15466
33721
36438
97259
78132
28027
40574
8182
14435
8080
8013
79599
77152
43949
25817
99656
57626
99000
33709
26900
96596
30158
50451
3495
48200
74814
59358
1550
66288
60980
53595
41317
90169
13231
76813
49905
21051
94353
42881
73212
31636
99850
19408
79349
79313
62678
92428
78015
55175
97478
56457
44076
68240
79932
80946
20710
68348
90405
78016
73214
65771
75604
40900
90170
37063
9375
68111
10702
70590
73604
24066
74701
57404
59277
43174
2163
52156
64503
68693
92265
47351
97436
44733
2851
24723
3852
54589
47474
68585
76144
6304
49010
93647
66261
17096
30094
78743
97557
80043
43808
58043
93999
83540
13655
92685
8794
3083
20673
38562
97208
19979
80558
99284
17462
79453
17947
27004
45917
9334
83011
21573
69699
87681
12021
34926
89313
39124
34048
22785
39047
53833
39707
36138
49473
66760
5523
22876
77197
1486
76101
81167
25710
91487
72128
21141
17019
35098
73398
58434
69044
86657
1107
18938
90072
90429
84904
30741
57548
74908
36636
24993
53730
10800
12741
40078
75148
67196
30735
54526
90388
1536
29847
25476
63448
45641
72265
24837
30728
39489
69054
61150
15017
92963
69953
55646
11336
18686
53729
95855
75568
33912
53395
81773
18689
99311
58778
45403
66417
36508
78178
1829
39533
13114
3358
44165
65519
37256
46345
94751
34071
10256
77633
39926
19762
42911
90351
75143
79361
68987
20433
14090
1554
29003
39044
96846
34149
20423
42672
68844
32312
62801
55873
36778
16307
72439
43455
34221
31847
34900
52093
93745
18283
79032
50607
20783
96929
26616
23689
41597
314
79195
81233
33989
47204
32834
32483
33082
95141
86229
4804
46199
52142
16698
40321
63189
91685
1501
27599
47987
2737
13473
47302
74596
95764
52775
63399
14643
8302
31772
72507
93713
79714
6138
70361
11954
19483
50210
48426
66107
18147
87561
85770
96348
66912
53049
70069
14277
50274
35543
56799
97627
54809
52498
12642
75805
17112
97675
63643
14596
6996
82719
19350
16493
93005
82265
88512
76375
85256
44181
34820
13084
98802
8193
94882
30171
68763
71175
5298
45053
81786
36679
47629
84939
19256
38833
50517
21281
56563
18183
1283
63425
52260
9495
81167
23957
40174
92097
29377
30435
10135
40107
60624
74579
8915
34994
21613
36929
49732
14841
30868
87202
51283
89874
59018
78621
42391
40872
15346
18379
87844
39796
42070
48130
4962
9012
69336
221
18336
63531
33194
82955
79182
