42995
98467
75063
35565
25530
82130
19518
40678
61544
40804
81867
97832
2435
29165
62227
17612
3763
50367
89825
30142
87709
69489
68566
56044
10769
91334
3247
86252
86378
5290
11821
74557
40598
8837
28424
11340
84220
32782
54776
98989
47269
20557
91050
20850
16043
35864
46648
91643
92450
53916
41446
72223
14022
61043
21750
42257
89071
62943
55078
71886
50249
4978
71154
48627
47126
29315
82489
39765
14146
45554
1317
39555
74997
39684
51977
51373
1715
34473
76647
56055
92980
62040
77438
57567
259
59797
71647
27688
44011
74558
55342
99726
37730
16458
11139
