11417
93222
24999
49621
64397
91394
4953
52447
42730
40191
76584
1667
32776
50702
22633
83256
36968
5600
23486
21441
60746
30972
38980
20171
6940
47371
35753
86548
60842
44356
72547
66088
1551
68339
37033
97751
53517
28459
2434
7204
80348
64640
77361
58776
12241
27653
61199
31703
13767
87566
80373
85669
97366
78250
602
27234
11480
48582
87965
84944
12870
1777
72459
73106
45319
54700
16051
67963
20358
51633
64566
19008
65970
19480
31
33358
29263
20421
10245
94635
83904
29438
47932
66975
5757
68030
50517
8082
44390
40929
79568
58032
21383
78161
11592
26428
67545
92544
37549
73574
11185
87754
27187
15370
27464
81183
5547
30330
44907
23528
35807
95975
91287
9475
55471
78906
24691
66856
20792
43897
48433
84916
40694
29713
69963
22669
98737
18549
43789
41296
49250
27180
8975
50158
80191
32194
79400
26143
80200
77302
68914
2179
28834
1541
3602
37592
88006
64485
70711
96212
79193
60581
58383
6999
38596
72852
87375
63216
33785
13308
65525
43560
84661
55160
41218
27812
34572
32834
35553
22202
43547
68810
56117
21991
3038
67442
60373
49743
1196
16602
32208
7168
70393
61891
72091
93825
71381
68301
1396
66903
4941
48965
39161
55178
48343
73158
25307
18906
47314
84282
82491
81689
9461
21022
6614
60539
51774
38875
58720
70501
77685
1700
82385
5026
81947
34633
69493
36357
36365
64072
18774
33059
10721
86844
31468
77291
84422
35593
93455
50253
74963
68902
95859
50741
80677
93637
8018
54559
46085
31724
76783
44254
48713
92334
99969
27875
85153
13055
20461
89584
79876
30353
27809
70354
99516
16081
68546
21979
99208
31517
97560
36381
44883
34075
78703
15049
35150
52762
52233
54122
94425
54968
19843
90219
54809
53555
70246
82524
34880
21249
23132
65621
53734
87734
2891
89276
14212
62586
55746
93696
94782
49348
74077
74199
22501
68801
9195
42018
77691
3703
40684
60314
60845
96594
8358
78251
15992
69988
58227
92338
68184
24390
16699
53472
72981
59746
25453
83114
43212
47103
41972
1121
45599
55953
76164
51373
2703
34542
34037
37701
28203
94691
14466
30293
27466
18038
69609
78036
11837
37557
2198
47888
36783
87972
98197
43588
64155
15055
34690
16120
18522
95826
94534
87381
56795
31118
86148
45152
41417
79652
67636
26637
74939
57529
67176
97116
74848
22271
9578
81329
55178
50252
68378
93008
29538
42520
10321
61377
24678
57786
86091
81124
98135
7317
74472
3356
17346
38133
80061
35802
14533
48523
7174
79795
62863
1084
34692
58209
89288
14564
77348
49752
53612
22950
16933
97435
39404
38773
33059
8978
93378
58164
35905
37157
73383
16616
67081
95655
12792
89946
76716
24692
94428
2111
90327
81119
17338
90118
58488
74587
48049
34868
19667
43785
66019
39881
61830
36817
75209
99362
28849
51233
45735
43110
24217
10595
78904
93534
75461
29323
20125
42230
42706
41964
65617
87183
29843
61915
66148
21456
99355
2441
31801
61935
1367
87461
13193
42488
77946
87492
30484
24671
40638
89017
53978
85365
87480
27681
25428
66607
25741
16384
61657
34451
9932
21453
50002
51458
35760
5930
77725
74624
59254
57357
70669
1025
43084
88915
39359
84202
35599
1883
53693
84461
83020
72826
42684
65016
92744
88005
50755
13967
37793
69267
27015
38281
76632
6222
83168
55626
85522
21643
50803
15670
55814
31610
57795
36289
1735
73236
37190
30183
80480
78805
38233
64962
87986
33004
79771
61713
73911
77178
95319
65213
98721
49090
24050
1173
16937
57751
87985
13429
3760
92803
89931
26316
78393
6625
58063
28778
57119
62479
56592
13418
23134
5880
23577
48192
36766
3772
5954
74206
39508
98197
35444
99088
7717
9226
71811
91491
45901
35794
79470
8835
97209
33411
25708
69137
52820
14583
95705
64976
13543
17826
2956
87841
92077
90408
44678
85786
60784
65698
45675
40725
53696
43262
79037
37852
64586
58377
20691
53023
32918
39583
59398
73776
9985
13312
30725
84874
32598
69409
25072
76796
63271
54792
53911
48719
99356
26604
28414
42245
91923
99754
5889
83333
36984
79285
7860
10634
34804
28327
88456
37469
30885
67176
92041
85746
87783
20833
35051
82043
46523
92497
37216
74667
79774
20745
63446
8121
93264
28483
7860
6628
608
33963
5451
13920
45678
85038
81192
53915
18487
6119
45810
10879
49060
25483
83689
13294
39071
50275
46904
97054
34310
31340
17419
53799
65770
57137
64336
63851
6211
91805
12013
4225
21402
5802
22709
63198
42532
13445
66823
54090
71581
20415
4051
84695
26406
97530
35840
53567
66771
88461
13444
47118
81402
84062
76980
55979
11149
82178
19830
71281
77263
23589
53860
91995
4913
81044
57884
24173
74256
85568
93477
15392
83623
10767
63628
59480
43410
64910
9270
96305
36614
59501
99564
15572
13985
50261
15456
69506
44799
8583
51738
39468
29446
94525
35514
71247
14324
47257
23123
13573
16508
40896
23318
7045
6515
8007
79346
30699
42013
1086
64450
78034
76283
48232
11659
54474
21946
34491
69800
93295
52653
11760
46402
55601
59860
31268
12977
6429
58029
57489
90505
74183
60887
2539
87851
60599
54138
67400
61481
77878
48168
43283
31014
39413
4981
14219
74768
92095
89263
94043
28375
91263
2316
33580
67623
10227
84098
88085
94785
90404
68698
77477
17633
52621
81506
19256
30448
20930
65740
58811
11365
8411
59823
16601
11326
51197
39832
37473
95826
88820
51640
89351
70658
12785
83051
94145
40521
13328
7353
80072
31635
79378
56017
42507
88163
3413
60883
23410
48735
61868
80250
17691
30835
23874
50676
81114
31551
64960
41869
72896
26529
57540
49517
3962
94326
90643
80508
58139
14758
44085
19828
48504
75992
60982
90247
32778
89892
71801
25784
35774
30989
17819
87951
40042
71867
26717
30124
80543
40148
48683
84993
28619
90669
19673
43275
686
45858
14035
80495
28176
39930
92905
3001
48767
98221
49023
8268
