70299
81699
63976
18958
20248
6632
62236
62508
41759
25059
54906
69670
10498
34695
98390
77984
41168
95396
70196
46282
40602
72619
69322
65794
61739
12829
18872
79679
19505
10756
83866
94333
95887
21758
85150
66544
78235
51592
76277
41385
31469
79496
38615
89614
95198
30783
55765
21368
32047
8537
83666
26170
27610
37496
85050
91869
93328
7034
17291
519
29425
33674
49024
27776
24422
54795
15710
36863
36781
57372
24904
53460
79735
54989
69960
85786
61140
50666
25717
9305
94607
5903
19565
26196
72573
86905
70038
86469
41842
12613
91904
75135
47283
63581
76139
26194
28210
17566
23509
11654
63864
30050
38313
2030
27324
30776
48012
22255
33532
59388
97618
17988
22039
95963
61
33545
75074
34366
69504
15159
74982
74384
31419
39919
96087
77554
10562
18836
65261
754
83774
50743
16313
64108
32414
63800
54978
84277
99148
22627
92828
9901
15026
42267
68952
40619
63364
32382
25709
84816
49317
43166
63648
4303
32586
57603
4757
54400
68885
21767
39555
75567
15634
60045
41102
87173
74704
1492
77408
45756
7681
96390
71079
94540
76647
63653
89865
3685
34984
68002
65840
30709
13512
88641
43874
78375
4754
880
334
17014
44088
59920
50823
64255
96284
90421
51211
75938
56313
21622
132
20380
28186
7933
35678
29091
15957
92846
14499
86821
48044
56896
21838
23519
80620
33171
93353
36011
13919
37198
76998
58385
52362
18462
85740
77674
28846
99336
79202
97539
77599
71216
94852
26568
19862
11066
91127
24903
36918
61465
7578
67041
28951
69004
17164
77253
48423
27700
35913
81123
97844
957
90394
95710
45130
70956
25294
14148
76779
84480
2546
5561
67856
11545
40573
390
55415
27422
75944
56537
81386
6327
48106
92154
77380
84331
2767
17801
76602
3753
80940
7168
83887
46191
11225
52516
15373
75835
11019
97563
79877
52988
35092
80946
15695
78934
98514
75011
75968
56724
29412
24389
97033
85858
61246
26098
28109
16780
15386
92185
2173
24405
66529
10667
77153
68203
48270
44987
68521
91392
66332
13461
30464
1789
70267
38084
67596
53324
94873
73814
54216
85807
9502
8075
27576
60519
16769
29622
50705
80930
42469
63211
61110
40254
38941
72571
54817
78260
80209
22165
20217
81135
96913
69831
16245
28733
6025
73028
42744
81315
24297
46041
84692
76520
36205
80837
80032
48569
76919
36947
59753
42321
71135
19685
40198
88746
9171
39330
3336
69744
53042
47477
19517
24067
85744
44069
42826
52645
83461
81673
39751
78923
11561
5556
80516
89294
11858
2512
32874
8590
72141
29955
37284
14017
79973
61265
53406
69948
86962
22554
50819
94308
77302
67853
65657
68754
8583
60366
46726
8753
10428
58118
51854
76312
27720
79483
19021
89201
45505
79518
19340
42623
49502
54426
17179
19426
87972
986
76272
64134
61424
26040
40758
4041
14754
67491
85806
90338
58881
74583
80482
16528
76681
33735
73351
77643
6838
26170
37618
21712
2012
21925
89517
68252
68539
96950
77811
32011
94782
53551
96716
58696
71759
11529
68384
271
60156
17944
77301
62579
35495
41887
70127
81803
12025
10090
91385
48199
55780
72612
44969
75032
24334
66750
33514
59062
32303
97160
11201
52377
69727
66966
59861
53737
31660
98192
50827
25673
78537
29866
45716
26662
4213
18361
94660
2713
11094
55539
11482
78936
30967
49064
95680
32955
61871
26239
86352
69951
35510
4068
72876
84536
45581
59269
2227
38137
55909
34276
63515
56277
20856
22747
95762
18489
35809
34409
99672
38335
78000
5359
77049
12373
61191
4403
12182
40318
98383
66722
60511
83454
62325
67406
51121
72242
24846
84300
87123
32246
39903
27027
32010
84117
7005
33341
56161
69844
35847
60686
11322
82945
11934
79020
53889
79019
30471
17955
59348
36761
19772
10874
62282
47643
7434
46498
69221
52713
20903
12957
63693
49980
84736
17005
5106
25031
87074
1075
68958
35084
37620
64182
78669
38646
8590
76389
28666
79854
69311
66029
12310
89225
57716
9048
73859
15746
33512
25290
33593
84634
90020
8469
38941
64742
90722
21815
38345
48375
17239
27108
96424
37565
36411
49956
85773
41488
63720
8985
18163
62427
84966
84187
80601
11362
69964
54131
54336
822
25589
59038
21386
37129
9364
85852
58694
33846
29330
40642
53169
82383
57751
88476
74005
55776
96032
47712
76955
32793
39331
17875
27492
41048
81828
41215
84550
80527
71054
71760
31637
15268
1465
24074
3530
27241
29606
74727
90214
83115
75340
96572
26258
14048
1830
61517
89610
23148
46521
55411
71716
89969
57853
9744
69134
96619
28573
18323
52513
58736
50015
70865
92423
96657
67253
77911
4874
15535
99916
32327
10666
62854
61817
32906
37060
56054
74853
20521
95512
23860
11337
50321
16313
77006
93537
25809
64531
31406
21988
47451
93995
22449
95452
15340
15190
88415
34744
31810
18657
71885
35157
73818
12970
79444
65340
32212
71059
52819
94819
70713
32612
904
7614
77742
67253
83462
91476
90833
74589
70853
96524
26895
12673
89919
21261
35727
44943
41146
14050
38852
74717
29463
75869
95386
98052
6861
23737
33641
87553
49010
91884
43950
54779
42085
99562
87948
85596
63474
80493
1155
18870
41089
59288
23155
63525
32189
95723
63575
74776
27684
81442
56249
41911
83651
70222
81558
98844
20458
38518
61576
83430
65024
30512
301
73485
15699
52581
95408
72214
65439
2979
79150
23636
49790
893
8333
57349
40054
66882
45862
76863
86935
74341
7998
28624
75976
94721
16846
32991
62023
91065
71515
21476
38684
38938
13997
39163
3587
88487
45438
51564
3929
41257
83460
68083
37536
45840
11472
8525
79785
1019
31165
72236
32130
95586
57552
41728
6270
83236
8554
77475
86277
7010
22098
99910
38681
95265
67372
