83884
87165
26919
26054
84351
38775
77046
77657
46408
63636
94335
31575
73536
72100
48740
56667
71170
13838
68154
26868
59508
23139
84096
46463
89981
56860
13160
74585
14576
74058
46826
88902
27096
95235
61415
68198
60340
4781
67165
11291
73144
85109
79499
88812
7215
69930
83406
58443
16110
52694
7399
51163
79060
18184
14398
81297
20097
69523
39225
33866
72839
65702
26364
95323
44568
26121
9252
7062
94580
53608
66637
36780
39337
22379
12115
12233
99445
22305
80877
53173
47958
12876
5468
3457
12456
55052
34551
84417
57378
31106
81785
17273
99686
61542
96257
42468
41215
74157
11495
2744
30248
70024
59366
30920
59618
65835
48545
77199
41725
51330
74810
83635
7682
6990
91629
64190
1708
9981
57665
44437
28789
46701
81245
37674
70756
63588
85629
13542
95549
41182
30607
6878
8634
11665
59172
68708
44689
61940
87013
79169
51115
59152
43270
14073
30310
5494
45348
46437
40511
54840
75069
43373
45409
69883
79223
56098
2438
75690
75455
37890
3607
31932
70811
82161
31129
79044
57016
45793
29452
81737
13702
83595
36205
85692
72921
50551
77596
12464
80137
24096
70918
87248
30201
75084
3146
87136
48418
31995
26071
61440
94705
56796
47982
10617
47939
94859
33217
58995
93674
24742
37494
49959
29040
61304
3302
2104
75114
183
75831
55659
38708
54509
99551
99487
29348
36194
93587
59527
37872
97324
61133
29844
71653
25463
45598
51847
71440
60821
94847
44850
68049
58096
95775
35794
74575
45104
41638
93621
33078
32061
31116
52591
63732
8036
71346
74829
17229
66442
57169
15905
7852
71340
72637
62562
49947
33071
7702
48278
86264
96597
49742
97460
54695
28424
18270
60930
21294
89470
64376
35628
78567
25754
37818
86605
26953
89847
11454
6050
94196
90970
75003
30766
75603
10551
26086
26305
1758
56594
52667
45681
39890
16393
16056
51398
18410
8850
41891
43974
46063
52726
41006
76483
3288
59370
4304
49996
50259
73238
75754
56328
74584
85601
42242
42560
90924
3122
76951
74019
3694
97469
10865
12371
20232
40852
78412
32447
20873
9506
66626
48616
68374
32541
8048
62483
16997
61531
11692
5193
80948
40879
41227
85320
19404
14382
23592
9578
75277
37006
40656
94232
4100
8399
62919
44236
61466
26662
95631
21408
95622
63521
65437
57311
3538
64341
42810
90959
93901
33195
92887
633
38937
88840
84638
59160
65907
58600
63468
69604
94854
49303
10828
93409
78030
7174
69564
16664
73810
87242
24875
65839
17842
65390
73491
23057
9034
35853
59533
46741
53724
8965
82506
30307
57225
59733
99493
24092
6348
493
86295
11494
73440
73848
30333
98083
30723
45048
2562
71727
83878
90709
89452
68262
50799
48958
14552
76285
78207
75083
71738
60222
26456
39691
64765
68746
81138
33254
91859
20680
62352
17246
53801
3827
25399
73018
79443
53288
90328
89985
23344
39825
17356
93315
85017
27009
37619
50753
86132
71036
56696
54362
38495
60701
73230
29254
66241
76360
43105
38708
55031
86275
73922
67178
25045
20058
2105
86037
74323
98620
47783
68666
33948
55016
23083
55413
93602
9083
57016
33109
46159
72191
79435
27731
69053
40480
36873
14864
20817
70649
62022
78561
39898
41974
45098
43276
26697
85391
17202
12475
73538
6993
36276
74118
54512
63121
41477
84700
13619
2023
99311
67177
11756
82049
59831
43976
88831
27815
70730
24262
56582
39947
74908
38354
97541
9096
84507
55151
1618
1438
78002
36296
19615
69093
13431
26740
14054
98279
14833
89556
14589
90466
11359
7223
7758
95393
23770
3582
16511
97632
53900
65588
7187
90991
36382
61827
231
88665
46721
22942
77506
99124
28346
3211
71619
63492
74722
11685
98719
9337
30471
6181
87055
79676
72381
69121
81979
78428
91244
80916
10695
50538
62856
91790
56867
27641
56734
6986
24725
52869
36294
76926
56766
37520
82003
75329
19706
95863
18295
88557
27655
84229
94800
57990
11442
1243
94971
30851
5563
98210
54551
4693
83199
86593
16834
29078
97570
96637
25786
84214
44668
10279
65346
43028
54062
95259
59631
81858
41420
19739
56802
39340
64374
4424
63712
78457
91474
50182
80471
32369
13601
87143
60557
44885
65810
38125
43511
69706
17355
87943
10630
55078
66035
12597
14440
84316
51840
53239
58761
63225
97774
37738
39400
85640
9861
28886
71767
48112
92
46553
92935
5387
43540
61699
43101
83115
63200
68307
6842
1828
26569
33922
18703
36086
89868
53260
21642
23232
47504
84946
44791
78649
8763
77669
36496
79742
87521
17709
30750
96610
77789
58683
58134
21833
43311
15596
12026
17473
70979
10698
448
31945
89171
52218
97424
47049
29323
16570
97769
46769
23073
82738
35918
62180
21559
29719
83945
12708
83528
7340
59282
19093
97634
77146
45972
30555
27745
8353
92508
27447
84761
24975
54313
17024
17688
78523
85840
58021
26035
55507
76071
81542
37468
5562
89817
6579
69109
72663
281
26899
83138
50932
87101
54595
54936
74493
66141
93673
16116
56545
21771
4863
45254
66489
49530
30421
79687
57321
59670
37983
64505
94171
74072
93797
95345
8643
58797
64359
44280
247
59789
44547
80318
64701
88146
21958
46330
42572
89232
73370
82408
80387
26340
94812
50875
26000
72214
56796
45801
64192
36296
14929
4263
56965
87044
93035
85517
44518
85363
51902
96360
70317
80703
25710
93614
10943
19107
32260
87958
64608
40455
16586
51489
57169
16453
15497
63712
78146
56269
77091
26194
28233
99028
14764
41740
8887
65033
74743
70740
97287
41386
60169
28563
43332
59647
52655
54120
68374
18285
11967
27387
85784
26006
77536
13425
28864
2475
98119
36284
2481
11004
50494
29210
26373
38403
18409
2621
50966
57698
6421
23281
71391
33671
94863
7359
82232
20691
46768
7917
59811
6211
