58968
49606
96954
42634
33203
22542
60863
1187
53844
32904
12206
44654
74592
31163
39871
97071
16454
47526
42648
66245
44338
67180
50977
44212
49221
31517
92011
76091
20709
51132
46730
72989
80519
37678
31080
56858
91452
88762
65414
78592
50510
96119
25331
24508
93186
30103
25576
43767
69295
8257
70568
96773
11104
34041
12200
49563
77313
50938
94905
21857
40446
50734
68453
46984
32182
78588
90116
32160
94623
67306
81691
43958
86979
12632
6859
76651
23384
12568
34626
44522
54110
6139
84631
44805
14667
6993
42929
94392
94598
61598
46906
21902
6247
4918
69185
49607
26873
37906
63472
33727
36565
25949
14819
68491
98228
62534
79735
63838
86584
73163
10977
97307
80975
97952
19053
18420
83356
13645
24721
76325
57265
30192
20879
14107
95473
64869
19116
73224
41366
23186
79713
93855
69187
87162
84644
58924
4397
10761
68430
60132
11390
36434
35148
20551
95314
84859
73942
98127
71417
73396
19179
41267
48162
41372
24859
270
38154
38915
19617
5326
20236
3821
18300
57310
73972
1421
90344
64894
45999
83495
53621
81849
89188
25607
75438
52164
95734
41709
80065
9301
25363
64786
28159
56750
74270
11189
56909
34544
70681
97628
72323
94608
30672
97206
90362
62645
35380
10172
68566
45011
81952
14509
44158
44276
19610
86498
16230
70414
4021
85962
7163
99495
47914
67916
36413
79701
95137
19514
63546
90874
72553
55491
10320
50176
80952
11008
11884
37928
45642
81769
51174
62272
78345
8308
43289
41296
38386
39577
53229
97912
45988
94950
76768
94032
48858
30091
29679
313
65838
11995
93509
60754
65545
78634
51445
12499
66912
51379
99906
68103
74337
43015
30908
58304
85080
90647
49180
36460
73660
69669
85955
5882
68977
59440
76560
95596
28869
90759
31213
88759
30106
72168
88221
87779
52494
33931
60808
67707
15700
63706
76373
65179
36601
31608
29631
97561
55986
20734
74287
5550
90429
84122
90119
72577
55759
13188
50972
53973
92218
51032
64259
63290
77501
17297
770
49569
84490
82025
56428
60225
68103
65416
16243
91964
88885
36981
20963
27725
66457
11615
6704
70287
75104
34674
54148
40987
43314
52802
16363
14054
1974
79594
88631
72643
76262
91473
40510
39225
30872
59635
46666
92691
11852
92681
31556
43500
76189
74547
64064
89876
92537
15504
73305
1790
97597
54887
65821
13718
64788
57396
29311
13509
44623
62201
78482
10547
64663
51976
33388
41033
29003
44507
10219
46664
58216
14203
2354
69456
10371
4763
52420
757
25065
57267
65555
48069
65636
14361
67078
42408
34912
55817
88139
2622
71291
48180
37884
91811
14628
48783
65026
51144
47067
24673
63314
80296
93719
86528
20718
96238
23090
73465
83290
8642
43875
87567
82735
83774
39050
98860
89758
9116
9545
29952
99621
75260
53798
61640
57800
6966
80042
18217
68937
91277
35202
24619
61833
87015
19119
25215
73202
60464
84270
73166
58853
13954
18728
60807
56246
91766
55272
29118
80838
92770
39473
138
35902
91710
20292
40951
39899
63029
94904
97156
41417
82536
39310
67200
87513
82257
53636
33055
36494
42998
43912
1842
60111
60983
8198
93620
24060
61069
47104
50043
56044
1366
61834
19014
63982
19816
47725
92422
86487
33896
68794
89030
84513
62452
97851
25967
17173
28398
71958
55485
16585
48395
47128
50109
65237
7544
1681
54827
53981
32395
50663
62306
37532
78044
39076
26301
31285
98275
53422
38838
30747
54609
93403
78283
58066
79733
20733
55369
52411
41242
35021
85152
4429
39512
61396
55700
14303
90996
17776
54824
95585
