9920
27999
72648
47983
30069
58805
762
16389
45409
72939
44728
19974
5314
21294
79018
8812
279
97181
68387
39720
63224
71012
57426
22561
77379
65571
19844
7404
38099
13962
57665
45929
13045
40636
45824
36386
26271
34995
45129
55368
41482
75030
83312
71972
1535
6799
72999
56895
12732
79305
33826
93745
18670
76999
77511
78102
15627
43200
47694
77515
57558
53023
26233
93161
96894
40697
73490
270
49919
66519
45539
48206
75950
43271
35767
26751
92330
31783
70666
51584
53108
52290
17149
27177
60941
97524
25843
29415
60649
98452
29753
41441
83435
44124
69784
27733
4500
40892
51181
70639
90022
46283
50611
96297
12967
33446
17757
39734
84234
79765
71680
89504
44672
75930
17465
36031
57234
119
11180
96804
26551
25922
54282
93118
80845
24845
58032
19996
69665
18329
53626
61190
92976
1242
78746
39863
60171
70620
74792
80407
55004
32146
67457
17235
59411
94556
51528
12769
13351
88812
5556
83920
95078
24613
69457
33346
33941
31843
68222
63292
11957
65026
55445
40235
5357
37425
89170
33686
42247
24766
37541
30306
46206
54527
7196
44707
70081
5958
47474
69975
24099
26249
59409
59830
31515
67517
28581
53854
5542
51661
40214
54391
30546
72980
35440
21698
75225
59363
85172
42323
99365
63335
33034
93907
47321
3218
88565
66891
7246
91285
73163
6979
94651
42214
73598
28272
52173
48260
81663
72189
41723
26053
60368
80686
51217
81923
41039
28896
40220
54311
73489
86129
21674
61020
27155
77979
51011
19535
23564
34357
21856
28479
29456
47914
70933
31076
89993
58897
48008
50416
21867
7012
56326
40963
51877
64021
65054
35977
42043
92098
42740
18054
30663
39342
7403
25492
32894
28611
52297
31579
41178
66357
21100
15620
31678
99984
79477
22502
86274
67309
30899
14108
6561
67069
87420
26324
25818
10248
46637
13042
121
40463
45436
23863
65392
2899
28911
98278
97186
45534
73468
42687
14685
10467
12740
19681
74518
84167
42627
9827
60851
98566
40509
11112
60292
875
21256
46050
32351
13121
17379
78741
52776
73434
72397
45447
12970
86660
43180
318
46480
64212
75188
45848
45882
12191
94468
66657
69148
33509
66961
82460
58166
70586
94252
36125
41217
11985
25702
72193
7390
7017
42384
30481
88001
80872
73597
11188
44643
88525
86021
1137
19507
41770
2349
80421
97035
11936
10923
80837
79676
63600
96878
68368
