62923
17835
42825
39112
41470
64510
87810
71092
9232
60712
55533
17876
34373
89074
10025
86413
93505
89444
32679
29617
69039
97265
76494
94951
88265
23040
33076
87137
64752
51360
74380
64266
79929
24617
30095
1281
39538
98932
2051
80964
18348
76739
11926
34261
17804
27417
91769
1854
68342
94837
70085
76625
89011
54867
30275
28359
20005
20964
33158
66836
77271
55762
64026
54675
88344
54148
40622
13652
41594
43268
87103
98479
87315
53534
17429
19571
20274
35707
16239
19812
68323
62638
17127
53118
25509
16707
88655
72581
28233
5721
58498
37654
29941
679
16221
22112
33936
47391
83412
52941
55980
33596
32552
95897
79859
53699
98538
77820
76002
27006
80269
41841
10328
82869
38379
21444
95549
40055
89168
99716
63017
93186
29048
94285
88171
43256
91236
54869
55157
140
64887
15598
53483
59985
36809
34583
15228
36859
79799
30736
62555
21848
1476
13152
38108
71782
4007
51691
47091
38701
35920
86370
65402
79091
33906
36410
20683
8135
26461
20495
52966
67016
6152
95153
79770
42230
36893
48849
77544
47728
43616
40926
26110
28631
85914
6027
4807
91396
43406
10752
7237
34154
15296
70048
67681
80944
73806
22921
21024
50179
39329
77680
23104
991
63020
42130
66376
49968
86096
69560
61986
71899
75097
19863
34257
37591
83475
17258
50789
83650
60239
5106
24253
12215
93909
79135
78022
73078
87948
99516
16583
116
56282
98681
81899
32841
51942
60112
76976
92518
97536
29739
17640
68306
81013
48206
75644
13296
67161
39396
14404
92377
35925
75861
60548
99269
60570
69941
53292
49210
40839
71109
85824
98223
76544
34594
1479
59989
99696
40711
3991
90671
64551
67799
66046
99852
48099
70573
77303
82332
10563
38599
11327
79756
21220
41294
10154
56468
33710
55154
48009
65372
77428
93226
90864
5876
60986
61578
7640
3477
46698
26216
95488
9734
94511
99183
11503
24850
43358
97581
81130
5527
95157
41823
92200
55933
39879
35692
53221
55674
91382
99385
15133
35534
6500
45941
10200
35364
50616
83591
72304
79651
55465
72224
33101
10707
60845
93685
15763
19750
35738
40405
71098
5851
34167
29916
91352
5748
5913
89928
75002
11421
53651
80879
80557
85527
337
76417
2744
28754
59460
14308
74611
54352
66526
67729
81925
64042
18455
64263
27047
76400
7175
85803
44422
79293
40399
63617
