20002
73287
91801
43652
34801
84476
42766
54168
76602
12513
98033
80648
5112
19282
70348
4849
764
44371
19308
13084
10678
69404
28198
15205
56153
29323
14321
93808
85801
7025
65434
7047
41556
15839
99935
53205
94214
3259
87902
23256
54221
61797
88813
33513
36897
17286
22885
14027
55560
77312
36612
14981
86317
81381
20305
63662
31813
70320
26515
34768
31607
2950
85241
97444
82437
70775
73687
15329
34300
68670
4492
97178
22776
90108
97650
41502
3071
16007
20171
13545
52110
91087
41392
63114
24013
73499
60022
59790
55673
74438
33225
5170
3862
18708
21198
63313
61140
41827
66940
28655
95148
98589
27060
94009
62761
89545
27879
59222
12990
20352
46160
95565
3883
67467
81808
96560
36587
8906
82410
21434
28886
69165
24951
36884
91251
1102
23354
5908
7065
44976
91196
87110
14303
93965
10059
55923
61579
28648
77211
42503
34900
49305
39983
71669
7852
78918
27521
39634
15003
58311
3986
96877
63082
91377
19403
4168
53626
69074
90990
22484
77024
96303
17758
58662
95222
35675
71159
33789
75569
48629
83899
46459
18532
61546
67736
3393
35743
17539
81231
785
98140
77257
9298
68079
60792
99445
21243
31197
17529
9134
16362
92710
19503
90517
74531
96727
43184
72577
69110
90350
62531
19366
86571
51612
12963
70724
21308
16438
78617
70017
45176
55131
51285
22813
14720
96984
46661
11450
36458
33873
97324
66299
57939
46725
80417
25251
86808
25590
79422
98405
35630
17768
24842
15997
56845
64600
200
67348
75193
25749
54623
13607
91260
47213
89170
26109
513
23254
18347
58345
71818
10632
98267
17855
93889
37598
482
12421
54840
70042
56652
20110
78903
82826
18611
85684
40881
63373
84645
80226
10796
41768
76494
92724
52609
77768
1247
61580
48967
62462
69481
36508
66330
79928
4195
8544
314
83751
49378
71849
27445
56644
88628
17752
62292
4664
89542
82760
4410
21626
64748
83208
30165
77560
8713
34237
11604
32060
17696
17898
2844
6520
88641
47407
54532
84999
35551
91468
55192
80029
99455
85222
84629
9118
54970
48968
81789
88896
28290
56966
95345
2009
80522
88849
38293
80016
91880
74236
42469
60996
35915
3947
40954
99443
89368
64634
61493
81284
2127
50046
2076
6636
32338
99093
870
37751
64158
74686
7943
97512
28012
96131
22676
15604
59187
22504
17850
9128
22814
21525
69089
45489
7739
77573
18885
2614
39170
6162
62198
35472
57788
11173
86042
64313
72722
18
11341
4750
35323
60900
13472
15391
81880
17302
90324
18094
96148
2697
32434
13129
57305
3391
93651
41547
58004
51052
9550
5270
79832
94200
65073
53703
55321
50241
70417
63040
72960
216
42542
85823
73453
85753
94872
65544
58236
37661
53910
32937
53405
48473
60424
17110
60723
34283
75190
82131
28759
47345
4746
69016
20142
22940
48015
64737
7491
9514
4666
25276
10606
49434
9858
86508
94645
45292
9628
11961
28938
58792
91100
71662
81071
19363
23544
90959
98867
7074
21
60009
33025
40338
39149
66709
47405
14710
33885
91234
25459
88766
37583
41150
89430
92446
85136
34749
10407
13202
89455
20837
95354
54392
34409
29
2226
11403
49132
37617
6392
29947
67
27747
29660
77828
11815
68014
77228
26905
86585
91110
27126
307
65727
33225
92470
91728
20149
40304
75533
46588
79007
33730
94732
1636
98017
10405
71059
45310
