41183
47166
1377
42815
77752
34815
20657
76984
36020
74418
8926
26459
88372
16651
58289
39091
92197
96102
33489
33003
72963
50144
48400
43292
94375
14511
79313
72560
72038
5292
46831
69391
14324
42609
2829
59574
24195
30433
83460
67250
28761
73874
65235
68816
60631
90771
32072
27167
87339
52613
39707
43919
24341
89573
95487
63
66419
73246
3399
37652
97389
69252
75886
66890
88614
86657
1327
15150
22579
78497
55662
83497
79502
51006
24865
89866
30137
6400
62869
11553
77420
51771
90035
70846
64367
79806
61204
23789
13690
90909
49554
31536
14941
14611
58636
64606
95036
10724
44881
89400
95240
42069
30872
50988
23717
99932
95189
91437
25446
68608
66450
87878
15351
96781
41327
64992
78038
37377
84823
69048
60864
16108
17482
18890
82820
12114
98386
17019
27567
7736
14991
55887
58020
18579
52610
86441
71426
23397
25042
75115
20050
71353
84210
76205
30863
5546
17538
59546
62191
18031
41200
24390
19755
18977
36858
62623
71061
86676
14134
43775
7217
98701
3158
88048
68132
51782
79474
82469
17870
43843
52015
96585
42740
15037
22845
53491
97781
43723
24127
92914
49949
62816
17066
26304
86091
78482
4128
90524
80052
94417
18621
60576
63218
73267
55682
16571
4148
28988
94777
57785
60878
45291
91150
11782
18091
48235
67822
43334
94619
16107
940
620
35409
9195
41551
24883
94069
59272
54109
88983
88031
80137
24253
14826
74915
49069
83706
4226
32731
93600
85855
13397
69832
34972
59200
42881
85199
94915
84961
87952
65650
37201
16210
41626
88391
30813
69259
94574
50601
18883
61772
69762
53108
58890
29813
53586
94733
26856
52230
97438
79379
81181
62804
10392
55319
14103
20986
6583
47705
54053
42291
66715
51395
70457
37362
21400
57021
21368
24103
84531
68703
50422
15587
72028
30058
76294
39544
275
24332
40961
16502
39525
80120
29110
40683
40366
10483
85309
46768
14390
54715
67375
35722
69587
16398
92648
80194
72095
59043
2075
78572
24676
22844
35634
81163
54620
67988
31183
72670
25818
19328
43625
90780
80142
3734
59989
322
16348
54661
66141
99038
72118
48432
80574
63530
19880
10867
43407
20177
18196
9643
67651
81633
60229
36773
30583
99585
71681
1729
72467
9244
58298
84841
80963
7332
37301
97438
84203
47918
42363
76471
99769
58651
14583
90911
98082
5283
94623
83026
75339
77249
85769
75631
86387
65762
23168
79402
65309
8443
1892
37
22712
22498
