23976
49151
59280
96334
33128
74627
7927
30322
6847
83794
82365
61781
23940
47534
83738
37412
68164
90704
5794
87153
36630
29427
72107
65334
27711
25895
8313
14794
49451
1972
42372
34370
40411
73829
10319
36308
9142
53939
29716
27660
71861
23412
70783
16969
96004
80980
89421
53799
80065
10905
77458
88318
5570
20756
39006
50633
56289
22377
89256
77203
735
59406
14497
51493
25929
81154
12737
72042
64540
87889
1677
95826
90598
23871
87320
30101
4225
8679
77977
10697
81545
76112
73394
91096
91608
7341
83645
83077
21438
9139
97107
28606
72933
46332
74289
32963
88378
16200
66340
36548
38413
82255
6754
21703
60615
28707
68160
36317
62860
61329
22728
83173
46616
57000
64681
63102
20849
97211
77024
6878
4232
34814
6736
23872
16393
19292
29119
85653
14815
87869
61702
94309
95402
62141
78526
43048
86099
25379
42106
51299
51297
28908
38757
78614
18179
30943
54400
73867
45571
82344
6373
21981
27566
85002
84566
46865
33521
76480
54278
17124
1535
99411
48711
63229
63549
33924
48771
64808
98834
49472
53539
98741
78808
79529
97795
88348
8694
19543
56067
95420
71084
66944
85341
70731
45693
46507
14000
96565
14879
73480
31370
19758
72500
71178
45179
95854
68705
88428
63088
91473
35099
94000
5352
48933
91400
4307
85207
25613
66022
96833
22851
50066
34623
86718
29160
80793
40620
79267
4012
40164
16016
79068
46336
53604
89525
94955
60098
42630
56526
7370
68841
68252
73390
24068
1987
3362
3913
64455
54968
19046
99672
34187
62972
34540
92479
45739
12820
70759
13882
13221
11145
10619
69835
71820
39106
32738
10017
63068
44808
74005
60736
64680
50366
69408
667
15662
34754
91952
79112
90186
4830
