95114
25920
22949
94737
90499
64908
77675
38790
31247
51323
58395
11649
80759
69741
92080
33876
31861
68866
95348
61488
88790
35933
4105
91361
50319
85093
6997
6101
41108
89638
93734
37492
16662
40982
65142
13911
3723
78944
62979
49552
92891
68192
59971
98421
6708
52676
99708
43022
55817
88250
70461
884
61012
3177
1028
82664
88663
11032
23782
92798
384
63022
71220
52873
8267
51040
5549
67594
22623
11588
60816
7342
99765
98306
66162
44952
84509
96949
66024
36102
53166
26451
49255
6159
22565
41267
47996
52772
6026
76890
43489
96982
22272
13394
19152
88334
88058
45682
57506
68495
56956
35249
17631
20291
25208
64793
38483
66027
89134
26909
56994
70820
30407
46221
6176
99547
29357
98154
10264
4941
51972
75980
58743
61724
62330
49427
93450
67139
69961
91502
23185
69234
77910
89222
497
62589
94471
16361
78795
58471
99815
40460
89856
55647
31953
15528
69269
72031
91026
16200
78324
47209
21281
67336
79951
92012
95333
6361
6815
38079
81242
91679
96869
19986
7070
33935
28617
50564
6892
46044
31547
93259
45269
19174
57481
57218
33035
6
7333
48689
98073
65506
29725
71971
83983
54388
74701
58785
62543
31952
8046
32296
88904
67364
43999
75238
77262
94501
27900
7009
2373
85222
86589
59336
34102
40826
39981
38170
12966
12576
59093
42581
47791
2647
95115
40329
84019
64134
65391
89393
81537
47929
21190
36005
28015
38974
26298
76943
39333
56747
9916
54882
67708
29699
45347
27611
52670
97361
83907
78338
82880
13465
5917
44452
85618
38141
23254
16942
47311
40662
82936
66547
14681
49379
81383
66780
35047
16216
34802
