87180
80284
85718
19883
73632
97547
21498
17063
83229
88951
51227
47939
86372
6792
56144
79335
45228
20048
39481
36028
209
15795
70804
71942
84461
89292
87210
84791
27230
52406
61896
52310
56152
25932
32152
65582
98564
12258
12312
27320
57361
44637
90972
20104
83041
29073
11261
63677
88098
19882
53958
37853
80842
62364
12945
69348
90472
17812
71066
75793
8619
70459
64541
12676
47623
75683
64890
64097
40540
43924
8215
80048
17722
53529
32901
58845
80554
30822
16968
73018
67650
52149
44227
95966
49672
12122
30528
79959
21190
31754
76690
94166
87548
77780
702
2109
50603
61074
42526
11370
98376
47236
73100
56999
50761
9990
1222
42085
97217
66072
30679
6028
10149
79090
19598
85335
74156
95697
27951
63104
55407
2311
52324
76538
37970
49102
32240
51031
49675
55775
82544
68643
42301
41021
21550
85512
55506
53482
50331
84949
95420
70293
68473
93643
1200
82927
9731
57791
63341
38013
76028
59311
6763
61903
75937
40207
43163
15500
10139
99767
33721
27267
61278
59815
81805
43925
31808
87557
14405
8485
6461
89418
91846
624
88056
11281
96313
80862
6164
10133
4423
40386
43232
85371
89330
20994
46411
1826
98741
85550
86180
76219
69571
34393
30987
80301
69486
17006
11402
34028
95995
39242
26922
65854
80311
42960
4694
5610
97665
94919
57192
89661
73850
56864
84877
81646
77267
76947
99578
55717
6323
68408
90242
46141
66577
20883
68825
2454
52797
33919
55534
28829
21507
58721
90887
94162
26884
28382
3850
4936
71747
8419
99708
30950
71933
42599
48497
60699
38362
41562
20089
35886
18338
97432
75972
11845
76364
3793
61641
72064
34586
70741
8082
37226
44392
74017
55567
79533
64817
51656
61554
7542
68136
18097
51767
28604
43899
93755
80786
24433
35032
65204
49631
19993
20465
45486
67450
94732
11565
80008
46878
60481
67105
4135
4029
25207
40645
4944
96928
15879
80154
2214
24064
29096
13018
98187
80587
74026
20768
44933
59761
67967
78786
7527
9415
33974
79951
93601
97504
94244
12792
89830
29955
41734
6403
17157
49730
84859
70142
36529
25032
98757
60687
36581
8000
52553
26454
6869
47896
62267
85944
20567
64614
34378
75276
19839
25671
49517
900
36741
97841
56576
39595
57926
40231
47952
7748
24129
34968
94563
59136
65282
57609
7067
82136
19458
25617
39266
19528
6379
19054
43368
60055
5609
72018
71894
89673
84908
2164
71403
29076
77741
58803
75265
39968
32148
99080
82516
7153
24546
44274
95469
92421
73813
34755
17094
96872
74525
1839
18501
40331
32504
80193
67043
64555
34401
65777
76703
6585
73040
41873
36719
17191
18941
41342
20784
6487
39486
22272
20327
