43478
17833
22301
7569
17632
46268
12280
94419
44136
73765
36567
72697
76877
23519
69600
27965
1056
56626
77651
42664
38177
16862
3020
70866
14812
39421
29638
21801
5217
79666
99267
32169
45614
12697
99613
35088
12011
70320
33936
45745
21012
49142
1856
92648
85438
2410
14607
97667
32620
27331
42738
74996
9752
98862
14377
40152
19450
89135
38624
42755
60866
37925
92223
44287
15925
54067
69013
58592
30852
14397
64910
6276
83100
17578
25824
16092
63685
19420
84508
84584
49472
55254
31821
7492
15635
80373
84201
20874
26689
57840
80102
34738
23011
32942
48937
64484
56789
29946
84007
59592
25296
44296
60338
76180
22855
24960
98642
27407
27462
50147
92451
77427
67809
35049
53154
40547
53251
59580
30792
1414
79069
73777
25088
41783
22315
42032
13536
94952
7067
82040
1542
31672
97871
66493
13181
40406
93334
4707
8886
54942
83073
68798
59670
44587
56090
73941
83054
42790
53105
4890
84846
54666
38146
99304
43323
13105
52264
75629
49168
37809
42059
68699
90712
48034
81222
58878
28655
90434
73378
25975
49033
77054
10424
92910
79004
72767
54822
62860
51082
13455
44684
81865
58133
3312
72291
51162
62356
77085
25959
84321
34983
44931
31900
32901
50519
50654
17880
4957
15228
38866
6085
67942
60448
23368
42613
75394
99024
43380
59268
81625
25448
98218
207
93933
80532
61792
7719
44183
59034
51540
14984
34107
16881
24205
10690
74950
44590
4463
22161
55110
5119
40675
13517
72323
85368
37160
29560
8013
77645
32164
69301
878
67675
83519
51957
21188
6587
3776
69691
52183
11448
15543
25442
93221
15550
44050
22090
63088
95071
3019
45765
46819
62032
46936
30718
59316
98173
44345
92738
98560
44835
27421
63031
32339
8162
79478
35440
31390
58467
25432
31629
67994
36523
18681
71215
66646
77535
93844
81859
51279
17891
92828
909
91264
27312
25814
44340
1153
82824
78038
41173
80650
37629
6176
8217
12687
35530
32206
70873
24438
15526
44508
25929
82467
84781
62614
26031
86231
43030
89912
4094
9807
28785
81752
62294
44666
79177
81562
65236
94979
65149
28239
7732
61490
24104
13354
48683
95946
15753
60316
532
51024
34069
84800
85209
55814
30884
51088
16115
39005
32435
17776
64444
81834
40097
98735
75970
86147
19419
71478
471
17731
94516
80926
84241
95761
6389
91545
44142
72432
33462
88994
79090
20080
88063
19441
48543
46414
50989
53356
20379
96984
53620
61699
45150
19705
80674
42911
85308
25344
42850
60706
58504
38687
90711
36466
68371
74212
43760
60456
51700
94035
86983
76967
34324
76838
81606
5983
57243
46563
54197
54667
66766
93534
65306
59044
22220
43684
77217
42420
25226
60211
42757
97883
72203
78715
21815
45129
65331
75934
85045
99065
31387
14684
89894
99898
33290
83322
39098
98928
29532
25509
28312
32885
84153
14648
92984
31178
95413
50544
61392
78849
78995
24532
2805
46936
25853
95429
13902
47424
24621
93530
1900
45114
12383
27235
23271
10258
7380
41366
26713
63794
45172
82802
5353
69548
61933
68728
69654
34516
4516
12349
52516
16798
15710
31188
71886
43513
3558
97215
34323
47642
93041
95892
8789
11659
48848
59431
29824
46219
86928
42894
91388
10556
9413
9135
31625
4547
25443
4136
23918
89036
84892
26660
65031
34964
29931
33234
52091
70685
68500
39070
29722
28672
77477
19063
84577
30596
14635
67023
24774
60791
87396
18818
76805
25651
13972
28695
67522
7271
13698
14815
95279
1678
1424
45345
86163
89084
84892
35211
83219
9338
51066
34718
86900
71633
96090
38323
75182
43042
91806
31800
58063
42779
65068
64840
35812
80732
19222
63996
44670
41532
8886
50640
89905
88114
85559
35713
16119
18218
79005
1484
45889
32149
13605
56111
37314
16786
20096
49405
21340
50386
12673
87520
91778
67136
22812
94713
81166
14972
34793
57186
99028
13646
44990
32887
23928
42304
81473
74610
31618
88714
60949
40885
35046
7706
13764
28704
24128
4720
27316
95688
74252
18788
73606
64103
43101
80870
38161
60701
65987
4184
29074
41527
20302
13876
19942
64865
53027
2370
32223
52148
26775
93006
923
14058
66144
44764
21105
99211
81565
15943
54615
83153
14174
13217
41849
35582
13628
45956
58156
2413
