88642
53686
74146
31587
64688
77346
4249
19218
84730
16796
95270
54487
30782
49369
15534
75819
53786
53002
70829
78047
1362
96098
67364
57078
88036
69315
44735
35231
9705
18632
36049
58812
24633
4423
37525
66172
11623
52705
94572
16827
7019
73686
2710
55925
6207
22885
16558
94883
40072
64065
11906
97718
95610
65156
48119
11495
94893
5769
68962
12227
92446
90284
47153
72030
67396
90467
30294
36595
43716
7654
47549
31543
31552
75041
75695
68111
13763
15017
90846
2132
39966
92343
58427
47165
74990
10546
52165
12434
82812
68504
6278
10477
89379
35484
57716
96590
26238
65393
24907
16
84883
75491
33729
64804
27442
14382
24031
75696
89175
21413
75623
55945
38599
24824
3515
87040
37581
13978
29688
57447
89473
26730
49801
88411
74817
7504
22024
50229
76592
37639
78232
8644
88972
8299
80602
25832
43872
41690
60835
27615
15436
30419
38589
52395
76123
66141
3739
39481
42791
75168
9915
36247
89389
8987
45248
62097
32742
88834
74902
41524
72563
33369
27477
99062
72880
51335
60065
77376
18699
66340
38251
74190
77533
54890
5130
28029
70322
57009
19144
45503
49731
99675
84329
72966
95599
80414
72323
96747
66797
28578
93578
14652
55030
62764
34405
28789
40049
87279
48711
64009
64713
92216
30323
28424
7166
35115
68465
56661
74220
76336
31663
52495
52078
44323
14205
41897
37822
55142
42826
52334
48256
8579
85478
74787
96989
33181
61700
53296
11081
39131
60104
36170
96172
2181
55217
2271
73585
1320
93087
54006
53407
81285
19446
16863
5534
7648
39682
11977
1197
29596
11243
63126
21340
62059
88133
97297
22582
36193
78545
57052
40003
17632
35778
12183
56604
15363
5835
65571
18796
94497
62547
709
20130
27294
13771
40650
88037
81009
75345
85145
78870
26161
82971
48173
16406
41184
62182
56625
71627
98031
48760
93859
32079
37979
4570
17247
75197
88682
23668
84884
5237
22015
96195
2458
15929
9793
96988
21848
94984
36788
85693
92173
7200
15565
58
80988
19902
91266
58678
63501
32668
41558
47527
56976
72474
31001
17974
87960
92796
73801
29154
79941
18373
97965
46684
94991
64151
52733
59822
4257
49928
10481
56845
56987
53395
90052
46208
3056
73023
53310
59548
95601
13387
93641
64210
43262
90058
56212
32439
83629
10238
69454
76444
48992
76668
14840
19260
3505
13028
65862
11926
40250
70521
16609
50848
75347
15910
93377
37365
74234
16012
10655
87686
83044
74586
29807
59747
30343
67923
45418
11704
14941
6821
39075
10626
556
47494
14801
65893
21184
38356
31033
51370
48603
40120
85567
81071
14844
73627
4443
74280
87274
72990
96449
56539
14592
47472
32608
36391
15319
71950
22484
76570
67111
92652
56954
94722
36042
42570
59636
76378
36441
40777
20309
22542
56363
66961
80785
9078
71047
43122
23936
83953
44438
48654
2759
83113
37574
87282
3896
89569
40081
17754
85223
97233
37574
81782
59141
50147
766
88942
704
34274
31450
72267
56974
24886
54942
86497
3424
61438
58155
88481
46688
60368
78219
77354
39564
28652
47387
2387
21142
27442
3969
13003
42814
55174
74605
50425
63083
9093
20956
