86037
68304
46059
87292
66715
35943
75402
45774
8444
14662
30247
43918
1917
33807
86239
67438
88285
55176
20574
90240
13183
74105
42432
38983
72897
37559
33744
24096
79596
23191
69823
80486
82186
47184
6782
89309
61997
55454
83458
33727
39261
40718
20853
73462
36539
93975
86606
32731
4193
74866
27444
36245
48535
8040
36587
136
94319
65672
11412
3473
81185
23391
23333
49481
99967
91834
1020
48306
53145
83348
85239
71079
84244
38685
64852
35614
48386
94177
80809
19303
16287
25007
91658
51637
43461
25143
72102
79732
19999
17123
76632
19859
61455
46779
91647
62002
43393
81507
41809
69739
73229
11958
80883
64158
72179
76392
77126
22375
50783
90052
47215
18816
43866
35717
73415
53751
63327
95643
21726
44769
8422
53158
94585
29601
85407
88900
86255
38978
83921
10752
7956
22476
55426
19994
28989
3290
97207
10588
48365
48456
83171
12042
88822
78171
76145
21577
45004
57431
21992
12360
28946
86312
2048
26977
96996
62347
35047
12410
81131
23063
18722
51108
43684
74206
39832
43859
17504
87203
64283
74139
19456
96491
68773
32080
56455
12673
99174
64698
39020
98726
38404
33289
69112
32243
97466
50218
86592
7909
23384
5257
52025
58030
83158
94989
32957
95726
19249
8291
52826
26749
55822
73772
49640
78045
60329
17164
77539
62707
82856
22508
80404
11746
22791
36840
57957
54890
7130
35934
27480
42117
41174
