46568
52508
79748
78581
73030
74236
36758
77873
70712
26947
80703
24922
60911
97051
78906
35876
60663
31919
46665
79370
21383
76861
63167
20384
85759
99906
68430
59462
51757
56619
74698
15675
52406
57839
63122
50353
61705
45617
57139
10632
88791
65057
82525
49884
79191
18534
97925
68529
32492
87423
72938
25423
68868
29227
14878
55349
24083
60031
9467
15870
26223
16998
78589
98304
46994
8907
7072
62775
19058
5054
40900
86762
52357
43259
25977
90573
13862
85674
78484
41115
98649
44122
37344
16755
96004
81962
84260
6705
94792
19917
34938
87713
35207
4525
49495
41793
91104
25432
24596
81292
25140
21538
79852
31815
7945
33893
34036
29711
41275
97217
78549
28221
92036
90193
16617
84336
83862
20285
30025
15365
42115
8986
27267
67183
5074
86020
95452
4688
92263
9568
11914
35600
15205
44161
276
51408
95941
33114
39656
88378
18415
91535
72855
36400
55382
72206
35330
79331
69591
86251
67406
57693
24520
6635
12813
51771
92277
43267
69731
37202
45740
33700
87271
17761
43
27581
49938
75462
47111
66058
6444
16860
62065
94161
5479
85687
98858
42692
6627
76943
37384
3835
64193
50999
8663
8861
31237
90299
7863
58828
91890
43660
72508
5009
93973
49104
69421
21292
52758
73227
93306
34256
27750
87860
19126
44113
82126
40957
51208
19758
64916
11059
63622
63875
17250
16974
76856
71562
96884
76583
91842
34468
85979
3931
80882
46126
22267
37289
93088
79939
90715
3957
10792
87830
4902
85282
90036
92691
12639
25380
45452
83704
72573
1838
96754
83666
29753
45610
53613
55079
92710
32841
44060
1557
82417
31833
924
37839
43712
51535
29531
12458
89053
61011
85058
25280
78540
84282
88497
23786
60988
89136
52193
89820
53812
99661
50781
53829
77179
1824
65191
35665
8403
26561
9528
43945
69536
58805
97514
62440
91400
3806
79942
42433
58278
53005
31359
43915
55168
79678
2283
75010
49914
80582
94858
23965
68176
92623
54423
53344
18303
17599
75323
7021
1632
37307
98093
91696
87969
41710
95912
33862
99462
93709
21984
83416
25502
8581
28340
7250
47336
59955
27858
92761
74446
81187
66519
49162
37048
45652
52417
53722
82960
69282
78263
16971
20925
76220
90130
71010
30607
8329
95743
892
92907
43753
39722
84012
48530
20720
43177
60438
43065
75051
39979
17282
51764
77534
67756
40101
67620
45272
73071
66152
82149
35438
95037
25978
12029
64172
4343
5413
82328
40944
31050
48625
11640
36984
67957
20066
47493
84605
1027
66929
45092
42094
53558
17541
4836
84526
81593
95380
1669
58464
70877
94864
18851
32318
51547
28621
23329
79481
86528
31148
96649
18303
16493
2184
15550
40235
10572
81055
48995
32269
25057
17272
83370
57868
61401
40403
34631
31835
42290
41357
68962
9211
10933
55552
29256
96814
2419
64175
63720
3689
6541
44305
16420
60596
10917
76273
82211
74254
47653
84970
36530
44788
26439
59641
61245
19061
49331
76476
97191
27883
14073
21886
31374
87342
1298
23133
89069
40947
81279
18686
59918
15934
8254
34437
65727
34696
21571
45527
46375
543
39859
90977
5571
41455
16993
26
48293
31890
70615
96100
94255
94612
96802
99440
26408
35203
45599
62027
62641
76665
61073
15194
68262
49028
95112
96631
29623
66257
46513
30244
1021
69611
12157
16593
76763
16774
13042
98837
2495
48361
75919
25180
84116
90074
25029
52925
88555
87377
98696
20886
23355
18301
84002
70444
17812
70753
14279
84410
24452
53851
54310
65839
21092
93034
76381
456
67270
69604
97164
79259
65522
86928
50917
43927
57134
17529
2106
8582
34689
97553
18812
71077
55365
90557
32333
8356
43833
78571
95585
44271
48409
95163
45691
9106
47527
60971
9359
91960
13001
12355
49563
85373
21705
92827
85630
37423
56801
19701
9754
39551
18799
58905
79083
5829
73123
41828
82189
3727
40995
86640
17469
92192
19785
21670
1066
21390
90090
99272
15943
52406
63189
82354
82153
94937
45300
37638
70334
60711
32079
38587
11903
52222
66447
31417
14901
35545
85142
35416
28362
62221
22639
92707
79783
70473
99719
17980
83072
45226
94161
12477
93624
85576
21774
53815
48350
99978
76781
23107
59917
97874
19040
97356
1220
7911
63771
66553
26608
84442
68656
68182
92588
73438
24562
10573
245
19112
3199
72777
22368
36981
25379
41346
78981
82022
93982
7057
17674
50148
13179
94721
15185
7517
47013
19639
65031
36441
51112
15958
99373
3860
86099
16388
31494
11903
54026
85907
98446
33757
38393
55233
79202
6678
40042
69354
89936
5254
7983
68589
40888
78966
45159
68592
89787
756
16090
22884
12930
13961
41444
33863
21015
88239
85726
43473
26304
87871
3326
4339
33426
84599
7629
21271
2296
3148
15898
2402
83798
48766
94146
57297
64579
47362
96631
18208
18391
96153
89029
60008
17636
97587
92406
22953
67187
75265
30056
39540
24937
2121
57449
12736
62268
13302
63522
85261
29374
76261
79261
88948
92682
53207
29636
82753
84272
11348
18566
36761
26857
78883
36219
17741
68340
48353
54007
61055
20010
96969
9771
25679
74567
11680
98582
9645
11493
69475
36803
40677
45924
30840
20323
69762
58861
52318
75287
7296
31927
83756
34726
30888
30165
73928
75181
33368
97946
28062
20634
89199
9616
12988
91138
2442
45335
17076
94094
85269
74303
66714
27494
80360
69830
95630
92433
63806
59255
67458
33337
85258
76945
78311
28084
99984
78405
1824
68345
32240
41788
16699
61450
62602
23810
73400
86035
50207
4383
76666
75880
71538
97973
69214
37446
45514
33333
10413
7382
75736
48603
53445
15495
23569
20828
56571
60564
63034
86568
7188
17632
30474
69026
82878
88172
49479
76931
36660
27876
3371
59335
20773
18818
68558
11130
57085
3185
37406
68083
38082
27177
52725
22305
66938
84373
14878
56993
47020
37148
25995
96993
7651
96370
40178
50548
32502
44345
84513
65497
79204
31998
77942
28130
68977
60546
62849
62627
36133
70769
70148
36162
53691
56750
60327
76622
46027
49335
45847
21834
62339
97115
64127
41810
81411
22376
70617
19958
26661
84118
