58844
55196
48389
55725
46589
1798
24384
19669
74283
29316
7139
83799
70913
93471
18115
60992
65538
63543
35655
33995
33261
96048
17484
58204
97131
17647
97999
6852
59561
12843
52466
61733
20435
49515
81048
25372
27136
61191
9113
58471
88042
68166
32767
8252
90200
35224
50
55837
25440
57679
76149
89162
110
60510
57613
64010
85314
25980
34652
87303
57090
79487
99305
64369
18217
74976
85834
60270
19060
45032
35922
18745
37231
18306
69503
94473
54838
31713
89797
69728
77477
15109
31684
98790
4588
13013
6592
93852
24939
38275
69954
80404
4821
25002
1689
98457
9160
50148
6152
91
32727
31430
28586
38082
28373
51699
