73405
84008
79701
98492
96613
15986
68320
16589
1396
73645
11592
27389
20384
80877
59786
97391
99377
64832
91776
32970
7751
75238
89881
72876
90364
88620
82993
13116
36622
92921
63698
46182
60381
93189
78396
53191
55287
78205
41943
14433
76168
10067
96656
47777
72432
32151
56414
15196
96186
49549
43779
68571
36573
68842
92297
83783
94742
66925
70871
90328
94926
63151
53465
63186
29269
13948
26276
4914
90576
57756
75897
64252
42785
63869
11029
72962
25860
26104
26659
40609
97606
14643
7226
58481
52335
75184
77495
21147
6428
35943
84160
23405
55240
98298
43509
37351
40140
15538
50986
95320
88759
30154
87703
72974
31408
55651
91480
52484
76669
27338
58802
54085
85562
88588
45956
61094
81702
17110
68465
51463
19973
78841
42111
41772
41282
1992
80149
21153
8268
71413
98415
8246
88919
4707
11576
64480
84623
6846
71770
858
25323
99745
57228
96741
62769
28298
87635
37099
12909
57259
17365
58973
32222
49305
39097
81592
73332
59722
18270
53455
89556
10823
7633
89641
50647
93444
54127
90608
1767
7010
16877
51050
74372
29760
58347
15989
23063
10263
85068
85453
65143
25002
92772
71685
70216
80728
58057
30411
11273
61427
66544
75121
12704
20917
44497
43385
55634
19562
69343
3154
16479
60289
45595
90939
52296
11278
58464
77272
74389
23960
95343
75658
40173
63486
79841
39620
68715
56195
33421
98281
51058
99055
58264
6733
71243
37923
49061
52847
79257
36183
17526
64368
93909
79145
49020
55365
84193
92114
1229
61276
38805
81766
97000
31394
27182
40367
21918
62017
86146
2232
27648
66746
67908
90939
68449
78968
76729
39413
99415
11929
86022
16658
72096
82686
51427
11127
14994
6114
67545
93540
69157
86571
51483
55745
78797
99449
79058
87687
98487
11794
14668
22320
33380
96295
69151
79680
34680
49375
27023
71073
78283
61726
99957
17342
66036
27647
48454
37788
90180
11358
95382
25317
86738
56797
60371
21783
95606
92152
50477
49490
60596
99706
95777
75345
74480
45479
38350
26299
99537
62621
38190
41118
47342
59087
38098
92014
20475
24121
91158
35088
9096
85648
46514
44436
18493
8739
82444
83427
15453
22777
98437
67009
81127
52678
33625
14641
73724
32055
30390
48103
47674
34975
3721
48204
48315
9647
44496
24865
97768
30688
65535
16041
93359
38613
48015
71853
88498
30313
63503
63973
66404
17693
65774
34869
23954
87033
11051
42558
58445
60765
41544
13565
79492
82533
89824
27456
43938
45742
59841
10327
63978
45620
16877
51724
99777
87380
48123
87251
75451
60806
35318
72873
42200
44531
14519
17799
46874
83775
65244
16373
74089
73515
21659
20661
43836
31806
55080
98357
24201
37740
71765
20699
88992
38912
70847
88141
38990
87932
19430
47452
1329
52280
51001
45705
37752
84548
43777
35369
26968
39943
6704
78608
26079
94255
90970
79115
40720
70639
85333
41994
67463
19000
32116
54999
33328
31881
17755
5248
15583
7152
13332
63778
88603
92647
71638
88139
6863
51618
10703
80392
98377
68613
42260
41815
61866
57147
44449
35045
80417
28343
57386
65254
92089
94740
46405
5095
44293
6006
54008
86272
21609
81756
34632
48442
39168
84731
32811
34736
98538
74819
44413
27925
33807
78884
61378
45962
61648
79204
34290
5357
44929
7598
8068
95996
41994
75610
36685
41696
63921
90748
46499
86499
35533
95215
28989
644
24278
40429
78757
19852
53069
6257
64660
8053
56476
59526
30328
8046
33162
36982
37311
70705
99295
94148
97636
10337
37193
79410
549
34038
64104
57778
53683
24822
67293
64387
18347
51844
16529
4851
43465
1387
26386
62341
35450
88829
98922
33215
29412
20293
63308
77592
49631
29003
46767
98335
65482
16373
77383
37768
55941
66503
85568
91730
56159
32513
40059
49980
87790
43051
42304
90315
72849
38951
25765
28096
99080
81351
21177
14914
51270
66426
89398
68869
51800
69861
21097
71066
60744
87764
92546
72068
7832
32899
18293
43811
12966
13039
46129
74418
99881
42469
57497
25369
72810
78482
99212
92716
30984
41077
67861
933
86269
71019
82033
75149
96396
71917
66862
22298
49548
22779
39531
71935
64673
24520
94391
69331
5001
50684
15816
20499
17082
90346
2754
86358
75362
65365
49912
48042
13347
19277
84388
59555
9708
60647
70358
74864
96139
58785
76126
15783
61085
19600
6442
71032
89932
44953
96175
54021
95758
54124
42732
85120
69256
54022
13857
1026
57843
42874
59876
6618
28055
15117
70430
87544
179
16687
50902
80411
27191
84091
68707
22592
91303
86507
72251
89375
71682
22204
75321
72769
87044
3931
78195
76051
47400
36833
40817
89355
35592
81816
40408
14286
10288
17697
36535
20626
53915
26333
72754
40146
7636
48215
32068
45915
75175
33718
79904
7735
11964
77071
89883
12708
78243
93028
74569
38525
73194
35902
81449
61099
66814
3710
51904
17512
16956
81889
57017
63455
57625
80707
3589
26141
39505
46571
99042
50820
5582
23252
95123
80498
86344
28771
51658
90785
74876
2890
84612
30845
97376
