72290
37050
86571
45127
33906
51714
29674
18782
70931
93554
5757
58058
58221
91345
78258
42192
3666
18485
79849
86611
19374
6430
79146
59595
89225
58104
20169
76323
18927
5489
63771
62303
88437
15189
75770
22293
75853
23504
33135
84698
68535
39134
8168
75498
46256
1966
45205
40115
98096
48981
91963
70427
31415
76934
93122
41480
40167
61387
3623
90391
48418
41198
1355
77739
21392
37790
22088
30382
24959
79502
38593
19086
75385
56894
90841
15494
3496
65865
55601
60570
74901
21941
51863
33293
38983
62155
15097
41000
72657
9836
23604
5789
6546
15796
74655
88534
42278
45156
8687
12707
73183
53847
75728
21214
39174
78789
67104
75061
1685
24753
17809
14827
97863
31017
94072
12278
59549
3827
25372
12634
34823
48013
25640
23625
58689
63799
39819
21887
42758
9051
29240
29750
99017
17083
7671
27418
96542
26752
12026
25550
4820
19830
81522
94460
33153
97559
17922
13009
38922
52366
83523
19909
98037
49798
33548
21228
65319
76331
58449
16485
64289
72340
76701
78710
35437
75716
24948
290
86322
68420
4662
52692
63392
87875
59211
36763
57670
29999
78814
77448
19675
68775
63957
83560
42031
89431
19100
15994
2036
18622
71692
86339
59505
76465
5878
91884
46457
86334
62470
5196
33292
18221
31864
20859
79797
1004
76806
28351
81358
36971
55952
58694
32722
40504
35718
91011
77007
15210
32867
89032
8810
74131
76815
88764
6168
74777
40785
62545
63998
76368
82729
86004
29539
50492
94715
20956
5702
34493
17915
766
89736
38637
52655
38574
94866
59435
95213
91826
67152
81287
48548
26974
48365
52300
81379
89819
31899
20159
6998
25189
35466
59897
49674
50231
14326
73393
80414
81988
32759
63810
15625
7836
7351
50426
92804
97539
81048
26764
14554
7815
57108
84487
18982
32698
34914
87156
78596
21893
52283
1473
72363
63158
56842
19520
68850
31811
42162
93018
93503
46028
66262
35774
45026
30843
66095
29053
89908
30018
4642
24410
58253
20390
95969
1881
27015
24754
26717
17984
52279
20732
36462
9728
1024
19762
32611
86621
98539
95788
47301
70146
3374
15587
74934
83195
8108
82205
70029
45775
13331
46859
30210
25059
61783
51924
60896
50566
40959
77421
79274
13820
67948
60930
23876
83786
38571
44306
38477
60391
57837
44074
26837
45032
28790
61514
29661
96309
11994
78862
87785
50184
14909
77561
30382
22911
56061
96683
90349
50198
55275
79265
56599
31628
56734
93109
29305
11268
74421
60953
10751
99191
47540
75224
48387
16575
81420
88419
10559
64673
18535
7441
57940
75247
43577
77729
45482
89236
32383
43098
22317
77662
26163
12618
65930
51610
91346
97585
61607
95452
9121
95266
84425
91352
94966
33689
90234
9252
4891
5994
48692
37089
47148
57
72204
95045
75412
15633
38830
94776
43385
57655
82621
66637
26619
76982
95552
92517
73808
46628
48986
78701
90580
29640
50480
99137
44247
30943
51157
77762
98288
63593
80910
7189
36981
31348
52063
3596
48611
82277
85336
93902
52381
44619
91523
73871
14443
41185
84333
34872
85811
69633
86597
92148
77754
60902
49260
85084
62776
40896
21791
30870
12357
79504
83182
89868
58905
86697
65792
25979
16675
58157
7223
5996
86237
37013
61440
90609
9916
64157
53140
97569
91620
10064
41201
49933
6480
12506
87431
1777
66261
21483
57025
95527
70955
96080
70433
26549
97673
29174
9023
45598
41672
59162
98344
3807
94166
99212
95392
3753
82539
80341
54053
48413
55573
85879
26589
67896
91278
55320
29350
69753
1311
44027
37908
96684
14330
47750
7783
12591
21797
32054
24959
74033
33140
77650
16536
12424
4054
45422
80721
41465
85676
7667
58681
26454
96331
79650
37457
30080
36376
48485
69986
12386
75512
87812
10567
98992
9516
32663
49099
86407
86822
71545
25411
77941
12270
20801
1919
54221
63097
37238
39557
18684
9924
92008
28139
14988
8442
89104
14676
61375
4722
62734
43639
15015
48232
5183
20107
34103
47372
58187
26461
27937
19093
96558
90700
50240
66163
72252
1465
23870
83550
81505
4701
22776
97276
59955
24855
34863
24243
42995
97008
56418
90735
33146
74317
5525
71563
21159
19954
55110
13041
83226
37225
17984
52365
67649
48121
54881
61466
28313
50103
54132
70799
77409
65825
83726
43995
95884
63012
9894
90755
66884
87602
81041
5676
1357
8952
59862
69619
48140
72510
43674
16951
90518
92804
98001
54930
83041
20777
94363
97597
64823
39888
79117
75266
52127
76104
31945
95497
61058
