69678
37762
57515
20970
41913
15938
68828
57995
97559
11526
20329
58254
43477
6133
86464
53175
81553
12524
90196
67421
9269
93569
64158
75441
1339
13422
87753
8166
52239
55411
69632
74609
15715
17079
46494
9681
5295
4535
23809
43487
61762
2224
89447
93562
35764
71719
44909
66280
34667
38924
75902
43958
76236
50712
87436
87615
93800
47295
56482
66926
83935
53203
51328
41951
48538
49859
56143
74936
7835
94299
32241
67565
23251
72019
80947
39431
93585
22772
23264
99170
94250
1619
17415
99244
29001
7994
60131
96717
63621
48488
13958
96914
70696
51172
23121
86868
43807
37734
79746
38848
8292
68257
53499
31714
2505
247
56080
8788
98957
10401
9749
57201
51886
28582
70665
22404
40772
28967
31863
11086
15404
1077
14518
8624
45125
87656
89695
53342
88235
23109
88554
81487
3353
52322
43266
57680
95319
64666
4226
32277
64407
60745
11690
69333
35339
30611
68729
86008
82727
41839
61802
69660
32018
15435
19014
61725
84321
31150
17721
36413
86068
1124
4443
75429
97022
95852
26285
66769
57802
53622
89951
57105
28237
70055
72809
62282
42295
40818
16941
19448
66137
27987
72077
63318
54675
2547
8386
39842
9506
67407
76088
77786
5823
78221
14608
12049
12227
5473
87547
54454
78635
71570
35614
54876
78464
4300
77859
40157
7860
5755
34146
83972
65963
10372
31728
39561
87777
12364
228
45639
30884
58245
94271
64512
22115
80141
80725
99432
93997
47366
59153
60445
73752
6188
13209
3049
52371
79923
23460
91032
26932
40718
29109
32673
24593
23997
2761
12776
31560
9253
17222
43781
4875
40372
21930
70258
90998
46405
6897
24291
46353
35268
29288
26014
11424
9289
22473
5472
66909
2458
22959
57036
81688
81399
26514
5928
41165
48460
51234
56726
61626
20771
92979
43934
77919
40214
59046
56069
31463
94676
58376
90253
36795
6016
19894
61228
32019
29951
68998
7354
96856
1267
99431
85361
8569
24240
85891
18380
6622
4179
43722
16716
39780
67270
67006
39770
93853
39542
61481
78365
29818
41934
59053
77537
24243
40395
151
44330
27159
47870
36074
77307
52703
58895
14973
55720
62924
36536
52370
58030
85962
11822
90786
84203
56475
39473
4206
96093
79796
80768
20083
32988
12114
894
27495
1314
88566
80000
19888
54638
66268
38826
29389
37242
4110
81824
69305
75891
52144
56047
46551
68947
55222
88790
44909
64796
95105
76156
15835
31289
61573
31052
74685
93017
76026
35300
75139
15894
29061
16875
20170
92030
88963
54252
82856
19593
95733
24325
21482
34321
17555
35474
97913
65954
47846
25943
10516
38080
94978
40495
84209
50969
13572
7306
91921
58143
72087
32075
77694
68991
89453
93231
82652
81058
202
10323
1800
56816
85958
51616
83735
88020
6873
14391
73084
86565
41414
21445
21104
89858
93909
67585
67708
26303
57948
94904
98514
76379
55619
60974
55592
98828
49201
4549
58912
99183
18957
14593
57428
61830
41922
64154
5150
60466
22024
50916
25608
79788
47713
85611
13586
38817
84924
68058
9907
13171
65593
86375
50869
24350
46267
79312
52023
30034
72490
94752
41435
87318
2239
29700
53734
83507
59333
86842
97279
15000
95891
84898
39946
61360
46443
44726
85721
64418
36799
67390
86617
15921
82895
77521
59353
12416
82419
71966
87244
55250
63995
22097
86553
43138
3658
89193
9818
8882
89872
25285
63907
59013
4667
41830
26182
30250
752
42490
15217
49360
76393
91792
97885
4034
8666
46464
4539
96070
92425
39019
81300
69520
78041
84594
25989
84837
5378
94300
54463
29651
37882
71473
13685
8351
62658
55477
81622
79239
33346
28584
94229
56378
17275
32784
87464
53405
57337
26968
40138
81998
93181
46468
60158
43052
50525
44452
85120
59185
91197
928
10037
92964
86194
22863
43501
9440
52300
79958
2553
13972
29295
56470
62202
92166
78065
89448
10000
70351
47379
77108
3690
24126
70255
34898
9846
79072
11875
77350
79614
22887
59498
50648
17550
56284
32801
73501
96488
20651
71991
17130
2337
79814
94142
85199
99015
84454
74020
6586
678
7032
83598
77729
46271
61397
72961
20895
78534
70644
72967
10068
6935
62124
86705
6694
6008
83778
3400
42014
3395
68098
81604
78072
14566
4619
32635
87040
26930
4202
26405
80484
46538
45175
26782
21415
20336
83945
14046
76489
15850
88456
22291
39652
21773
31838
90243
60232
87211
12704
22521
96592
66917
33046
83571
34078
42597
15859
48122
64170
70513
80712
76080
42289
31560
9957
42470
72700
37523
36147
6360
99570
20933
15151
35790
1127
41885
39052
37321
32215
31472
45620
14540
74541
76026
34449
63827
6035
27927
51801
97414
73575
28480
46803
88269
94570
83231
15295
60037
17694
86176
14420
60349
50330
75412
3468
89648
57422
63486
77539
54357
45189
67191
46577
2380
15235
44940
77191
13553
83282
77569
62154
85191
56190
51357
32493
329
31364
20841
66396
75511
66162
50739
43548
91524
91933
64199
51588
11239
1825
77925
34493
2701
4460
68549
68647
6420
3810
44835
14310
10926
42304
77464
87802
35011
22248
24292
68095
34089
25312
10215
85536
56015
7712
23769
84395
85857
53381
43776
20320
19262
37590
60097
27039
33251
41569
37777
95916
6688
11192
3471
44923
95667
28315
77556
36077
32025
38610
184
4965
57691
81764
63085
38697
62641
71751
81650
46174
27708
77758
32533
62020
38354
3971
46313
67641
11423
89567
7785
53380
30980
69192
80123
90491
38940
50666
20008
65645
56083
66499
19142
17365
58229
22978
91240
21468
