81087
84953
58386
57567
91094
63278
80012
19058
7191
63871
42573
9707
41991
23731
38456
11817
1519
43113
75534
51259
80759
78989
17127
57125
72858
86634
17520
49406
35337
92568
37232
37414
92706
53745
57405
76372
34857
19747
89911
81427
97453
42409
55779
48714
7485
9739
82023
15265
63536
13030
86778
33512
19913
67134
83777
97379
97380
13979
45090
10659
45185
4324
82449
78193
53916
45382
9420
32378
70330
97120
34935
43102
96124
5309
35473
75094
67532
80530
31483
27636
62573
36397
10412
95538
53831
13265
48875
12451
63154
4688
91164
41664
24927
41122
14685
2290
95216
38802
22723
2231
95967
62318
50881
37608
66841
66494
26007
91382
3772
94681
54560
63361
75086
24408
22689
25835
942
41548
85967
96110
60686
24597
97342
69684
41373
33676
77591
27549
8287
81913
62852
15996
44926
45702
88858
89063
23965
72806
10375
70532
90763
3400
53855
6915
23388
73389
1623
77921
78421
87067
94572
23812
4495
51435
47955
50684
27281
10204
3318
66924
53482
39669
91021
34287
51217
79666
5540
12320
65523
4238
25658
18459
37090
51936
61725
75980
51329
69131
52969
16021
56322
68998
9298
70841
93632
28121
24740
98035
10122
15884
55609
84341
66098
66750
28508
27492
47139
44533
53277
6079
79991
65093
81881
24160
43732
79479
65392
13351
84476
33622
78571
2901
71566
66068
70630
42888
1633
48356
3139
55289
10222
2494
22488
51452
20666
24373
21415
11646
37537
65459
37246
84389
78071
88656
96160
98977
42316
87886
52234
66387
27291
64069
70466
89756
85751
77174
19142
7919
92120
7354
527
71415
31688
67462
96067
47474
78042
13251
4214
35964
36297
34645
61108
2330
72590
86982
65603
54611
13469
67479
81234
50400
42484
10512
84217
86151
86867
24674
80459
26973
22735
5503
627
48230
79029
94514
49995
46901
43526
21069
95423
17436
52108
60102
9595
72765
19870
54559
44395
19562
66033
75826
70990
97150
38330
93099
57128
19390
84015
95647
91362
62778
80098
55111
31247
53274
50765
84058
22234
88614
78604
62099
72836
17458
14284
68556
79291
95596
22932
19344
4575
2631
26156
91626
4877
68891
6168
69371
74483
90390
28485
40759
25721
87584
69794
92537
8859
97724
92875
3631
35502
69472
72842
8641
34747
75044
20245
60124
72622
26759
21619
49198
46149
97631
21145
79945
98917
40187
5493
17631
18513
39823
91265
33173
21309
41605
38373
18929
34675
68183
14547
94779
4217
74576
51668
62382
19802
2943
63944
72187
8908
27568
33933
98279
18020
51742
97079
52798
54179
67406
64328
29104
33267
10530
78559
3976
22987
43351
76767
84910
28411
96530
27085
6821
47010
76792
8792
72864
87506
68612
19721
39292
69660
36497
81360
76381
1328
33732
19595
36651
82806
79471
32401
44333
85478
75392
78013
17032
61220
89481
58524
80386
4231
13711
41400
85245
58044
18989
49465
39252
91882
966
49246
57656
93038
30277
61744
94443
55467
5294
85488
47679
24571
61476
93495
20889
82261
11156
96339
8930
83874
23276
86177
23926
12991
32993
5994
49279
15577
93110
44684
83024
38878
8460
98376
53990
90212
44391
65825
88119
63002
41588
57466
98871
70650
68323
66480
2181
55331
22723
5420
97616
71487
50810
40258
92711
37174
63381
4664
91130
71777
16730
81740
63220
10024
75520
19209
37954
83428
24176
21641
20565
32579
50212
82692
64851
9368
49567
47288
43456
37649
58553
65593
86717
99072
44304
89279
61239
20539
85886
38876
80004
87517
46357
734
42886
64536
19778
7230
16067
33687
70266
16894
29033
51914
99641
6516
22218
12506
83284
13057
46561
28643
96944
90950
46716
33551
79197
26253
18269
42380
63584
29293
17697
23998
23397
25309
60553
86194
11320
51572
42712
35085
54835
81548
32573
39611
30130
77119
3298
42798
81756
23052
25130
45534
65995
50407
62725
91324
26582
57451
56318
4132
50419
65052
93069
59812
34796
1660
15121
43132
7824
95823
47088
92155
1770
48154
97879
92670
52250
33850
4892
24832
46994
3538
72152
17522
85070
26730
34898
14152
51161
45924
26651
8145
94234
43445
62016
66434
24314
35644
56389
93621
42227
86583
58178
68730
15354
49431
61798
99798
46799
28967
32747
61704
23246
82680
63941
29117
56462
31481
82259
80171
85620
65219
4539
84678
39173
55474
16031
26804
82945
11152
38394
68918
59870
7023
43933
59591
18175
58063
35055
50424
57947
93999
92746
28402
35663
73082
43909
60469
72441
77887
8411
66342
74427
55000
60892
81666
8578
79286
15240
37616
95064
89539
34682
94088
89256
68718
619
7675
91892
78532
52276
80086
55499
46807
63971
33285
2388
46292
10970
66114
39338
37054
58623
47774
14304
14152
51246
66533
87190
61568
48119
8203
70098
98174
60716
30327
98213
3315
16652
59961
35563
89493
63769
32571
2684
21691
55648
46113
93697
10416
61850
73511
57162
91444
49255
4338
13721
11907
20110
77836
54225
29606
71670
24706
19235
72463
50964
22696
43126
5158
96272
92034
65589
14426
63444
71307
13197
9926
25910
62992
72807
26679
90053
67769
63357
14562
42693
26733
84367
11896
30160
89950
35252
61580
44434
75776
22877
86353
87547
58766
55955
10100
51838
9622
24974
25885
32317
32477
23646
15400
32567
45876
15194
67736
96537
42872
29475
74390
30302
80412
42649
84376
64779
2466
59873
52794
90074
15074
50012
34143
30272
72045
26697
87310
70270
86903
34548
41521
25068
9455
12139
26598
28175
19407
74516
54727
76392
75970
94247
47877
47425
57494
78547
95378
67399
41335
99612
20068
77844
88147
38468
12139
16438
65819
92581
54914
16298
23574
2647
92071
85284
