41980
41626
90896
36060
38521
8478
89395
7718
20752
74358
95889
54086
88830
18765
86740
93391
65300
54468
14294
45369
94155
6592
92581
50049
52411
39306
5725
23954
80254
86176
12788
21565
31059
991
68225
14758
43915
52306
76309
77419
46656
16934
7205
90642
63139
49479
75430
7711
2774
34277
74580
24401
95664
62305
22079
82989
47488
13345
88931
7150
73237
56228
95856
90426
45250
94540
83184
24013
71429
68277
2180
42713
57503
18520
61872
44146
44810
94930
27012
75510
51493
22615
88055
89447
79576
90893
80569
82990
64503
76499
74901
12537
9209
73500
70850
42319
35636
16893
16698
35206
90092
28044
27775
10932
36263
54378
7494
59171
59319
38804
62235
44448
18312
65779
19725
9268
62177
79244
18052
1525
37311
64351
16915
93748
65458
9894
86127
88591
98176
81218
80411
30791
91474
47154
1652
64232
7729
12772
67144
48028
80938
86277
4297
31101
7102
70547
38138
76118
78001
12015
36782
79142
97265
69665
15074
47059
4935
40384
23349
13618
74008
20334
51244
36015
81893
29734
33659
88917
82543
57101
63526
49853
50202
13664
56393
76788
28532
26537
3803
19777
85150
69046
17710
43052
60858
13793
10824
14952
3777
92746
23044
98049
61238
97896
81296
94879
75847
25513
87953
77140
47828
20384
85886
43970
84797
35458
35862
25653
41524
81173
24936
93334
14203
16839
6438
9141
28563
44746
28524
90539
32198
39412
84213
12929
98244
34643
25012
76362
71965
84304
49657
58635
53109
79178
2066
33702
7602
66090
38232
46490
32496
53323
73729
24478
86440
42474
38812
89837
36546
7485
97532
56765
19842
77601
89589
66655
34502
55183
28880
75921
57436
3953
41847
5682
99819
6942
77058
71739
73095
66658
83766
6635
11019
3308
7534
20656
59480
51758
63115
37907
92535
86152
1367
77351
92682
51533
93706
58774
79008
52437
83199
73919
17694
77381
5407
86649
65178
4864
59032
25610
17138
38114
63131
13071
77013
11430
97899
27542
91130
74378
26738
69388
72659
48579
35656
52136
24699
13621
22625
59383
22626
62365
38524
47992
84226
32309
7673
56309
55132
68240
73126
82532
70763
80329
42736
49211
58511
57126
91521
38488
58412
643
18814
744
15118
90333
74985
28954
18107
24709
71726
56946
69179
51537
53158
98737
10396
34028
2791
19272
96828
41088
48486
74702
77060
3276
70381
56106
43796
58603
16540
93115
32344
85174
71851
65130
11092
28252
18138
36539
93149
9366
16369
16604
67922
27250
73039
28307
42271
26486
40668
95892
98829
64056
63273
97815
17131
11174
99132
48109
47062
46500
11269
92096
12738
94254
68783
95794
50753
89245
96769
36492
5383
73303
62666
87578
81641
90352
97195
229
62542
13045
39059
40959
81915
8269
82398
24852
75879
50242
96805
42691
96305
39138
67284
6716
84377
78145
42703
82643
35489
49960
53574
92810
99309
32674
40572
71547
46589
92889
29151
36329
63512
13986
56419
9388
79774
10721
89848
28825
54173
60207
64936
51885
10679
91129
50791
24459
77190
84622
1230
80254
78482
97991
85975
32115
37522
9446
65198
52012
36009
79723
56526
8419
94905
19363
32506
14877
42520
7340
71787
90174
3814
8324
1462
83545
95636
98401
72304
79758
44378
48456
70744
56344
38689
33490
48324
58183
47562
56034
35159
6979
4346
56996
95275
33380
10609
4378
84056
89233
93761
90961
34492
93397
66571
27138
96046
86348
95654
94674
40503
23711
12041
78443
45909
67927
5637
42370
95656
36127
69861
13982
90063
39944
28926
53849
16270
39572
76986
69932
14498
71229
11615
15532
44911
97908
92025
15590
26948
9639
12201
62711
47642
92321
81262
17539
69984
80986
93291
97018
22778
23726
57678
70846
72310
77507
25044
7807
19160
12584
95137
11336
32864
34431
74895
20280
41763
97963
3093
82126
44748
54958
59417
89176
30232
5554
47582
91435
223
48624
1615
50231
13098
35113
25937
19780
41580
9111
34325
93966
25746
97113
21325
1106
2582
2399
26424
97859
53769
76641
61068
45151
31365
32515
68160
36408
88700
26349
43070
63272
86544
2715
39511
42939
63288
45834
2251
46078
5269
54970
51260
9205
5692
66915
4488
28488
81381
19995
54765
9841
7772
28933
63985
68641
19908
85103
83605
95755
1884
67459
46275
17219
92544
26977
92330
39517
43154
65204
45303
79599
70723
11962
47167
10299
95896
67819
95968
75310
90457
66884
80196
6829
76362
80740
51317
58784
51298
38458
54321
43787
8935
66805
50295
82413
64185
27746
12115
9566
71366
12011
72912
86100
26667
80073
48374
99246
69120
57544
17451
91428
75204
11380
59958
89565
76143
93489
16420
63249
89076
50916
18738
29069
52922
28388
3781
58340
93865
28494
91455
33217
65820
94625
12583
80411
22989
61452
84210
73338
48572
27317
13995
6905
57441
85591
73055
98120
41748
42167
74643
80017
7295
3676
84956
1754
87374
53546
18847
62934
3285
9636
60586
31535
3859
57104
21498
16017
96628
64519
29704
16958
11526
16927
91932
57405
76789
45821
93514
35961
77921
67977
49888
39268
55212
26617
50401
66915
5718
6227
62537
19796
5773
30226
3186
46467
49380
2362
6434
37355
11354
30488
6053
36328
50958
27374
65483
34577
21122
186
30282
29819
62738
12800
27603
8023
42266
37461
98331
85351
53577
36730
2526
65304
30977
14558
67439
11976
85831
15687
53513
65997
73042
70009
1912
42764
20301
86286
57164
27179
90259
24922
47820
86946
53443
97668
54181
783
59841
10241
30215
9521
17591
44561
13118
74593
48498
82920
87299
80634
73681
15349
65365
61800
40788
2270
62964
4542
36662
65778
88267
53669
79904
97445
311
29389
27362
63962
81226
15242
63806
59963
71628
15618
93095
92381
94118
85624
37239
