98814
9090
77827
89870
96596
33221
34341
47420
63862
99912
59984
14814
73938
37592
92396
44030
89737
53069
8334
74789
45707
82222
55951
42096
93691
3857
22247
4804
52156
52398
32349
73073
99058
19623
2454
43649
92554
4031
58556
23160
39223
5137
37079
65246
59326
66624
11081
39449
536
13745
17364
32532
44959
12283
35491
80757
41616
24189
41711
18476
23073
87408
11362
56315
52229
78655
14993
79529
94218
75578
97065
16433
81441
31069
71694
25766
46882
16076
85245
73226
62839
97111
82915
488
16101
1686
51547
24273
54089
40723
6377
78950
64819
85021
7143
53033
93649
4830
74780
79805
44187
34330
76601
93792
7025
70475
30537
26944
32389
55311
84818
95651
60026
22715
58952
67909
17880
13590
1408
71538
97184
10202
72431
13580
30395
39328
65287
46171
75527
36400
58487
66401
59523
71703
71631
69255
34708
31212
69336
92779
86440
56188
19323
61481
83309
22239
57816
88343
26599
40761
58480
38994
55870
72663
6131
51397
98117
91907
30609
26586
20785
25867
40203
76612
83921
20282
68369
47518
7825
17382
33694
84818
82886
21892
30434
584
24544
95451
83823
73058
39099
13067
18314
4326
9100
43283
43401
24270
1524
19783
85475
38797
46775
33228
50798
29707
71057
13871
36475
27507
97828
44579
22912
74323
646
68686
72687
7791
54837
21096
58786
91109
18571
16351
13547
82767
24600
47440
95682
73284
36631
33783
72886
59695
66511
10862
59102
95127
37666
30422
98971
53277
95624
6042
49700
87710
87303
48571
13756
98472
69566
54358
59797
82473
83913
72854
25284
32260
85968
14547
90024
81860
68782
75849
53008
80202
18634
85743
31689
89508
11706
36545
3731
12005
68453
51240
62433
76762
4055
50984
64627
50168
48323
45344
72976
61064
65484
55605
23698
85008
85593
15556
40384
7570
33438
73679
81671
92495
14294
39945
38465
72106
48037
42353
13693
37387
52478
71546
38076
19234
57244
62581
72588
52080
85991
8235
9070
45259
54637
59638
13165
56122
14714
96987
1494
17809
9586
20157
77695
81943
71338
44477
2752
57558
55762
64461
55022
24437
9229
9202
65888
52570
20259
88054
73934
71680
81144
36006
38324
87397
34068
65031
47062
47890
72382
87601
69004
13712
55934
50916
17126
32285
98227
46461
53732
52748
2670
82365
56394
86483
64392
94853
33722
58555
9891
43211
27435
87512
64949
57818
11884
31727
28252
15670
62675
50790
96983
34860
78775
34753
81206
90883
19636
24065
54505
37295
95305
42373
49585
49872
70576
26176
35817
65803
8671
42726
79875
14848
51451
16208
13602
4183
10396
26595
68203
45338
70932
18765
81052
91726
91352
7550
99070
5831
2124
7716
79952
15251
23100
27487
60114
96946
24336
72
21416
26523
64566
20054
39417
68353
75692
11060
82213
5581
6571
48633
58874
65317
41959
83945
24592
10503
18461
73643
72869
65261
9688
34158
74219
65440
17908
74326
65230
79053
1121
51087
90252
6613
56846
79093
68725
21721
57641
50843
1346
26123
45054
366
60004
56907
3809
21785
35525
53254
17664
77949
52997
88619
65659
96380
97517
20471
44097
17271
70670
11498
40644
88836
13234
26763
2989
47581
74685
83052
2112
98606
21789
96651
50226
19670
89615
11843
37966
79408
61931
34515
78521
56972
7195
26925
16224
70669
94376
22809
48829
40882
78773
98397
9255
50797
14583
586
57709
86828
61375
2989
40267
52621
69877
93567
27620
4428
33454
51148
17179
19101
29152
43367
42290
54293
74619
73690
67873
13240
24999
52154
30024
5273
24137
55925
97925
63830
57205
21985
99400
51974
5770
83642
24502
5785
34469
5382
51879
4276
69129
18632
46591
40212
