75611
44676
54932
12514
18395
55125
65723
72792
83977
58550
15560
18250
16486
77472
21434
42744
83127
75297
68674
62197
12133
25256
71665
37212
5685
58324
17678
4641
10797
74578
96056
65794
59828
91304
52
77317
17745
40924
95571
15566
11702
69755
33941
25065
56497
9081
20943
88599
36789
99599
8512
66739
45121
20886
27668
8776
98095
32530
25837
39160
40568
6752
84703
63107
2303
16200
66096
45723
39087
18233
37694
12072
97529
16014
42041
67369
35945
7478
79708
7978
83961
83325
91936
23687
96625
18415
93211
48248
87062
98242
90949
36388
56287
82414
91541
78625
3836
83510
99415
18160
3251
54057
3464
18681
64836
63348
59197
93986
76560
99544
76531
18080
74341
16551
73121
1470
7581
24884
11589
72380
54426
6625
53874
29754
57150
92930
19565
26462
44856
77486
64142
552
86456
12130
73303
71212
26841
2649
36294
79017
3661
35262
33316
30733
25601
66183
10948
96557
77599
55983
82855
91932
49111
86195
30861
61968
62520
46870
14795
56948
88868
61151
29466
24871
92939
69655
52934
39241
2793
48007
24661
70469
36580
76338
63816
22881
54302
24929
75295
48130
1808
99287
60391
64220
13139
22977
74216
471
22729
94548
10482
78215
20916
33727
34235
67151
71117
28346
93421
78385
74553
65812
60043
15086
42410
67052
2588
5831
3524
26673
82184
21895
81884
77391
71691
77957
82535
23163
91590
98173
41169
1546
98360
78748
77202
87498
36929
56975
53065
43594
67898
27360
36599
98811
67916
31214
99149
46520
38232
46270
36285
20812
85661
53719
33684
20519
62714
1604
71677
31077
1928
6637
48367
75328
5010
7355
18182
81204
50614
44564
59123
53711
96584
28393
93120
22729
1932
82157
69639
86643
66000
31706
77269
19408
84155
43513
4343
3605
97099
96117
82872
79394
32069
69679
50207
2596
33433
95625
15846
13932
58935
92458
92815
82036
26556
15508
41035
56119
57175
4857
40046
30309
98307
88430
96269
32770
48302
95369
18778
4506
32343
83390
94390
62677
84730
10598
17339
15070
79880
97719
99862
16481
92932
50248
94056
44401
23596
71543
86254
15462
65482
19001
47771
70037
70656
69742
12060
89312
18929
40247
9932
29977
7805
81216
51619
42730
46173
10913
10816
79073
44701
73141
39454
93273
91846
9266
32080
50679
37787
62445
80901
56800
6843
19476
31128
48364
28886
72932
20934
34165
93694
68699
86517
43779
76769
22406
65417
28308
57463
54488
46160
81662
53312
85734
81578
42115
99387
43555
15011
87230
33895
54425
85651
93142
80810
37201
16900
43259
32778
83757
59329
6771
99938
94754
75716
9673
77992
71414
20956
2844
10046
46413
47605
76417
96640
76666
85068
83748
3057
78604
52907
81704
59009
29705
33434
11724
41692
96325
85718
7769
79444
71629
22824
99937
78201
73294
4416
32961
68707
22277
3481
11170
34515
72131
69523
31011
84959
65053
12387
87151
97657
71244
57602
87678
46869
9146
26125
68507
53350
31351
2025
40837
32987
4716
71379
29345
85212
16970
19775
53318
91709
95307
67102
43226
84889
75668
4262
37367
3265
81747
79722
42078
89665
47479
51221
44186
16219
98160
23074
90623
47086
58981
65703
39435
63428
5454
71843
30540
68906
59088
57686
91636
73917
87808
47721
24243
47659
80375
21628
345
9142
52095
39414
7045
13887
3450
84000
33258
55475
38745
75774
708
5565
35470
32267
92757
8205
97964
25312
17904
8256
62683
85605
14303
89900
2485
70079
84567
62623
71705
12233
451
90683
53962
19038
74933
58613
74226
77009
41694
30435
6318
89130
51908
90910
78336
48599
77955
54607
56875
65118
96907
67836
89485
29053
85779
43835
22835
86468
23533
19420
79934
743
98163
74253
29371
25848
18057
83946
35450
92879
69727
58970
80857
27339
74687
23179
62123
64895
50341
60659
63454
40940
68450
4163
75791
86310
69379
9326
47016
81507
44938
45392
88676
34417
27946
82146
75912
18617
91900
19125
36563
772
84065
37290
12480
56885
31823
30715
14560
12482
90873
47822
22387
48624
7487
43033
43772
60308
61197
4857
39155
61310
10418
94045
67356
15214
94627
40562
14847
36455
89809
73807
30531
28370
793
30717
40540
39017
47178
91072
89957
61748
67389
66576
260
79907
57993
55565
45525
19972
70972
80867
80622
68575
4534
16685
17791
9796
38876
64707
96910
15754
69054
49321
8804
71078
66143
31242
76424
15453
17594
7263
80725
8872
7488
60748
66403
97395
69906
70225
31377
42094
52820
13527
51256
33817
41641
47527
65364
41520
13224
53322
54607
51355
91517
68473
81899
28750
97142
5208
40551
15080
47567
39519
75054
72
17034
91672
76707
67712
96320
95002
40114
82594
12082
64500
22109
79350
84474
11847
14135
57776
15166
1058
82382
55357
64220
