7327
45694
60780
99468
93991
55126
81091
47239
15025
18082
4030
44613
88593
28341
19927
12244
89457
49342
69131
44535
84057
91588
73481
52601
42317
3055
51390
82865
66438
86636
44744
90449
32890
61186
14789
65048
32696
16774
22022
12138
8482
57657
19768
37054
58403
51562
81798
26084
80488
13778
65236
85471
59890
43334
93690
2571
10588
58852
95941
18740
57355
43641
61584
11223
32412
34258
52443
76428
78359
39414
9480
35294
72268
70055
77147
73678
74327
70588
29821
88528
42967
22700
6072
63590
29876
15042
12477
3162
43291
80225
94193
44889
33120
28871
27084
90167
81983
46424
17852
31074
54773
38849
24057
24822
69300
90677
55553
49738
18049
45988
