1739
40134
22202
44478
21805
73151
1356
2339
23583
58682
34643
37470
45058
68957
17716
55269
75973
34024
28146
38157
84386
27859
21128
85775
74919
27381
77122
42202
77683
69130
35263
51238
25961
10667
83256
41369
69301
358
20411
35763
51724
92170
45802
75312
25185
78973
54373
12654
84255
34023
16505
88853
97030
31653
83141
5878
754
84003
91648
79991
56692
89219
57408
28680
7124
34600
15660
91089
76862
79217
51773
30030
7863
60926
57170
21446
36607
39907
96931
61766
73052
40659
43923
90135
48833
16065
96536
20922
31748
79264
46008
34693
71612
47749
88681
15697
13644
21217
86858
72763
92530
986
86082
33596
37134
98118
11212
47486
80478
56527
15918
34412
40384
11062
12444
49212
85495
59959
91990
26548
80017
6230
14537
22629
25337
31028
75097
20780
37332
18974
91406
4301
90911
92575
55297
50717
76793
20308
17563
85177
26414
33434
15838
91109
18040
98092
83509
86289
2981
2005
6054
46255
80336
61605
71445
43265
27059
66875
34402
81453
33737
8485
3386
21372
90075
42853
17083
4112
17185
22799
78539
62765
64809
13634
40044
5443
89600
54760
18932
77982
93073
29917
97690
11895
19543
58939
56633
2674
45676
57639
6854
6362
21970
47853
35386
21792
47345
12555
4265
87575
18177
89889
20316
43906
12842
38691
68380
30629
71149
63986
79103
33316
27175
15368
92445
62735
47292
16854
64797
3065
15853
44251
7797
52237
22023
42581
37864
60119
85324
88503
22053
36301
94001
17384
61975
83461
87158
8278
31570
87711
15559
5215
53455
92369
85507
72188
28496
27191
87375
61963
74587
40897
35638
47525
29293
23315
54977
72460
90241
34152
76993
84653
8550
9600
51115
70977
70561
82597
58930
10237
48887
21442
69327
35850
9094
38311
79665
92328
10765
25935
73492
48178
5872
2254
88863
69744
47024
8070
34586
67982
41013
86352
70221
73565
72454
96306
65005
99675
82309
23061
73865
2812
65099
83380
24580
13594
67175
70418
73145
1396
62250
5726
41601
71658
25054
77108
5131
40233
77195
72388
92297
89458
72791
56344
38080
99852
62230
75203
98273
21008
75090
91308
55088
37887
58812
22786
61507
14668
24739
78558
78338
92042
4753
93071
86163
96223
73662
98389
63868
99616
85637
48817
47293
25813
22947
68919
86797
49631
28483
99507
50580
65248
87354
16595
9300
11435
93293
28488
88842
14968
73319
41013
94783
62726
11616
30375
93174
27839
76135
55381
61151
25050
11250
80416
99252
65659
2466
60223
32533
65630
16735
64708
21618
33167
17296
91249
68082
12810
4812
78701
86896
14803
87057
12517
70709
66856
7255
36138
53468
3645
66481
17904
1592
58257
87673
73718
38596
58740
11586
31258
41733
80705
60216
17411
23688
15809
96459
35217
74913
19218
98583
25528
41128
19354
75518
85234
79803
98483
40494
65959
31154
93085
26929
85276
89113
73451
55329
94336
52095
39307
18132
37656
65810
38363
55414
15667
6184
37342
88888
89940
71409
31138
22573
81129
94041
97684
13208
93807
53629
7793
74196
79817
48550
62209
18333
11898
78408
54643
64262
10316
88070
49679
29414
47899
10238
73124
54512
52327
37713
29398
89225
62728
32695
87948
89428
64375
24857
56262
61711
43506
92333
95323
47045
57832
58339
69831
15408
54191
56258
97465
36650
52681
90525
7515
99977
64380
1481
3282
66739
49353
56523
59028
46769
18614
45659
67567
69200
4063
88673
82627
63481
88366
12797
78149
7586
96676
81415
88880
60356
73943
22697
60610
47425
42999
70563
14318
47354
56412
87198
93442
20387
31201
87226
66293
57318
17997
65031
43966
11540
54916
45608
