83822
45393
92481
74937
27693
31973
54066
54679
60287
15264
42546
54991
4422
25588
44736
62388
19523
17978
60278
54572
69220
39833
62321
88841
9033
28213
65499
384
65330
74867
56443
10056
17374
98513
45755
87717
4027
95222
40456
27592
33080
64934
16133
46065
86017
36988
43719
71626
84816
47205
54271
1330
60500
91988
82416
12120
96701
94716
41625
70695
37028
21184
32488
17152
74061
98601
24522
31863
11719
69967
5109
65181
62772
80820
98271
77737
76352
98360
86780
61279
89680
3694
82715
48982
20778
18869
21332
18448
48641
92998
67853
77048
8848
16569
79769
36163
81955
79165
77827
99844
28350
76645
38069
5986
5447
53569
5177
10153
46564
72641
36618
26266
48433
84578
58262
87565
56276
7124
39698
86224
16832
95694
70518
59892
70190
52455
86676
22651
96352
32490
47637
13743
81330
66787
60254
57752
8745
83184
24680
91603
21410
25037
87760
34720
31426
69032
88131
74115
7653
33228
56853
492
82895
71481
38487
36230
96248
82212
94544
46215
16204
41132
90576
56235
18103
50137
27064
47194
67262
32191
22446
38813
15828
26155
75004
58078
89869
70885
31587
70859
81738
23486
18982
18418
44220
85245
71430
88071
61248
68574
83687
86866
9652
19980
93681
35538
65347
52263
55498
33976
20920
93922
91365
27682
49281
41169
8520
98529
23088
34468
83107
29564
73729
21527
96694
79269
27711
36586
88934
71667
65532
62020
40621
97318
69616
92720
815
144
31907
52602
55220
56255
42324
13470
86506
62750
2497
66821
20944
95895
56316
74880
62167
12355
58875
75879
65359
48887
18810
33167
25779
65056
68690
43690
71223
8560
78555
36270
76431
26147
48610
62261
90597
8847
532
45686
25297
61969
85819
8556
717
66661
30378
58857
71881
69362
22477
63467
61919
37897
20436
62266
69258
82005
14065
92299
15523
98857
26550
9939
40964
71489
71411
60871
21477
50186
60026
27139
17262
11596
92803
86912
79039
65859
59407
16461
54325
7304
56471
84040
8899
68034
15044
37147
10270
11266
45439
76524
4243
17749
10458
69357
42173
80531
46828
20623
2366
65847
53859
86918
89507
95432
77409
71345
57327
72429
81821
23743
41809
71322
70169
95358
19938
89695
45726
88814
43571
76110
45687
34170
73206
40010
34346
45660
78795
60157
19898
22285
37227
60433
73867
44235
28841
24546
30404
84200
8666
54048
64658
77626
24400
90474
52751
55752
97952
22809
43406
98350
19843
99721
54838
33976
17369
15224
73230
38118
32785
99388
64380
97607
26309
64302
88214
70358
64751
36161
41148
54290
27236
43919
33252
45343
52145
73241
21917
58279
63697
25131
76347
17112
93001
22428
42659
47004
67401
78822
26153
42881
74381
83384
87284
41738
74774
91815
91145
14813
64898
98295
92688
57263
90301
33312
67100
18153
90431
18455
72702
64246
45617
69614
68715
48113
7500
60224
48931
63604
61008
28463
75536
96456
85179
48602
29910
81369
18365
59883
25487
50290
99875
40363
62898
96097
39728
83996
70082
29833
90344
68449
90464
79432
72512
64727
40448
93275
15790
88593
33245
28352
98982
33762
28016
47060
17986
92802
70786
58580
16651
56675
2844
10815
76579
23607
61724
67658
351
9550
16147
77896
58915
51161
40332
42902
28143
88715
81255
15675
53055
75476
78364
18313
81387
19228
61843
56405
70392
44567
13195
61444
49313
88022
35238
33644
37892
26370
96438
73330
20202
31363
99943
81579
55936
95121
42554
91147
54170
15817
35216
60740
30592
48463
1868
6213
28060
87127
97005
9868
56585
94934
6790
19105
89907
18600
4163
71808
33574
66269
56411
68493
31279
99230
3250
26803
75734
25389
99213
14549
21413
79928
1726
21526
82398
25497
14590
12119
89575
42712
38539
15613
5734
80743
3069
78716
42612
54186
84233
55199
868
95519
33637
26123
48372
72391
36660
24561
97121
60482
82444
91896
39341
87738
57878
21158
94967
54953
65249
13352
11435
81304
38905
52608
54698
80465
39332
31837
77754
65384
67798
44690
85842
3415
97824
68618
30294
44625
88334
83157
76720
97454
61782
38111
23006
58294
15205
49800
60101
89484
7493
38632
77856
79319
72559
56664
25615
11295
42936
99643
41079
93093
65611
82267
13177
70329
77670
63533
63877
50545
78727
21894
69223
88712
28960
19636
24973
12887
87514
98721
43373
48851
7046
18881
24559
60194
52043
60973
34706
90240
16398
96675
69539
6591
80402
64098
54969
33836
66629
1563
74127
4787
59652
45950
63478
37176
3047
17097
52265
85836
749
98273
13560
3728
57282
3621
56585
97252
55131
53842
96211
70981
37979
1716
45417
5933
18976
23457
30467
48067
40053
56795
19959
52722
78645
43924
13399
97525
55129
17510
84645
75515
38202
42925
14977
20121
61075
61613
92577
93075
57313
32561
32766
78467
57377
1367
77651
43731
66778
5867
17034
87042
58951
51603
58900
9901
3858
50998
95719
92748
57793
99521
97749
12748
61276
29872
44533
49084
28133
26657
20350
25193
5827
37226
43763
98379
4897
4059
30330
47338
79168
26820
52704
68790
18199
67530
34285
14154
82471
36538
74623
46269
23011
45878
54594
28960
13726
87638
79750
14932
52901
85397
20755
28412
14235
44485
39424
88800
15941
25848
16011
86815
44659
55868
51093
1141
78690
4214
38675
986
76330
37512
52903
20050
83237
24339
62886
91091
12596
7062
96797
18262
29624
72363
72297
53517
39856
34608
44115
20803
27013
3829
60441
7155
51151
67525
49078
35948
56206
20821
31154
93818
38866
9931
18763
40463
49909
97712
93834
21450
5386
33450
83183
16719
91365
19676
86125
56925
9435
77644
27841
7824
4498
9340
82897
98905
33743
1717
60444
45334
5633
85847
90288
27808
61013
9163
1128
69614
64283
71418
83770
72519
96123
88914
24345
55262
57911
73338
46301
55052
37331
6637
48389
43633
20705
91579
9930
94290
82340
45385
61153
70852
70389
82761
19821
19531
51627
65317
48857
8195
39563
18864
46229
42372
33287
48735
73613
79009
54600
27087
47669
42726
80969
3830
85077
35498
94465
14678
87236
31882
33839
15403
84523
33174
50006
24905
65288
59639
25751
82040
3632
52262
44490
26077
62036
2508
54245
61588
81029
17944
78128
52969
27416
75342
30345
3890
79939
98208
25082
51769
53600
22979
94912
25845
69884
3088
