39411
69898
30315
96110
63553
93738
7
27361
40735
16529
5327
27808
66633
66451
1310
26272
44435
6007
66508
65272
98872
91882
17186
48158
74126
99571
37101
32760
89706
34705
79169
43044
17384
63062
54059
40735
14782
32940
1139
50058
99528
7724
21209
53945
19120
49584
29257
13193
37319
97237
10174
92074
31911
18095
16045
63833
10086
22820
24559
50916
13994
90864
4973
94680
40283
25280
75417
702
1970
22383
86861
24418
81393
22795
14545
57194
33452
6695
22004
7552
33998
85290
19799
54986
26684
73894
92633
36491
95833
18277
70810
59226
85951
28767
74536
77959
13347
26896
36423
41335
5611
9551
27125
72798
70940
53836
99662
55057
12921
64366
62394
15931
53069
8877
90359
9155
66675
76721
15967
53881
49183
97491
79025
28849
47953
18247
68920
3946
27847
13106
77135
63258
36200
90335
16508
55305
84389
76446
81411
32492
83209
39838
31957
85773
34070
5356
21822
55434
58916
77345
1
20506
42160
61507
9211
3438
94967
61601
93448
24513
88860
13793
22837
12303
82390
74832
67479
78504
70020
87349
33347
55003
13184
77704
36661
41871
6090
57212
33074
59917
89479
31609
35085
53090
61774
8146
6496
76314
71117
17054
23852
66586
80008
42517
67625
43819
44283
46126
21148
27384
41525
92971
4997
92797
83415
10172
65518
24196
49238
16147
84597
81570
436
36575
