50799
51636
26784
44425
28280
88032
99573
58890
33963
94923
16672
3155
25418
89598
22432
15251
25757
84568
88121
8663
98816
36717
93066
1093
85696
48293
38373
10209
88427
48293
32436
38798
61789
62168
28486
58256
78449
43280
82165
93696
92123
65962
94950
70749
41471
88367
28140
31673
20699
88529
65029
14570
81918
52447
47442
39093
26546
54914
11929
86029
48197
27700
41334
84196
30087
62041
84982
46841
28230
52659
5984
82450
90318
32257
29146
50206
95385
81902
78638
32155
9093
22356
26728
15316
6606
26644
3292
43023
72263
88604
23923
62408
64808
2115
55882
81094
94201
81217
76699
42418
7866
9395
10151
11888
94471
27238
76859
23186
85903
27089
77437
33549
50250
33743
11985
24867
23955
8742
23184
42843
45641
63635
78120
24739
85990
86622
14853
38920
8836
9804
69790
23595
58254
48242
73188
23421
33509
76970
92984
26251
92375
96995
41133
1870
44186
9946
57468
29848
36675
80870
41297
54738
61479
39428
55631
56577
66377
67084
46083
2837
83961
80571
16940
1734
43506
90903
63368
97954
62453
21763
65988
20356
25606
48804
29070
70821
55310
73156
91193
32534
88156
82492
96827
16698
37276
81837
85654
40736
27867
50968
97681
67214
33069
85591
75105
47864
34782
62637
6380
25426
28280
98349
92685
97827
26566
88695
48673
17368
4887
38118
34608
47691
20418
63086
61077
81793
49608
45836
40813
19605
97134
78306
42162
99223
89815
65488
29951
66918
57765
32519
37928
43174
7902
8815
49885
96836
70479
10120
95253
56230
30907
35024
25927
42614
94364
20312
79561
35457
2852
38724
24956
32509
72561
89174
94129
69124
37988
54915
31851
2312
65985
75748
47060
22906
77455
44290
66053
14137
94421
75093
45178
82300
71564
31129
72790
45169
41580
22131
47437
43417
90243
55411
59933
59828
94042
11970
88059
53563
2902
87495
71775
78582
87638
89518
74093
48343
80762
14267
89479
25916
67653
1337
85534
26535
57481
60764
32806
64780
21708
45524
8477
81423
23328
61172
93334
19178
22257
69183
27165
55420
15204
30082
76952
92996
30217
38131
53977
59817
8675
5227
53804
54513
77271
48644
43561
7193
91915
55622
19137
31278
82022
91118
77383
41688
30064
73649
77554
1559
10918
92460
15508
41620
81992
890
66024
37758
86563
12536
99625
39708
54330
95909
95772
91893
87046
25927
51994
29247
37731
25877
3713
3541
16992
76435
1321
8525
78063
62708
97996
69207
23337
24562
7734
91492
61063
50798
38099
5871
73900
1146
60540
65867
85818
1661
15927
78372
59613
90922
68838
23053
42662
3331
97479
72568
14612
81797
11226
82305
48196
9688
33422
9665
38539
4795
94207
83067
56858
87841
97226
29117
57420
31706
68350
18945
96330
65824
62802
77719
85054
61884
56687
3367
93104
42780
82100
4219
8553
49283
74010
41080
18458
19041
25795
35851
28774
90082
49247
68084
53985
98811
67180
53509
96688
87544
4834
42210
9385
39643
63868
99120
46139
43440
68875
48371
40936
86291
46772
82240
68955
85474
19580
82046
95483
27128
26309
60566
5225
19935
51043
46359
31928
99897
5106
15744
4331
99803
34710
53481
20649
41040
37794
85533
2000
12821
89201
56374
46043
28451
70063
3363
23047
48038
58860
26889
9011
45606
77650
22999
36330
82932
98703
39905
57962
35118
14150
21652
95850
92346
13688
48641
79730
84996
74906
5145
69551
153
86132
70487
35896
86430
87122
13716
24189
31427
77825
57681
21132
55213
43943
35602
50416
19516
93064
72488
62465
8597
88682
32850
5014
81404
10349
38716
85378
8672
53881
47529
3553
19618
16075
74236
52172
28391
59834
92519
12497
43145
10576
53223
85248
20065
29653
70523
49818
65684
8726
68422
24763
81194
84541
39007
65308
89643
82359
58252
15770
49211
68062
85844
32254
75111
47548
18435
32064
87248
28452
89543
917
24694
28216
16512
16303
3060
39886
46403
73619
73002
10280
71448
89890
23970
58900
4967
82440
17401
62674
36279
25921
42593
41429
84297
30873
70164
4451
8528
33875
24442
97352
32621
52892
32000
6415
15218
63381
13184
83166
23729
3263
52154
22189
22794
87651
1275
44641
63789
60840
10517
55766
30915
81843
95912
45095
95649
14025
22519
64231
97625
31720
2868
1381
12049
484
46177
77321
95798
14669
45206
49873
86256
62136
91082
71342
7832
27455
33762
20309
21799
73428
60016
54886
49468
91821
78589
99677
18721
42082
54307
10146
24500
56681
13770
35349
97493
9522
31609
41893
77813
62844
87898
60718
48909
95229
61473
43796
55936
88465
82821
24378
18097
50560
32324
53998
24037
74801
39031
76049
16376
34195
96882
46095
99542
49496
60254
62437
47267
88530
72651
6068
90381
85947
56178
61550
38594
33374
10769
89972
2519
35363
35388
50516
91030
84090
50251
43334
98394
43629
53828
61716
35771
91318
26464
73451
50794
68187
78812
51556
79520
50808
3453
36260
3145
61135
66732
35554
44468
55401
90392
69877
91508
20028
4668
62606
80089
9016
41664
19844
20481
24589
54896
16169
46706
71951
47485
60880
72752
4630
28616
37944
15363
8021
4073
59364
95479
64437
56012
59693
34209
41258
374
163
54001
63966
41133
10702
71427
34992
98278
