21722
83143
40418
90171
45849
60544
35084
45476
1812
55290
31648
343
67620
52053
24255
47042
10756
71697
79379
80732
12533
38647
28800
33264
52730
6222
80871
62440
90921
53696
36895
73046
52923
52703
52230
97396
82229
76473
31957
86728
94837
64768
23003
6312
93834
21491
89386
62599
68163
87111
29950
64310
16219
89268
69840
71855
28806
28845
84276
87344
37336
88881
73775
95482
8021
16260
76854
48525
28556
27876
1040
87383
1507
32809
10472
5084
47198
37274
42937
16537
31163
44982
91246
26730
46062
39654
46593
64473
65840
31529
98675
76079
10407
12379
51678
31157
45358
7277
99905
50938
85661
49422
19438
93200
63792
12391
63083
3582
5198
72913
1965
32686
45423
7380
38094
30764
45208
83553
32818
58519
192
28593
54900
74554
92300
36532
85741
97919
64490
48060
23631
53273
37429
56820
46327
94654
96509
77542
13512
99870
61140
45329
30099
62038
41080
11924
11296
46473
54721
74686
2949
76402
51818
77346
17179
19644
44721
6814
26744
75063
48489
33880
13196
88484
99220
28847
25579
91175
19984
60816
6144
74483
90691
92693
31564
83754
99123
99724
3751
45152
50634
78551
68464
33032
61637
3865
66916
28204
14293
16625
21625
46048
99971
62370
24798
67954
75055
7903
20591
74796
56163
1330
64985
63139
44264
18646
72327
58329
98192
60178
73870
212
79180
42734
17202
8416
58040
50075
80319
81029
2276
65783
82236
1581
81886
17846
29978
28547
82662
56845
57310
85907
96552
88461
6343
16035
96255
96662
50541
16204
32274
16104
62132
17883
64178
9056
2096
28174
4518
37027
91164
40379
39577
46289
50199
75189
64012
18779
21023
29691
12860
29626
14653
76197
93559
93441
2204
55767
40501
76172
85750
53912
75684
73343
38061
69850
31931
50110
77865
30613
95311
40950
20641
1145
52447
42639
14352
11559
81329
52677
10774
76917
8422
57130
63165
74864
96214
21547
29936
18824
75651
21608
58072
88134
11175
18003
77794
40417
73025
86018
55965
70242
12288
27923
94651
42713
65709
35892
14050
38809
51258
73636
53293
65165
93776
48118
89983
97513
46740
39748
35092
73642
64633
48046
86211
96626
43254
54688
12858
4982
41621
1716
41887
69239
65417
26382
99169
75579
18226
20920
89353
12755
80858
35198
64933
2043
38584
69755
29155
2860
79403
90393
87057
16950
73712
41709
86693
95503
71951
49717
75457
71390
11648
73834
85106
32488
20238
39409
33777
70271
1984
47328
19658
81469
11752
12179
95690
4142
27371
8132
78282
47565
95483
25072
84488
38608
63703
15259
52360
92444
62054
16657
54753
8098
5592
88303
56074
14454
21378
97214
16249
580
49230
81007
42685
91109
13419
25026
98567
53384
3927
6606
26208
76641
55807
25449
13466
27896
42022
52043
65308
93489
20025
62708
96448
51032
64606
3565
26375
81365
55637
71358
73271
23617
17187
60589
95596
27502
11104
26963
62580
55670
19996
69526
90113
79413
43082
62995
25665
46055
23957
36624
26554
86805
86737
46918
20219
21184
41542
80068
58297
65072
29662
23850
32932
80672
15191
17921
97977
41678
58981
70754
20769
55542
72387
66541
24902
26795
30488
7654
48960
47807
67193
69660
33626
46452
95911
14326
67987
27262
85392
43113
81479
80518
14120
15491
60399
417
12651
20157
79002
35598
81867
93186
21605
1844
7507
66982
29591
24682
15726
99798
54004
22654
43007
95017
88767
56506
73215
91978
16732
9760
34270
54882
72317
92305
21320
26674
99298
42423
88482
61769
20531
54113
50292
28753
41109
97659
6810
57388
87185
74125
76413
29939
72174
89830
29726
829
42729
24573
92928
91251
96440
13678
89579
5721
62426
69625
43813
43047
65376
39624
50334
37479
90208
68776
74024
80617
77158
51094
17598
63197
15526
42308
50658
81811
58228
1741
76605
61989
14157
39691
61923
7373
20843
97394
44073
16599
80453
21468
1274
16837
75797
72934
55925
153
78408
55843
29003
44614
99136
22895
95860
59839
80202
9260
42932
43195
64244
16386
89130
58396
35735
75148
69559
41994
71773
56862
43967
33625
28246
12705
25225
56050
4114
42532
7925
6372
1215
31506
12959
94036
8829
91010
57703
90412
7900
74346
91699
33192
45972
36824
89516
48218
71263
74006
71068
7712
24950
33446
6697
63686
38352
61263
18295
78277
65925
72199
3714
21499
30447
12844
74051
42952
79916
6578
53087
14808
76189
70081
8600
41477
86771
18518
35192
58135
37387
48358
30053
87436
85807
8568
2463
8300
97695
4360
85898
33578
24480
34478
60880
70962
21939
21678
44660
71498
32056
44971
3001
40389
169
49086
69169
92437
34616
73701
57731
62137
3388
53975
23883
92385
70074
99320
13571
91855
57403
39873
21535
29888
20883
74692
3180
54547
38058
17854
60636
86154
35712
91473
39955
40
82896
95477
20191
46587
71686
93286
1510
80305
47541
95985
65524
35254
96761
6790
21697
55221
75085
9087
24315
52857
47446
96407
51462
1565
15115
33953
42527
26015
31882
35914
99228
71054
67191
39877
92884
41519
94563
75159
62595
8383
1482
16499
94603
40060
79002
43061
3145
62859
44506
95409
85094
24022
27098
33805
45403
69028
17514
48113
7513
70685
57900
97446
13434
78800
50807
82639
72052
44110
43514
12432
47911
15197
11025
97812
73713
52681
76364
3040
7704
82832
12442
18531
44210
11533
37606
25700
38109
86633
96964
12788
35716
64535
10975
53528
11200
44019
13675
31601
13248
64881
27041
63949
59083
72973
13460
26347
12913
21866
88117
32028
80793
49403
90974
44306
37342
87413
95067
39804
75590
95952
7320
26128
31682
65838
