75400
14183
69318
89343
34854
82242
95061
42919
16693
55425
93880
87392
48331
81717
66319
81562
60573
11608
99939
18625
31737
83711
90220
77872
55955
12446
86868
40099
28283
49503
76282
36453
47289
68465
53498
19798
36223
91147
61254
70671
33593
84976
38219
28422
81953
46670
59238
77667
4732
33627
63320
86151
94919
50751
47213
86231
33670
70717
128
64251
39170
6562
96934
22464
40674
88859
96753
72998
30594
79997
67619
40058
29441
6324
83566
52629
2527
80153
84471
48976
18467
77982
95200
68735
95655
27136
72404
50150
38655
50219
10508
13697
4369
31791
95258
41095
60913
41335
98635
4151
78300
48609
49117
86035
45271
43502
16386
5239
55241
410
98175
77471
13270
22523
35653
11476
85892
43973
35191
33584
29653
65584
36319
3162
54630
39017
39621
91337
53017
35045
80622
61481
78686
36021
97315
9572
74270
23465
73930
1491
63413
43037
9804
84089
29981
73618
56168
85654
39959
79320
94922
99588
16702
12317
18762
31723
61662
13246
19229
80278
93666
98730
94954
46424
19805
62908
53861
17921
2759
77037
11634
35308
7934
49085
40168
92317
14654
91503
42009
30767
84271
88654
58982
81328
41475
53893
54579
88357
60660
88778
44608
5028
12530
97466
50652
86940
44005
78468
73841
4258
69007
60149
95940
8412
80091
46858
26869
71579
93872
54183
22561
76891
57613
70073
87639
93426
50910
22080
84773
24949
15798
15293
24804
74036
77697
9121
2074
61762
94664
58174
1014
50412
52183
20855
97660
11918
98950
95219
89202
60311
22704
73491
16942
38561
81416
16184
95700
80913
53008
85503
96028
81667
29559
79481
90870
95162
30918
31532
42481
58847
11198
6492
16288
55204
77598
52531
61535
94424
38537
82566
47964
10586
15292
9224
21759
94183
74306
22335
79710
42944
42182
25660
57264
14596
18683
94945
89220
72872
21041
32120
35531
57169
10646
27613
80124
5610
96257
31269
23793
78501
29022
66107
21548
53882
71843
25693
7551
12710
15657
48884
72493
53076
26801
35980
92350
77538
47070
83510
98637
43304
96086
64234
46402
54139
88602
84196
37133
85512
56453
69555
78576
81615
60254
64354
60872
36271
96069
80767
13483
7170
10146
21238
44885
53034
15838
93385
69231
28117
58966
14998
76315
82583
19914
85651
89030
84010
17724
87989
80631
13516
71220
51693
72371
5756
41111
26293
3577
17260
88018
69446
48075
66191
38172
35377
71034
34932
87236
26775
92281
7370
69446
49276
57241
23588
38173
50804
45167
8582
32509
64278
82732
37014
79690
10420
30407
44534
59784
66599
90256
86813
24560
66829
56626
87605
32423
17025
28101
76396
43159
46156
19567
58808
64228
43160
73408
20992
978
38121
85406
67398
25641
40037
80278
92600
83282
81509
78277
56909
40665
46384
56549
82592
71864
78654
90800
30455
40363
58694
47149
4108
43008
20797
26854
22678
50209
40363
55877
93547
86195
28960
24591
1546
86619
58911
93659
66435
32796
96301
81438
78634
55359
94550
45133
22309
36799
69592
1347
43260
47041
98223
74468
50773
14948
25972
9822
72736
27760
55747
15142
87244
61295
50628
76090
2046
99278
5838
21747
97042
29497
53194
3939
9169
13548
4708
30251
13641
58920
46063
54398
37478
73779
70958
58452
73989
98727
55762
70950
26155
72372
21919
79798
26844
61966
34883
60633
21281
71602
81199
72472
5516
17782
61469
82101
30397
76149
97966
66971
40936
93147
73876
92503
46469
89574
27828
93130
80974
90782
17285
8384
13967
45580
36211
78752
49298
26754
48718
87857
58133
17514
47606
97021
83021
83238
27403
46776
35012
28259
32160
97423
31526
37274
48976
11094
56231
39424
74446
75640
45688
51670
91701
73512
76043
13201
71535
51918
61407
29049
10541
71079
88876
82750
32081
64763
40036
74223
21811
71444
23900
76265
48186
42246
8751
84920
10695
56306
6204
72911
82015
77097
29654
78871
48023
94321
4957
17955
66633
58981
61647
76554
8748
32957
91862
65891
90386
71392
46288
33775
43140
26242
41478
8975
43839
89735
32018
11145
23152
14446
98184
21426
6191
51260
314
78767
99270
77941
4905
43744
77313
64447
29125
96646
70574
6984
92009
45991
52685
44183
70054
56746
7277
13492
53153
18739
49512
16469
93931
52063
93089
93363
4326
18206
87502
90195
63700
76208
78798
21884
97898
8142
48413
55465
70657
99238
38523
39088
33682
80136
1417
27022
45265
45579
28735
47010
70656
70015
2728
59937
25819
33823
51609
71835
183
88661
72402
26952
73806
11603
17383
44883
31237
96255
8120
74479
24638
79529
446
5962
10019
93671
70715
66375
28616
37854
2678
18560
29597
32539
77448
23422
49067
47784
85243
30983
27087
44064
56422
49157
49582
92487
82898
