21722
71510
35803
33978
54158
8597
96048
23063
5183
17041
97600
1205
59066
88260
39728
87015
17359
42367
37563
10047
64917
29243
78520
37280
44968
48374
6626
75023
71166
53852
57315
63196
97978
68819
5721
58890
27697
85769
79053
7859
91970
90873
58514
16159
81056
69435
56357
63917
27957
58287
91681
23120
63498
85127
75804
96317
49155
18058
97738
31340
20575
2987
1394
30734
29362
70091
79308
77945
72256
65873
87793
86428
51034
6128
3608
41534
41368
58769
3110
77891
76147
60129
60687
42566
94950
63943
56211
13976
85987
37284
13791
78531
24270
98419
72975
59040
62966
31628
62640
64677
84643
54524
53855
9449
15323
38391
12536
87953
77406
20112
10964
79991
58057
29407
34975
17262
21731
21082
20241
85095
46154
89658
34535
16245
28220
90304
80880
1159
85062
82472
64619
19051
82606
13819
61450
58258
20338
12443
35210
64391
82038
66903
5959
62032
43413
25559
61361
59748
45812
39206
23776
87828
76111
57759
18053
18853
61975
74535
68309
