34349
97299
51966
68512
47605
67242
8041
56107
55382
73992
39100
32903
87687
10455
11994
88572
73564
54147
16263
28594
71150
86464
55629
31801
70355
22874
43226
74873
46759
56133
2791
21032
79676
76726
98902
94055
20979
83614
47055
29867
56229
8219
33283
77221
7610
8693
1422
6625
42416
58433
50958
29134
48331
70215
71539
19538
74204
10153
39412
86564
40035
57642
59008
21567
73597
8870
83151
78228
33850
95485
63797
7153
22620
72826
40997
18621
59795
48900
39415
28263
99681
73920
38640
11961
31932
71997
10133
5335
64539
71253
18109
56712
29740
27108
89569
36770
77272
64171
88227
77034
62045
59268
90374
58389
13844
79328
21148
33109
48264
42701
61706
58753
30162
18605
87173
61588
83623
9566
85732
49623
86481
38415
20931
79660
98769
55432
17671
86356
35515
80178
12094
68491
88791
54269
70837
23507
75849
52175
84582
22228
85369
45256
92251
6158
5338
26594
60683
63832
85339
47719
98291
15737
90885
54332
31080
52898
33329
52467
88448
98371
57162
91543
19784
525
38579
78053
891
75303
75808
56671
42269
95185
15822
25721
90031
1658
70320
28756
94039
61412
14483
16498
85458
51309
29742
56247
17905
30945
77578
9870
95174
28842
43272
47716
45493
74974
52941
46407
36574
76124
75054
98975
22821
53562
90499
60638
10655
80528
91737
73519
94264
44107
92170
45621
23633
95144
38288
94174
32802
92821
84364
56829
3974
99782
81195
4742
3805
60447
94959
20980
1390
61449
38477
71734
95555
42867
48474
84591
66340
43275
8294
586
62410
88423
77932
68261
20269
59508
24872
19713
13041
80985
64803
12619
94969
83113
38210
81304
34610
77825
54058
19136
9947
88934
64372
72314
37859
78699
58251
99655
47136
98902
95898
98131
28665
59161
96554
21116
87229
5923
51523
27788
23433
23978
98967
84149
48648
95355
84816
61254
64601
12884
37486
9175
14152
57208
58866
31762
15372
56924
89418
3980
89429
80790
85908
11742
42767
62957
93539
57291
62130
78255
96282
50387
35424
54715
60888
17203
23894
87171
35159
6817
81517
15964
1214
5097
78156
30555
31555
27795
45616
52467
82575
92414
50928
20482
31249
93556
36299
57969
56870
81754
95849
86627
85875
52271
98215
38697
59532
24940
55215
70343
12561
7166
46412
16953
21821
43954
19287
55458
51989
57524
72827
56463
50445
11471
87427
40753
13510
64545
78487
96270
58595
70389
90690
80756
23283
10074
11803
76409
69098
97410
14053
83603
68328
54015
99730
98619
40990
93867
68530
46701
81124
98841
58873
54510
27734
19675
66357
18778
1512
19139
64354
60713
79210
32839
16032
51586
84197
59846
8170
23096
72238
69098
1171
83732
29761
79042
15054
19095
27077
74920
35436
55812
11199
20396
93172
88060
69557
13527
42529
69184
41707
52630
29893
2026
58479
19161
39114
68776
86700
19216
55537
80849
87418
89496
8986
31603
39116
10423
78193
48500
8077
54979
621
42124
55465
75358
830
55080
4356
13684
87024
56416
53172
30686
22132
60084
8481
48442
34023
11787
97874
18139
57355
31048
17281
42261
64351
11772
47112
81640
85030
51497
88614
80453
31324
46812
50620
53907
86716
91230
43440
72745
93809
87769
88781
170
57557
32516
84077
31653
87683
37258
78526
38673
56475
42005
56683
34412
53112
30967
53381
51922
24850
53283
646
64238
19760
97290
3965
49476
24279
55652
19752
72206
27575
38535
40277
9832
48350
91037
8010
19587
98008
64581
80068
53584
66170
79700
70607
53780
45345
89631
73477
93611
63086
52380
30155
96537
39674
83137
34054
25858
91719
75927
61945
80656
41957
44355
53846
56543
82636
23847
89721
94776
40406
81220
23673
58531
2131
19218
85666
48717
65666
9041
49745
36887
42071
68039
97638
42271
37676
243
84820
30920
61376
9220
57501
90019
1245
29562
41029
56649
77657
39016
26193
25105
36526
74880
65148
15099
68942
75715
96401
50441
38105
12737
69782
89581
44631
89388
85924
77080
42091
99076
17229
58388
91633
22468
11001
573
41737
48947
30266
69141
15243
86292
54875
50157
71584
80091
40225
48594
96070
87885
33948
54652
6576
19764
66369
35407
75414
45535
78951
84909
16213
94887
16190
590
29270
28899
89761
62202
4055
49733
31733
28876
10166
55863
61401
38629
15014
36109
66306
63025
30913
44198
12302
59057
34377
56892
50729
84332
26221
83939
23508
94742
71243
40267
