53479
86626
67353
68096
58218
43160
65865
58027
24129
36989
57618
56430
88747
18108
42330
29054
2327
19949
76973
39765
19687
74309
69888
63849
74201
62789
59566
87594
43572
97046
96118
2845
16442
39094
28274
85305
74026
10111
29926
51993
24080
9636
50805
48762
23888
82035
22282
82725
4967
87283
12985
31247
48981
2286
34537
52638
65783
79491
58127
15537
23380
35231
17664
79411
11100
60131
95640
64022
77197
3700
88141
41911
77834
11335
15680
30064
67849
8050
98019
51171
11933
66753
81561
43236
42255
58588
62720
99032
67217
81690
24636
46486
74215
91416
80895
56946
68822
53414
97557
84290
16211
49490
57559
63042
20909
19091
60791
89316
85040
26789
32529
1775
39384
7564
32787
45107
94986
68338
14514
37225
25883
298
24539
17833
23576
35076
5739
60376
63
62869
7703
60827
93954
34168
49364
36446
33853
59763
9957
44787
7883
96701
96588
5462
11486
46140
59109
7525
70226
58500
86300
3062
65561
56117
36877
74760
53204
67059
19750
39674
90761
65014
61004
62812
44492
50088
6814
24077
46984
38195
25915
46123
67192
66413
71753
21363
47834
22476
43716
13155
92308
70965
70866
3853
60211
31066
19886
24531
93014
27393
85794
94788
55706
20001
48284
94337
62451
76956
59535
77647
70142
43263
144
21574
83261
29512
483
29740
21656
73499
57664
27453
91791
83153
10456
32769
29320
76771
49192
40342
11962
41674
97083
12078
87157
99921
9750
74545
39624
49977
39356
34603
54329
79838
96078
31922
94865
41683
41200
27832
56922
58638
5320
20376
47414
72193
10950
30404
91687
24561
90541
63509
69489
58863
88650
86854
2762
31704
42547
65166
16701
88070
35772
13071
88364
80686
52296
7828
63454
30884
55546
26886
56236
33685
28719
61701
73743
53554
58036
83575
90580
27043
6241
89291
64134
58775
497
68358
50973
73046
49806
61202
94631
17046
81038
65028
94089
94912
31076
76588
74128
22772
20334
51420
95617
83013
49363
20921
15496
41045
31556
47695
80444
78999
532
53114
54659
31419
44792
4664
92989
11999
72996
11144
95440
12831
48615
49580
70852
72990
5919
83032
74837
43456
47350
86488
62829
37688
10782
22318
96377
46169
40505
44260
51352
44654
85967
95033
61087
53306
87083
60912
12588
60338
65805
56365
94548
12024
91160
75167
87805
89383
2108
38905
64696
14810
12883
24460
90838
60216
25792
74353
17988
19017
22374
36408
94596
26919
16119
10280
73381
66569
82926
99619
45199
43461
32718
74373
54562
1596
29255
85333
49639
66728
69841
87432
15311
34557
89769
696
9907
17073
50334
31186
33824
62096
19316
35756
33970
27222
10365
8884
22438
6636
39894
85673
62251
18588
97651
57884
24816
73509
20762
48651
55583
60172
73132
98422
29713
81698
50430
53355
18556
74986
48701
87949
16936
46008
28685
3203
45103
28838
63567
40574
9769
90301
44841
22260
24793
82075
84598
99585
60965
13344
73220
71350
46673
7816
72179
73651
12591
9391
31506
14962
67709
43793
5441
46116
43962
51323
63713
91579
14573
22503
7414
16642
98680
57441
77255
85311
78451
79359
45059
83110
77501
16371
53005
37020
72044
8935
75453
99553
26292
72581
35543
62017
93870
16876
34541
8559
55894
81760
96781
50556
74352
87834
77614
23947
65721
35875
33382
43805
8753
8467
7900
72721
84454
69529
30204
34346
33587
81757
38946
52071
28822
92684
94114
25039
29528
65051
72593
30650
20151
81188
89478
2108
29700
49949
71832
48599
83638
51041
26337
45113
85921
32204
43875
84840
54969
30877
45344
82754
4374
18772
93081
63086
52614
63136
89136
53313
12874
80935
32493
89774
86890
9261
47367
72507
90221
87553
55045
20670
91216
19894
58902
38989
64050
58178
68933
22183
19608
40835
98469
17841
47423
15342
55480
31792
15382
16824
51120
51880
16136
1491
62939
85003
95686
35754
97565
26585
9967
14336
42527
30398
93046
74896
43300
20705
84336
84864
57124
47507
22582
36321
35763
48979
61866
55016
26709
83717
89987
55826
34799
55005
37225
22326
29529
77483
7213
34144
40022
28666
84249
27777
38416
44360
38027
3297
24601
56397
40678
63574
61707
85888
71675
2256
27178
65601
15120
13251
9702
70263
66750
40118
37493
36513
60275
6919
88244
61270
25126
82240
54133
92365
29782
36289
94165
84119
37919
94453
21622
92001
13157
27574
32852
30688
64810
22488
48744
21745
60493
74336
27459
99557
92727
17940
15759
67797
35286
30034
68062
83825
95507
28936
15813
64489
40594
49736
81358
31068
50152
81160
18792
27453
96702
9959
77238
89864
87487
51764
64984
60066
2526
67998
6282
93913
34813
90462
51582
8444
18747
79820
94337
71424
85031
61037
20021
87781
79971
36798
39972
96591
54918
85618
40611
23426
10421
51428
28725
64559
9121
96503
67395
76992
61685
10911
85785
42303
65518
34827
30168
30417
14934
92586
34596
41982
68043
57237
55144
74448
4457
20438
92710
24945
35586
71351
50297
22967
93005
74527
37099
9390
17868
97216
49874
71
5253
87839
64015
61668
21795
95739
23853
87536
67205
71284
36432
1882
32337
70451
38336
73
33999
12978
26801
37737
22581
10931
14023
89755
