77999
92064
68039
87813
22885
26314
56734
2104
71455
6267
30341
36722
70026
91090
6189
30230
58279
67266
6362
32372
61574
34859
67819
95006
9313
26561
98784
3099
96748
94580
48265
65789
85028
18891
2185
28679
94877
38501
66651
66036
36304
42401
12834
3088
5199
86137
61368
79001
26550
24182
13430
22052
22919
90690
83406
61980
58038
10738
71396
8676
26714
77648
93366
55342
7816
74112
63484
47106
95977
25014
97884
87730
23377
91656
15260
68976
47167
12152
30888
19597
58453
81315
18094
2342
67474
96292
18169
55681
97174
48281
34516
92830
34356
4845
31096
21287
71853
1340
23285
38517
46434
97272
95409
80104
55529
53146
98483
53013
60651
21866
3968
88128
10492
36975
17564
