39427
27055
12111
51345
35451
12898
82851
24065
45489
5761
37972
77423
1726
8888
75178
74024
86360
99588
14278
75067
7793
87780
63648
1585
49513
35874
15566
24337
24358
83175
69840
55925
96794
69774
47797
92909
67809
34267
12528
55576
34102
36132
56770
1657
60483
12063
49268
29925
32620
28593
59784
54133
90021
34215
32495
28448
20329
59644
4587
1638
42726
72637
68704
67650
56568
10460
10728
3535
12504
54886
41347
8208
62506
4297
19436
50031
40813
20116
86551
19331
92018
88924
87850
37501
59818
24972
93213
75207
55818
5210
65463
99863
39307
22888
73171
47164
60049
18063
77166
95201
83432
97314
2809
25620
80469
213
90601
82676
96491
70691
71993
55320
27821
80423
31593
69657
88468
33953
26517
65471
41196
67071
23841
90039
37427
22098
92085
27200
41062
8968
22978
91134
45709
14753
58537
93423
2285
17263
35585
69276
92785
87559
50718
91210
12914
42568
18718
83668
56256
72023
59916
82022
2403
94336
51244
41150
83836
82388
54011
37500
41664
23072
66667
36224
2209
29378
45475
73151
11293
2715
40101
60889
35928
28053
72904
55601
52435
41369
70210
85052
21749
30908
59277
35225
12385
59391
59429
90288
17313
68839
42427
51303
28747
40013
84588
26182
36038
72949
12625
86992
30732
96712
81285
18340
43728
14062
46251
12947
94943
58500
73900
94594
84490
70849
20465
55825
15712
73802
42526
12249
70068
1712
79510
86761
39877
93103
37731
27070
63228
33354
61139
23437
92600
82832
4930
55409
38661
53273
34335
46778
79984
44390
40341
1077
12071
76760
67341
67759
93380
84805
77383
42113
72568
3015
82256
30821
401
46980
77865
27414
35815
25054
70334
59177
63828
15503
62344
83121
72342
15376
25303
61380
78804
7358
74696
76111
49964
19570
11513
92309
91644
6853
88678
59724
55385
