39209
60194
46308
83236
2685
37286
57845
65278
99950
2413
59924
14611
62997
57461
18318
70580
2784
93459
8497
5488
34829
61870
11074
18731
9077
55015
14269
17554
30885
77307
54553
41273
64513
34746
55822
76594
69014
73764
3699
79756
12324
22290
13584
8861
37192
64247
72395
99850
21201
27808
64052
85289
2675
63460
37800
93271
51193
75689
66916
30163
38202
44639
21753
97689
5452
37637
44637
95846
28685
98476
30510
65422
9560
82781
48942
51829
71121
87586
2936
55068
97402
81032
62125
95789
69453
61547
93121
33056
66046
3377
58488
73013
82647
7077
39262
51017
11428
74506
74249
62382
14996
38742
22274
61006
89828
86630
48539
75342
30027
50304
26801
31145
41456
40130
38883
93187
47546
83846
61349
62844
86602
64906
45107
96902
81942
62259
60643
578
23404
45766
71805
83268
41366
25399
65445
3476
29578
457
84406
58437
19453
47857
6109
76170
50400
50338
8683
34156
41556
18787
50218
89732
67718
96681
69827
44964
82561
52753
87627
98748
1043
41933
46199
53027
93625
99286
36518
47658
65787
48346
27586
31162
27240
21386
20586
77944
62881
9908
23735
15297
2435
36816
53568
97378
80135
83619
44323
20959
45854
49655
24340
67676
92217
43055
943
50345
21284
20928
37569
1694
85571
43127
17427
94909
78937
45535
80350
3862
18445
1527
74974
50495
40848
9909
47957
85293
74229
21379
8336
10369
69108
66258
62911
15063
69734
87503
12796
57986
39937
6242
6942
73923
77701
77603
31414
57210
91588
64948
50104
81396
82684
28547
73560
78398
88322
75804
88254
38925
93458
96372
74534
48823
37624
34964
19576
8739
86251
76561
17443
56067
89697
90654
68332
20362
11325
42736
47483
28120
95033
67436
56760
34119
17897
93374
80030
28397
51423
39790
34902
88045
25726
66893
34276
70189
31702
1074
59581
39660
46884
55459
70241
3644
44437
28570
63644
24294
95473
53273
32729
68379
5329
75249
69782
92552
63222
41605
43647
62246
37102
52506
46390
51373
7584
61508
29515
51924
61853
37637
51490
70332
36705
92531
21502
86086
1826
96727
40875
68930
65540
88561
96197
26407
8406
86522
20524
36318
88198
88611
43838
71245
73995
93575
62217
51849
7103
78523
88300
13500
88350
55108
78090
22308
28295
40631
60606
74028
42161
77170
55788
96373
91476
88674
96468
74906
814
89693
23730
15011
90375
85780
56643
71274
59016
58611
39728
84746
84556
92386
74892
60827
88650
91011
75638
9251
77498
71123
27821
78169
48711
55324
97230
96991
66273
16620
28157
29704
32287
41439
45512
4077
35315
30249
87408
17945
5900
67426
95147
78795
67996
68149
36576
21199
80099
83388
64123
79744
7825
18808
99882
56106
48939
92085
24798
72116
13695
63254
84869
47135
76763
14953
17353
45037
20475
26700
46011
82604
80183
85730
15461
50342
72306
4834
57221
85712
15090
8954
93404
87965
70310
63515
70948
88443
4922
35432
90678
74806
19542
31582
79449
59833
80006
23036
56916
66612
18239
35195
9837
28630
79360
56285
60912
17773
4120
54331
12075
52841
72487
58217
23040
21671
23424
72237
52252
79239
18834
31217
50839
27302
60265
38661
57335
2445
5939
19400
50586
80161
17234
42860
31593
72954
5335
70476
55819
20307
88703
86968
29547
77614
23544
91526
22200
12900
6291
32355
85672
46368
88957
47768
19170
80263
39631
53124
28480
59387
87879
32365
46777
51737
24512
60734
32752
55113
53056
83322
44995
12648
78144
18384
68427
18631
32269
39213
42824
22275
64227
30779
93781
28933
62336
53629
13866
47519
29546
61053
89587
30662
18521
77428
88656
85950
7928
