13235
32402
62814
85657
86240
88570
40311
89548
75933
61780
2986
94570
77169
39279
43715
93170
57950
30531
24292
69608
60345
83823
67288
69442
80826
1436
48320
92391
61993
84334
46961
45923
2051
71725
51144
60216
21310
55815
58382
95955
59855
60379
56848
8981
50998
5127
80091
48753
72169
3625
33067
37130
32580
66392
10759
27732
76788
39276
1612
98793
54679
68013
56216
558
88537
98966
60202
82478
69750
53006
53337
15177
70474
15111
65965
34299
55901
590
27093
35086
80360
65736
88212
35286
43922
68713
29906
24298
71124
36994
40456
18147
93280
429
17154
2561
46069
63546
89781
96725
97429
36898
22592
92354
38876
74486
40221
69045
6526
88709
76414
48620
39719
44172
81728
