80081
80925
62686
27536
93775
23214
49894
36936
67886
27675
28857
82378
84991
94814
86885
31363
12299
6051
7859
95409
88577
71493
47028
78980
80102
27760
57074
10797
62345
2490
54675
89673
76112
66846
46580
52194
640
70574
1818
63914
70919
97734
64531
35094
2593
88681
9934
62373
69020
82766
96247
72880
62038
37989
67654
22754
25535
64940
7700
25031
92726
97669
67121
72210
2118
96508
54289
14744
96458
11596
93869
2355
92484
34006
22303
38703
61802
68681
76643
89212
41883
12542
92527
45869
91748
56434
55986
25015
25455
21662
72050
7798
60792
5979
94761
88325
27985
29608
12970
89077
75204
6802
23505
36010
11678
77931
47193
46852
21100
30447
16863
18704
46285
96760
82557
88631
72221
73221
88786
73405
69795
7075
19224
87973
10682
38436
83568
83074
71372
9293
87619
60253
47807
76834
11059
63824
57550
11867
50149
22248
20707
10632
91293
17686
49545
80333
4874
19786
38086
1576
3552
8739
78552
82839
28488
81933
6563
499
90544
21140
87454
85336
96492
78236
74421
58850
66550
68040
8248
20665
14052
75689
70471
61474
58580
17663
51357
27053
68415
10104
13134
39888
76980
65449
71875
64617
86492
19636
17877
47576
80168
40644
83320
18555
51694
92245
6507
74146
30709
6146
98429
43706
42734
17507
38391
26646
37429
58241
20434
37018
41506
74796
54606
38466
75086
37627
76861
67665
15150
32135
86137
49760
95308
88299
170
66343
83685
51050
66428
18904
18944
86108
64318
66691
34780
37764
79292
11712
38162
64067
40388
90037
94499
84717
94651
47767
99660
30248
64442
46615
33204
50343
96242
86855
24977
75410
77134
51835
69953
59927
62508
34798
35350
19531
46242
67319
92397
56906
95706
74946
79534
83449
77362
80024
24182
20542
50441
41476
66064
8992
30191
7479
95109
48039
64113
15052
71305
91576
71020
88407
12675
36929
42448
5775
64557
67388
58092
26453
79299
27114
89157
15662
28313
49504
91493
66991
90674
9129
33347
45081
62732
96838
5887
52845
31530
18751
36272
15861
79295
66026
70951
38320
34709
34832
5561
60239
12124
61035
87950
19615
58239
96829
53280
58052
56672
62235
48080
65001
42209
79253
66545
81136
12648
79170
62989
28283
47665
78056
44763
10372
21439
19984
69019
70903
24419
1891
86034
22687
91216
17229
70286
55377
93681
50933
13328
3490
66173
40409
35536
35384
86150
71644
83678
28105
52467
90461
29887
98852
56356
47518
16829
38454
82059
15927
78316
12539
50562
66557
87131
66157
64613
9650
81634
84826
20579
71431
99355
99279
24765
19580
77392
83114
44204
12940
77168
12093
47208
98084
36716
63533
69560
60133
23749
47756
11512
74976
88058
43308
62095
93402
48371
46946
7309
51660
25540
34192
46128
49847
50147
95123
71274
55905
72340
86614
71318
9577
56108
74657
12100
68328
50584
33561
41244
68773
28708
76823
22340
66831
95296
89509
27198
15596
24467
9941
81200
80950
87252
89470
71293
75573
6987
34876
44226
80838
279
2594
5687
94166
94981
99218
99080
82142
19647
6611
20797
29192
26170
25078
85024
46727
18549
43125
73739
98360
87786
77039
60523
86104
96582
7132
70718
20871
78852
19954
67009
89944
29995
23020
84018
36015
89580
26150
89208
75076
66523
18812
70748
30777
55132
69029
32133
47547
2694
83266
13821
91310
88075
30203
8561
95500
15581
61953
3682
89680
8897
42189
50961
77253
55806
7294
98416
25791
57177
45159
67579
68796
25428
66765
82806
79614
26388
96352
32908
71756
63069
73247
16556
52674
69935
60123
57611
37281
70613
58245
98589
33909
89574
17416
8407
99215
48510
77032
26979
30515
51847
68203
56792
76485
47155
15517
96578
38119
57348
17580
56123
25178
63008
45812
33036
19383
68591
76347
24067
90634
28878
45031
17246
56430
87373
33227
33596
35956
1677
92615
20640
99010
3167
35704
65273
6273
39782
95385
77049
25208
56856
46012
6668
72035
47655
10481
62874
93701
71736
34111
90090
89217
16193
50688
89500
83008
63389
52012
39912
77618
76901
37241
85926
14309
93658
64714
7636
38689
24271
23116
6232
49437
62782
45030
97834
37484
81690
13979
44634
42007
93397
65024
22117
12870
11214
67570
6440
39783
12157
15142
89658
27547
79310
23789
7463
26288
14398
83628
92053
88789
25234
91952
78885
75590
92280
89793
96114
33040
91451
68544
90154
74484
11353
5065
31857
3559
17733
39557
20356
19550
64864
41672
67349
20
42536
88069
27016
48595
17127
42917
92312
36291
29936
17038
58727
92476
94113
10647
44690
82424
60865
24977
76106
70843
25147
43949
22933
27978
17064
86426
8981
40440
60653
68511
29725
69166
27684
69881
48628
61730
65675
66459
35046
4534
1498
81869
33229
74161
83160
28502
30381
99958
42575
30710
23645
90616
26084
92701
78499
87342
8999
43164
29144
6811
70964
52631
47116
50931
67990
78779
93422
88467
8375
61027
47278
72566
83740
65222
48232
7531
81446
15698
42411
88360
14217
41322
78511
85479
98569
862
91076
61855
73101
62362
93609
26318
14158
47473
49945
5745
56670
27855
55193
93064
75640
45885
66423
32953
31494
1774
30973
57059
59309
79677
83312
74796
60371
29200
53966
79316
13206
53001
68217
83888
55868
44547
82938
90399
89247
32158
63525
28211
35063
89391
42913
22097
84488
43470
74977
97288
65823
47451
79502
40774
65516
