3677
12346
97170
81562
74873
57456
41982
64148
4032
65936
50141
99484
66348
83309
21861
17693
68165
19662
61381
4645
71445
34589
30574
53935
66597
62246
39375
64234
49736
89238
76469
69152
95979
62125
97461
65925
58844
60788
32138
35727
52109
63991
70725
33048
23121
86600
45214
96034
93912
18208
19888
59330
36325
99779
36009
84479
92042
89776
16587
82016
94006
3890
88610
15766
84661
44385
53145
85968
10934
72180
94443
55880
50491
81449
64407
54683
22519
77450
64948
49110
62943
45246
34115
58843
48684
8948
92099
49680
39458
50342
78551
58838
54708
42651
10068
16489
30301
54121
80913
54977
67256
30764
32173
20518
47715
22588
29636
73966
6794
93255
92066
98986
1378
61891
74803
71668
88626
90573
5244
36260
5901
75591
15364
26265
31812
50930
54800
98145
71772
25397
35751
49110
62987
81859
65506
27283
32180
35120
55547
51322
43518
84624
26160
67570
8112
36254
9453
82813
88740
97232
28038
29292
5175
76693
30442
30963
86251
73391
44640
35911
36392
19920
89862
67294
71117
27691
96862
9777
31400
26469
55055
82158
89322
77873
62264
45059
80318
57971
91956
52503
98948
69302
28121
24407
94525
21335
77390
59724
56678
61997
47112
90484
9574
9949
17395
54154
33308
2522
99866
90917
96220
10224
31998
80490
56835
94071
97030
31860
55738
53861
9118
49057
72170
21966
78721
22642
33300
53135
19717
72087
28364
2472
60947
97561
55006
52204
72501
82557
87970
70431
129
78714
7847
89640
36511
23042
55355
22602
70862
44825
49597
53485
97134
80922
15244
98082
16551
69576
28006
93934
2238
21307
