72366
8919
10903
46082
79632
34956
84109
81706
87048
63832
89503
25822
80321
17607
23053
40619
58817
8926
19017
9086
11550
27878
30725
83906
61375
1028
90053
73488
78020
35372
78346
19753
77844
87400
76611
51832
15350
86549
81978
62154
84721
50768
39477
67622
81021
71918
93462
66626
49796
91120
2262
26623
50505
14146
51154
16605
75164
39165
34642
17273
11794
29421
71053
49412
51792
35392
17744
13781
9365
747
67181
79699
61588
69633
85773
41217
12511
65043
48870
28680
8976
56442
91882
7707
29589
84960
82531
49423
29394
9263
93763
15359
43008
19667
45952
88833
66996
62051
60066
5005
26014
6488
48408
62198
34835
50612
4900
51920
97061
49443
70589
51754
10023
51322
43830
32980
74815
67710
65527
72727
86536
69514
92666
91479
29771
54007
60694
56119
63563
66002
65111
80549
42924
2915
94084
22151
90030
91711
33175
52150
66260
1144
29774
3973
76857
93861
61195
71706
31930
41604
22594
38749
34345
29515
55798
73059
62273
83307
90116
21502
79616
59539
37805
74812
30253
51980
96777
78735
52069
97793
45353
19009
77268
7431
91878
40688
32048
9902
23854
3737
16193
52103
71532
96450
87334
76329
27732
83284
15640
54031
78402
51486
4135
3246
58275
4551
94069
66926
98068
70987
47858
26493
66339
24461
4605
952
13356
69260
21942
77708
97379
98880
16619
19069
88027
23387
56906
96198
48672
7106
32540
88422
52556
83291
21133
78186
33659
88346
80285
97914
82067
57845
66182
79410
99271
88150
95953
30886
86411
59308
61385
66346
49597
49148
98892
24450
31341
38477
69372
97451
1179
27864
95439
84458
45210
26923
88934
72094
47495
18069
82920
86409
24785
61355
66831
89731
66141
91817
15352
26961
29960
32476
8134
7504
22818
1313
70532
90629
54106
33003
64000
13068
29185
97163
69334
62452
3816
36685
41793
94991
60253
33760
92813
50628
78568
46912
23920
14470
95857
19517
23823
81764
69184
32941
30307
51933
13879
59173
84875
49144
40292
74725
63174
33209
34511
6227
68731
31956
67388
51807
88457
52663
85195
23786
69541
46783
53250
48548
15125
152
65843
85079
80221
27691
94613
5817
70432
10420
37750
53287
68698
72153
32476
14319
61820
77707
72515
16477
34072
33465
39789
11947
863
10876
91922
81248
84792
54548
58748
51152
78867
73642
59181
31976
7101
46807
70874
49614
46284
75710
11673
88117
32689
95737
98055
46908
63139
39393
62682
59134
40351
57139
1874
98007
42701
53026
83347
63861
75611
48305
35850
11141
48597
46016
75202
82677
5657
80364
39188
9812
17916
13003
49066
27558
52136
20149
37552
13691
194
71756
59494
86786
56046
41294
1858
39566
67631
31878
68015
90532
14837
64511
4600
24876
87135
32164
67472
60499
82712
96983
44254
50428
12260
53094
18119
14452
87016
27937
28841
13716
21566
53115
74481
64022
90833
81991
79294
48036
18189
3925
81517
16059
5975
23483
73688
30316
2856
1739
27765
39882
85828
71139
87809
58260
53030
45786
98644
45991
50787
59424
11321
79955
64501
37786
49538
61934
88064
46912
33025
45534
67088
13081
45228
18879
888
24153
23745
73649
80198
48180
29957
70338
37558
27928
78368
89281
277
70489
71914
23329
82815
21623
19015
81604
77149
93110
43192
11919
20503
89749
52939
20368
23506
52777
91931
35651
67506
40828
75472
9423
80862
7464
45407
34908
76309
82595
32594
98737
12537
9613
60849
60084
8664
26425
15187
44201
64626
41785
58199
16482
12817
14074
38298
66117
91702
90628
36030
46482
93509
60590
3249
10919
19791
24387
68769
63442
43745
2876
45785
89473
23164
8030
59065
67952
25475
42324
11996
17938
82268
38678
46749
90932
37392
26089
63366
59495
98918
52772
5102
55430
82062
76266
55739
76213
67889
82298
31080
51921
4258
77363
3043
55741
9158
15668
29581
56406
95438
78644
25787
87732
57750
79314
82716
68626
54320
37107
41434
57662
92409
65575
82520
75168
1078
30084
10977
92991
51037
57175
19370
50567
49259
73246
98719
12285
67603
67148
14692
19815
32409
86124
42430
1451
96588
7796
22901
92089
82714
25439
41959
82501
55871
1320
97515
78088
74899
85530
59150
3970
23378
9305
85590
61220
86676
15379
71438
24024
69935
66428
24452
52929
59159
55532
92110
33051
82989
58602
97007
48487
90341
2711
78273
99211
78324
46146
58451
56133
95264
42219
60674
17702
16987
89629
49946
12094
60124
74895
12178
73846
95333
8476
61481
78199
54372
98664
81536
36147
4203
47754
76108
11174
5138
55977
76390
43937
23231
30853
38300
94470
490
46467
41998
49076
95058
84418
58574
30080
38277
99016
6516
18504
84674
72998
37705
95232
10613
69569
1752
52642
28302
69111
11242
42117
34456
90693
33581
90202
70440
54330
1982
21708
43863
83008
66412
51906
54688
8296
31607
99281
54556
91866
37928
43109
16138
37292
43089
74867
53118
19650
60674
18068
72957
51957
