73554
77942
21886
28128
38619
51773
20923
50495
38573
71877
93491
55699
98794
69945
32467
64398
97644
51033
78858
20724
8106
37388
71501
74140
36811
68381
48014
42883
14526
32774
15903
79321
10870
86753
15909
87154
51670
92443
43293
7425
93237
77869
9247
21235
85426
7841
79966
44871
23420
7594
42198
8198
89802
46774
1229
71705
12907
25856
48299
43738
90300
27317
9152
24476
64429
18751
49964
28068
35244
28566
93957
85523
34560
40768
66695
11990
10658
28035
78726
64
84025
54346
62013
25258
4010
96046
98046
5182
97950
84857
50902
90340
96031
45001
12262
91112
62926
67306
80031
44793
23088
32940
6928
35405
45222
25362
55859
96160
13318
37928
36879
12059
75457
57584
92147
61606
72138
84360
98133
57411
84305
59340
97188
88015
21119
41694
30007
11201
57517
63746
48541
1265
75259
44054
97096
29172
87555
84831
14030
98391
4701
11176
31964
1744
13629
67265
82939
13464
83724
3283
88925
6366
95371
48691
28779
80326
98330
77494
2789
84549
63661
20273
17849
86470
55149
66317
47631
17952
11415
59886
66100
99875
35889
75899
92094
75314
54242
13009
39131
51271
82624
20002
69644
74113
84936
79031
34602
39161
59604
32961
67967
91959
98782
68735
88013
80488
23805
78297
91449
36573
71443
2301
71431
4177
5475
31007
23252
81671
93348
51914
924
31330
43734
14587
70218
9947
80697
34003
73273
54461
94459
25602
89901
9907
7361
25091
541
94877
51231
12861
58092
30743
88314
49952
21157
78664
61740
39362
45129
57281
89320
44969
77404
80286
15161
4503
87536
76938
51677
7210
79189
81675
68095
43021
36236
7009
97067
49986
83939
11085
4807
98916
24912
96349
78286
16915
91285
70516
20899
48929
26739
91719
76277
41684
56213
43617
59051
41321
59437
27887
88399
70493
37316
58318
25369
69048
48266
79732
19595
29773
87398
53513
70666
48485
64144
32582
91700
51352
53103
67855
95418
28038
22261
31627
40870
79166
92879
73318
8505
52578
56021
8293
81656
46192
28025
11531
97761
14205
49172
15349
65850
3987
12756
92717
41255
58117
48724
87504
36712
11157
18680
49316
37067
69404
36638
52404
25370
91762
97236
97499
14008
26850
50747
86400
71848
2512
29865
32311
41893
78981
88283
24210
91318
37781
63938
80530
30411
6958
44643
1328
21301
98130
8717
8799
85268
59526
23368
44646
48910
5283
682
72196
67221
47640
67271
81417
27145
14369
6163
92520
26016
48366
67651
79596
34095
28268
89821
73549
98502
60723
31866
56321
51206
97601
28821
90152
41638
86720
56211
14847
39295
11716
7415
28799
16323
39187
98506
32659
87755
53760
25623
34215
35975
10148
62457
75493
72904
50894
58763
95891
83886
32110
61592
42981
57923
74298
81550
59592
34363
30823
29103
22356
33700
89180
99830
92184
92351
91868
79608
21292
41162
86841
88460
98223
79813
77929
17822
38148
36569
99965
54530
52462
6657
89023
54863
60069
42323
11341
8225
38101
49663
54132
64047
99760
5111
6255
25698
99794
77622
53304
61744
7321
40358
80536
31873
76000
87603
87506
69045
6914
99830
78878
51802
11696
82653
10434
66754
1581
82668
58472
14949
47696
6106
30866
57067
4489
58261
64280
18201
5730
9689
50414
91360
33254
80099
85156
65355
95426
71027
17650
40864
78781
36591
77213
78456
66885
97915
95231
91252
18771
83067
60486
55605
20290
13452
95036
19288
73530
72743
50212
95982
16013
27206
37490
86058
36154
19407
70842
10888
95254
85599
13302
68436
64683
98398
16812
50531
51523
27289
44476
91922
82953
46875
945
98614
41132
90074
24662
83804
50664
76686
11909
51701
16962
79548
24998
33346
31566
10123
42005
62977
17101
10911
77405
4792
38899
58132
96290
90819
44264
32131
11933
66299
52368
18126
40547
58088
63087
70443
93064
82499
12447
3364
48064
95426
75712
56172
46210
26748
51060
46181
39362
35303
24740
2395
55594
41412
98924
55351
57740
98829
63476
3167
31897
85293
79847
52358
57399
75301
42707
57057
36240
72046
36623
3530
28938
46999
89961
25561
87053
45690
95844
4128
85511
43251
4766
99080
76437
41754
45894
10715
95156
26819
34258
60531
7575
20897
8459
71146
7716
88175
8851
62053
85318
85374
35465
49410
15344
90222
14879
71848
18894
51610
89813
42484
14083
91756
93299
23055
73089
69639
88729
20819
524
7527
1876
36776
80905
21791
36099
92756
99421
7332
31657
45537
17202
15307
63909
85002
75895
29302
73947
83864
54732
54139
85512
53076
24152
10437
19946
24467
5359
65824
74034
47598
54251
70689
30948
31696
6829
81537
40370
81997
72387
63719
92379
55517
41251
91792
92279
83520
68576
15374
83370
55603
94367
68224
1282
48997
75502
26645
5511
20832
10809
70051
10157
15440
97254
92379
68484
73060
78689
83817
72278
40155
58895
26431
13887
93557
54465
70330
92385
54574
1881
12791
81133
65166
13099
54378
6202
42282
8878
15666
2361
94288
51247
85215
67890
91474
45984
23599
25674
93673
10794
10847
10152
22774
63533
74243
59192
2413
58130
66152
78258
34850
8067
85135
20158
97666
13761
73879
36153
11635
53818
94806
55672
47731
86833
53131
52019
57065
66768
32967
71067
78703
14369
4515
90661
95538
56649
66871
66791
26499
59360
29996
27223
32962
71635
30564
75435
92187
42738
84763
68914
94304
9742
33664
80517
812
61792
4668
57600
48518
23853
89041
61921
74188
34853
53023
38188
