39196
55128
6336
88145
97797
23408
11139
6947
54523
45918
30133
31527
67158
86560
63337
74165
51290
4409
1391
86951
41206
36114
61144
11632
5085
74768
79134
62685
11626
3756
28715
5904
27695
67652
95382
32660
8642
41270
11788
17281
45008
34113
29240
33307
82941
39703
64158
70129
13489
8529
56042
65768
22742
21524
56262
68209
46178
95872
66662
50405
37748
14777
63319
67286
36232
39682
16934
4079
54448
74374
64617
88196
55414
13155
95711
63595
8057
24931
7404
34521
74888
94913
51089
31864
32495
37025
59438
51956
93405
7977
78204
24125
68661
40650
93045
52039
87191
75364
96626
38145
86821
53705
98180
51169
65161
31161
6350
20721
58861
49011
569
64050
52247
89598
24470
54539
9821
71197
67433
3739
44527
45203
13917
1654
11284
52375
38652
9330
4488
29252
32621
42636
64883
61203
84
25192
89069
35899
39404
53255
30582
81069
79582
90662
97986
88516
44654
86688
22814
27896
40848
8220
48948
50103
51664
96935
35049
53438
2213
6162
62715
16965
27738
82084
48678
15617
77667
5090
44905
94484
46461
42380
57186
97154
10345
77517
86183
26174
1577
14285
86511
40129
29763
12200
40664
18845
27686
9702
65510
83852
61006
99271
86972
86362
36725
13698
24561
86133
81428
12569
47109
34140
69039
7235
95098
62812
46127
28331
52767
36090
42060
78771
53536
60963
72212
23758
85338
27444
36494
44591
11850
67527
95415
79116
66395
67199
73031
97889
57108
92718
57276
2814
97260
98460
57972
98719
14305
17504
88882
92294
27040
45776
28337
57414
27855
40823
89685
84269
64243
5773
23887
57579
6154
42773
60902
49495
31216
30934
398
4807
99648
23696
45444
62073
30652
63968
69187
94753
63144
20524
49162
41706
36943
88707
42280
86020
93790
79218
77252
38146
5429
50565
27633
21181
85653
16105
78450
61020
25713
48717
68511
36182
87841
2073
56239
81600
3057
77484
29849
54582
26174
90715
373
79642
96153
89009
31162
28623
50960
60487
75557
49575
78103
31815
2806
66183
3580
80036
26307
28613
89054
85650
66014
70836
9153
35544
72015
20238
27115
14218
65430
54359
76553
78570
83786
51056
73387
80088
99083
28133
27767
72411
70029
42417
83622
92177
69305
67916
28291
69784
27931
32407
57707
55029
49649
29687
36511
25887
82496
60699
36049
58993
63158
58908
32343
73095
69583
39436
76346
8574
98429
32583
1228
51224
4823
57850
52634
98434
17899
20965
55963
41642
60058
70517
41202
57952
66946
30159
74491
21812
89949
18692
53928
34693
63826
93959
12504
50547
16797
618
86874
38142
28463
68496
78215
18189
92810
5779
27578
1732
21069
98373
94032
39754
25336
9567
98483
50987
18669
71211
5313
7963
43856
61829
27375
88022
37099
13329
20836
93374
88486
41823
7411
65394
36626
51549
52730
12331
46114
12392
67348
78525
34540
91370
6833
43547
80036
20765
86708
44924
15489
13532
25835
96864
31438
62230
64200
69296
15485
58869
73848
20367
97864
42906
99972
76765
49099
77263
24376
73408
30327
99255
24149
63282
52158
157
54856
30111
57352
84969
22785
38124
32373
78280
15421
82940
29575
54260
16840
20219
7724
22853
90035
71800
11975
63655
16518
21392
26711
30349
71050
5697
47476
1864
27432
42377
12830
33045
68305
69624
34416
18777
85627
84278
9987
55080
8438
23795
10757
88326
44562
39798
60605
55921
29487
84257
68708
39367
29396
50953
42943
22669
88803
57636
53954
76685
7794
2284
95247
67173
49262
26501
210
30942
35884
94923
10058
53726
38921
30234
34117
94742
73058
43881
82658
93169
39558
29883
27346
87663
10612
51630
17142
5242
2199
66603
56789
15855
76527
43329
17463
3437
68116
81758
62707
87643
71021
8617
22168
63235
52279
30443
48550
64814
94111
77352
17169
59580
33878
66767
14245
19522
95212
77391
72009
18389
60110
44359
21937
87916
51180
63456
77793
27278
47385
75803
74124
60603
23607
49422
16561
39907
3273
12603
17845
14185
11598
22241
92610
39578
70061
69924
75234
22056
92712
65761
18304
28665
56601
57388
87057
16903
84486
8076
34790
98900
58196
67450
2266
95612
3491
72821
68607
46697
12805
18639
55576
43373
55797
46834
18604
76553
91119
78322
13068
27142
65799
56345
54768
51569
88339
63149
11297
63891
78916
98771
82956
96613
23590
70435
62721
25865
10290
52339
35939
5342
85265
7402
8006
64322
30761
82039
76296
64461
63979
69438
99523
34279
17990
51359
62824
48721
28669
27697
99272
8043
78164
55176
20909
6900
77533
58465
91595
88542
81702
25082
39701
35483
55134
2270
52043
56714
64997
65383
64863
18019
33844
9616
10106
58923
88565
70357
52181
73321
63441
16312
49777
73571
74895
20720
34187
62980
79233
23642
50254
98868
11612
65633
59974
58373
38782
91688
43177
53168
70769
68827
45737
83074
82473
82494
38206
9599
24856
48543
39143
65539
71572
80273
9494
62432
61955
47715
21274
44442
7830
99441
41634
28816
191
19992
8023
39864
81670
78617
71490
586
60052
69241
89610
22839
50778
8999
55035
45661
8963
51483
53977
64410
8203
69993
35566
35604
84418
59130
69264
86256
63174
32991
64608
24840
72393
67751
58426
39261
48130
291
7260
24078
77825
62850
88690
56968
36490
75087
51063
87783
15320
79834
33652
73371
11251
2364
36437
87468
24357
65770
69260
16368
96496
55267
48254
79795
76339
82851
35936
62006
7914
18491
78769
19020
66164
77181
30811
28542
95539
65033
83304
46772
78387
12899
971
26121
731
1872
67065
21208
42945
55914
21863
42362
62120
12077
80733
33702
8902
14515
44276
28276
25134
22443
87840
83909
17570
94966
38507
64895
59891
49914
77508
39966
97758
56268
74928
69151
78924
28129
57902
21420
5755
26824
17215
21622
97312
74702
81348
72833
66537
50513
46965
26340
92289
43091
18844
3408
92640
53360
97009
70313
9767
59276
15894
27203
89807
39467
8485
10018
73342
14462
57111
30763
28232
78091
24874
46382
28055
6117
15126
