57810
79322
18364
34183
8005
44654
76301
45862
88515
20392
19542
46316
12487
62413
34743
10637
69481
32805
48956
78610
62685
9641
32620
31645
46367
64649
17705
60162
4681
71146
9681
17311
41349
29099
63170
66025
48369
12339
86675
91608
12251
97301
74295
32667
14027
50203
39694
24768
68968
7140
3815
18265
80764
53424
73033
19343
94264
35828
38342
90752
17658
80683
1364
25672
61819
65152
72749
49981
13395
21539
7357
47680
33972
51513
51046
5562
88990
3034
1623
93344
86787
82915
10519
94933
85471
57556
18765
72183
33102
39399
65223
67235
81284
91169
18219
1262
21262
38546
24854
10181
19828
41611
43815
74936
2938
77951
74432
44311
17514
47359
40425
5890
89894
91960
27665
48402
76135
66395
61126
12859
23716
90472
18615
66843
896
66125
32376
29753
39455
99145
71494
64381
11408
32660
967
55316
65211
64964
13454
22735
97292
38566
64885
79850
2018
30433
68873
7118
31561
41757
93659
72685
78876
22709
59432
46548
16164
64379
86497
8418
82548
34350
7262
52186
56329
92684
93044
30670
62721
21711
90036
77035
84450
12493
61728
36121
66617
93791
95774
19133
70085
88056
13101
92003
34658
88188
31793
34331
82965
47166
89716
98898
23578
62659
84369
40212
20723
94445
85566
60168
16873
78493
87539
12817
12973
30931
52448
59628
30275
28473
27303
77243
83586
91962
52178
37908
7562
4471
41390
14927
72160
62651
42889
18461
67755
30143
98939
13059
86644
73119
78480
75870
7567
89234
8788
96130
98955
85110
92775
16359
40525
78150
16468
78911
17892
10912
97895
70724
13632
4175
80917
25966
7068
99962
9924
92302
60807
50189
7822
67874
25646
25547
62151
36349
94624
96346
26345
66386
16561
38914
11128
26288
15143
6023
25677
52280
44675
36864
57532
3508
61296
72556
5508
81481
99352
59809
79702
1940
4774
37934
33027
66942
62400
20319
90935
97107
19951
5291
22405
53107
45675
41412
89561
9847
2651
61540
67306
84191
57128
27317
5484
72717
12212
49436
41960
1897
85434
44674
7728
94963
87139
90316
93239
8041
53191
57556
11007
91928
77109
25388
86338
34888
50659
458
99625
33665
94005
93040
72005
42307
28656
2778
544
44492
61347
23923
62334
15198
23865
98707
19802
14086
34292
27483
89104
28284
66128
75698
17717
66035
19352
44706
47268
12768
84643
42434
67434
25909
38465
72840
86283
18132
35076
10953
90851
84332
15585
37237
31436
35075
93845
96631
28853
22937
94952
99074
76728
24025
82969
16305
33995
42994
76440
88266
35507
46465
15292
2680
43015
32570
96932
75650
7932
8939
43392
65937
60534
68511
34655
24817
83478
73599
38710
84122
99080
83344
23852
67591
69459
62241
58302
51132
58643
86656
87380
49044
56093
34635
98063
88747
22472
74649
79023
99780
37684
46718
67140
86769
82055
61177
66257
48828
25968
33516
92456
51430
62826
87857
57072
80992
87526
4060
39782
92372
48153
92722
22419
83904
29278
64562
52625
49296
99580
83751
48374
95552
83284
11830
34589
25289
26466
6321
35811
61661
1093
80508
51893
47605
71039
17023
246
46560
19376
56202
54247
4958
37142
31519
25427
42445
55436
87196
62835
28713
61029
90021
26733
95526
45321
96671
87443
1501
31691
15942
33201
95766
78014
46458
90689
63249
99561
72092
3188
82653
1188
68011
29455
33400
47258
36567
69187
95333
10092
10878
35136
19758
61820
74712
46156
21881
54532
96723
66005
12677
67225
12071
78419
53352
56087
27205
31458
96732
15571
91888
13854
37148
33262
16672
11632
7149
61282
32256
8723
2346
43295
34381
22530
58159
46168
24877
2756
34204
57937
9621
99226
27100
64126
35948
59606
73992
41667
77299
26231
47699
59650
7182
4196
21773
25484
7863
59831
55033
12261
71455
5769
64539
80225
99879
7091
80388
38192
82484
64015
59896
41640
26691
85465
69033
94846
20381
41461
9176
17865
45580
42470
69521
6872
9264
2676
89518
79714
5627
80943
70929
69632
60509
50391
94094
88283
29503
50323
53661
49022
91013
12508
23232
60852
9487
54108
60583
90013
90666
66386
