71193
97723
70355
16800
56749
49581
88393
75481
68569
9705
12767
74786
83745
58091
1932
71408
15639
38292
55909
29182
58722
8332
31351
97831
97124
1852
30652
48309
1532
55184
41824
13112
77519
19542
32304
20385
2202
13411
97455
66850
8828
77454
34253
81994
25872
21489
54387
51918
52283
95452
1417
22618
42105
42025
92174
12161
84218
2711
73441
87780
67598
75556
27957
70732
49916
11142
63073
38309
42805
1958
11939
67275
52910
37994
44549
20984
74509
40080
5638
64726
20191
47170
58097
10319
25080
18185
38104
96104
73060
74908
37910
39346
66277
79044
47249
86635
34010
86373
20190
22528
24524
62524
11004
53816
67003
80834
35384
78104
50797
21404
35770
67748
414
68023
25921
39650
83223
76695
78425
49682
75799
19753
80743
8993
52821
35840
52336
89032
7301
13643
96110
61017
88648
59446
70585
77428
95652
67578
43527
42526
19420
84990
87311
94762
8101
50284
95381
13584
98440
28858
97960
50418
53888
67567
64381
16247
62475
91741
38692
75194
47428
1140
64791
6257
59185
84220
34992
87895
6368
24200
20748
3225
1544
59554
1238
10451
54278
23689
35433
1152
64442
48388
26513
94951
80496
58633
19232
31014
39991
12470
77894
23146
10314
48449
65935
28591
23335
82655
36034
549
35470
35518
33552
86659
21226
36823
73552
50591
63087
65331
85735
96663
68048
53083
45820
70586
9163
7687
98282
61543
20227
42713
60317
19509
77546
74735
27908
32651
44256
95263
26480
38181
95402
71573
94715
23021
5370
63179
9820
44765
51168
49007
37166
36966
66851
27282
17249
481
87275
84467
83461
76184
79148
97350
14359
22616
2540
92200
56148
44015
39278
20233
53497
90863
88408
16026
48256
17086
53898
42210
3813
97894
48439
86090
69144
66396
77813
64579
49825
78418
31643
9722
4722
73588
60244
88478
4233
46790
72709
75578
96963
6441
58571
68619
45719
79299
35301
90837
54391
22216
77312
44696
80365
51053
21100
15584
26604
24197
69686
71775
79062
50903
8121
89347
6973
2957
98106
3883
66788
64327
10015
25756
64712
76753
37962
3427
6235
93610
48904
5906
73312
22495
65441
29089
89211
22991
6629
12397
56181
98191
32749
