21315
42712
35597
57406
98137
28291
82590
50061
53836
1051
68784
10668
4087
94963
90669
27010
46798
5116
84493
30044
32834
27799
7715
65355
84125
43614
99128
95940
16165
81424
49491
65691
30803
94842
56580
5949
87911
64396
67231
21494
47696
98045
81178
5781
65531
41622
26837
38725
35640
94746
49385
92469
74684
70310
58595
73141
39375
51586
84672
31035
97856
17294
57932
38024
52076
22931
95126
21429
55282
95730
83579
69989
75212
55644
82854
86909
28158
38697
69207
31954
34513
53635
19420
84515
2964
29516
68040
11311
4555
57977
91352
95568
62099
71843
25313
27969
65854
71128
9672
52972
71413
1861
90106
59743
77688
55376
81690
21887
50415
5623
13487
73041
58480
46752
36124
28657
20143
30282
30460
22528
21316
45184
88386
53127
85713
29462
51796
11454
7199
90789
38268
58976
87722
96916
11996
15540
79090
21207
16348
51049
48297
11618
59217
23075
9011
47735
55928
47648
89168
95621
55600
36040
9163
3739
50619
34217
77102
14918
17302
90207
58182
37626
68812
94205
50638
56341
88310
72134
14622
43823
11747
28167
90149
83254
1663
64948
38999
42427
54291
49875
30125
97209
36714
34655
34582
3173
42358
96482
17802
94457
80912
43360
25715
85786
57783
34108
46595
94267
90739
94312
42130
61121
22342
97123
85997
8784
40805
84638
62207
86722
91314
61829
29165
57559
68477
60751
11427
47442
42884
30297
94573
36189
5199
90133
11407
15516
67444
1855
92098
38329
83359
71505
44128
39789
20094
18547
20456
841
38663
99410
23288
89033
30780
699
60954
19682
83807
93214
95025
35804
49008
59327
73060
87761
49266
94408
61523
89402
22024
43303
65649
26928
72865
9639
10089
73816
85327
48513
40659
42351
77347
23284
19118
16871
53919
85191
63228
43290
48360
64395
48941
30837
73619
78551
57419
20059
26966
2664
79068
54897
29635
70626
66468
900
40188
13926
49599
83250
35340
47961
61697
11883
18337
80252
50526
58164
39323
79710
46227
9129
26532
15128
57177
50167
25454
5079
69785
31242
72893
78759
64035
10189
49423
36384
85665
24873
35793
57429
72119
61499
82911
46615
36275
65772
95771
61166
82843
94996
37440
38350
25861
33418
48722
53783
6151
85629
24587
21673
51413
77675
48005
3837
1027
73061
91797
83305
60071
87397
37464
39277
4210
56183
40085
93993
81663
73115
2642
14162
18677
7048
54089
47300
50736
89663
14388
22605
20444
89330
11554
85532
90690
74951
61707
77609
31001
22947
67070
4415
92
49457
6605
10522
48604
71621
98857
41370
89897
55203
71378
19449
81987
5161
48414
75701
61608
16795
78441
8779
52659
13989
6143
47880
93749
90202
79767
7911
56847
95073
42580
16668
29480
54989
72215
81823
51033
87771
15957
91450
48159
86831
24860
11219
59521
30760
71154
46693
44139
19239
50040
92983
9331
20828
53847
85414
12380
76322
4190
19835
58949
24103
87729
15041
90758
20031
60720
96784
98726
23667
60788
39850
39910
50033
71967
6281
73536
76183
72005
55963
48943
58507
99163
70046
23230
12073
13377
19496
69501
71481
49431
65520
59168
12689
62971
16844
98694
97668
50739
37311
69060
50050
65908
89378
22664
11971
90632
3186
45934
91658
45641
