9782
10065
65394
46390
58093
45930
24236
26518
85875
60211
30144
24735
14224
64027
67414
92402
52931
85443
98887
41461
17789
75203
89239
86942
79866
71460
81867
93301
55211
9243
49665
98662
48292
16237
95040
85455
93991
60136
78429
10204
96977
42392
59808
57872
29896
45971
16850
91927
67876
50260
98740
65329
45149
94309
1087
76960
28033
35829
54603
86814
38837
18060
31854
57175
6416
42373
46890
61412
15661
12935
4056
78155
11210
9603
98123
83
11684
81154
12233
1005
3555
50819
91471
94854
60923
4982
40629
35879
6691
58267
63808
84256
38614
63419
51373
95333
99641
2701
97549
54913
91345
89032
3956
94395
50393
33950
83931
76290
63715
30647
64367
79835
34739
43969
64833
8867
37807
896
58856
60079
23529
45212
64933
2199
69341
81862
2157
58207
58586
31283
64350
2877
67570
11750
75020
14807
63393
18949
69461
94378
65614
42146
21948
82210
55694
18941
42507
93609
40561
86627
98040
1453
35565
18596
39648
53204
76663
29771
42965
334
23690
45821
91261
79387
14706
68469
19476
22813
15770
49353
48895
62299
33821
18196
10708
69944
19515
82513
46395
30928
2354
65169
53972
84170
3876
50866
79225
86228
83464
29497
40867
31924
30788
39591
96312
69534
18370
46991
54224
13085
21705
92994
535
7376
71914
20920
95484
46306
46505
95849
81511
12774
88634
24486
22030
47807
76581
49236
82212
97287
50210
55871
98006
25490
1428
7240
92222
20454
57054
84741
87632
75802
56339
54133
86075
12861
56292
77054
99091
60422
84695
18049
41478
476
6954
77916
83842
79205
55373
28698
18985
73461
23176
6352
66078
33496
57414
23949
3465
42627
17851
13390
45140
48624
4084
37249
31017
93367
60725
79510
79453
23043
84414
96105
82303
21034
7794
5150
64384
69843
6939
25864
83067
58682
36144
53265
94600
92188
49197
29744
94426
72392
49268
18784
1731
99981
17184
13246
23513
70909
36457
17944
78463
82788
67326
5565
32783
75346
93450
53616
98971
56625
67489
54001
60227
5531
58042
74259
32083
1471
31185
16545
66122
69448
73861
43741
31026
49967
79252
39763
85133
82359
70148
40055
93742
70398
38766
28321
78223
54032
81045
71798
72055
89399
73772
47070
81036
19540
96464
16776
56510
33403
83337
99465
58601
80711
60505
68938
1407
50331
82392
22022
14032
27474
38584
67237
13448
24629
31654
99173
47885
82699
82933
12054
95988
22882
75705
28165
53609
72782
7096
65077
8597
87676
17090
34171
98998
96486
80566
35439
6669
96365
46023
85189
22673
53933
28261
77007
8946
50022
2529
5244
47233
21880
34251
42850
65934
12590
7480
23132
71705
11209
95312
57505
62525
33084
35070
5175
78721
25037
83865
68365
66659
98863
29875
98129
93551
62260
71032
3838
13908
57952
67035
29690
88392
50425
63494
14827
90238
73752
7803
49456
84430
71894
89805
94743
96337
76725
79568
56255
49152
80193
52149
34989
41913
8709
67373
5357
42430
94432
67730
3140
76140
40045
10633
12304
96650
49835
55936
84909
25201
52882
53343
14402
59167
81630
15795
70444
8047
51054
45520
26638
90772
58475
56743
46331
62968
76707
80839
24649
71808
33980
93082
72328
72435
81901
63210
44867
59884
31216
35950
2967
72261
48515
74220
76388
12966
15049
25033
13862
81234
57096
86217
6426
5267
21797
28345
76049
17108
32978
45978
29882
13276
22179
58926
36287
61481
82315
30094
71501
85641
18436
54841
88519
91064
53156
60134
39719
37458
48612
4703
46328
7631
51929
48968
84759
94333
4948
68826
27232
75128
29247
50121
63351
2498
92568
40806
10720
77656
19258
72203
75032
20132
57265
24577
55671
42850
59867
57653
37796
23415
23818
95947
31028
69464
39880
52621
82611
5545
97482
28194
45750
97746
58771
31996
44405
88710
169
44730
55236
22512
49953
35455
85049
77104
47289
57595
73819
35127
62921
84008
70737
35107
26274
78127
36725
20737
16493
1996
45490
30146
57105
41363
72079
98496
64418
46229
57270
15466
43466
14137
1442
43410
76516
66658
83436
68896
35
94141
78036
2474
78903
71554
64736
87338
47096
18720
17726
21863
41945
51155
38314
34679
37208
38378
7036
60787
21777
6002
81784
2944
93457
74879
45459
5485
92634
49577
13858
14815
87966
92772
63814
82663
68455
93620
26400
4019
48656
32297
6723
92062
32878
67453
41537
86464
53197
49857
28219
74415
59169
22356
25291
64980
77471
18480
87231
42117
34870
49041
5102
52792
53827
37271
90646
33652
78644
28260
53671
29031
12753
37162
59728
20418
58358
99100
20615
79065
1146
67569
99955
94959
15345
94186
25615
10381
79323
44939
70745
65879
91179
87456
21779
28507
5537
70490
96046
93794
40703
77577
237
98464
29812
36689
17799
50526
72461
6245
68391
16556
61766
77384
46825
71470
52982
35499
9974
35728
72545
22308
31780
14407
31655
10929
83413
79696
4753
94832
82165
7418
69942
71016
29684
84654
30196
90510
53195
13780
91634
36121
65521
78500
11026
8114
82673
33768
26855
50941
33161
31181
41503
16038
47815
7069
5083
40869
62665
84914
6175
82300
72689
46264
28834
99061
53510
8461
12451
64164
73065
64249
7530
51902
86859
83443
75841
24449
14184
94494
6943
90496
22119
47432
68934
45111
59560
86628
14028
59464
88361
32546
89670
30613
98223
86162
81383
64862
95137
17351
19654
17121
47520
51903
11897
51748
10628
21411
56239
76306
30898
86044
98902
90824
22180
69736
16279
3550
69877
88204
97931
63664
66385
99039
86347
84133
71049
89471
90720
78670
70520
96236
79064
81330
74429
80597
55228
88872
23835
94536
21259
97036
22118
28432
47799
37631
40499
40881
68709
53954
76374
72593
29193
40970
63037
34686
54127
81397
94948
35107
31537
37288
81306
62952
2460
52050
82996
66670
83939
22335
77227
6003
88615
95976
10218
38847
91429
91170
48469
94817
35832
21305
70228
87440
47271
53743
24423
62978
38468
22227
55494
65519
46734
38606
32794
59381
91384
37206
10955
24935
70860
3444
96159
92588
68021
87262
56131
68491
90909
61548
13196
80100
95941
24426
19557
90910
70905
66624
6260
12170
47659
85267
32746
53674
65477
31618
88907
9931
4335
63706
67059
22056
90709
92089
83344
14230
68188
3834
