14264
33241
61141
65610
70817
86550
95304
18390
78342
48483
28975
67532
79184
6983
63522
74751
431
49433
3860
89101
74286
81698
50095
23537
78651
44759
46263
16493
3426
90599
54800
98351
31214
97820
98252
60889
21612
19130
19646
92781
14602
21225
16196
5709
52765
90665
57277
18797
10574
20085
67406
62693
50860
87318
98521
83484
63404
95370
28511
71748
27561
14827
90450
38425
84710
78876
22420
5686
64713
91977
5266
6900
72474
32438
68314
17094
957
89866
30061
17330
57937
16782
56300
5969
28996
17969
7260
19814
2881
33509
70232
52100
25629
40475
37678
39169
1160
9550
3670
80354
72911
71122
2801
78168
29616
42581
46924
28261
74044
21893
53408
3454
52847
71182
15493
83958
29160
84673
57056
8383
2748
86162
75983
3785
27462
48761
10260
35283
86737
35248
97380
13649
94197
24115
90151
21547
42370
92911
5823
79075
65382
48591
50958
30379
75994
87023
42774
82808
10608
94955
46789
62622
49676
72823
98155
28154
74020
14617
58451
58094
58632
96915
98399
29172
88161
79010
73445
43774
94165
80515
77923
13760
59103
5962
4347
68235
83538
82625
32199
58133
9445
45300
43493
60599
53491
2376
48481
93377
41594
57254
45129
65189
95101
8585
97498
88303
51524
38385
12443
38025
65379
97712
97492
89061
99757
60658
45312
36347
75314
53159
21333
38915
19956
912
37947
63374
87124
38242
11001
96267
3875
37096
51639
74224
34420
78821
4073
61627
36205
85497
97631
35977
57207
46561
28052
52686
67187
72767
56349
25881
69681
96099
87574
799
36536
49820
3017
9745
83612
15217
47299
29338
65349
89440
73147
34817
54913
91576
69396
94317
24572
67027
93248
71746
2796
2957
4086
77679
2614
48217
63847
41950
35024
36713
27993
69618
31924
39366
5006
39743
50078
31263
26258
15122
48816
30566
16405
18813
87723
9931
11953
89436
97720
26230
33059
5061
71868
53261
27378
40431
6204
75493
63177
75732
92470
85507
60763
9632
94544
49911
28348
37965
65167
28924
10630
64605
86985
10955
29246
21872
90859
20649
40780
70741
99437
74818
24950
19754
94494
7733
75812
38257
71096
78426
59989
11064
51963
22965
63447
22068
93602
17167
22396
97849
85882
67471
42378
20115
68419
85740
81167
34161
25988
74755
71556
99085
67228
72174
96557
73303
68046
6651
84739
66452
21391
12774
1009
64653
87410
48856
1240
55085
87978
89723
25405
66156
44889
34424
56222
86493
47142
94282
46920
60191
97825
93485
52156
53855
11530
91224
53846
67608
50760
98654
29275
21093
4902
92899
2609
47789
70950
14455
36531
67524
43715
93104
39878
7885
25766
41085
99193
83944
96939
95424
35935
41670
33280
29183
68130
29908
44509
41153
36617
12690
82987
11583
83745
49514
49671
3533
80962
78678
98538
72989
90880
67403
1405
17902
68720
46931
43076
59703
3090
42573
5380
27901
25109
96665
98091
60883
36849
99119
36205
82527
79040
83759
99483
61395
33041
99256
38026
79781
40394
86845
51167
44749
67457
12109
15312
48629
81558
3505
16980
79292
17053
12701
64699
69105
3673
34141
92668
19817
67565
27559
70417
66116
80465
28669
37909
16621
46308
78991
56591
96962
86014
92330
36485
85416
43701
64242
85571
45934
86881
54976
50873
95868
99115
74064
59334
97222
55846
74341
3557
94086
45515
56634
24716
95551
68908
3221
38733
76729
39605
22088
24260
22947
69458
36595
35277
83614
53891
14970
1915
93247
52189
16172
96381
29137
98907
67402
93132
16691
16090
24415
41722
10362
53410
43135
49433
90166
71664
13849
52236
874
1168
41162
95734
41693
16987
98094
8062
99253
90243
62661
16538
52598
87524
67541
31847
35695
3176
87685
71273
54906
74965
95815
1694
75203
95021
67059
21076
22175
90302
60346
11772
54498
13848
49771
79628
61055
12235
27328
91447
2637
23592
97627
64459
25436
98447
45552
65841
52454
64950
86908
11535
65590
39062
4938
90180
6217
1359
43742
45330
35275
47977
22879
17257
30270
44183
65326
7920
21663
88815
61742
67393
34563
82183
98902
97555
57833
65874
1257
36652
96674
51277
89473
26501
95746
49174
36367
97427
6519
71823
85856
34254
91731
72036
70072
61016
67638
59407
23656
77014
35277
93539
56960
98082
16148
95381
14332
73452
64728
44910
82967
86387
65032
63848
56985
19115
54538
94899
15479
52522
12073
4127
68140
95133
38754
25109
99555
61841
30367
70479
96783
75938
51398
15891
79992
88100
50362
1564
91661
2047
17815
5704
75197
93339
1805
45610
47932
71800
98807
98713
8321
59086
32728
43935
99667
44266
59555
7189
31786
16564
81252
51641
97721
37167
57119
63501
35426
95477
22841
85284
19646
92220
96500
19883
76849
59577
75288
22268
50563
81176
86566
61338
77194
65574
75498
59463
71986
29186
12212
42807
42607
79752
54636
44100
71196
52876
56609
94190
1821
20132
59466
13002
31887
15266
74015
28975
66743
20173
41968
31587
71813
29346
7334
74300
16021
57241
24686
92926
62232
93783
55827
52484
64637
27450
42300
17101
15762
4523
28971
10250
67266
7190
49071
4614
60044
34591
60886
86636
50449
68342
93611
71267
48830
64399
23517
41267
61173
9790
43148
60251
10408
36666
26588
