20979
89426
27016
42379
49816
41170
32375
12550
32550
54205
4367
95271
61014
33298
24206
29744
3692
65748
88213
44001
11247
35238
36828
60618
82178
21173
56318
14695
73819
29993
87287
82477
42114
93078
10943
21561
69358
70226
51424
62985
60292
99978
81259
75878
41721
91615
15176
63905
15445
86419
89246
4357
28146
42547
63931
46885
77989
14916
89127
14705
52340
59557
46927
75446
75908
39700
17457
97302
92095
89060
87214
58198
12221
3645
62538
49167
27631
90321
79539
62079
37518
46695
82060
32977
33386
98737
19873
99985
89719
52853
71399
56871
10105
44100
69148
29436
14694
65450
76638
18513
47889
54108
60019
6135
11519
97713
3110
72654
51058
9046
32018
14730
67461
81687
59943
28821
89501
97696
20355
96522
88616
21890
97607
25871
11337
49875
31814
83063
96345
11353
5751
54568
94589
95488
9966
1180
40659
33412
48038
46446
94806
43411
80633
55534
31834
18864
35603
66672
23502
85318
88812
20015
86830
347
34867
3649
38547
44165
66522
399
14946
93698
34830
80827
8750
70384
5561
70542
55316
64321
9115
1128
74217
21655
42907
15910
92933
66020
55851
64686
49478
50802
10907
15068
45772
69190
47426
65073
46586
48010
78322
19850
17789
73372
22548
50855
1598
57202
67313
89565
68755
21814
24996
97526
56803
53444
8620
80778
97116
78296
77823
29284
62577
92424
23669
96237
798
27535
68211
81339
16228
48011
90260
41286
67028
6551
99141
7405
54048
61668
30189
83170
86124
35665
13341
26906
96490
52179
45662
22050
82666
26075
27429
95027
69753
94166
97413
68007
65652
84738
50429
37232
37560
52461
83565
34162
39117
29393
99485
84681
84270
76210
13897
68866
87767
53986
9471
87417
65761
7490
82905
36726
40500
62564
80998
82940
20697
50947
33723
73376
89850
57450
27325
35551
86065
41502
10112
47402
62721
15204
29516
66770
62730
69814
19059
23226
58491
26757
92100
75508
27312
23465
69851
43997
41918
94591
31521
62560
10326
49327
6879
23714
58677
59507
95784
80603
52499
32577
15703
19428
25423
75074
25540
34339
19037
55227
72770
11143
87707
40343
34996
57385
43544
19416
21134
96806
62058
73407
8946
51170
85972
76987
85344
25557
33668
39591
87502
97447
33460
44537
18143
30730
63582
94982
16572
23584
63625
13910
77793
28481
64744
12338
68649
46927
77636
80181
58070
47765
65573
56874
52143
33560
25332
39295
7526
95241
53271
907
48885
89653
49677
91472
26393
84518
45553
92393
94402
56006
57479
24388
84631
37923
53491
3234
51869
32158
63785
95268
21159
16572
30785
91545
46368
81780
27616
29090
98093
92076
67551
88570
40441
73074
18979
75373
46924
29290
58109
8432
20034
9069
24083
52844
18317
43504
47807
76846
8365
97233
45525
11018
78588
92818
39004
29577
93333
92942
28669
26778
56734
99982
32636
8301
15100
83865
78816
9065
58648
65398
2217
69752
80937
59088
68331
9332
48276
43716
17716
52530
37745
72163
599
69625
48669
62245
18477
32031
32404
1653
81392
4330
77444
57558
40196
48953
31596
15190
88473
21277
98853
58535
67639
77353
26650
4455
74166
75537
8476
66682
85060
54108
71675
5363
34526
65353
53358
68570
14604
42270
8154
52862
17103
48488
16631
17065
9911
80193
63134
61429
9542
70036
59467
36472
74254
48947
28164
38090
59655
92866
53595
37720
35399
37026
81212
90084
87411
72647
36656
68584
46782
42293
95646
67676
89971
91711
42217
17756
17087
79644
35764
67523
27500
86268
52332
22407
91883
23338
36859
79910
98575
92151
34681
66773
22372
6141
11659
50018
24329
92822
14413
35628
77293
24556
830
64228
45724
65187
57297
54763
72669
16433
79215
21722
77541
85671
27878
44084
5754
4097
70941
70450
14921
78475
89559
69381
47058
77540
79205
51359
62968
69017
31807
66861
2185
36893
43783
46287
19963
5250
33970
15725
81357
24667
65396
71567
88851
77132
9980
32168
33784
93333
2164
85416
34333
13508
25998
41726
64497
60830
38467
94802
81317
46667
7345
55823
90328
91525
9980
42952
79704
41905
76184
85392
38196
36285
33692
44243
77838
88344
42286
81952
18225
11452
81245
32558
97659
99951
11900
96879
83825
92823
24628
18748
93360
54709
68631
49757
48357
19413
74966
15929
19579
58683
55184
45242
55666
50362
12054
91759
39862
46587
73635
46193
47237
84188
6581
16819
79634
72570
41564
45322
13714
89899
85456
17543
36262
48205
63643
13252
21958
