7165
26198
94310
19956
88260
41344
49567
49859
53619
53998
25120
79631
14807
53227
51363
38146
7854
970
14161
10992
36941
49662
52871
73309
71741
16575
77455
51374
20903
12514
18652
82720
25137
62381
12017
62307
63330
52900
65340
28866
38653
31542
21885
12717
27560
89334
92951
78529
86041
36322
40975
53146
95012
16002
49690
10533
21698
79728
46206
60474
49609
53631
52450
2505
12662
14472
25511
55659
39071
44708
84077
34986
96473
74006
71752
90965
89298
73604
17277
78824
45347
26152
20871
76967
45656
17246
46990
39645
97650
55673
65392
15003
52101
41906
99615
70068
93851
97188
78972
42359
15304
5643
51937
72074
8394
88248
42200
31086
45754
63418
31811
42937
15256
98430
52391
10217
12733
2441
38450
16438
63651
56612
52240
70214
47050
50954
60711
39756
64004
85166
42136
57829
8482
60967
33945
6984
75680
5548
57741
16547
4487
20299
53392
30147
69133
75484
10776
6150
67832
20810
50732
26877
18252
56712
29086
30549
20961
93621
37929
59183
55296
23941
72866
18941
29598
35179
45143
89100
51757
50173
40175
99135
8155
70742
28334
4405
48724
77098
44070
58323
97468
81999
8932
18880
18109
59903
57697
87400
81228
45973
46931
44260
61371
26176
36338
13063
56427
42960
8893
75636
79919
60714
86816
61263
13284
67785
27397
44383
26129
43829
12483
3652
88493
52561
61885
76219
69074
81745
50049
56016
38765
13097
24069
26118
60672
86245
74542
82915
14009
47631
9881
69651
79678
6081
10296
45177
63490
46796
84860
98929
45668
16967
59806
31862
90367
42804
84869
46565
809
6885
27624
59583
80249
1851
24659
29824
34538
66778
1949
56065
55456
12828
95048
26035
54663
96298
27287
94986
73257
86017
35170
87493
44509
40388
85377
90053
72868
60226
91432
53255
24588
36275
61465
10522
51557
87676
13182
44200
49698
46608
16606
87223
12588
71324
5396
99557
1734
57397
44168
11692
10205
17745
30527
60772
69458
40868
41756
68559
30997
52607
31736
74902
44438
44081
45231
82923
48302
91386
66046
1397
79428
4863
44162
16966
42588
48729
58657
12512
96947
36355
2654
4508
75533
35211
75678
85836
896
71182
18940
26351
73306
20054
41023
59907
25902
26067
6047
36007
60129
51673
50496
64299
36585
68184
38682
4699
88791
68122
92723
44928
86583
50185
42340
91202
75917
99896
98677
4835
72320
35257
53318
90927
54680
82131
24077
61441
1642
4505
18781
41556
5924
67864
52383
76226
93727
10402
27136
68398
29109
19850
13080
40237
50387
26935
88831
31355
65272
84551
4034
10568
10145
16633
48050
54862
46102
13139
33644
47066
14965
16993
3012
29958
95323
45640
46799
27182
42131
83691
51017
11748
41246
2943
75307
51901
72278
41696
58686
5118
22098
95426
67530
33413
60846
8035
42913
24351
54216
82243
20348
80975
4170
91597
24652
10208
63600
97277
76795
54715
70836
1731
98262
31487
82320
3943
75224
53020
86949
99772
9294
8763
88512
68949
95356
1410
13439
76808
72221
76968
55924
81673
25611
42753
34987
8228
83225
17625
21055
65517
15987
92407
37286
52338
15289
56044
96184
4894
54929
62405
8244
65369
20657
70725
32097
41280
80554
19222
64814
90370
2287
37826
24816
71140
4273
26919
22187
91530
94188
58016
37364
