92095
86780
57101
74808
61575
55274
57831
40366
6452
43347
10026
9572
79589
3392
7744
54258
78751
25804
76624
72663
11888
97442
45829
29077
80914
71069
22100
30867
62711
43236
49698
51024
43380
75306
28858
11874
64067
46832
85097
84360
91371
21915
16864
31490
39570
29172
79277
70466
85844
30009
50072
39941
77579
34420
89753
36057
91142
78711
54773
39821
47898
95445
87782
7088
28387
87976
65162
46672
1092
54911
57558
40398
55782
1772
94231
87145
92323
17305
41130
61416
85899
59355
57341
96170
70954
93136
85918
67828
53491
2138
36578
47413
52766
7852
66875
30327
89727
90048
89364
91489
9323
93944
57996
7444
9521
27654
62696
94884
61067
27334
98746
72561
97001
45069
50006
33985
75430
12932
51635
98590
40082
33425
63335
45767
92735
41620
81121
47582
91593
44134
36291
20483
58853
14178
80711
71120
73640
28906
17503
74596
96369
20645
71691
68301
91213
57318
9054
69955
89326
57901
15069
62842
53106
22633
81011
11929
97997
82630
23798
63252
38577
40579
97965
37019
58975
67139
65686
45560
11558
54531
80445
93714
4728
66680
62773
87104
9957
53249
26540
57174
89111
33401
50160
10778
47640
62801
60185
944
79282
42796
44927
58837
48726
21472
76483
16058
89580
25509
29415
66561
48942
38453
59887
82529
23997
2580
74256
77078
14435
10298
85825
18145
58598
30183
78853
32097
47887
11598
25675
11388
99196
25737
48187
54524
65235
78550
41023
61548
9376
76505
84983
57298
75871
16928
8426
12753
41685
88571
60296
58135
38561
79027
70853
84956
889
52447
59158
38008
92156
8295
11206
46034
69284
20294
80126
25989
94349
76409
57008
97835
54953
60878
49499
5862
25204
88404
63903
80281
34519
52290
5854
91844
71340
73652
36166
27517
65859
60891
69181
92656
13234
22415
20595
33264
48670
77574
48390
60616
44553
79567
34852
45917
1875
27497
29701
76123
60503
43918
1406
31236
69650
71719
45306
35245
43857
92488
87201
45188
61397
69154
27761
76544
37353
81706
86426
19730
94441
9001
78603
32248
87713
38760
22681
94313
68954
67428
32903
82854
85873
25708
72115
89796
46849
66214
29631
5617
13598
43096
92194
49253
74598
30666
85004
12013
2501
43629
45951
82087
94577
5822
49517
12923
5090
58735
34908
76627
23027
10169
19929
42888
99359
70861
21990
88102
74958
85374
32505
1817
45413
28740
22310
61484
26621
4973
79912
41631
73600
48483
22202
47883
53898
37025
60031
9365
92728
27793
8681
99339
29936
30709
15780
8289
18296
95184
699
55254
33865
52010
4184
33921
89727
91120
10038
9415
44392
83055
55404
52558
13988
91264
15621
34666
21109
69588
35123
96806
65927
92536
4656
61930
32815
8511
39496
88389
9880
58290
52578
44957
79632
33531
44231
61537
12721
192
38929
63703
26941
85664
8945
43241
25036
73235
26893
79071
6115
78692
29655
2254
96089
18582
97420
79740
38576
32998
77309
82145
64593
75516
59922
73442
95310
20102
43435
95252
46090
10547
72770
98819
89383
10839
69309
42432
39033
14736
73434
69106
33807
80935
24277
14555
27981
64219
1596
31048
7484
83260
97610
73539
29083
88531
94580
48645
45371
31884
63424
41397
48200
76540
63441
12524
98643
36155
34095
14653
79838
98092
76596
12111
52362
22209
66032
61502
30529
88289
16858
22498
18024
18333
25808
47364
16421
77277
44252
22334
57371
7788
93473
46454
33014
61288
43940
79270
41417
72408
29412
13911
94243
81452
20448
57322
85553
33448
51305
50155
35325
91826
71890
14261
92012
93767
85652
10190
62189
74518
77945
83241
79159
79862
1885
89853
15347
30728
28163
33874
246
48278
78770
36009
82087
94094
76789
53109
68347
80078
27056
27550
22785
42510
46150
19501
42956
45699
34303
18061
52628
97927
9623
37418
70969
44779
86189
23554
60508
33507
40776
96483
29439
64839
14902
64377
44044
34302
3717
70171
24490
95665
81627
62572
21406
62935
9101
55369
50900
54449
3193
65676
80355
80391
81786
34808
10097
95267
1874
7462
19271
77619
7893
66344
9681
6426
11746
8777
18430
46627
41828
87394
89513
94097
34841
60960
21944
9159
34594
1105
85637
57321
63100
90998
46317
20521
85953
63607
14997
55050
94413
40254
33241
60445
71901
97505
12550
32294
52920
96076
97411
39525
73334
85850
30868
90703
1288
47693
59087
38682
4729
88635
39421
35591
69445
18625
28954
22025
72527
27748
57202
72458
62506
3691
38412
66179
41292
83934
39108
78080
47887
11379
42618
54441
56990
8253
17329
37275
57023
58250
69623
23489
65719
9473
16961
60372
44264
24746
92880
77117
70104
98964
30659
66789
86341
86355
16845
9936
91162
4464
25820
49026
50609
59613
82203
35741
78726
6414
629
76945
64865
59319
45599
63342
60989
18357
14293
20090
53405
52524
44383
18425
58031
94607
8463
32422
9136
51165
1789
69692
70058
30604
42539
36479
80314
96439
89250
81219
8148
40174
83417
40817
88574
21274
47964
12988
97396
80060
27350
53723
94777
65034
91179
86942
92903
60799
18089
20958
32321
7664
7176
15731
84387
40726
56099
25362
49870
43443
24126
78848
63390
64492
76916
90304
94537
34600
16346
26950
43448
2830
75461
32751
33677
97363
31463
94016
69741
92725
72591
93742
61637
95368
3722
65265
74387
78131
10052
50890
85002
78545
54845
46347
36932
96444
71824
10112
48783
65987
3982
35400
46910
87131
68484
70797
51113
38317
76525
17145
57795
25832
