79019
24138
77579
23520
97076
4523
29101
93780
10312
20783
93008
39338
40984
3744
37206
2535
16582
90655
87636
45163
36293
57422
64598
69058
25872
19372
73416
60678
87424
81913
72960
97053
9198
92349
57744
74851
82089
26586
21683
26405
83696
29646
45599
56798
69091
81189
91056
20126
59734
13814
77708
90773
67832
10167
72495
79202
99941
46545
66490
54576
32833
18436
49060
34707
969
94170
58252
16463
90307
39132
76380
82156
52998
10995
97965
49797
7566
68388
57891
41352
84328
59572
94982
13023
84353
72172
61942
21126
52387
34713
15076
75659
57168
97795
76798
98383
72771
26066
90808
53012
43203
84678
33024
19386
12490
11260
41002
96819
80145
52795
4612
12284
64702
6087
11799
98215
35594
17951
2989
46302
81410
17139
58682
44438
43859
9557
23730
22637
60795
47604
65332
99671
12846
98886
25507
91164
49313
76809
94205
53460
75714
84028
15504
77213
78611
71333
58898
76503
40041
54164
14548
2005
5672
27210
6793
79480
72404
58057
31282
38276
84739
68439
18835
60968
52279
34253
81147
93486
64995
28442
6501
60899
5221
48256
22747
8332
47100
91322
1710
43514
18163
59880
69416
34652
89983
95630
98750
41108
83872
89846
83053
29111
51359
57910
56144
84089
41280
74723
23570
38848
96022
90698
13231
76579
16923
28452
80714
13139
26330
25002
1791
8445
32030
12598
32127
46562
44308
56672
59441
89092
13899
4110
81350
98116
86208
57946
70353
