67412
54755
43016
48282
45886
77774
2206
85895
82064
3297
13565
88117
37174
66889
59903
53434
38765
3005
19245
48617
77193
36167
48566
23585
85846
62846
16861
82072
44207
59366
33017
11743
68061
66781
58818
22786
59287
10551
35070
5378
85550
95217
62902
67036
37701
17315
12470
91905
2094
94965
23915
25841
9326
42608
86271
12458
87775
80891
94709
27714
77650
28245
6108
65179
31884
53784
26303
69126
57172
54034
20495
53787
78484
44712
53415
20327
32944
76579
29643
3664
90484
11333
79647
77474
58703
99386
24548
75495
99706
2048
29187
43266
45289
57845
65880
15203
8462
30118
84414
956
75193
23015
8471
80671
84768
51617
6723
93427
73070
45020
30119
1067
39678
54439
22226
43707
69610
5117
11506
85337
6845
42190
66944
90571
77436
16729
62390
62347
26987
54798
58769
5157
75023
66938
97140
79321
392
97117
87067
92223
36169
71780
64666
11229
19135
4487
15016
78540
72117
26157
10872
35222
55740
2032
63668
26496
1324
64144
38199
96371
49292
26301
34900
42423
91961
43469
62659
69962
18604
78009
57146
20910
21992
21848
92209
6641
23604
698
41216
94537
22742
23444
9326
42633
7189
30396
55454
85747
95379
78259
50016
1993
97129
92387
94018
12872
36934
40202
52212
1710
45130
80719
92380
80669
51088
5052
10340
84314
15815
97956
83024
42532
23454
90501
97739
39233
76437
30955
50054
26492
49702
14584
14372
48369
10039
27716
19201
14977
17006
22188
6253
95690
4988
33452
13507
12494
86428
43073
5890
1874
2618
10533
33484
49328
36700
95844
90517
62374
92235
36997
97193
75037
2938
92834
6688
3390
86607
57538
13213
65934
19036
42004
39676
15952
98309
30095
3449
75507
1603
48140
57488
70045
8095
57454
99368
27736
57494
70103
79258
44816
3706
97039
85004
21406
61003
45576
71976
56048
67496
64068
55064
36541
30036
99580
86498
18136
13017
69480
13131
89266
37950
7981
39360
13017
70890
16240
49343
86706
12637
95808
90460
2310
25453
81004
93780
11468
35761
20351
36098
77430
22121
80993
2967
80734
51325
92543
11018
86780
60266
55535
52806
87523
55625
65566
26591
8350
49564
5910
29477
3431
67036
31761
93291
83594
22318
85040
26836
21755
35408
91287
4167
46543
27374
68173
44115
22672
38238
42381
86094
31972
38604
1776
61973
51930
60869
1116
67785
28340
94689
76572
11169
10935
88237
57368
55759
17101
6710
81074
71418
81375
21954
80894
41972
97573
53751
62258
40733
81602
39026
85697
65229
72994
64568
61447
3316
38220
38643
57150
91662
10443
18400
43535
