2230
81677
622
66685
34197
40418
90812
31947
20179
44395
32389
56467
12947
98558
2648
12435
99225
16397
86202
45670
55551
14792
14979
43785
78732
9863
67115
68093
2307
76664
48124
99081
94818
58250
84994
50552
99013
52469
18539
74319
35185
47164
63090
20494
29832
80776
63503
62957
79646
64564
87123
28404
81158
75937
26525
1954
41837
43844
69358
71168
88575
37865
81769
45152
43944
40048
77035
78901
52202
37554
53178
34644
51726
41139
4049
48933
90793
10128
25792
80230
76562
27494
76895
38050
89153
48018
7748
26022
40806
99930
60738
88401
1938
82458
31623
