52452
27117
46392
90971
96719
95516
78130
81209
42064
50464
31751
34637
28474
44590
4753
89062
12505
75177
53064
15007
12971
3360
71128
13197
97593
96051
77884
48468
78962
66582
16043
36790
7567
79752
50759
80281
44318
37600
23718
21806
95922
10551
36026
66144
44958
96398
13780
1950
81850
6697
54563
17905
27698
15701
84786
47097
36993
19000
33609
52408
2822
42327
69746
82664
91699
34541
23086
3180
60798
97291
19824
84498
7343
18413
66007
49204
54082
22110
98586
78050
38609
84431
93094
73057
27316
96084
30063
52419
81303
22123
22435
61327
88718
33098
61447
9389
11542
88375
69653
19035
22772
25022
42555
3202
14439
76939
77476
95224
81012
30103
28739
98189
9404
48776
61808
78180
21834
63274
15878
58962
50501
47094
88002
92449
44292
2581
79919
57821
70448
89537
96199
57014
80
56693
17729
75879
49990
61287
12199
27768
84034
16796
91883
24931
4798
45591
33874
10281
92878
40352
71344
42961
21664
92692
25561
94270
49839
15069
71282
3455
67414
89314
48120
23581
15542
11508
16494
11395
9218
36578
50049
41539
20164
94375
13055
13282
29968
63113
10586
20421
19090
45488
93479
49953
28186
12749
70881
53046
23384
4524
40088
33371
53505
27973
38377
92350
77513
26148
65572
30954
38449
95417
13689
74036
80392
97585
56988
75003
26421
45821
98479
83535
33935
35619
37423
46976
315
98397
96043
36087
99440
23974
26951
52344
21835
72031
80358
30196
88270
7078
59538
25963
58138
99403
14329
19944
93486
73565
75475
69891
28658
38624
30461
41307
33085
44594
73512
74838
56383
8313
19797
15250
9333
65673
25911
77229
40042
72762
74642
71374
50117
88722
97615
66896
90745
2174
48542
15911
21920
8292
69086
96506
25878
19419
73577
65754
95520
58615
15820
87199
8420
10020
10908
35307
89340
88994
70803
47871
53146
681
54593
12426
40149
71394
81346
44144
1618
3642
19041
14754
75495
96348
72340
74506
82361
88146
24352
83741
82242
90307
46866
62022
71335
91060
91582
73432
39286
61682
49095
21409
18104
71587
19525
59140
43812
34082
1991
69290
12471
5884
94356
83873
2374
14511
79915
87816
78088
75490
16631
7350
32056
47305
40724
37457
15504
73554
84695
25843
39961
7817
76623
60807
45294
30936
36744
39989
79642
3177
9940
64743
96444
75940
85837
21621
70091
86276
86038
87675
2083
10461
25789
34855
99389
81201
98621
73269
95167
11558
57440
73040
52211
84985
96264
49902
73587
43974
47723
51891
4894
56175
3219
611
82471
37201
29026
21599
16542
24539
22331
18343
81456
91973
41706
35909
99411
51257
52471
61960
32812
57953
92233
