50313
85780
58237
52367
258
39777
11136
64836
62839
9239
79640
64301
69672
44183
60182
48134
62287
18080
73837
45519
12136
64404
97375
23912
81918
53492
7735
12403
56340
79341
42981
66485
76638
13769
22835
81723
72174
95916
356
83970
43206
51101
33693
68439
13754
66636
13303
78589
8654
45180
23628
9467
7274
58271
35673
43147
60046
64121
39806
9954
91533
45852
4722
65899
37520
81809
26344
56256
67204
58946
80265
65654
16268
16176
71076
38941
71661
70126
76922
85063
14612
77162
14548
12830
35588
4930
65793
49845
14853
25464
69073
73136
58483
90163
23620
69138
68966
77042
9482
60198
12354
30628
56001
85752
80562
61852
9463
41760
42292
87963
37028
12223
34875
24619
65524
33388
38150
70484
79508
43511
75215
93654
82969
8592
16658
69510
22598
99431
73126
88702
62001
24002
96637
29623
64037
42397
40575
27845
76823
15331
74742
50728
68315
34138
37646
96016
86590
71268
63461
61140
52107
41824
16245
32094
