40083
53402
383
52792
51330
76718
52547
24260
25893
80281
46439
71188
17200
70129
22564
26595
80414
70596
66356
4700
4493
11846
90363
72284
37320
13687
42067
1139
52084
54659
33943
65730
87384
7653
29434
87335
83035
29309
85925
87075
28999
82633
59314
55426
24407
3146
89134
30014
38034
19449
76917
94985
67287
62145
34991
75037
2935
40217
4445
19931
73500
69955
94398
94389
47319
68128
86277
8185
65922
16266
82068
63626
33144
45060
4120
43307
41102
82746
63776
55563
19026
59331
42471
83250
37308
16560
20874
16526
56022
26589
77543
24753
14438
61504
58649
90408
31220
6556
97434
16794
52411
40405
60479
35381
28866
33417
32762
21924
75781
6277
5635
20100
18031
36743
26774
78087
63593
79195
87263
83857
41104
22761
29640
41135
43016
51492
2685
27075
40492
27013
99123
998
83875
35501
48200
79441
24497
15418
20244
32969
2264
54094
34987
13266
67252
76334
9
61065
81914
79731
90393
83365
70577
54681
96444
80387
12452
81006
29230
51342
76751
13718
65131
18750
24824
2384
79830
52613
39035
44823
17843
91526
30779
91472
25285
58766
51840
47532
54559
51385
95963
97147
96260
85411
49597
53877
87177
36747
93618
89721
86409
26510
39129
26682
30353
34762
28523
79284
80861
78960
45321
93645
34932
84486
17549
48129
83582
8314
28913
30466
38414
1344
93192
20887
37611
14382
19094
1657
53337
4909
6047
36489
62857
96963
3342
82761
24470
66133
56749
49360
65873
91851
88771
32393
16222
43422
71873
34002
50125
18297
16155
21972
77519
16218
68207
14804
13491
47167
5485
87002
94986
80271
70182
8659
29739
10506
71612
46761
88612
58307
31998
85994
54207
35731
19800
73783
27836
35634
86790
30289
48213
626
32312
57474
44408
47357
4892
24332
41729
20359
64408
73697
93578
20578
55443
7111
24284
40141
35945
9459
85076
27246
14172
79989
32400
35384
85171
16265
57451
50974
3284
98667
44606
72875
76376
17436
40720
59467
28292
90959
90266
47047
89775
3511
21831
4191
37116
94387
653
87220
65103
52640
94547
94017
83248
636
96257
32137
11333
75131
93324
49993
4121
71131
57940
59665
64995
43091
18933
2939
6538
81973
70554
66447
46077
98335
59875
82704
61730
60815
81493
4140
82805
53045
8212
18522
99173
40091
84216
75593
42389
13093
61430
23969
46794
42318
12125
77380
78312
50210
57310
74650
5747
1322
29859
36918
67256
32388
39418
84186
63483
25067
85565
40427
39111
15186
34309
14014
32218
70297
51972
70304
54385
21182
3387
33349
82352
45678
89382
97819
90431
15175
45214
90056
25346
86866
2917
31713
95301
67100
19137
37882
73607
70889
86365
90685
87828
69896
3599
91870
4783
91512
99046
10177
53938
11818
27046
53609
82292
38664
1101
14372
53145
74400
98087
87515
9545
25902
28813
49505
2353
54595
46420
61379
67550
82329
65363
28949
37229
51
70766
20617
99272
5408
89391
42864
93412
24172
53974
18541
17842
69442
70604
99935
52209
49452
14702
1737
1986
80717
73018
69334
59081
50492
97475
1180
32139
54531
71645
5776
77667
6335
72568
11288
17696
5646
93594
81952
17722
53574
95823
41355
40723
20872
86934
45875
5063
92070
65446
20275
62287
31722
31047
90037
93454
24420
21338
17973
75233
99199
83987
18174
47135
68842
98715
44768
91106
60033
40004
36859
71510
32218
76519
11358
971
35374
17859
54046
29114
11913
18390
76765
43618
74504
49530
26584
86710
84032
83511
22206
8813
28193
26700
34767
15415
77577
88951
42049
93577
88011
47784
80005
5895
76007
15394
28585
21668
67325
96219
97744
29226
90002
9873
30325
57126
95699
66515
76094
73952
63244
3054
32239
36203
51335
61492
69868
41110
24122
14995
12344
58470
79815
8795
16013
21099
98557
87226
51456
1131
16987
1974
77115
30611
72438
21763
64088
96138
40195
34417
26461
29425
37581
12687
25953
82570
12198
20136
21535
26047
62138
23598
97699
72387
72890
28356
73834
87478
88440
68653
10398
62251
14902
56505
43337
46470
93417
12881
95343
78189
79495
26246
7291
36544
80116
70424
78272
82738
30739
23624
37518
40928
51862
27415
54104
2556
68850
32805
34307
79332
96204
54190
52183
5735
92960
33557
78624
95470
3842
79523
91846
8691
77208
89250
72868
57330
9294
3723
78176
59121
24669
99313
3723
80075
83344
10080
13697
6332
21468
1069
70549
78937
56300
97425
63425
45838
69588
31437
55660
51380
14186
24565
54049
79507
31116
58819
41503
18752
65121
50996
64951
4545
97713
99988
36460
62293
24184
44784
62433
77842
43117
48958
12478
18769
42795
32796
88421
36037
59634
40541
51217
75129
53086
87918
86042
59072
95020
46696
99216
63810
20251
59825
45658
58520
11514
24311
89121
3697
46661
4786
45185
11501
2598
68273
36087
92940
94998
72293
89276
11920
48321
14506
934
531
38098
99414
2607
24513
90722
19787
56905
71037
80992
87119
64097
48305
42563
44257
6841
76101
82939
5864
60531
10516
39645
89382
86001
68370
51140
83516
11525
96978
49494
17195
94143
9025
78964
415
80211
69720
43819
39071
55113
63566
12261
71823
88048
77990
36780
39937
98176
91485
44834
9412
94582
84495
54210
82064
10352
81730
90755
64404
3274
29712
59451
67422
20786
51423
37389
79111
68332
11865
13902
57599
36900
56008
92940
95801
81224
89943
15289
63517
1614
32417
19939
1838
92375
88274
68577
30861
70345
47414
71247
8031
77723
40884
13002
18372
75816
94745
31927
84278
21450
5323
67995
62779
1652
75950
46107
5061
58121
7134
6629
21474
551
73682
29307
49856
8330
97435
39363
54777
3910
23998
22986
19575
91275
7059
41041
56215
72870
94689
91775
10168
98716
70253
4448
62083
96566
33537
46412
18897
95811
36316
47981
94841
41451
43406
2819
93692
28160
73389
10451
52545
1222
44415
56015
9774
70825
10834
94302
84272
17625
11872
32229
64264
58206
41487
47524
17841
44071
77710
29720
91943
31174
36605
1909
94123
73488
72526
8997
18968
93228
28518
99947
55994
56687
17203
25603
1867
83803
30142
84605
14754
71056
1265
68561
74016
50059
16389
45351
99560
53249
25964
62839
995
30886
85216
73488
80453
30470
96041
14078
15176
61810
2779
10871
8602
82570
12771
48703
31845
99239
60700
51411
41363
65284
97388
47877
46185
8753
15101
99332
23790
36304
43038
20010
