42411
85835
80129
83047
17976
14765
62335
24269
89318
20833
41171
44592
29884
56898
61197
747
68664
92957
73236
37967
91888
12086
22761
42020
7607
59515
44271
33902
76718
55666
55223
10174
98225
7458
48319
69186
65605
90114
95186
44340
9959
89144
85147
14301
50344
10504
40780
66799
57005
51977
48744
18173
26645
16065
99542
44587
59754
46778
81905
36917
41448
99688
6428
31239
16793
29046
60646
51910
27142
58833
74560
90472
7084
72220
67577
36885
6404
37184
28621
27755
64099
81338
97800
76521
39724
20224
181
57669
9066
80999
11011
59898
82799
57612
62733
18344
11191
82953
39688
22949
1803
8580
3193
76339
87438
17079
46725
76894
20092
88852
87168
80888
44873
60849
60761
73532
10724
42559
75291
82701
6438
12108
7691
70285
48655
15872
61523
78732
9710
2126
33788
58631
87703
78421
81710
56955
11969
58482
72262
70392
48644
44383
31815
6031
59752
12973
43889
26409
39798
71435
77913
36133
64309
12009
35089
29736
63949
53310
50699
78977
26010
43799
17570
88008
1412
31762
19922
19839
22790
17302
87024
61764
32942
35803
17767
99939
23294
94030
2283
75023
73529
65110
74562
29669
40405
72598
8491
8146
7281
69554
58330
19662
60407
28191
98583
32648
1052
93518
9540
43588
66974
94970
3726
21897
21281
64924
40003
14449
39360
7498
23594
38929
55135
32524
24516
24646
22945
30415
73494
73689
53295
97805
58967
24552
44492
49998
94133
34616
72509
11371
7884
5108
60248
54504
22783
11089
74547
66376
46137
98349
752
52746
82337
94576
91526
29978
22000
51301
92994
96477
26111
37190
35637
36009
84594
25644
97175
58746
13692
12703
95450
67920
1423
24644
81867
88567
1155
19145
58066
81036
21775
63655
17656
46987
91728
18078
35405
42364
87764
8794
97132
46724
74034
56186
90667
96410
7737
37186
70747
3591
58625
73942
10899
80549
47962
73792
77230
55242
32299
35737
15793
37368
29355
62963
90064
52293
69250
47926
74450
39720
50790
96929
27249
65098
70069
5109
80064
95031
39899
67360
87916
49139
58401
15923
11323
1688
71247
4885
12683
63106
81516
99223
76119
87514
96200
75053
68377
75841
14553
97808
7121
89719
59600
70126
64220
12384
42735
33861
86602
63969
86882
75384
35655
36743
29332
64636
95414
66058
95597
39718
15284
75752
23705
98776
71496
96764
62162
25241
11753
33036
30739
16766
84109
79546
82618
16761
2063
82067
47585
33294
56392
54811
83579
62355
60100
62653
69650
72468
33472
46675
36675
78312
41594
47358
28749
77820
77874
77693
45500
5087
94978
36009
86749
37998
15317
25126
84515
92170
46831
59377
11724
45599
59988
83894
65917
36847
76055
7496
89203
82966
71987
48655
25614
86608
80677
91533
37507
72289
15063
70616
98658
93958
1989
29528
61048
4165
14087
66476
24021
13747
43492
58284
57768
69885
25636
54104
95365
46161
4831
97243
6408
7021
6073
71849
28550
29779
80099
79153
89027
21702
32240
38456
21063
262
15239
24797
62473
59141
57497
27904
77900
19043
55988
56023
51866
78830
52142
25040
33296
87343
20993
24823
94302
88141
36754
7583
42990
11108
89733
95643
10352
94057
62770
42786
77235
38111
20168
62692
32716
43262
78702
94883
49117
82288
64979
59674
14703
16286
17581
75451
57747
30350
