99390
94639
35847
72047
51576
19628
88469
43941
95045
68984
70496
84620
59556
28376
4578
40172
47157
52552
20235
86945
43907
18870
49096
35598
82963
8473
6349
12863
94923
21266
15837
65744
17223
56802
44295
40947
78157
35110
73395
14532
34128
69723
94926
67675
82308
3060
29045
53413
84688
96705
74382
91080
28389
28451
65449
61839
93713
73787
92575
50449
76212
54856
32417
21537
61856
86981
44629
59646
42327
76856
71591
83573
72323
88847
5705
96129
77999
92682
59523
80633
56247
14926
54510
18629
1765
70685
71082
33386
3917
37351
37387
53700
4592
88068
14519
22208
42110
16251
22861
24158
13796
73747
26154
68328
56345
58528
42322
81135
98674
52679
51883
79150
25378
16947
23078
57989
98061
58474
34308
93263
20311
56104
3550
78144
18413
68271
89934
75142
63730
74870
1043
43912
12105
45612
86243
36117
11296
45241
50673
42407
11419
18837
87643
72524
63874
98392
24058
43588
70609
81118
6837
19018
38387
49569
87525
79226
4610
78882
21959
55892
55442
87815
52100
17416
4718
5452
31721
15222
33780
35051
79721
19260
4394
55723
2624
14581
62609
44284
60879
69880
43417
97026
59212
43065
71898
43405
83900
61627
25612
49099
85827
53025
56751
85304
53164
9290
39500
65932
86288
95824
58085
2744
27248
51589
35845
30324
49935
38777
16343
68353
67414
83544
78463
91340
98668
55502
99785
30104
50151
59268
94447
23806
6414
6719
26496
1364
34986
91788
35484
66406
42994
74829
4632
56372
10401
18517
18984
56529
54326
29799
22381
44855
61110
47627
47538
52783
3239
44997
39761
38194
10780
78350
77621
28787
6467
98092
72956
33887
20325
4032
75990
23583
50079
48307
76102
96835
51209
37780
43826
67876
51415
13714
92675
41908
30751
19464
20743
28465
99981
15273
91721
4692
68547
34698
48112
90168
4021
83144
53562
81578
33866
71711
11105
43638
3836
72810
74104
30124
82659
7965
64362
3985
88882
97233
40538
8293
82438
86819
12996
30680
21205
88231
48929
33935
27559
79810
24614
82412
54694
11869
89543
4550
84538
80209
21904
26855
43916
77998
75406
3008
57444
31945
84529
24001
72346
75792
91800
29982
90902
44219
64447
22910
42486
44387
92918
21543
70502
94557
57712
40777
17116
68280
44952
83573
65028
95629
81548
34203
38933
22718
13939
78717
51997
81149
30573
22571
42064
49478
44837
52807
92694
62642
94003
56734
7664
15898
88291
55396
14567
18630
11583
71687
2395
64113
7140
99756
50154
21599
14004
66836
79528
78107
5038
83509
85139
80083
3583
30350
82749
15229
50751
46217
54623
20672
30418
32137
12641
55095
54972
90431
29528
59210
19093
97961
75425
30274
2129
97419
60849
58972
3991
79350
95141
84701
28629
52041
23635
20533
99490
80081
77292
2842
75548
88384
12662
9038
98828
38884
98286
44415
60713
71910
60699
38510
14472
25470
58509
34362
13861
60410
74504
47135
76023
71481
37090
56735
20695
13161
95592
62001
18740
63781
36165
13552
62984
34314
99752
76073
24358
80708
22281
64688
76137
94818
53757
69149
57537
87972
90799
14070
66004
98954
63098
55898
51952
32893
23569
15653
70632
78765
57702
67594
9478
7026
97240
50312
70466
78247
59433
59547
74125
73699
12633
28247
29962
66050
65786
27655
94292
12932
39752
97920
80083
10794
16114
21930
69598
89208
73317
96830
58737
66199
64703
33106
93400
23344
41715
83734
71999
49022
90300
16262
12027
31959
21116
85031
70115
77550
38831
22392
40240
88839
58936
2215
33588
97433
9135
29530
5035
25458
69364
55407
95558
95753
62463
85313
11144
4774
37413
85766
19186
62166
91300
30147
68639
75449
32081
65329
50219
4485
82218
90516
54650
77591
30105
55377
87051
12118
64501
35100
5767
38186
79339
1195
86235
99824
80718
78557
58626
966
37190
36846
58598
25614
87092
9709
87941
82087
97305
46742
77973
52496
74475
66012
29956
60980
57826
50645
70405
59494
90782
19239
53372
88619
70519
68191
52860
96340
39274
69032
80673
18601
15782
39653
29675
32389
49375
13403
69014
73901
18765
78409
84569
98996
67268
36848
85213
19862
22988
49485
