82435
43478
22495
66209
46101
89654
62436
24372
14189
75963
62704
39656
86535
41266
46480
60749
69717
90495
93200
62690
5024
49414
71511
44850
65355
82791
16420
68420
96093
79353
48882
28383
19255
10765
29701
69476
45459
8316
69851
52022
7611
16724
85503
8806
9180
84173
46875
6319
99305
64187
53388
69372
99286
46792
17311
48893
18373
91141
58887
82710
67101
32978
49307
86059
47781
31946
98110
81527
74261
71366
2784
89860
27422
78163
47499
95495
33641
87619
67082
14526
42477
83302
3236
99442
58297
59614
8362
40259
16195
82078
34951
13710
25607
68295
97627
54755
31733
23405
65254
87744
64959
34330
62544
51923
39867
34836
80581
76247
40259
14278
68473
87210
90296
50912
45189
76399
783
72045
17115
45594
82674
61546
67621
69790
28344
75385
49551
82088
6580
97946
23641
28091
23310
64023
6052
22987
31644
22542
50467
79546
83296
7933
37485
1165
85229
95162
30455
44495
10645
6757
71380
44110
31248
66413
63251
18710
58212
44973
45389
35896
83037
52336
83251
53493
23552
37120
59136
65392
12290
61104
49102
31476
12941
2593
91524
84462
98227
50747
83826
22221
59485
25702
58445
48113
10708
77564
71554
64293
42298
79836
59124
63102
28773
79221
27411
90140
31061
30990
39412
74400
4004
95852
24972
94730
67230
92131
91609
15752
34151
56555
86873
20813
90649
82753
80958
18248
95276
44295
53210
71563
17528
86422
54241
99383
79228
40162
89285
59136
74117
50618
9916
52269
60394
8642
47933
89910
64094
93868
78864
29196
82391
471
24732
68220
45446
92650
9329
87281
77658
56518
70997
9726
69952
48975
1678
16270
46221
18335
56653
37786
56997
17444
79936
40488
60204
13637
605
71158
14701
81212
78370
27955
33720
20868
29134
52464
35320
6707
32673
28581
42500
83676
95022
76469
68961
86456
25353
6394
66404
16238
12897
67841
60896
45602
6539
96966
57494
79564
82136
20529
19986
6072
62868
88940
72673
79073
28747
33358
38005
34977
45831
60966
31630
84955
92065
90978
11913
26524
83988
44230
49585
54520
90869
80179
28130
76265
48534
82525
57629
48985
65563
78095
94988
14503
42774
77462
57147
40957
42884
29320
78656
36644
65665
778
85303
44349
45127
25665
42423
77272
60195
67030
29528
67778
13510
59106
59724
50569
96754
97160
14053
84748
12304
99075
240
42464
74720
76494
86439
27764
26692
5191
49488
24739
85636
41113
61495
7933
27758
12848
43372
38911
54056
121
38892
45802
73877
14308
76517
83805
56422
49035
10744
80604
73821
67821
35723
74120
89934
63689
84485
97603
58308
45614
9127
5224
3499
21686
75183
66652
88698
90818
22050
88429
77350
79630
99120
46269
13812
36362
16096
31595
99118
23008
83508
77346
7904
47366
52415
6408
97570
8425
617
79193
46957
77402
49256
20446
31644
23221
67948
66087
94128
52131
43143
84641
10683
58088
61800
32475
95989
34550
72239
84581
9224
22178
31452
99192
60119
82757
57261
59069
44923
99624
20666
36044
83721
45864
22478
81241
71082
42023
69022
23384
3672
15621
47952
6504
9620
93724
69191
49145
50771
77516
67580
74007
3287
48788
52063
96041
9414
18654
21036
47302
81600
8927
43977
9400
88047
54879
31999
88543
96067
36385
2147
96073
42844
58066
93028
77130
77691
7253
6224
2886
4543
59812
28246
17686
49029
98839
34924
48878
75450
50272
98611
3667
44988
93108
17350
449
62852
18740
62075
60928
91595
77256
91058
66648
20345
31850
94092
59231
61235
43367
44371
17036
14511
82895
77406
12592
29458
94398
87011
46646
58990
16795
68512
53097
67308
16296
90906
98154
17651
50307
92277
49974
84463
15402
63039
61947
13395
30293
19219
16671
88282
98393
34999
20262
31287
28135
62161
2064
2054
34556
75970
86425
2164
71028
28416
84247
89463
55714
51824
78713
81459
44217
35364
54798
64231
92229
36415
12998
62117
69041
28126
8913
96
20923
43919
20522
12283
35648
24665
29283
43058
50333
19556
68672
32586
65222
43641
60621
18922
17396
74428
68796
22550
87167
71168
88096
74600
63162
29898
85314
17849
93200
64494
11331
40880
44500
94423
13549
21868
26851
78312
49334
38230
22413
82801
84672
28326
72627
2291
19120
47283
70303
40790
40045
16943
58071
65660
13570
72883
9802
52572
53616
2104
63817
38541
35108
40058
42478
8817
95352
26152
32916
466
46686
33934
22491
95939
94610
60586
34630
13900
23447
71762
72185
73089
65960
52814
10757
89100
53650
69165
21101
46600
84553
36968
8426
21781
70525
79310
13221
5141
7981
44991
41303
53358
69147
22093
5941
56536
71084
76293
20380
16847
49141
90250
82647
96064
86673
60965
15503
51341
67298
42379
45022
61122
48555
43481
59341
19807
