22083
36132
54839
51287
52650
63078
15590
12693
26713
52669
77361
65396
80058
94198
33344
99511
31344
82607
32035
2496
54085
82657
74914
40821
56030
71780
61358
10205
24766
33077
14305
24489
86358
70043
72284
40535
49412
44733
14614
12864
3091
59872
43355
42345
79498
72089
63579
43598
31532
47963
87915
37167
45046
66463
14216
27646
29378
40737
53327
43393
81793
56093
24892
59823
11239
94790
85992
18626
38639
86887
58552
61423
3380
12553
75514
30893
99787
55168
86765
9750
75629
57609
1312
62400
22865
80177
95518
18838
14473
49829
56721
80369
16532
45159
63075
68799
74567
13612
75261
68602
52212
9704
97829
55994
57624
49124
96002
56425
2761
17660
11139
6974
14904
90539
35409
96215
33514
51215
39363
51702
22714
46668
19349
95330
62210
23230
15093
60657
32030
16720
13079
23884
15331
65176
85245
67490
71948
89530
84098
88660
62811
27393
79484
35868
11133
10399
78062
47543
30375
8332
42843
34763
52416
37842
92789
46082
77145
32246
52737
22692
73619
78603
38722
82617
99924
72207
46093
70097
78031
21910
28909
70367
20276
81396
81233
41441
84333
44662
13273
80771
66181
77408
51903
4306
73249
49027
76651
25294
7788
2323
55154
49316
32182
63516
87797
62992
72063
17435
31984
50141
97194
91546
68751
66700
83279
22602
59114
93453
10446
73773
60233
1285
96573
54254
24716
2067
53039
98018
40158
25112
54504
14957
86458
44784
62109
32176
61057
60843
55916
53860
95150
27796
65549
39751
82649
36703
49251
43842
39774
58329
454
40366
21609
79429
15293
31418
36619
39753
14348
43668
4168
52067
66747
74409
59379
49789
79633
46472
28809
79377
44850
77546
66049
47271
61865
34340
30180
25575
28066
91339
88423
72538
12415
57083
57837
41693
13042
89895
7419
93721
22276
85336
1346
36894
54205
88853
8449
97904
13546
59883
21261
33038
48559
15156
21865
80031
40339
64934
17950
89141
37571
35549
52272
13947
8572
79594
86897
37022
9680
466
32567
39765
10489
91101
82513
58214
66144
41952
72733
85779
34436
45953
4473
84727
65969
9948
159
81638
39268
63204
39853
98997
94566
14344
85455
99796
8558
35334
45143
97161
22524
48095
3944
96113
14222
21991
91109
11774
88939
45886
90993
69533
3281
42135
47162
35632
46472
39681
98519
56204
88444
33017
3475
11540
45318
40818
7476
50802
12619
82385
96658
75975
63621
51446
35243
15722
40445
37187
89696
69732
54670
11774
93661
2632
47682
73158
21756
40212
29179
94718
65995
39905
65321
20100
9834
90374
56882
