9622
19870
50094
2085
46726
6130
32116
54774
58195
46009
54498
14829
31455
56974
29915
67972
62915
86137
64388
39432
14644
17267
8307
18402
77438
64584
23887
59968
51489
53517
40922
50055
57560
88953
89914
26071
67918
68531
71322
72697
82063
80459
33685
29543
12628
38982
49413
58426
39975
44376
11497
36153
12450
46902
53319
1148
8799
80484
50476
21835
71822
68298
55535
42310
82195
13326
69874
32449
62188
58030
80441
25067
86791
52399
42465
85665
18934
24919
4108
48398
97721
36679
49160
13727
15657
50799
59789
49698
58490
4121
71662
89357
65267
7337
17986
86264
97272
1452
6196
36200
6236
14448
20879
7319
12746
28372
31857
4197
38064
21390
341
40080
10036
75810
94825
62679
20006
43487
59452
72272
34754
39
62877
34966
57339
65416
6367
17580
66088
12243
75265
45024
5558
20115
70501
74791
72183
35096
42074
17897
85424
77099
60072
482
8106
38057
4825
2832
5531
66703
47128
60494
89575
44687
38677
30397
69030
51193
68370
52776
88068
8597
717
51123
1560
31170
59639
19840
44701
70495
79684
98675
68101
33940
23874
49599
81514
60260
54701
33097
44111
53190
45755
78332
90223
24438
18947
39675
1014
58439
57339
69675
89235
17996
63490
44175
32853
46705
43739
93222
30374
76622
38571
46438
56217
11718
48268
16591
49425
55281
83654
33924
46537
23922
49073
50724
1767
7785
52273
31537
26598
26993
57203
78113
98559
28537
13131
90509
39305
73669
18866
69733
63505
91633
20946
26902
35339
34286
25719
42705
18961
76058
63140
57106
59004
45099
57330
15949
50306
69381
49328
36651
80309
5760
18742
89078
79452
5513
66075
91304
97738
28976
83012
34620
43190
81753
81793
57912
94277
62500
1529
9893
72106
51796
6798
55370
81182
87307
15745
28900
10070
55378
2108
30284
75823
15548
9763
81350
7291
40571
56307
29361
53764
91482
85243
28079
13413
38928
51357
39234
93829
34228
56201
38816
65057
85691
56920
21542
42513
2269
37519
62041
88201
48333
8698
95459
33150
40362
39767
49316
23758
89396
29787
17853
54684
51664
97867
88048
70472
81582
5463
18856
15274
12639
18354
77134
52366
88216
89969
58987
56418
80785
9155
73271
23613
64574
58347
12133
14394
23521
8145
91036
83953
46120
16123
82346
47025
29253
41610
13785
77596
20878
83260
99820
19808
12025
11325
48046
82720
30770
43281
96731
98673
49187
59723
28053
75691
96209
23489
66682
88624
56417
74339
74635
56727
79367
77478
23560
66189
1413
55002
95079
38723
92629
63062
42534
51342
85947
70622
1382
32655
26328
79431
57253
18654
12311
8974
32785
5760
15060
13699
42707
56493
52366
92903
67949
91015
41981
55082
43813
48291
95695
95192
45922
91530
92863
88669
13382
9206
21396
97488
26567
9977
78842
61604
49787
51898
16011
90231
60904
77592
51876
54042
54374
39191
63125
13867
69779
36169
78151
36425
73963
60344
77021
47795
72857
67996
73433
50891
5912
60668
7824
5363
44267
77285
79743
4521
96711
58874
59886
67889
69412
67267
23317
82684
29382
8639
1483
26289
22066
51198
58586
28321
77298
6263
68495
59352
98969
8420
13096
5259
88201
38840
66517
21761
36405
46980
64171
88902
28743
70785
40774
68185
54567
73797
65352
44429
97108
44493
68335
74016
42325
43901
31732
7361
25940
72393
78054
14769
18107
15163
35084
45134
53612
35337
88640
18415
99105
96205
57868
61790
64678
12654
80884
67546
1731
2372
80904
4035
16318
50960
59865
18301
78953
15415
76821
95554
26134
33836
75972
18221
40198
95453
23902
17530
20634
97991
79170
60009
38694
13157
24084
67000
30714
6849
8300
92949
39847
86830
8137
54429
57629
33023
7395
96601
23906
89001
97411
34670
80444
83868
30191
15183
80907
65919
59303
71122
14726
2293
45446
87789
24363
56374
55925
8062
97343
95023
94964
5905
57392
61482
88656
88858
87374
38111
13175
33677
99363
39369
51174
54849
14751
16661
13638
11570
55599
17758
50045
85270
89778
43228
10336
23399
57211
21730
9045
15123
64109
42251
93647
75308
61627
34286
32429
23204
74967
22679
57769
92714
95059
3706
86069
21638
64988
16976
19015
78780
18312
70709
62225
89503
20029
16048
18548
30225
86311
85228
86504
23353
93890
51870
59641
58728
3354
71099
28727
5967
88715
79822
31107
1719
96637
28681
26886
67517
19098
82671
14134
51161
39429
63442
31289
60489
99917
47786
24106
34486
87559
54754
25245
78581
68442
66784
917
17163
62558
73073
3146
74427
57358
80075
69988
54000
48777
65749
7453
69116
93617
64184
4911
37465
55479
13739
10319
37588
28725
70971
64879
88382
93584
19911
33050
49862
11758
21918
65939
99732
36061
57230
36408
88357
64996
47557
74397
51338
12303
78958
8663
10103
6283
4860
95642
8987
40711
9639
8336
9349
29733
10882
797
95496
39351
57588
56725
45664
49453
35922
26989
99139
72955
11549
11478
6443
88514
5887
40561
82974
96200
84892
37683
22850
29500
92779
82613
34209
28321
81568
60129
51198
52999
23494
50658
75937
25963
44388
13814
66901
63394
28001
6064
27492
40356
40732
70145
94013
30624
93167
8309
52111
97539
81146
84142
35182
86810
69976
43371
11744
86395
94051
64285
10720
66541
22446
37083
45978
37379
13323
16517
99889
74025
2483
46352
14605
69528
27964
75079
3782
70223
7685
64056
59949
33714
11550
22463
32883
56143
67214
32655
14085
28021
39407
98121
57800
13015
45597
25571
59624
67073
68758
85405
56372
15205
43259
33971
30114
13578
5051
93664
64133
45314
68658
2761
18610
66674
61902
49166
15202
95160
2723
79806
49869
17610
70504
27920
42764
12946
80226
14841
33650
48884
68976
39994
57770
18610
66753
77280
5218
1703
22830
92319
50251
38515
10574
17431
62942
36927
22600
25945
49459
30652
60378
45957
74152
26192
93472
34479
67046
9583
63374
92120
11965
89442
98511
22480
20640
84923
61458
97248
86766
31800
57039
24482
56331
27537
96583
18972
61084
602
24769
90234
8464
59038
16539
62624
87431
97960
62667
10525
89897
51837
96977
33601
16562
61975
74069
41810
81894
51413
67026
64538
51677
15793
36679
54031
69695
28850
68777
839
7999
34353
61637
97817
48744
18608
40147
27721
485
66447
33883
62460
26781
5796
10372
22401
85981
32912
39003
1512
11975
67816
55162
76744
90989
2688
91651
19320
99848
83766
3644
50432
86518
57320
50296
95176
76011
68907
78752
46378
50006
