95429
18410
13188
53287
76005
75832
65606
10082
53313
98004
93369
4577
25196
62754
77330
39073
90114
87401
3701
9345
69857
41574
15598
55065
43771
44645
27774
87490
88513
87516
29295
48358
23283
7246
87203
76206
58805
8604
4098
86383
94507
24222
95186
39317
75856
66086
77627
31012
441
12565
77519
26435
77636
81994
35374
21517
34808
99045
84987
33797
18286
32272
75873
52670
2043
35579
59244
76713
81213
96785
10062
21922
32899
23890
19636
21892
39614
81259
74028
46188
66515
90288
17728
53495
65070
5623
18687
66747
82657
73901
6676
5139
76588
68001
54993
32488
20096
45422
81762
22836
5620
62271
63447
26129
48559
768
15949
50766
3800
78922
5278
7020
80563
84968
6320
22078
65458
15995
32985
58499
61817
26554
80993
6773
34405
26632
88237
42450
44735
33357
19559
26718
35207
14334
5803
41943
17311
42611
46145
42308
46291
83726
30457
74971
92487
82764
63263
33178
14527
48739
26684
63057
65411
25362
48859
48761
99921
21249
29862
74965
98753
80983
29439
72280
67880
18355
82726
36115
68218
95489
21176
2754
94164
57997
30551
61689
76809
81346
36873
16167
21859
78936
27268
84307
96604
74904
76075
46128
53065
38485
27
68208
29792
8355
31358
20488
36260
1824
70711
96116
61278
66636
16984
53964
45399
94204
37337
7868
37063
96236
76704
22685
59423
97583
25905
72677
39884
16821
13392
87127
96244
24396
11746
14138
21815
36273
17168
32950
76555
19656
57173
78999
86580
8082
34809
12368
67532
78542
7730
28323
19573
60243
72885
41499
54307
4048
43410
64575
79455
56395
6387
57063
28108
2062
58577
76376
10600
55616
13777
43267
72053
51311
58279
69331
6031
61057
53478
78858
29251
5372
93829
24953
70769
70950
18784
3234
68388
68969
19936
68101
32968
73729
27856
71302
37291
38074
85453
61227
16646
63428
9021
26765
35446
21634
94396
59283
34570
452
11107
80744
24490
97643
34378
79598
68161
46492
61985
48247
67901
80582
93560
14999
88814
48429
21613
49910
18306
61830
47978
34940
16988
18071
24036
59639
24027
17417
19341
57503
29144
11263
2809
16498
73177
42212
33870
42460
99560
40190
55165
35358
43252
8749
51812
79547
94674
24417
60943
40863
68961
96131
19213
10133
3830
69822
68350
19689
5570
23888
80430
43882
8070
35826
16720
4455
82398
13826
78597
29024
96364
33484
48497
67388
50557
81872
82494
38767
40859
1757
33757
38554
64912
44670
54873
15046
79913
59054
89870
1488
23261
41030
78944
63046
80778
91097
12581
41768
81469
11292
90914
41655
81383
53935
55230
16761
98208
20781
58601
72915
48867
86038
85879
14161
99043
65586
64776
48254
84462
99169
74744
83147
97835
51383
66493
17910
15537
30067
21117
6851
50082
7428
38859
90560
86037
68046
5310
52315
31259
54625
49748
93304
5908
97884
85383
88351
61179
11950
45358
3201
8175
7245
66536
37521
7389
97069
78934
2753
68492
14050
45095
89257
267
95215
30532
39897
29648
86237
40454
98607
30267
78382
21910
29493
83086
88436
96697
25667
75798
93862
87972
88788
8858
75437
25867
41917
83388
61486
64662
44393
99582
10596
88758
99610
82562
69841
74079
11845
71879
32642
99793
65538
58960
7125
51519
47744
7550
94988
8874
53951
21672
41837
28036
89335
99540
7036
54600
28002
24435
72990
97170
84324
81405
35013
53749
24428
52835
63276
53613
55254
26001
82842
71959
82270
65206
80930
39609
86151
87366
3630
12515
42987
60010
53205
97373
91914
50209
34450
79079
33723
76020
23312
925
59340
4322
50476
33173
30614
13727
1979
62207
88369
66864
41188
29152
51786
37489
58938
44564
71407
2268
19134
79777
71299
79174
38459
60329
25346
87144
72511
55703
77380
80338
92191
7965
73304
85912
67962
5005
27106
69166
30910
89758
9140
17313
72331
21433
26837
32571
7477
62280
12785
77590
7073
79128
67268
42376
90353
3901
67578
42984
13803
80413
54670
13262
98994
43206
37072
52209
45898
83395
81363
28962
51114
43650
6371
86615
81996
53429
52888
65166
13166
72450
28848
40808
37401
76822
2241
64637
25266
30103
27656
6509
9188
17462
80100
96125
15564
76284
69187
90936
12162
11808
65493
11123
50549
45046
59959
93163
44063
45254
57887
76348
44612
77327
92851
1626
31245
24293
79490
53110
86663
4807
94634
60590
4673
50798
39961
98714
32405
14012
5864
56257
77732
3577
20542
41811
94759
60075
55493
47759
61186
19008
63916
3964
29196
83565
31140
65532
65740
60532
36525
66023
16985
72119
60453
96310
22182
14752
34791
20924
71301
18628
73065
69001
64123
79894
33352
26430
5961
85238
52955
95342
59002
14605
59800
26493
57662
1668
40546
41418
87599
31105
68283
88283
29381
98335
66218
94082
79844
96748
89339
70563
12463
72899
77951
87117
27604
27060
81629
96289
73045
35101
28005
63351
5177
17950
84510
6660
43880
68990
75575
50424
43293
2641
97341
51896
82289
93902
57570
54173
57850
58908
39122
11125
74913
22179
59327
71023
48473
65202
7775
82212
94326
76312
34816
44794
26367
47274
5558
9810
74696
69263
67554
40475
38513
74253
24249
47520
49936
43298
92572
5984
83730
9898
49288
64309
10925
17105
78401
40905
65048
24851
63297
3246
61248
62605
72970
62246
43063
31685
15402
59314
63114
20823
58696
75293
13994
99749
26671
57841
99915
22648
37884
5750
49199
59664
50235
75978
22856
34657
60807
46842
49112
95479
60986
61001
13305
15365
44183
61271
58194
42547
62180
35035
24637
60748
62372
55433
33163
65407
56251
78114
24841
98201
13605
66976
38071
48096
18209
36883
80484
57722
12672
86790
32454
44719
76622
40804
74170
30414
64603
46761
85650
71254
35384
86919
1806
59680
13412
23486
14146
54374
31251
31192
27829
15083
97086
65952
14365
33593
82071
24545
23287
76889
36748
3481
19408
78038
46732
98788
68530
39501
79512
17502
46617
61929
7178
43333
78704
34015
77520
35579
53233
55691
76325
53482
44826
61268
2633
55789
19997
77750
10018
69485
92643
94809
7977
80539
75003
41288
1848
70788
89461
25302
