39571
48832
2198
51035
14972
41310
75549
16016
85748
26992
38306
93278
65068
63660
99916
35448
54784
22695
25624
47204
36088
12741
38215
56000
57569
26139
2645
56204
213
92160
85004
13068
33796
99228
71990
99111
10272
47438
60482
82082
1693
54815
52235
90756
83350
16798
23515
13824
37072
55290
32325
65210
51919
79425
55346
65116
75413
25607
70588
38196
47114
16221
24206
20294
71816
72321
68178
27562
18030
28864
7682
10206
40505
42416
61049
24040
27993
75071
74303
69595
46554
18677
98945
7246
91309
80930
49357
16463
93795
52371
74112
56654
54079
79211
61045
51915
2044
67542
46416
93289
62486
64905
17484
47431
48517
2481
11954
6026
84138
60635
63070
78161
9133
97258
56352
84672
42083
76597
29767
88460
92258
34863
31112
80559
16235
67774
47261
91730
60672
77204
22087
7644
81379
94920
68231
23708
55156
82876
53064
23576
33696
15627
47157
40046
36004
5198
66862
10101
74213
63007
25029
60748
60573
14894
19499
21740
73064
39396
9283
27200
43363
81080
70945
34271
79278
88757
89655
79649
15429
16974
85198
77690
96597
51758
68439
23064
30833
5833
42920
35284
97134
83201
19048
30350
75472
11393
88924
93327
87647
32421
88337
23723
2842
77641
74741
37087
97951
14060
10465
82721
40727
72502
2257
47504
82391
97705
73511
59497
29164
46322
19673
38189
27433
53520
83182
88344
48497
70340
66611
96200
85324
98571
32264
46988
1527
69160
31071
1652
78729
55176
20511
24781
92783
59038
27017
65415
91836
38755
31443
53085
73229
15918
39003
449
49145
56613
70474
26951
56330
14030
1819
70870
68551
4180
66903
5336
91625
97232
17008
53088
30595
1059
1573
51783
86273
49345
12214
73214
66915
6426
10397
44818
27633
21209
46033
60726
83725
25704
92073
13372
44537
13718
59265
44332
74197
89979
24060
64599
83801
3602
53118
32668
34322
40841
99858
50426
87692
90209
95212
82365
64273
5571
32268
17937
70502
84769
69709
56322
75128
42849
36489
54279
44699
35471
48080
64856
8758
552
81518
24940
61905
8842
3990
61301
55846
83268
35560
37514
81857
30944
69566
54639
82005
8702
49451
99199
85921
21162
57210
1287
45497
49583
15827
7502
94148
99476
34872
80005
8053
54129
11342
24291
58873
56268
71123
28630
79177
78302
79748
85362
37368
30685
11231
67407
76952
86404
49092
67330
78837
63249
1248
84254
13938
51080
78914
63195
91094
68181
75282
30232
5634
89269
98610
78457
82851
35000
30086
37519
63937
59806
31502
39626
84961
86963
39272
28688
42835
99849
11946
84376
60758
31506
5417
44221
7540
35741
83194
1337
75710
20303
21680
63119
3369
27208
71308
34531
55631
54898
51521
89743
65631
24265
17213
89501
457
92658
51880
29705
48556
55886
46735
54244
45295
58815
74347
6145
91413
20078
42563
37665
12562
29736
61932
56022
31207
84838
31893
18016
94175
44569
46730
61404
91439
66241
83022
8068
9958
58024
77747
51981
11553
74694
37159
12698
23003
1536
16319
75565
75210
14752
37371
75782
18813
89714
73147
37948
70029
33703
29447
1208
8245
84875
39133
90309
79958
3788
70637
63817
31460
32871
43923
1702
