59275
97061
55209
74478
6193
97578
40945
51063
90751
94452
5370
53783
98709
40576
41684
61939
76665
59905
89759
31947
18427
6237
27918
10566
79642
95492
74066
82514
72688
32128
58436
284
85508
77557
50266
96884
75500
87012
58692
8798
68948
76931
35151
67392
22665
31589
3248
3486
98357
26013
88739
94398
98208
24605
27963
61675
45321
96110
69336
160
92344
69810
55724
27368
71300
8833
66677
4498
9346
74973
27826
54799
74657
13713
78266
80842
61354
44572
96262
24603
90842
25330
7035
35072
41221
89159
40909
42911
81154
5085
67546
9214
65654
15150
19426
95077
97840
39222
80859
54245
75295
43156
9544
12101
88233
90642
64578
26124
55687
7605
25393
78977
21378
99739
50341
58859
9761
51717
78920
67701
15176
66048
30492
71155
67651
76029
79173
23362
37089
38241
96904
17785
5327
33018
18183
97354
78841
36146
83671
18904
18862
4958
30461
50864
40725
38692
85323
83635
5548
49791
13616
36163
69361
21708
33302
85917
52590
49418
38577
44771
49602
39229
