457
88166
62344
87813
29244
766
86060
55338
44834
10606
54093
14304
98357
29066
1627
56033
17621
57106
43942
13778
70448
89638
93036
4320
16668
29390
42304
82754
7343
24209
69740
74946
84505
36250
37861
14586
37932
3417
33181
56345
55141
25920
30711
40759
24294
8242
22942
80617
85395
81464
16639
46595
99770
74957
60412
19037
49765
72548
74191
95780
22088
23379
24946
63859
38455
98965
50704
61372
42691
81072
40294
8204
81832
12777
39775
84472
76131
88826
50646
81832
4663
74552
48433
93540
69030
55658
10676
25612
47967
52308
16933
90078
93885
69771
1934
7775
71742
36224
3070
98537
62061
24664
15689
88229
15008
36007
58534
44272
58132
91403
58623
44301
50989
52072
48182
77710
34997
87873
35843
4388
46859
38300
95674
31003
58566
82390
88679
70980
19877
67968
5866
94046
81635
92757
20974
1862
95398
5594
18004
94597
38894
82091
61985
53947
53718
12375
82586
76104
34891
6317
70902
13552
61674
28042
86981
43905
92402
48835
51718
90622
29847
20694
93861
70790
37033
4054
46666
95230
82713
11044
17658
73192
6547
35819
87779
53628
6909
23578
71976
66951
12786
97844
561
34579
62079
37433
12932
45960
33691
26222
12079
7086
356
85388
64701
91227
95235
52585
67265
86417
55705
99169
81540
97409
89936
97294
68286
40173
64379
88303
54187
692
44936
16664
66070
9520
6771
6721
64323
36649
51069
93741
52820
18047
14327
95893
12091
20606
14292
9785
57600
46996
39754
23803
54470
50959
47291
2844
99003
93981
86255
37619
48959
37669
86296
34084
44111
53050
78076
77437
34518
34628
77684
92874
81453
31103
32866
66637
39738
60622
41191
81867
98252
66017
5170
91740
27213
61874
76664
44858
8358
80717
63551
61225
78884
67293
62223
48150
26971
99771
94714
1249
93555
20292
36884
92866
50503
80295
71298
70225
38152
1202
4785
21082
14575
64889
63462
72827
64333
11690
72624
60134
38210
76974
67907
76960
28804
92303
81728
63851
16409
85543
65750
25348
17113
9622
21844
23923
65750
18288
70030
53623
19425
67877
64563
84047
34054
28264
26433
49002
50995
53304
50011
5869
36859
72258
7230
12385
58313
33521
67874
15324
53513
69852
68556
81191
32968
83907
79598
60463
65924
48589
19976
38045
12323
20473
83666
32867
84498
8969
51967
80794
56702
63114
21829
74456
46137
96404
13613
84825
7776
1914
80168
39391
24118
46144
21807
96210
51143
42302
44468
50793
54095
45023
84175
79958
3395
67440
32428
7222
87957
52173
40064
35290
2293
43305
12201
66309
15562
44085
22725
30638
25520
7394
67401
69574
1101
19631
33384
65615
65109
53820
28223
35180
58017
68761
22511
29640
42280
86996
96553
3199
70924
74222
9640
17028
82065
29443
41855
38815
49670
82399
36856
15382
22124
28509
47804
14006
91467
42099
43615
22869
55281
71594
34192
58736
44069
54761
34618
6014
77259
56512
69786
49898
6363
39604
2487
14176
60540
71932
27602
95789
69781
72981
52982
50498
88994
77770
29656
17442
45165
70711
7997
14561
28877
23075
14289
56819
36156
61297
87393
61695
82490
62406
26660
60630
84422
28618
80132
30349
71831
20015
81328
29283
44326
72609
3178
15856
94158
58505
69575
4589
32870
31115
40113
66190
22032
91307
37298
52496
67915
11036
81577
20438
92329
19054
37606
35088
4531
59656
1928
13813
55365
89849
41317
1635
81862
16410
1671
91440
79040
86767
49453
40519
92289
41703
84043
59026
28104
40452
53647
24596
79169
52093
1374
93937
45341
26214
75395
25925
4525
52562
91454
12826
70420
16076
91397
61927
68622
96114
37961
2409
93172
89357
78523
92892
86723
1990
45140
52628
85665
29371
30560
3805
58349
42830
18753
83157
79830
57416
63777
59810
91432
50778
6031
62752
44563
42970
72871
2756
20386
14816
12864
6549
73268
69787
73975
56062
8255
47890
66031
44685
95286
19130
15319
65537
40421
33567
49192
43176
41796
46361
74294
27095
72278
34774
26665
47773
91924
16078
20023
27154
72891
38295
514
55115
82378
76491
44774
99506
37320
27080
16375
17407
48325
72680
95009
63773
92801
51735
82450
97740
56389
94115
42261
65278
99003
86344
31679
17945
98163
63400
25920
27948
7919
95618
4745
56109
88025
78645
42217
25008
1
23534
20975
29644
15082
77809
88380
58458
78320
76365
28069
52398
33090
29700
54881
53792
55513
79086
47677
92523
87927
38578
56871
93871
29497
39224
22142
29231
68930
68468
9998
43706
53287
69909
21047
24619
67497
80912
50692
50316
36850
21225
30456
67561
65662
51204
59183
62436
25865
11599
45457
73150
91647
63947
17378
73869
70503
9119
62690
97844
10876
1383
49894
38306
150
34167
38495
69921
24742
32324
56096
76166
77027
57267
57668
97441
42152
32624
97534
97238
28052
63842
61150
12591
16245
32301
74106
53494
41339
69899
47791
93683
79117
67751
62697
19432
81956
85672
38343
10106
50071
19324
80738
18880
13573
20599
8851
53782
89337
37228
79873
74272
41173
78176
58534
59336
28911
4963
22530
61404
81736
98847
59103
19500
38414
14319
56535
63391
87802
35909
9632
92225
75265
42492
39931
6232
51318
71313
16988
11457
61452
97583
18800
75827
76935
96
20571
37872
93846
18892
14398
93400
16979
62033
49924
51846
49428
10790
54877
91355
60193
35384
82791
28778
53433
21333
42045
35072
43043
98002
70269
70798
56089
56890
14826
81037
37927
18187
60361
63265
63475
84154
21379
15479
51756
34524
30367
66292
37218
2648
19441
38697
58723
23932
25624
45918
24429
66789
82000
22341
82575
96711
65174
47805
30172
82769
44892
85464
53599
15478
42247
29265
45462
52246
78303
89136
64938
85954
81520
65535
8949
6966
84632
65132
31457
89579
3185
44182
53500
41170
26461
22598
97171
98168
45444
49708
14100
83120
47843
75794
29524
94738
10794
21314
15636
93775
16353
43868
73312
15179
3914
89236
43066
92180
23582
35091
53443
91910
81832
1947
30937
53387
41942
98800
76821
86197
59556
32113
13872
41713
52596
48908
73249
50748
1807
82907
64955
57841
4277
94429
14532
40795
26763
95100
91724
46716
34392
6353
78266
77295
61582
79802
81887
27768
80434
9413
13432
45871
31870
24365
93353
32512
16528
81621
60388
11428
77606
89521
33209
32179
21121
73906
80
56027
23864
