23884
16352
17702
16176
75468
44795
41806
18713
12616
43061
11346
88155
67764
69016
18603
49458
20447
48256
12176
40243
50992
92589
93006
95343
75002
17305
43759
44958
93727
19933
13854
44558
73241
23792
61579
31171
71840
74100
57838
60186
10527
34148
5951
16147
79044
42354
22900
78443
46579
27560
85455
2820
528
79035
96881
24802
37833
49657
56705
15889
46904
98947
53302
12267
64888
30192
31996
37228
81712
85652
8423
60956
58835
14743
84398
38173
57187
14233
4722
61693
35959
43947
1897
93867
76642
72466
90480
43835
18837
83812
84777
95070
89152
34496
63067
42268
76839
91250
86848
14119
95257
29986
56177
35140
90638
94338
87631
73482
68539
92717
42174
651
56790
33028
83588
16966
41719
48034
86467
2347
59782
31885
80704
50526
73631
84301
6945
30617
63745
33676
84701
29630
75725
65557
81888
40418
84961
94299
29641
57557
35603
62580
42393
79295
60657
36027
93072
717
56508
99562
87634
10928
63701
88623
37190
38607
54600
36812
83372
82341
53757
67125
41864
88435
83875
40463
43158
33214
8680
89849
40369
59257
2494
28015
30283
53585
77233
8361
18728
55741
11834
88441
71042
68887
48555
40788
10340
91579
9190
50814
2074
57083
61373
57312
19966
62158
58382
97586
72331
28527
39534
37675
82094
9226
55497
14123
62168
25459
79440
10307
37408
7794
279
95266
81090
43098
31535
2866
78113
10743
59182
41740
491
64448
36913
76744
97871
63868
95411
10380
62078
14576
69978
76179
91848
32783
63673
17989
43838
68163
87568
11756
91661
1386
2871
57056
19259
74507
99758
70341
83865
71253
17254
92787
17638
42514
11384
26426
39998
32143
9056
8567
83619
39000
48956
83115
75836
36065
31636
92469
79276
43529
72238
63173
13912
14939
85748
20964
41056
1615
58601
79611
79446
6388
61066
96536
18624
12253
33540
86331
14231
85196
35449
74000
74274
87813
25007
86211
1335
42156
4650
66105
84139
76948
27280
86334
73605
44009
32983
39764
99815
34094
10170
21837
11800
15933
89764
10643
70351
44435
92592
44969
79948
43219
62453
11661
90165
60569
45881
6129
18448
50334
44620
5282
83072
46403
77444
55519
74603
13765
53237
29325
49604
66156
54592
1819
80140
75062
18685
37983
68131
48780
21577
32266
79682
74332
59272
50268
30234
36936
74652
42094
49658
85417
62267
85030
56955
9910
64044
48061
45407
30860
58118
59082
64612
4795
88745
82844
19902
95914
78971
17500
24981
52021
87389
96775
50228
65138
32086
49842
74179
84120
61532
30804
7318
93584
18636
5543
61756
97655
34135
97489
36161
48999
99847
74936
15866
52068
83304
42599
42437
24142
48722
54631
51695
17683
96399
20365
64694
72607
69055
71641
28269
6333
44588
76852
4229
77292
3994
24754
37924
80099
79101
7720
59147
59285
68917
54038
85067
66848
73513
29
89679
77408
60438
46265
60852
6994
59322
286
9942
4297
27884
31918
41197
87071
55506
63878
71976
55498
20387
45013
11958
83006
37205
92343
62307
63601
4106
9282
98163
72401
7529
49630
1435
31216
29706
62122
50334
37440
32516
90750
80774
16778
82362
15870
23274
66715
42062
24797
53576
26982
85368
34435
28102
6240
75669
22612
27710
19944
86982
52509
91893
85767
45807
61645
31680
36841
69843
21327
44934
87891
41084
75435
87834
81422
17080
67710
69165
24643
67450
95962
76154
85604
812
58214
65593
94848
53678
42673
80901
53122
97240
60537
11430
1037
39965
66666
22404
32784
81502
61072
12761
73164
31333
782
59296
55213
40085
87475
36992
5000
38814
25607
69469
28292
95554
29253
38491
9130
44435
94668
28790
66479
77235
52324
79640
66397
95493
95290
86688
23199
99558
16629
73809
61097
22894
66260
97079
56433
40328
70518
61449
46209
17913
58052
43332
69229
94371
41716
93731
85216
83701
24111
19854
88598
22047
35019
50329
53350
24751
89365
14429
99199
75384
44992
61326
66482
34242
86728
84368
19821
25324
15896
64376
41684
62506
13152
41290
41892
57573
92971
16972
45611
59557
44875
99392
31751
27500
79167
8095
61700
58617
43624
75191
96330
64616
66521
87818
15336
55899
71285
44384
44276
27344
58985
29849
62609
31329
39532
91952
85721
60693
37966
74817
15016
71995
80219
88989
87635
35258
62069
63327
96993
98844
11125
79708
2227
43146
40093
21682
99600
27308
54737
31301
69180
68190
39263
75740
26148
56157
4148
20806
85173
47981
88031
90423
91217
31341
32916
11771
39867
30262
96744
24934
59258
11828
86829
89632
93869
2160
17191
19433
1914
72800
9716
97271
72911
74731
68031
63342
59058
54832
30900
25238
66451
13395
33771
74615
7676
12397
60152
40462
26889
18767
7457
39683
30389
30691
15556
39815
44774
929
29813
49491
74162
94154
86482
53617
19931
67437
80785
2512
23994
65818
62342
45516
59577
82927
3148
21356
23703
67389
65504
92741
37537
68790
19728
70014
79567
34390
85189
21162
67141
96437
57530
84872
90901
22918
84357
43026
26151
18349
95493
89623
40174
89388
90997
39873
25460
96092
56953
87733
85953
62579
30932
68511
27783
34639
62005
78783
69077
37955
93907
40121
1606
7226
54634
14665
70729
96821
19326
9884
18218
90038
17151
47151
45375
2302
978
51405
44492
56311
92513
5868
19703
41426
20364
51298
32527
74986
46074
43866
35791
23022
32001
20501
56930
1838
91694
57639
6472
74166
72872
19860
83070
14687
46864
16070
86674
81092
64927
90429
86113
53330
98572
36352
49175
54189
22122
95402
64038
50131
26217
17024
14881
95919
50209
40218
22426
14845
1164
72768
73848
31221
27620
91929
1836
71646
23593
23440
41852
89594
55906
78286
2714
29119
216
46101
96055
47192
33965
44133
26284
49422
17447
29984
37797
31799
27096
365
37049
69728
88963
46814
82496
67857
40510
35620
44568
27822
92417
98
59252
