51585
62405
6027
711
57670
35141
99141
10142
52813
96851
20140
91873
56150
87170
12333
76861
58594
62856
85569
10631
72533
21608
63588
95967
61808
74618
72143
62853
30068
49869
24070
41794
4552
12582
59025
9136
45469
68589
40137
64492
82610
84045
97409
2570
4511
19758
68407
76915
63596
21832
31438
72773
58754
45224
63080
49614
33766
94172
96524
23093
24769
92414
54894
70681
96469
91577
89460
4587
94378
62505
95338
95517
6375
40547
48354
56386
48542
24028
26607
71014
89274
76131
86556
4686
56288
96128
72053
50269
50599
98264
59700
49737
10009
17218
72359
91024
86204
80828
36448
69462
17236
87494
65293
38984
95311
35476
36266
6343
18408
78511
96196
13259
51231
20699
80034
93915
80556
63064
86889
89143
76868
86785
46595
96263
32872
73668
97916
16764
56936
93500
96501
29369
87495
77667
13380
82885
7199
94547
2713
650
31513
31741
56199
6364
69927
19341
55878
8745
72040
41178
60744
95355
71046
33668
52597
63844
86810
72385
43856
62625
4768
33081
81820
95760
88988
77811
29026
26267
65681
67555
61272
60725
68715
49381
16622
68286
50253
71897
32395
49692
51619
42472
5425
75940
75364
97755
19047
20667
36919
76491
46979
53699
91342
28822
96909
98212
791
8868
52805
66762
25333
71328
65388
36701
16530
10656
5041
33856
7188
15799
37478
81821
12880
67360
91136
63786
14429
4587
91767
81500
25400
89833
75227
95764
54270
87118
35261
10477
90316
93713
79234
42873
51754
96705
60853
28011
64591
51699
77279
90886
77093
56123
28735
33778
92872
43656
8815
63645
53420
194
62919
53331
8374
40047
47083
96941
26194
29364
6235
99737
16683
93756
4633
72690
66692
55616
4508
76220
84231
17823
55317
77863
95800
49459
30673
15529
86093
12505
64665
84662
61500
99982
43685
87046
27573
14389
33046
91856
66828
50831
97027
82244
32467
67240
59014
11323
14718
68510
12187
19288
67279
26663
23801
17984
48098
66401
67661
44694
50045
73663
6081
4973
86329
76311
18841
49861
84786
50624
21073
70321
47224
70603
87731
45336
34072
41553
57786
78929
24045
19263
42447
92450
55703
71525
76918
23847
91805
10132
82544
73885
46312
45466
25409
33006
14367
63967
53918
77682
52720
39983
73559
74231
57602
91531
2921
93650
19584
49817
46957
91418
7125
58459
82302
2789
80059
13584
5059
36134
91183
60160
81525
50830
73536
71573
83095
28867
58150
5325
10303
56062
4024
38561
85794
98425
81317
49795
83002
71271
12783
38588
27968
46686
21929
56679
72935
71172
48920
73136
52165
