58210
1640
73273
51469
20714
33248
93820
86272
21161
44640
38447
67790
11605
38368
37154
35788
74853
16914
69745
65369
19492
97903
98028
94143
4786
38096
64575
75300
22982
55524
59708
81984
56632
82591
67097
72141
27157
12524
85117
12548
96979
75498
51497
92826
74090
98111
92315
85949
97743
6126
56219
40765
24460
94627
37659
14328
6880
30608
17159
96676
74819
41984
11749
69477
59747
43703
2925
63703
27480
48616
70154
44235
32699
59523
68269
52849
9637
79032
52949
90046
49600
599
80926
76083
80770
63404
94648
87575
29375
94157
40412
80516
96209
25495
79818
50267
8444
22580
93876
14260
72394
81147
85352
57771
27830
31420
55909
40940
54787
78649
15578
20772
17610
72277
21229
87371
97204
52004
9097
89258
11741
29610
47935
20990
66420
80404
7860
14279
78799
38166
35956
93897
78284
71149
71453
66152
80795
79403
75315
79508
43298
84233
65627
61819
64049
39073
85193
89594
54637
56009
19092
81935
38649
52817
70122
3220
20018
30414
60599
52029
17964
25845
71667
67399
33782
52491
85374
34600
14483
20956
9380
44101
76859
20464
37059
27558
58920
37104
96247
71627
2836
65578
37767
26720
70171
33095
21460
69678
48392
98986
8558
34657
67125
37298
49288
63729
63977
26751
92427
62853
40171
38846
59422
67385
502
45101
84217
87715
81271
70179
64620
27144
92679
9722
5684
39581
24137
56578
81329
56874
54491
8049
82491
80201
90977
4889
71361
28209
5735
90991
38650
68325
99097
59607
89392
55419
6328
66232
20515
83746
72171
38414
5380
27227
86554
63485
62448
36347
62568
43871
18066
27174
8510
25878
25789
32181
52925
90863
77870
26702
76812
36414
89368
57458
67649
42323
11686
9041
60297
76134
49167
20145
74426
43047
63228
45656
12232
83884
98878
86376
64981
135
78224
71364
84630
35343
98638
55721
80786
32076
94838
89363
67350
20477
56007
89260
46732
95602
32648
8134
8906
81238
30227
14768
9238
69697
58695
48670
75056
32683
82385
96807
88347
95684
11662
11096
97846
38997
3502
64256
22365
79561
32628
65098
62962
68800
90432
40710
87249
52418
71403
39976
57264
14773
91439
71625
54712
13409
69521
95331
77875
9266
34706
94762
18932
85430
77586
39502
95020
46476
3000
31299
32183
89067
92907
36565
35417
36083
24248
27290
51061
54662
73710
9229
18023
8973
19767
18958
16728
40936
90963
61679
3054
37217
94239
16319
62976
9829
99155
44499
72957
44859
23151
87137
57609
9972
8960
153
76548
2463
97181
69343
13637
98196
18056
61582
79376
26229
22838
29865
26876
2052
86645
1628
70642
46058
70000
60279
77106
79666
3115
61915
78994
14427
74369
84906
62669
39646
15696
8118
42386
53939
19903
5580
93909
67878
87222
85944
11461
20396
87588
35846
45159
66660
13104
41804
75375
82656
51908
98649
29745
15580
45340
1573
41822
78130
90453
88194
20349
97560
32744
19272
4280
43985
38115
84818
91131
83800
85083
42635
41552
47056
40620
89151
9931
18564
99406
57534
47997
61545
59888
10453
90289
29053
75522
50411
26500
79605
78794
51511
23257
80648
12290
65743
11547
78753
54876
73738
68632
67805
61344
69728
76305
23902
17567
38863
49334
34823
64015
67803
34267
14747
59693
23771
9308
49558
98486
2334
38098
97731
8829
93811
35077
21554
58784
51739
57190
70462
11653
57009
16101
3609
70382
76503
44426
41633
4649
37810
61880
88148
61189
79494
14248
73018
69147
15327
91527
35734
68045
99017
30164
46778
70594
38505
40636
58516
51218
91425
27914
33757
41480
33736
89942
98294
63441
26855
44331
49500
22486
11465
94109
36782
77893
3830
75055
14513
17407
59051
32063
76542
97915
97023
13402
52391
13944
64183
97260
93510
73475
53912
63963
95506
19090
41276
12992
58729
28550
30699
48942
38338
26280
75131
81842
70905
55555
85523
35125
24642
45838
80667
23176
14992
70642
46212
61295
45703
12511
75180
16612
88695
52628
96569
87820
39895
95172
9662
96770
61314
77481
75582
71559
58871
10697
92353
16641
88784
41061
89886
68084
47555
27362
61847
26559
75125
90677
52979
86961
99462
95962
78562
46626
25010
38993
44795
46692
24601
61460
32473
64657
62478
33012
16370
35420
84765
2443
67956
744
20154
21743
31447
24449
547
3048
40231
38505
28485
32945
98396
91230
53502
77726
7
28377
14339
94103
38115
80998
87536
72842
17951
98948
67574
84580
86754
24573
86332
31200
72274
63349
73351
66921
13222
22439
32802
83876
49824
75507
12739
103
32739
37451
29321
92586
34446
16455
60420
51154
26012
70431
1201
86238
50217
78843
72347
98557
95764
59183
66540
4281
51032
61587
56289
13842
34142
14036
96905
23456
17609
44635
56070
40492
36666
24674
89045
37081
97337
