68136
19618
9558
42719
59620
10426
24554
65203
38446
52495
60461
34447
43067
2051
84812
82327
32314
84333
42636
58142
54552
21661
43969
63370
24455
15171
79189
84660
36607
30891
65398
4433
8097
92804
2939
94737
96681
66607
30317
26529
64089
7182
18936
46890
56989
83660
20368
20867
11387
77377
24691
71671
29686
16729
64129
90044
22489
66858
39649
57890
28335
10676
36799
68082
14554
11431
27565
74145
15343
71163
94061
21766
14093
56834
80402
79436
42726
69148
29156
18795
90341
2826
98726
31046
74616
24547
55255
42984
6685
59948
7188
16832
465
21721
54699
92637
93748
73676
24572
71715
71229
3771
88364
77258
38744
52698
74696
78836
51422
21343
13489
1858
33230
87792
69372
90734
15450
67378
81895
63614
34436
53235
87234
99920
94053
96589
19787
51947
55001
80581
78125
9327
59557
44504
51346
40499
41619
72722
7534
27079
12541
77046
77279
79981
92339
95668
45642
75911
95142
91690
78722
32032
52339
28400
8144
86219
35596
46605
62834
17386
99544
77998
68264
74779
67588
13699
34422
23743
44132
11735
33827
22714
45255
76781
8566
75861
58745
92963
69104
96951
3718
1011
1758
60678
75932
44978
17663
61063
47065
94576
82135
97788
71176
17007
25583
67348
77278
67417
47880
98005
20449
77942
21853
75671
65078
25441
83303
30865
40985
20643
40444
29987
88085
88397
42413
19193
73104
26291
60030
88395
97764
56652
18058
89696
63110
60548
94115
29782
28274
86316
68708
34319
87525
85522
13607
87803
60126
13857
86213
30502
30877
43446
71686
94526
50251
43747
43587
39590
70556
91828
96819
75273
70523
40300
2577
17094
3994
26525
4925
73583
71626
72949
9609
5479
96004
78815
6066
53367
17436
47488
13344
75776
31590
27370
2949
73959
85722
77365
26608
89715
85665
19485
85182
98726
37367
4531
51406
61102
5803
38125
53179
58336
16610
58450
37999
35360
80250
14182
49291
10447
91958
88285
50253
70154
38930
76388
10233
95210
43215
99104
92192
18443
62941
14754
62894
20507
47770
47793
27106
63855
82523
11544
15026
34743
8520
1661
17126
29960
18347
56120
88780
67602
49898
5406
65687
67520
67132
56384
15118
78752
38518
59760
53508
89030
77818
45027
53057
96647
88081
30710
29991
54607
46441
12090
99452
41344
57480
34562
70601
49282
52798
47367
76916
85457
20028
12663
28455
30924
20127
63397
86656
76559
84899
56175
4962
94080
55775
78587
76291
83813
93381
7711
1640
74453
87369
65998
97691
35118
5314
15489
17438
76347
19477
43719
66358
46729
49263
36866
95706
79072
26254
38573
77712
54911
59466
22464
47920
66542
36158
91290
66504
92412
21523
33012
22053
45008
29788
28305
10245
87013
79252
45415
68569
4960
61408
51278
4167
41314
46979
48256
19961
80883
51606
11872
36575
94046
70282
84042
39894
83983
63242
83401
75086
33436
51529
16574
53871
88559
55387
62073
31136
93004
65596
39329
88160
52203
56520
95548
17460
52726
42709
85952
47447
15772
81182
73619
82464
26312
22720
52033
86286
58661
77206
61995
18826
12914
51941
48374
96602
35654
14065
85439
22652
10788
19709
39456
23237
36881
46485
57571
63155
10614
91577
86016
14807
52474
10580
24474
31577
2039
72186
90007
98044
69279
28883
18758
55827
60807
55075
13710
16714
15058
78859
36474
1597
41978
13159
61652
48382
36261
27483
91042
97043
54005
37469
30885
80330
67601
31609
41058
42730
39755
49928
14452
85966
75568
26606
62870
24203
68793
61093
60377
29253
46203
13312
42359
2639
64351
6963
30294
37729
90389
19305
60088
76241
36842
87102
75306
30230
57296
46119
2333
25915
46008
33586
59015
29595
89688
29133
30920
64405
27498
52321
33483
35444
88666
52000
45181
33294
58637
79850
91185
3210
57743
60147
62046
70869
55682
16596
25070
46926
62456
62640
61547
95836
63516
85533
9108
75443
29953
2422
5247
87187
95984
48300
60044
36126
55446
60839
91741
43997
31505
96717
74202
74425
16794
46025
18722
62096
22738
44077
84619
49061
36202
37842
90347
6290
28282
33405
29358
7425
95700
72811
98246
58433
47274
14297
84907
83599
98001
55451
30302
68533
94596
26616
25607
68356
23618
48476
9203
78992
73136
54691
60104
32841
53149
43239
91317
16365
50242
93248
71922
49245
28517
77852
11662
7300
2015
70417
58190
72146
27160
62921
83242
6339
36906
70293
73491
22516
19773
23524
66810
32524
23643
58184
72954
90928
69947
59739
7818
4386
17416
6294
84012
35072
41495
79827
11534
49801
74730
46762
9401
1593
73099
35933
3648
22705
98530
45789
46669
40782
98409
11822
