22602
70002
88824
8571
47835
46013
17305
45041
90850
61878
46826
81130
10072
79149
21832
30329
33867
89481
54501
69963
23096
67545
99042
40221
77112
82527
91114
7102
71813
20952
33058
87592
13754
64379
90961
37573
79823
48386
97698
46505
90579
17116
63712
79500
12304
96812
72668
96968
78967
53484
85338
27166
66904
20601
29771
54290
22361
9030
66698
52176
91434
83564
17826
93448
29965
4926
92903
72656
84687
87463
41406
96755
8448
83622
96547
6849
22366
92662
13731
72847
97419
67879
6211
88695
38897
26671
53841
84105
8328
67668
61694
61055
19864
50365
55514
94789
65096
39040
23549
82764
76583
84188
3664
79534
89971
87801
25937
17337
75483
9130
43755
64033
66689
9780
79763
24769
91463
73053
64634
70476
60357
85919
88669
12312
27991
30149
11
97289
78259
47842
60797
89970
79380
91280
86013
67941
51584
43670
44025
8252
86851
50205
76536
99447
54340
65043
45756
2947
29179
5418
57074
5742
15240
32574
58420
28588
72269
85434
