7390
14649
4880
21231
17742
82205
80700
84397
5627
70449
5060
54015
2410
16078
13614
10859
7690
49702
17424
49437
57541
54174
68948
79493
87471
77014
38854
6305
68593
1189
90778
59728
13721
14625
3183
99566
43415
59668
16194
63302
88954
92106
69807
12967
36432
99426
3163
59259
30464
4607
37023
31561
27507
2805
42074
14578
13399
439
92417
7174
69413
91142
66188
81159
95747
61822
14585
31186
30998
76955
45795
63059
4997
82958
27259
38723
96438
82504
95646
76363
83762
38056
98000
36113
39889
94464
7712
18602
43146
35221
52564
10844
63467
60408
51105
88611
42790
45180
22880
34455
71408
11317
3124
10648
62581
64654
99072
53314
28732
89648
64437
60805
26587
42469
64464
20308
12665
68829
68605
10181
10101
66449
77522
64551
79818
55473
7381
51241
87943
11027
24043
75225
66161
25739
85547
37002
71681
99090
52155
41327
72149
69345
38445
20366
84688
99042
38410
39267
35454
59473
24764
4655
34828
43763
98404
25818
21997
98013
52193
79837
77365
25070
42538
9216
94737
96420
73245
93102
7614
69663
93949
47647
72809
68489
64916
11398
72362
57146
22666
39073
79684
13296
59611
58046
57512
78460
28647
67830
81312
66362
11255
65173
27187
20176
91669
22849
16728
49415
85849
8922
58744
83967
92725
79754
77125
91629
51968
92301
56712
29618
75120
2123
81830
66102
48407
54329
86744
65021
78060
7738
55493
50786
40001
87149
69787
78334
22609
80422
16012
17380
4950
99137
46778
83420
89481
51078
48487
96891
99844
19926
89371
4499
14984
34794
65901
66354
80175
51913
69208
34982
26483
97336
71158
12157
18274
31078
20797
31091
37238
34930
53545
96061
38048
56149
66319
95668
44281
14641
70936
78296
83776
76927
75985
41713
46431
36592
82937
72040
41056
8753
7908
16102
22499
36833
29946
96521
75362
62647
79993
1872
70023
42493
61757
25663
7878
8933
44984
22941
54773
47617
72690
53905
49177
96536
33633
49117
82307
93824
48687
61330
48205
64980
93063
54909
28591
19044
60485
37635
22683
19193
80198
38989
65133
63008
44709
99364
54595
44787
9441
72720
62046
76841
32167
19017
20986
1603
50210
62387
3211
66922
27664
35967
75744
85099
11929
98999
19465
41280
70469
32783
67356
19673
31702
8913
7827
53951
30855
75125
79762
23532
95339
11849
52048
39975
42909
48163
60156
15550
53045
98473
80286
21665
12405
95560
15195
81252
62296
73265
18252
63408
72819
26462
42015
29267
79411
10555
91949
29946
96109
43319
42246
9128
25039
30873
63243
85588
26742
49564
98377
71742
31067
32822
30188
57489
84333
43483
90531
11046
47606
89386
54754
14683
68336
79060
18429
31531
31742
75849
45137
92649
6361
21303
27678
82254
98938
2298
35337
91363
80414
74195
60584
7588
37690
31499
89692
8100
47203
22105
7329
73747
31673
15621
33657
52735
96503
69257
69831
20190
23778
31109
32693
57432
36744
34784
93860
50079
61739
21251
66688
86566
72914
21581
5844
19041
22206
12620
8172
53130
22191
53401
79325
71451
41847
3345
22633
83196
24127
87442
91883
19134
74761
68730
11721
89591
9805
94406
36247
88115
94638
32701
93857
98239
42276
16036
22347
83109
65367
93342
38074
91722
22994
56510
42183
55580
13073
18183
92275
10814
48292
