28661
88576
44086
41155
75824
24933
36725
27690
74667
81767
10266
40560
80447
35800
75494
85422
45586
49475
6773
45081
57330
9453
87097
92525
15582
93123
66080
63436
28914
40989
77818
37140
2426
73163
6340
61166
84821
47747
54466
85105
9418
86303
41601
70784
32283
75993
73914
30132
19452
17503
63107
12047
67594
19160
19271
81023
523
3536
30759
53623
15200
63778
88811
4703
46300
34096
31749
97830
66796
6077
35589
24912
81767
10231
48641
80223
71876
78041
103
33885
94586
49941
38963
31569
72082
47752
36948
75007
9469
45906
28792
3542
40199
99132
46664
52033
86199
98593
89988
70979
5110
82470
29745
12974
56410
60563
57193
19915
98940
27038
26285
59785
73481
51432
90573
15620
29059
87440
53935
58169
22354
3563
89773
65975
13983
18824
67625
29606
84815
42421
58375
75360
33538
64651
54560
58452
74585
8750
57328
74226
69743
35165
2013
41402
21301
92097
19390
88220
57746
2537
49629
82658
79987
3614
39399
68795
1079
39551
19086
73188
34236
92427
72404
55735
4019
50177
3242
96401
53646
2828
33117
87012
57764
8416
54156
81025
48957
98834
43175
18233
38696
48910
15007
23231
36247
94146
57656
2161
29646
48670
72226
68620
55499
48918
39712
20040
329
33616
64264
54046
29152
43295
45297
78285
899
25506
75345
85137
47331
70558
24319
15404
97450
94142
83318
77330
36933
14526
29343
62892
97509
84520
74873
46099
67498
5263
56827
67398
18465
33039
65758
56293
89003
17829
43067
5848
93793
26467
23492
29718
59738
79486
71826
48348
63493
225
93340
16461
50119
18897
94173
5456
99789
99369
33268
15247
56383
7303
51423
42165
43468
38698
80178
8470
66495
43525
99260
99607
45405
94192
37811
70346
59419
23904
55476
55294
99275
52603
75407
18516
99573
63892
99766
2281
39972
94700
62235
55811
84875
53586
87989
80746
47123
78618
93851
4047
24456
32666
5604
89237
57247
25496
4865
63266
74401
24057
21970
36929
48096
23444
9355
29322
2929
27401
26692
95896
69443
90059
63414
60359
16084
14224
68589
40790
34742
91
35464
30194
63769
28033
37076
21725
30300
47668
41159
33948
56086
17453
22219
36937
91644
10631
68814
14851
99941
45422
90818
25211
16539
66339
28416
83806
83885
15132
29821
83917
54056
95607
15280
10409
41020
1058
93276
29650
15705
59150
6005
23203
66691
34622
80702
16062
46980
76265
41091
90089
76969
72710
3918
47907
55557
14157
31891
84518
46671
75988
94842
51244
36640
91763
2599
79806
57018
77382
15964
4815
25635
32163
55482
57762
70919
90846
98125
26849
44614
232
3954
58406
180
33997
73029
52701
23687
5387
40738
71171
36396
86368
32528
80919
64872
68262
38456
13865
24959
85027
4270
76446
82379
90565
76026
28993
81989
49127
48785
13035
82860
83477
59773
77209
7318
93622
50018
32449
63276
54936
85141
23300
94714
9620
86373
15744
9064
40701
49249
99217
85000
45660
85675
95027
72539
21616
92908
47454
30788
34207
98314
13070
67081
3130
10302
46390
62782
37065
31824
57949
13448
16762
9869
64702
12771
45071
85159
22806
1171
94138
22404
31877
36271
86417
55212
25440
53964
48313
78876
24759
9177
39582
36634
96120
31906
29404
77217
42079
3331
91381
91478
22506
47478
32273
91203
95738
6187
93595
90433
52071
27500
89106
47934
4896
98421
4738
31460
38286
54920
5025
54326
24625
62750
14176
47507
35206
93622
51588
5775
62144
14286
4969
24617
27157
21996
85302
21670
1230
83686
57801
30923
4055
50549
51125
38512
47376
23485
98846
45382
20604
86726
54774
62292
6040
13882
18173
35104
82109
57773
53650
74584
97869
27724
53903
25003
15767
95476
16453
24139
94585
41981
51879
5395
79033
70195
33560
25926
36166
33532
52649
43581
41807
24275
83371
76205
28130
72553
60161
98922
19870
57485
13219
64833
9450
24218
17932
82427
97963
14092
45332
72469
41853
10490
14414
46737
82030
30750
8828
74045
36393
40314
37875
48081
75766
59283
38812
93937
49193
69115
84335
73521
32560
24273
46812
50041
20109
71922
51118
18663
69766
12504
51779
20845
32897
78404
95707
92641
73319
31520
39444
13469
69008
83718
95681
62721
13231
68841
78668
37031
59193
19448
63280
16694
76135
56020
94635
82447
37102
54221
66320
4498
97831
90811
3472
59400
1110
71481
42703
95638
40833
57037
96255
99531
59141
45555
27547
75299
10672
59737
68097
71191
67045
81687
70621
85828
61841
34068
74699
22537
71585
97026
61692
27389
23222
89633
17835
49792
34051
81329
54857
57203
88561
88352
86084
65194
81494
27922
73527
35377
62505
85052
28554
89863
