55798
74487
67919
81278
93765
51524
39666
45181
30616
46405
11706
41108
90265
29909
61480
54539
15637
3771
82188
80790
90586
31878
68069
98143
28514
29196
80697
35695
11740
16330
54616
9878
28874
80956
77916
88977
81148
8023
49050
67571
32582
89151
9493
52449
85507
73127
13030
99832
25388
94032
49688
86253
99406
63094
92443
43565
84943
88302
38893
49549
41015
22576
32334
19479
72185
69294
83287
59793
11308
50265
80342
57230
39601
55773
51967
76812
43429
86687
6506
55762
61599
64807
75133
26741
29501
14408
53058
27319
37286
50210
63320
82518
35075
98762
41822
75679
92818
32605
71129
34859
54728
84901
83854
88353
92302
71967
9920
25452
57097
98453
39451
43068
29548
3366
74945
61958
2189
90051
35286
42074
25794
7049
82869
38054
62627
37926
6073
79327
12906
10663
20298
38247
4526
72834
87479
6171
20125
36499
17583
12185
96126
41733
86033
11140
33515
72700
23744
63872
63193
46011
84214
37504
13742
59795
40562
12208
81915
99695
16980
81421
95335
37350
17533
81794
60574
30276
43869
88443
4030
40124
51670
88691
84079
70236
16361
69255
40215
68047
37679
53145
88192
93977
15211
42809
68330
78693
51528
97761
10719
62242
68740
83082
9460
88338
39043
74912
99500
36508
75679
88662
99195
20262
37504
8600
39467
7864
79074
53839
43507
8667
67301
97596
44117
56670
25235
16340
16399
19574
75415
58887
82418
47587
73341
95794
60563
58708
72479
8566
75841
16745
28386
76614
11753
34426
78698
36711
94508
45729
47872
67182
550
57178
55574
4912
52798
51160
20126
51794
81885
91669
36077
28744
97971
50435
38831
21664
94074
41981
58608
1585
48488
17577
6829
87037
85129
21415
11697
92535
76894
18472
47375
1302
94446
8777
14400
17819
80649
28439
67662
52010
11567
13515
52226
35788
69375
53617
21578
56141
35703
48366
71500
56726
65234
46539
51470
35779
30337
58504
41909
44817
19176
94631
14481
89259
28723
40303
60364
45
64771
78047
85272
14941
16138
34811
58764
23539
6889
85715
72508
9629
40727
82927
10592
13792
4364
43663
27145
22924
76969
69136
30611
62957
90043
99363
33231
99242
9153
41318
20593
5844
19182
89889
13516
63877
42939
63458
202
98891
98788
66320
6382
72129
40570
46425
49750
26484
99826
13326
70212
14881
4335
71716
95986
84106
19116
79356
88071
64397
86227
63708
1811
41913
7260
19727
42813
46290
79216
38384
95185
18278
2278
98982
26070
52678
38149
56638
89161
77698
23129
28408
44167
86669
4973
94169
50866
84255
25562
11002
3936
50371
56994
66364
45945
80112
96659
95159
75894
15650
32581
81500
31306
48246
55002
93154
80428
13717
35128
81795
87384
12969
69901
94470
98206
84819
3001
39777
13915
60751
2726
30036
12007
94813
70511
41157
10404
64113
5522
10892
66535
18617
91019
7970
55405
56769
94475
82487
15257
16716
43048
84297
32227
26199
24172
55003
2606
4381
36068
76219
71171
33871
52276
74252
20384
94162
32027
61864
12107
83941
53098
86503
12722
12955
37600
29301
47712
69198
65692
58897
49731
1882
30598
55908
18393
33880
6395
82146
78194
61884
50850
15639
38213
27376
97571
26354
27383
19862
22678
40588
40960
90256
74939
55429
62434
92647
73152
27545
40934
54553
47888
27096
96806
61049
18184
11420
31167
12272
53147
21290
19895
72363
57677
54083
44674
22026
88194
26939
52376
52426
2683
94298
7619
49682
88910
58703
95219
93833
91222
14372
56773
55318
96714
17713
436
35381
38697
71188
24168
78222
37983
62809
3082
9957
50177
97961
82086
68933
22259
8678
45768
93240
38961
93225
76382
8353
88899
75374
75146
41400
95342
54945
25416
54001
62266
71127
93229
52618
17948
40341
86310
60805
22834
56947
76152
51706
