30256
1683
93270
28134
39056
2514
55145
99370
47084
18905
26458
62383
45427
70817
91330
38583
42122
21840
62712
69247
2381
29751
21228
73943
17818
59953
3065
20506
43466
15162
19739
52147
13816
5887
45192
27035
63429
14038
29334
2895
70505
44916
90226
85466
84853
72176
25419
10971
91596
67
36862
31722
31345
1623
82016
98993
19769
60320
67633
63944
65179
29974
58564
58606
58493
61966
27991
41609
10795
30160
79647
78909
82735
77401
40983
85006
56819
30032
32977
26226
67967
92127
26841
14247
48989
34982
31427
89756
87041
41446
67340
47597
38882
69934
48778
80434
11805
11380
58858
95353
38033
7277
9346
77588
74602
2535
9663
11247
32529
98449
70056
97503
77158
52648
27849
50853
57579
96607
14055
20165
12872
42080
13143
87152
18307
86314
24485
19508
66333
20544
72164
24606
48635
92436
25658
28701
67441
37060
51287
55186
81322
31715
15336
43298
95447
19814
17563
72093
34694
88019
90416
64117
83971
53606
25359
6484
76869
1582
97708
21485
86139
89791
71632
82841
58002
10930
94236
70149
55795
16231
92702
84183
23235
5144
60755
77990
36869
39467
12074
20094
18380
5547
30888
23550
98191
37562
82278
3074
63759
58526
12737
68296
10552
55181
91728
13423
96731
8317
82666
18841
60207
64587
85301
10682
35331
89374
58881
79000
7253
4610
92951
74289
32019
24918
90201
53133
84821
31934
8671
35670
98560
36651
78358
26544
21896
93465
13854
40885
42556
18214
17071
3505
14291
96062
66627
66383
59153
56624
43849
44111
54351
52809
34600
8034
33819
90597
16391
76655
98098
72296
43032
18680
50159
90535
72537
87394
78160
85381
53762
43078
89792
86966
91676
39949
98271
91807
54986
25606
47986
70219
34503
80508
45702
88062
11666
78906
28086
27947
2380
6322
62861
69411
48649
21227
48743
92450
61937
41372
16555
38678
40907
11123
53580
89633
5898
28357
84816
48147
78268
650
36110
83886
23203
71589
64125
14071
85182
5993
22817
86318
91515
48588
96995
37869
50615
56767
52842
93531
23867
19069
94284
74697
87802
41112
42801
43081
40007
72876
82104
76791
92697
99635
7355
25289
17513
40246
98885
11773
68653
13092
37556
94257
23879
21819
12220
86174
78119
9163
99485
80910
9361
25563
36264
81611
93231
87891
32452
2405
30722
36190
28095
77624
83659
4746
71444
23164
11711
21285
29133
28632
2754
88504
43022
52344
11777
32818
51957
18911
29091
22628
2500
16915
94328
25560
75811
17964
19917
44945
71928
52172
34584
45685
3007
42348
21859
72983
79628
70898
47312
52143
35716
63994
8560
65640
72614
76528
61701
76116
35811
57570
46293
25604
15468
70171
21071
26802
57661
78330
55401
99668
55310
59374
66301
87124
51137
32662
31593
75835
24396
8793
84934
31927
87580
4088
19648
26619
84001
58639
19367
91247
32286
11583
68313
96458
22657
83071
23797
56849
40666
55426
22154
33418
50361
84643
54347
81102
32770
49832
97853
64060
24742
35062
68015
86908
12841
19245
49591
53646
9029
50507
53107
46263
19899
35519
54474
13471
5372
355
66931
72289
22753
6490
80887
17710
45801
56929
82384
88753
22806
2244
14812
40333
66946
25382
83825
323
29906
17570
1238
18658
84804
51431
75963
60879
65045
79373
84057
5158
99468
98913
79242
81278
92308
72343
21515
90393
82635
98103
56705
4383
73203
83563
91744
91154
72988
69904
32975
3581
89686
99249
14414
58801
34375
20794
72144
81465
40083
54886
39950
15560
11393
89386
67209
43920
38644
74880
64212
83182
98547
21157
77438
62923
11568
20517
25930
308
77784
67189
2465
42254
48079
46931
47763
37684
35119
28136
79681
62559
129
68743
28706
48458
16242
77583
1349
87764
97214
21203
50848
71839
60675
31069
70377
87959
78507
25259
20517
22393
45229
44177
57329
91678
72703
83914
77
5786
56496
