84862
21911
45844
78680
23512
62686
29703
3431
74769
4248
6906
75789
49626
38611
11621
7981
48187
61336
42572
81862
4232
28874
69558
19433
943
48960
39097
78789
56496
1893
29793
16229
58374
59444
38293
65668
43651
22997
99185
38819
18038
57054
78270
45341
16879
90276
15456
72515
21077
38830
2712
88473
19253
83180
58999
60715
3742
3804
38718
19749
9484
96897
93046
63985
66470
31326
80187
54057
6120
62608
17280
29202
80398
8731
43501
6225
29730
52851
34945
6467
2757
35245
52462
5128
99693
85145
85699
92884
48613
20412
55823
83076
8607
66091
57741
17579
54323
84643
49344
2145
49849
80669
53033
5346
53825
4734
61752
31207
78316
8300
96544
55153
36353
66144
54421
25582
40616
9960
97441
28354
31503
65350
97056
59414
38796
21490
74098
16682
68727
59942
22428
49434
19266
94930
32240
42751
95850
903
76569
54182
5377
72523
50567
57843
43890
46634
59751
6707
21581
13227
98640
84709
57291
67510
97332
99380
26487
59624
67260
99359
68811
72246
95068
54488
53633
87096
80835
50743
21011
26241
22288
91475
75151
25474
40029
45118
74460
6047
31324
47916
97450
94259
56384
11407
16684
6034
13731
68562
80479
73965
95267
98632
58743
69746
75410
69322
63969
278
81231
7526
91636
80121
44658
40499
50339
18970
27424
9191
68522
19474
89686
3159
