13865
26740
9871
4481
19349
86925
3777
78676
70718
21919
91762
95510
80262
27474
48631
22294
84003
93806
44957
77080
39059
41335
95730
77327
97605
97682
85920
8382
82311
48919
61562
47238
99271
93056
43837
44302
68313
97814
5001
53911
62002
32134
64398
3552
1522
87558
39170
7200
17261
4297
20659
9385
41925
7131
58069
42653
45089
95479
61877
30000
1190
9750
73096
78828
11870
97354
66112
3086
67175
70332
26227
89740
17097
45288
33050
54167
57544
4844
23510
21709
63614
31768
12001
1377
46088
73701
53401
82280
26964
82858
43771
42266
40287
83471
58872
26273
65704
46794
48410
1138
40561
91575
56228
95142
94180
34044
65647
94812
54936
80960
55815
50349
98723
82114
47748
77833
91172
69109
86272
18187
73435
83987
26603
13331
55774
64906
35082
10146
27083
77306
39088
35758
63957
87952
61038
35136
13554
4967
81934
20060
50570
7479
9157
97832
2346
29634
48326
89003
30218
54232
53514
91087
43728
13988
96644
34697
37765
97212
93788
47668
35273
17531
40884
12553
81259
79631
14090
4363
37915
25794
6375
44310
4874
26984
13389
31792
24079
94771
55315
49771
80370
30836
43620
7360
97782
59970
83424
54001
61758
34323
54442
86225
41355
29889
33112
2483
36497
95379
86868
41583
67850
12271
36346
49122
61952
88125
66249
14396
53997
3138
42598
21699
88467
21299
69377
78347
41528
42277
32525
33006
16839
3598
74080
19391
612
87296
30248
59708
79408
67546
12877
25337
38441
67690
30141
70738
56103
89547
64964
11568
22128
96410
3883
67980
10684
64268
24036
58439
46131
7560
62412
31008
40805
94622
64964
12429
91287
12992
55400
72377
96198
39175
99157
81044
62351
92792
98215
37196
43737
75401
31984
38862
38086
88716
8044
95835
41194
26605
47170
59401
24515
8926
29298
97128
74704
10690
73770
8690
59183
57723
13809
86077
46348
40718
34423
33678
5045
1570
98442
64170
70151
90512
91555
6786
64438
72149
64305
41263
86101
59867
50216
50590
47238
14462
60517
76011
67669
82628
85178
37420
1871
48044
44923
95332
98500
37646
5850
29588
67158
86678
49557
83806
76908
49196
7675
97325
92066
93492
75007
2513
48274
22342
1170
69956
10099
38113
44958
95483
37014
71691
65649
26207
58235
18389
68414
5951
19184
15703
17218
79154
92132
2741
80873
84966
69828
61374
77841
30431
39357
51813
92773
80381
21850
33800
64219
88091
96828
32699
53131
41356
49982
30076
68029
28981
68707
20784
19225
17235
69936
73419
14004
59604
25456
23227
66454
53303
44953
6150
64701
92544
33042
20959
58082
51141
6534
16775
34470
22991
98750
40692
86062
91642
82866
85896
2728
55136
40540
45519
15617
72412
90622
31491
56784
46537
33182
71431
7379
30739
24705
2885
90025
91447
2570
92369
99421
20066
43639
15395
40968
27603
10503
26590
88790
44555
19286
41742
45169
34756
34334
35156
46367
70487
44896
41731
57681
15503
53236
12594
74429
84220
44070
58575
32982
12487
77469
73988
68597
74740
17139
60743
78339
94742
72139
1343
74593
47642
92686
24074
4307
88946
61216
18683
94001
25760
46869
7835
80393
29053
83589
39562
4465
56160
55262
54641
16848
54397
31026
47180
25489
93150
13953
10667
76886
82765
82129
5016
1155
24881
62111
64176
66458
28762
92847
25986
31676
74416
71830
11035
68023
23296
35030
28756
91307
41569
32666
1737
96416
12656
6465
64575
75532
29655
97003
81618
5168
59720
79816
29378
47243
87538
2535
11780
92222
23768
63308
83594
25960
2724
85555
77529
85282
94892
98735
90184
71923
74247
25981
59053
69511
32241
67138
54443
91529
84515
3615
60308
58842
25137
77515
53485
756
9223
11629
44822
94338
91472
19072
44069
52335
71059
43926
41582
51945
14332
70772
26188
25647
41161
66885
93408
55771
13704
28026
15689
83787
67315
29987
74584
98867
98795
93583
2894
43591
12769
14642
79392
4874
15324
48394
30983
27113
78140
49919
62702
7712
15050
38144
65967
71269
87798
77893
6855
14408
55972
85686
73588
59790
59285
79127
45082
72209
75945
68374
32288
59379
56431
2597
53148
39311
85655
53616
99608
50647
98203
42256
74204
6913
82770
65960
