99868
27912
14802
83266
8766
31050
42596
88085
94206
69761
29464
83233
46135
71538
4905
51155
30443
47126
24935
73942
3025
53533
9006
71759
13386
82302
5414
97834
43610
36315
26265
30092
38924
72751
86846
69533
98170
95347
34644
53636
36359
71750
59565
85999
36171
4678
23218
24883
92563
51401
75646
44696
83614
52389
72871
1254
78286
14155
97907
68519
54999
41924
99837
99084
40690
53842
90030
82436
60897
59844
65854
71970
63140
56105
22165
27617
50113
21743
23529
47669
54645
86713
39617
17495
33447
25511
54221
62426
64450
84183
12367
51773
27203
96418
36283
92743
85922
48549
47392
90995
99906
61977
19708
30729
45450
61387
5722
68825
1764
51164
89531
2590
38759
9306
9384
15016
80218
86973
3498
91329
13793
22485
93106
80150
35575
92954
25338
53012
38435
65010
93825
55592
3965
43220
86128
316
20702
31352
13497
35773
23708
48216
48318
57825
38505
28986
64519
32695
90704
3880
13007
15568
43605
57240
7914
20597
75587
52414
88915
44843
52729
88251
78033
63696
9160
47181
53332
25675
4326
12646
43055
8171
38646
98363
30191
1388
32400
35977
42580
15587
77267
81456
78497
59943
34665
95614
32627
48544
60540
63544
45401
38002
88570
53055
72527
28077
81791
7879
25810
79918
34697
42052
53611
14381
96212
85168
63375
11923
94648
99831
4396
96531
40653
40732
64397
92662
14075
60509
44051
48484
47971
22896
8859
96721
42883
10590
82422
21987
24168
82229
72178
57174
86088
33507
35384
80100
92935
761
91556
23392
35008
64400
36424
60234
29909
69725
29598
45845
91688
52471
54292
52088
15857
6830
97109
47954
34344
2686
57414
33573
55485
10491
19918
57264
99254
99391
4026
68041
22871
85871
87039
17594
92778
64818
56740
8499
48761
7259
3694
87656
88789
34419
64699
57290
47383
47908
60293
7672
48672
13710
24125
68192
61538
32284
78897
74433
59708
78653
74150
96967
65601
26403
38127
90338
60292
3997
91683
57013
87891
33972
60200
44837
51911
44770
21392
24425
8161
58735
33994
26165
43887
85702
45993
90353
9249
47348
48101
9438
20264
69483
58850
67254
6438
12727
99180
63106
82016
4483
59298
95258
40024
66544
74528
55295
21594
24681
12904
80425
58286
79284
80419
60228
29180
25775
86862
35186
64235
60160
71264
91637
99399
35383
71969
51479
77955
45797
84788
80207
94454
31756
7126
70930
87768
59872
39043
78179
16523
1729
62108
18981
14652
61391
63524
14849
73753
19982
35408
81872
77365
28900
17130
2460
58110
32703
31869
16734
44008
17322
32650
33563
75182
42929
84508
75525
7635
17653
90161
82694
92276
30932
66177
3213
13131
92536
7590
75448
9249
56447
73934
76188
46908
64673
20799
61325
54560
62730
73140
22619
55490
84798
52834
49753
69470
44817
24438
14329
32380
93878
54861
24668
83756
32909
87816
78611
75368
66629
91047
74186
95677
88011
53507
60435
4506
40983
74801
31542
20691
53205
97751
45188
45946
87253
11734
9451
48274
12478
10942
5005
27474
38287
68801
446
95927
86501
78723
60190
85840
69669
93727
22907
85063
99022
14424
22065
44173
3419
72546
38803
47669
52625
36808
17882
39897
26222
12144
12004
47442
38047
39945
30481
90409
55049
73355
37835
77123
62265
61648
87814
39011
