4573
62530
13375
94395
35737
16287
37403
8050
3784
7673
68619
37764
84291
38052
18841
49771
72101
61164
46598
43497
29193
29588
80786
33426
85106
31278
84499
22826
26466
4453
50895
74231
67174
62244
8230
22758
93919
36901
82524
42965
86633
87871
5340
49014
50677
95278
88642
59471
6876
75043
98867
98888
58882
94601
1526
52701
20256
39222
83367
98954
71240
94661
8167
66627
61327
98897
11144
1727
29752
28612
66692
55880
50487
15677
86605
25356
56137
67970
41425
9676
23293
77901
42364
99137
33201
91665
65367
84831
3882
46493
86843
25415
45964
99267
15580
51272
7216
90658
34928
28016
59256
80170
77014
39420
16487
98859
61596
9846
90478
15047
96547
16313
77861
70616
13470
94991
62866
54228
89430
93909
69548
57384
32118
87402
12924
13475
75168
14888
28511
76571
81149
18826
10658
29596
7358
67768
38859
88134
22474
5954
69637
47748
75809
75499
69573
79347
44581
50589
18247
72189
47282
44191
91269
14007
22508
86738
52126
58619
76529
73206
36663
75636
73264
14131
95610
71056
1302
86790
25359
5713
20395
74461
20667
43913
18656
55895
3455
72144
90753
35976
31721
20060
50442
50261
17230
75969
64965
38704
76795
55621
89759
25268
64081
72658
15895
47007
19870
47614
30915
70961
5768
51456
88505
54460
81668
53396
4119
37997
5865
80095
15525
26268
77116
44263
645
48567
41647
48752
48808
89638
2300
58217
28930
17010
91992
52326
12874
67922
24612
44803
89316
77178
83929
51423
41854
21416
41167
71767
57613
73815
75855
48328
31537
38096
69159
16980
81022
86907
1477
26377
10662
93656
31001
21768
44324
34694
81520
61435
9456
20899
43691
1650
40636
47607
13847
28724
61361
62783
56167
62951
88299
94963
88484
1659
81793
50001
35879
96641
97980
88772
48160
99100
10342
22562
93604
43405
89679
89130
64583
16355
81155
32487
94497
59010
45630
86527
17434
2979
71099
23868
34155
33368
3953
35929
49962
86635
21578
51749
16696
2658
77046
67753
85339
45100
72592
14636
80686
37137
45441
7063
17308
91962
46734
40223
8500
67441
48499
6916
47925
44353
24309
46084
3708
24114
79444
64701
98731
13663
26967
21010
3641
93774
5544
77030
6799
73484
99086
84704
69748
12117
47317
30732
98726
25956
35590
54407
95076
84451
17527
66834
41464
70382
69677
30320
78233
15869
11502
7572
60538
23268
65098
68576
20854
86129
30449
41187
11841
16505
89639
16575
69990
77479
48987
6153
11984
17549
49278
93329
31176
58754
40697
81624
7494
50531
41600
50529
12487
69419
87373
28522
53079
66038
61220
92951
82380
15783
69702
42705
27902
44826
66660
19016
92297
84075
1097
51003
78521
62545
62102
17914
75120
939
93317
18576
505
99925
80115
51875
33713
98125
29927
65273
4245
45187
42483
94936
31940
2633
52048
44935
98407
75257
6743
30149
7479
10643
76857
91800
27294
20823
69352
63991
70643
51902
89268
70773
51159
96963
99943
90131
87279
45054
9552
45905
10872
21469
30692
27922
69521
1182
68141
2047
5004
4653
403
74803
68394
53214
45304
6029
26447
93380
92124
78369
8648
56305
93662
30989
22242
6798
57050
9189
40207
42065
60750
98715
51152
86479
7292
60918
15094
76519
6511
26466
13437
29968
58020
5793
72480
29585
20569
94841
33316
23028
26649
72744
69895
87211
12277
40558
40539
24618
43955
28397
65444
76585
26276
13889
24955
10377
10001
88444
23283
9928
65202
22148
38205
87939
41413
8570
41443
19100
14438
65480
79847
37909
25487
52315
28698
15459
15685
22978
84471
54437
92385
63814
95397
80437
63479
50166
16314
95254
73889
19618
7311
78221
25331
31974
67081
2018
31937
50435
34462
84119
39620
77614
14658
56674
83480
7405
55648
47992
75919
31255
83747
90925
29261
86856
44673
3405
33486
90759
31981
92617
54989
65746
52686
67674
67571
30559
99787
61080
37254
18451
94074
56703
81189
95200
69387
52752
69061
77960
29660
77956
69037
59941
99091
64289
77516
62640
60509
40769
94691
22658
10895
19557
87134
17074
62616
53438
5255
21747
90944
48407
61088
69624
30216
22447
52249
26750
73813
39684
59595
77103
32376
38647
18996
69032
81504
1067
36628
94164
62833
7750
50217
76725
78222
31754
85038
92370
16182
74010
50239
43979
28390
38180
80074
54815
41690
56739
80739
31611
72941
88219
49157
52970
48348
60002
21219
17803
12637
82655
41205
