54364
60810
1240
55123
32511
92189
72792
76716
17788
64944
82660
15043
27136
73442
92062
31920
67227
55446
47686
42486
49253
69960
81374
13287
15945
84639
88417
67313
86856
43525
6812
86188
6781
75029
71303
53543
76292
99905
48226
7814
32178
97170
89352
94435
11432
36458
27378
34111
89443
24193
3193
66188
82926
96979
77505
77787
30028
71984
99631
33448
48187
58655
77727
11476
70699
2817
54140
1946
21891
22010
13309
90977
4445
13166
85390
272
83089
23663
892
7464
43500
92305
10850
55422
50496
60277
52470
38169
84246
68895
87561
96599
92032
22434
41371
6816
66209
41205
12764
31305
38715
68284
16989
36296
9775
86633
90862
65931
65808
890
65639
52946
35218
1084
34198
45020
35030
27876
6456
11530
80393
18700
85403
24841
2071
11657
16048
24021
14600
81113
19263
50632
41513
92190
81968
91619
89471
86360
98969
22793
82247
74436
99168
65873
85064
19199
71459
74830
27673
90468
36910
38642
32455
50477
48971
39639
3069
87273
52876
57485
26420
29619
88950
29395
36432
883
48116
55212
14578
18974
94810
10085
3662
59516
55769
76068
36495
58575
43571
83118
11467
27614
2667
26517
68507
64705
66375
34228
50449
71697
70706
23706
26276
8435
69426
4588
22590
56231
52523
29240
32266
88415
