20929
43616
40945
41802
42084
86674
84672
30310
4300
72683
41064
50502
54560
61897
64365
50654
9249
45086
33680
39501
70378
99752
79646
71360
14535
96069
72932
31004
70684
55500
67959
44843
56669
4370
49751
48172
4187
71237
35591
66175
62139
37051
98003
82376
46601
1960
42778
52467
89002
11243
54019
63972
39705
2836
69339
41674
95080
51559
27753
31349
74617
42888
906
28495
7404
46691
16146
61188
52044
84921
14029
91405
94075
57867
40856
53710
70662
75241
28291
73494
76845
89332
57870
86701
36303
28835
18386
12383
26926
40683
39409
36566
50338
99724
10234
97904
18521
78456
59566
96929
28691
7510
28128
34330
69066
49208
10221
82128
82243
13038
37833
44361
58238
73330
24224
28632
5514
81882
45019
18244
18782
59724
44593
54498
16933
88815
63685
15070
75805
19143
31728
43223
34306
60096
2625
27429
81889
70421
35070
7298
64923
20760
15643
8114
70286
62066
5872
91243
75733
6371
88695
44738
93325
62094
74698
12517
76909
71092
97795
78774
11671
63115
35225
14532
40206
21967
98019
55367
29342
46765
63896
59752
26274
79208
2092
69834
56078
77154
83755
27008
8321
52197
53168
60131
95821
2542
31678
98522
95065
99870
64564
93114
7427
21469
26746
6568
93318
49787
46899
2825
85111
21063
99159
2642
6644
63480
72578
74773
71093
18540
98605
96944
90480
54449
97234
60189
60220
80720
19702
31700
71510
36124
13873
58416
67390
86228
78495
29309
82610
80822
30146
44300
32388
26210
1011
3939
7103
87575
24904
46617
63092
53695
26283
34112
3225
14853
26408
32529
99139
71689
41890
30098
42718
40050
186
33446
10546
53970
45049
25397
33223
62405
2465
37865
81689
3465
