11327
71837
18132
44269
2085
49300
68911
50707
4800
85340
61686
27471
93438
52044
77468
63749
4014
67418
56903
47919
57826
55678
49202
13715
2813
88576
44128
38305
80532
55780
60393
88176
24001
79750
10537
94435
13006
88709
79610
68654
28932
56887
63867
85883
89434
63719
99773
32418
37160
24434
50763
56158
16327
6758
82614
53451
27127
12810
97344
12726
86056
87390
7449
94081
61918
22595
50908
78301
62385
68779
26960
15367
67117
6450
8468
25028
30015
51140
79478
38027
4628
86027
9300
11200
34004
84770
83473
78677
82648
24970
60954
15903
77362
86964
58740
15781
35513
46185
17173
23454
79537
39603
87300
99333
30609
32025
26394
96008
56180
96567
38658
11585
11459
90592
25919
12975
76133
22634
7043
72384
19098
82294
74015
30984
32492
84062
77458
92939
78637
5698
71910
49686
51688
2222
58870
1727
36891
17382
29865
36530
40761
50248
701
85753
10317
94831
72021
21291
29882
14578
10067
91653
55670
13948
17122
58319
34589
20560
51335
69587
19401
63696
5953
56150
81833
16715
29590
5067
68877
77300
30908
54682
9389
96504
85900
71784
39348
97421
7361
27507
93106
74679
90663
24831
28896
48712
85966
80824
67386
27403
53633
75270
14081
55541
54798
61670
53063
2352
42676
40676
25593
35128
84380
34313
89410
62040
67487
20422
23653
32018
11379
42979
31486
65957
97893
31175
53190
30483
21798
53117
6300
83516
6509
7560
57604
14190
96897
99982
32772
83908
87075
18510
95689
97062
72520
9755
54047
39938
15520
44991
44031
7430
73163
7528
28601
85709
70838
28532
23107
50792
37965
58796
57165
47899
23396
14451
78180
34928
25992
43583
80634
70090
65814
93645
33118
7178
43797
78895
41411
75473
28675
37512
45437
33001
35758
72115
2939
4024
32033
70125
48024
21240
68643
49144
31355
71725
37456
622
67604
76735
48483
36336
78822
25988
67434
31107
5863
45894
21699
82133
67769
57989
92796
73004
38607
59318
27790
62259
56639
5846
55723
357
8084
63748
73342
18209
37403
14591
29915
67043
62534
71346
68483
53238
46086
37777
94955
53850
22859
81238
21105
7476
51237
12966
18478
51739
44555
15854
62423
12234
16673
15900
21552
17302
88310
73423
78898
92021
51425
74933
52726
31500
10683
45065
82921
5218
2166
9866
24151
2337
78337
72960
2472
51733
51275
56420
29268
98910
23800
7045
10884
32401
58236
49203
