35088
14783
61004
69342
99624
27168
4484
65061
46529
92225
70637
51044
74945
60546
72774
78850
94805
30864
25557
20201
15672
92985
44028
54152
3360
73179
76100
66187
62384
62899
15774
4648
29137
91705
26328
85114
66841
63680
38173
51267
19050
64858
38732
50821
23218
17350
592
56839
70759
9505
57292
76651
33466
46394
29841
31756
11587
47469
82801
90448
16367
84916
31955
54619
61059
93935
10836
28722
13769
20953
46884
49093
90559
69838
24284
28976
84138
62909
74798
81507
46998
66139
63996
51132
52284
12201
58055
95813
82714
30296
74311
11162
94145
36669
83585
73976
78342
56879
29560
5359
73181
6398
41040
39509
18613
30687
48932
71779
52227
58224
35597
71835
88049
86705
4105
6462
5094
27802
55889
93596
10441
81042
34749
11625
80485
61642
86800
93936
24440
54552
31381
746
49619
22054
58805
4600
9366
18698
49098
60505
75666
71292
68666
38044
88742
31349
67027
90697
90428
75464
83017
21967
96985
66072
38319
13217
32066
13346
6975
33290
99111
3430
57104
10307
30134
56576
40694
25831
27218
42430
8268
66001
40032
7165
32350
96166
1299
33127
49670
73384
31631
9172
48903
87208
50613
28017
75086
28499
64339
5176
91505
65708
14035
81626
35386
24899
67848
87870
88371
96168
44975
66601
29609
24579
85925
89018
76680
23871
96278
88256
70079
79623
83357
31382
28810
4664
96061
40582
48084
31321
6578
54313
13626
3980
94692
39951
30485
53957
28733
13008
31041
93815
88963
59227
1425
57898
59620
4457
13836
40584
71857
64200
82186
58224
40834
70615
88009
23641
25388
90161
77946
88300
5182
3140
73333
70595
50566
40368
46317
31070
85738
44020
29510
72010
29497
51693
74994
84072
44454
19952
33879
90486
52668
57013
80301
81781
49718
91806
27520
20046
2227
29310
94439
87035
52030
48110
56791
61125
4244
40073
95694
82418
49944
92523
84117
5981
28199
22984
78407
49893
20822
57888
87440
59966
21187
91818
39356
40204
95926
66567
51976
33434
3951
11513
4676
268
16626
31074
51619
42275
90676
34684
17378
72020
1275
35143
29528
58221
92720
89448
2046
88497
25689
50977
52349
95907
58811
4685
40910
50680
58715
94492
69532
87254
26437
16340
28431
32616
67476
41734
5489
53544
95030
14520
42927
62097
30221
7355
18865
64452
14957
84722
69703
68849
3575
93285
95697
21419
81667
27204
12912
4785
33200
74535
68610
91462
56340
78842
50871
58865
14757
23220
53240
80276
60605
56803
66951
16535
4440
35512
27992
57586
18882
47304
22159
16668
44120
9574
7528
32758
45427
72824
17616
75789
40016
23360
3845
31485
63297
1349
76489
3873
96179
19466
67357
28070
58596
97867
93557
59920
52167
49292
33715
40646
27345
71231
33873
82697
35326
7150
75494
91727
12427
65123
95323
42367
50850
8596
80513
33707
4179
42395
7907
89119
80208
9681
4290
15083
4084
52810
54448
87868
48917
27329
14105
57151
3241
73218
38717
99867
11426
30452
652
62265
56865
5068
88601
65679
31880
98881
36105
95549
43036
78758
34220
16985
70949
8705
8871
99856
19327
22288
92462
48911
31745
29945
73791
63317
33669
68280
39263
68754
15518
2844
13041
72772
42201
55957
33383
50450
84338
17386
1861
92106
80803
10405
86351
56995
87858
75020
23446
41649
80545
81612
9575
30867
65289
84939
21651
76244
90187
22356
30059
97801
92234
28141
49031
32053
94453
13425
32473
67705
83293
65726
14732
94984
47471
21617
17875
18766
89570
57454
92185
2354
62929
21010
5485
84076
26158
35000
26761
60267
82797
25229
11979
25764
404
5228
74160
71147
31152
51773
17868
98144
50255
14863
1158
74033
32573
41159
35151
60291
78432
70882
69986
23772
36685
42433
54781
68768
51342
73172
61490
26815
78047
90368
72351
66326
7776
96791
9760
42344
62418
30326
81646
77281
26866
35226
27151
18581
84431
79626
35983
57240
96802
97480
89349
31630
99608
57111
35260
96694
73348
19374
21159
20107
33250
22906
72768
79464
9584
74440
73398
62332
74863
78107
8873
37023
31745
18645
59532
20351
34609
58942
5988
45736
70642
34695
3437
72473
8842
8188
18169
62542
3195
11905
87223
16587
73980
44157
23907
92520
23644
79264
43677
62741
52346
61740
30596
9651
3757
55306
92388
21217
85611
18791
24600
38022
16258
53399
42927
54967
99298
50908
88598
13497
43140
27074
23945
29821
98351
22890
7378
11988
86474
23655
56037
87700
20152
82877
75332
61738
6397
21118
23223
826
82643
43205
33065
4859
75974
54527
4535
21858
64271
64916
6612
23849
28930
12245
98633
64246
40809
65951
362
99339
28587
53595
49424
37007
69226
46618
90211
18976
23164
10953
88430
86540
31299
30886
93255
89105
38238
55886
54546
28955
39407
91648
76050
27414
41938
27065
80378
61176
47637
7274
65347
58988
85921
25629
38979
805
42992
53122
97734
60571
90129
41862
57578
82991
90922
69149
45104
40193
11742
48336
65248
82286
32724
79296
89613
73230
30519
22746
82180
60967
33894
38835
88685
78460
