14050
35305
61791
89133
15627
45272
65748
86244
62248
76511
84732
45869
92384
50456
86700
13271
39432
23044
96778
99503
87591
96515
73479
16873
85470
40321
59403
53702
39647
32665
95200
70286
53290
12550
30993
91341
14468
69758
93612
82318
67034
3551
91641
55330
9647
32085
32241
58847
3308
3248
90566
90007
94947
19774
35857
30901
39831
18656
39520
86944
19127
57081
27085
3414
88613
61795
58392
59285
74572
90091
9909
41567
97843
98045
79413
57166
52091
61883
41102
85326
31784
78639
35975
12687
33314
93860
59006
80587
89124
57163
7598
95867
75968
51055
56594
39455
96743
2544
69107
51684
26394
2392
17322
21628
88898
56206
25947
88407
15301
54703
72474
37030
54688
6297
36856
17678
15311
23111
15751
27914
34090
44990
22522
28435
94178
91104
30956
63969
87528
40404
48655
21244
35906
50664
81299
40282
5476
45351
92559
79545
61444
54431
87428
49998
99103
61112
81888
54206
15080
44193
33578
33598
76003
41079
98367
95773
9130
51638
48892
12368
62195
82924
60463
74800
25594
51974
93162
23648
42087
36964
33343
74551
44184
81674
50900
54501
71345
52671
7443
96655
26915
45303
90607
78623
70850
38577
47420
61990
36070
19189
5702
36013
62556
39322
59590
2033
74529
74640
30392
78798
12570
67928
37810
54756
62453
9223
16142
89512
76366
49136
12661
95938
78262
4452
26233
85508
79244
9812
5388
60468
51627
66293
51619
32180
33234
54940
50439
8835
87720
56998
29816
1715
25820
48467
58811
9391
34581
96162
45039
47430
29689
75181
27791
77271
59271
32415
92542
1195
93702
24
3753
76647
71848
9926
22458
41673
75299
16106
86424
84873
11975
67337
5047
33696
21598
97337
91348
40190
53325
10823
439
80106
98236
2239
34482
23322
58358
94565
7621
81341
59262
82232
35000
37306
81130
9845
64553
9278
29475
83619
39663
90208
82886
23500
61451
77481
77148
79117
79936
40725
45798
8478
97707
14003
49166
6661
47970
10636
54916
40982
67452
30713
82857
26596
82591
64408
75757
1167
20339
26292
78174
32447
17579
45252
32345
2774
26643
72621
6969
28322
1139
49290
95671
82845
27631
89480
39225
34506
32628
74218
43946
75683
55429
74373
40387
73511
52457
24077
54896
9744
67337
95543
41592
12253
29154
85708
48571
3524
25965
91168
15174
19910
15231
77781
25122
13162
14767
95352
29583
85930
82282
73040
45815
92305
15591
41014
96202
10525
2861
83646
83874
25139
5321
33553
17587
84875
40178
50603
53267
33582
95064
94869
11915
61311
29993
83207
11825
45060
98765
79385
78139
44999
78049
34207
7576
40658
28221
99025
53436
72172
58903
45003
50840
40867
41558
53806
89745
94625
6001
57130
58914
36690
26961
28660
84051
2090
25718
30180
32193
56421
31197
22972
80515
64305
38009
5840
54734
89357
79251
25904
58017
56454
92495
15830
60814
63791
5124
30245
24041
48553
98534
98364
51761
19533
80670
75742
49086
67107
32227
32613
19389
73565
66392
7132
73122
29280
804
17275
33103
54204
82104
70262
63873
73674
1415
90862
61762
95629
89938
42712
47838
95662
40419
2962
83826
24124
36320
13355
56292
63829
39688
14107
3564
1247
66142
9188
29243
70778
33253
75745
97531
46553
2489
39335
88762
65240
58452
76073
14083
97901
63615
48794
59307
45196
93587
55549
77216
23135
29270
24257
74698
12684
78664
65485
67041
26714
75505
65165
95046
83548
49165
90564
61587
54929
65730
85500
46509
55234
90248
45960
25833
62285
84338
22354
2049
50363
31905
11048
81643
20916
31178
92379
66498
88770
6055
78414
55953
68314
18970
30566
8459
68499
21637
42453
93380
80174
33319
74885
43418
11364
2206
89820
48263
39367
26607
70886
45206
59763
10556
20580
87254
29298
6555
77739
15104
47178
93215
5000
46485
45794
38244
51287
60722
31151
46920
64441
22841
87175
99179
46464
6368
36449
77388
25555
89004
40280
72367
35277
77561
22564
29815
81906
51064
9153
31866
62408
61298
7417
66895
76509
48093
78022
77189
71594
43430
99635
9469
53646
6510
21646
99316
52651
75404
74454
15515
54807
7789
16181
55962
24099
18105
81188
76932
60189
69930
79654
99229
78921
75822
98789
82131
25869
70441
59703
89523
69203
61314
74439
59997
43330
27428
77352
4809
35104
81955
66478
68226
39175
2351
14228
27123
51369
33629
82026
61464
91639
24565
60911
98687
70304
57390
18539
80273
