91802
69210
71450
13653
64773
5580
87826
36708
30763
23059
44765
45317
24509
22187
95994
23339
55291
51400
49107
13209
1524
15655
12443
32550
54696
51788
71724
18376
37804
52949
79444
68513
57632
93458
89583
78657
36766
4499
12661
94381
2239
38994
54858
64827
6363
47934
11310
80484
47740
49379
87762
70077
53385
16073
40100
50109
55779
57283
28210
22007
58052
42115
1947
22180
75756
95149
15164
63558
92763
21334
50382
49125
13831
52121
73930
6120
68015
83587
1357
15907
44340
506
4646
89478
10806
20797
29703
15587
66108
34875
36427
16583
15137
3603
56414
23230
19723
78413
48139
54140
98180
60140
46927
81544
56998
31806
51776
