98907
70621
81470
21599
13024
98306
77741
55110
2580
69818
95153
86220
55675
6799
68288
84302
13888
17788
61227
2207
2515
68325
9001
86448
85729
6485
89654
68562
79001
26475
61420
59621
19011
8353
88682
31776
44878
36791
37687
89776
22280
49448
45755
80134
70221
64785
207
82695
5419
88111
31996
43707
55538
174
33138
32397
91355
53573
80724
91810
2495
38903
25654
51709
51295
94145
34749
4209
48429
25598
15797
96978
60612
79779
7060
67404
28099
53837
11791
64936
52293
63800
58165
46463
81634
84964
35645
70084
71596
75981
78449
47566
25409
38729
94801
62578
18893
37084
55677
39006
59440
75763
5046
8246
172
95511
98715
40964
63739
35845
36040
11981
57345
68536
48265
73308
40226
53365
81505
4886
27068
29559
84099
98165
2298
34496
64203
28400
15169
41382
91375
85100
21428
33256
22084
59081
36787
61652
60702
89896
25820
52213
25949
17659
90402
31836
60802
67688
2228
54370
65282
59715
3886
15526
42209
93283
61183
79237
88878
17717
69227
60464
80557
84793
75249
76199
27228
8463
42984
6227
64987
4277
85802
33583
12608
2587
79050
54907
94142
89703
85858
59756
81306
60857
89798
76506
2352
44879
68565
28491
45141
58357
71326
32467
62457
89426
36473
79490
47727
28124
75030
80938
76561
26442
98217
84696
46574
44101
79636
3225
1386
2489
38012
45720
92381
713
85133
88088
42654
67592
79773
2736
94997
60277
39308
31070
82775
56968
32896
72935
77100
75642
68607
33774
30764
38692
78344
91390
32283
71469
45071
90258
19675
78042
4695
20259
83788
85840
66779
16819
77863
5566
48080
52798
48489
39433
39258
90460
11485
27202
77123
69329
74502
21615
70757
69206
16604
62604
60478
14781
21407
80211
65616
78558
75202
84850
33702
11960
6328
59276
22882
77296
69799
68171
16352
18676
79480
72770
869
18050
57238
64969
93834
15819
63950
75422
84413
90694
50229
71076
42960
3159
97900
47899
7760
28258
29866
43695
63607
6919
94900
34157
67454
64176
72670
17150
41229
10730
35756
40425
6435
58076
57650
95581
82280
37589
45404
77997
59820
71813
20564
21937
85129
10572
92402
52480
8864
76020
23213
30397
63153
79469
84334
52392
33147
92148
74917
91609
17890
70276
87930
90089
72824
10295
35340
46797
2026
53373
17062
57763
91296
62630
92141
68334
57393
82373
89320
50583
16303
420
59037
5166
25062
17334
33451
98596
40932
29363
93518
11366
31354
49695
98046
98326
5075
96793
44061
19854
78304
10394
87341
87812
4601
27734
11579
3666
20633
73818
24709
72972
97764
61546
68638
69703
57037
99903
9290
46781
22381
50357
32174
38168
78582
88153
31548
17361
81658
83569
99889
80310
27328
97428
10661
81621
52191
51904
32151
45236
66083
16223
51296
98889
72957
52157
82140
89100
48857
15422
88405
69260
17894
46363
98307
85031
69406
73380
56550
14555
24804
73032
1396
64961
57264
7723
2196
22348
2671
96685
31084
17538
56538
99067
63347
36089
28664
51845
35027
81263
41084
75112
68477
50482
20695
17698
48046
86407
98225
8947
66807
85319
858
22440
41222
92228
30029
91320
63735
56397
43338
60115
16394
35201
5980
4588
12938
43831
40039
21897
23709
67946
28774
87723
3756
28638
16834
22763
72881
74262
86862
47606
88398
54685
57293
86690
43833
85782
94503
59016
48641
86895
94687
56017
53477
64680
35394
50772
3246
63827
4304
44922
87466
89869
78739
16603
45238
91281
2131
22629
22986
17076
91259
42281
94056
43635
59202
73343
30268
10826
51273
18038
54802
34847
57690
63238
13139
20899
37778
11698
5253
91569
54924
83165
14447
12601
79803
8997
14127
23949
11065
78975
86182
8533
15403
79891
89114
82778
95759
73637
79594
84749
29899
96023
1004
87962
35468
96745
42734
15647
85015
94825
62159
72746
95735
59218
43249
73970
71575
18371
61756
259
62527
65181
58386
67043
57046
50202
13589
93632
22974
25491
11971
1795
68150
68048
47800
44659
61433
74462
36526
78934
1720
18656
49710
49143
17256
19551
90030
88278
40701
43656
2310
29434
94278
70207
26790
54455
4889
67695
15909
80205
59268
90478
7840
63397
79375
6952
45267
73958
71603
96349
90170
30739
26843
39010
21396
94663
54581
12016
52009
85909
27416
73496
13734
32156
30236
71692
94509
58649
77300
44887
94327
96058
91504
61462
54786
65738
17689
98675
82490
66165
4258
77867
74080
16722
46228
25878
30553
86081
14323
25330
20009
85265
8163
93483
9157
11553
67013
59128
37197
49629
97049
51671
10680
5261
21189
23232
45192
15527
63419
47534
