56380
55760
30396
49953
27833
80397
93081
67926
95584
29466
18374
16572
17235
73326
42434
66671
973
66948
54452
41476
69613
48227
21644
59450
51773
24133
94143
12314
64296
81335
50861
91791
72366
11922
81955
71845
63687
57745
98750
32723
67439
9861
31165
75571
80383
59012
88374
53848
4779
28945
72813
25672
58919
17246
45415
74243
69859
75267
72624
60416
86726
54326
25175
9855
33230
90613
88745
86452
58824
29965
16679
23197
65168
39588
44022
52417
43653
59595
83035
24866
11919
29932
53320
30670
56184
48198
32908
66579
63976
15884
65361
80425
50328
44813
56487
50639
64732
9969
56599
33429
23577
57892
64701
1008
56930
85920
17523
5290
20374
19050
66095
21702
36461
89941
94577
96147
89890
31383
38339
38769
69979
1251
38919
92237
78696
4217
89073
99115
70120
77443
47698
42044
12927
70026
88303
65585
59176
32966
48852
34997
79786
17846
37409
23677
29914
45144
19801
87655
65414
70508
98284
6939
31475
82507
52137
42424
94099
66440
18470
27312
17337
75763
5028
18864
37842
86480
26624
59255
60241
42343
41588
55658
13639
25818
20141
97250
22609
88026
4973
87953
83556
82508
65629
87265
6550
87538
2634
69159
12846
2759
76176
42479
18722
56421
44688
54658
17406
39536
68898
25790
45539
48468
82466
56050
545
74455
27460
7777
12632
8012
65320
99612
17598
64518
19105
88488
70801
12918
18537
42874
68969
27221
