41581
26819
38571
51005
21669
82987
16484
39552
34005
10517
69103
71308
33310
35735
80469
2099
78054
7996
85307
14317
19259
88369
66333
22925
99114
55307
15869
13504
54940
44378
45973
46957
78336
54868
39722
94472
35630
11673
83215
50573
60122
45475
74788
28999
75351
89711
15794
42190
69788
91403
64409
90190
70005
32114
23000
54236
15081
72558
39676
22846
69946
42824
28351
90167
82753
89744
69417
62249
79070
84435
53249
25110
12064
64457
92159
60309
85042
47884
66331
84803
39084
75102
93485
44461
39055
75941
92280
90377
8830
1196
6748
12978
24507
84013
54662
80580
59948
12814
66196
29572
99439
7787
80499
9415
41633
2828
28967
32521
60262
86254
27689
66968
1195
96874
12290
50592
67546
2407
54086
89643
85544
94133
47138
19814
4325
2230
79414
73051
21184
38444
17409
89712
31348
60391
59805
12672
86018
49675
66475
7851
56678
62898
87113
60655
204
31459
19597
68990
70639
89542
83018
32004
81044
54337
11247
33923
25326
43363
83091
63002
49279
6494
56659
40268
65410
15775
28221
7800
99375
34661
26754
50014
57359
10812
24111
20583
34764
68904
35346
50959
38450
4604
91671
56926
19104
79428
2655
24198
85147
11519
1812
68375
36523
21321
38909
32319
80225
96233
36790
19427
98963
19502
72826
46513
26454
10424
5511
33764
50698
56724
37771
6746
83517
24196
56655
74511
71761
44298
3947
44196
82395
61092
37517
33682
74179
88010
35811
66650
56435
78901
41352
86720
57520
7965
76506
98021
86100
38775
82185
45368
76864
13311
9300
176
63030
14671
74762
76023
78634
62629
80001
26916
62418
24286
60780
1091
40695
45472
34451
9546
36640
98661
40006
70337
11243
58424
6590
69942
76998
64017
93802
76493
84509
3699
69982
47935
22363
51301
89139
958
14929
6134
94498
76715
10413
16885
75764
29024
568
48199
61919
37698
66224
94331
73680
96441
30607
92661
4473
76797
91883
30636
95849
81873
89823
97600
14121
35877
63722
50041
12784
65706
80098
68007
52907
88604
22721
71358
79392
99324
76112
70858
72851
75483
4698
67060
40299
78985
56972
5068
88110
18258
55427
41515
31599
66807
93340
13937
42335
11741
25367
41300
7344
32182
67284
10086
11392
66236
91586
38937
97421
2665
4833
29910
84600
30318
49320
2125
29882
8119
65086
66140
77582
74426
32002
37101
35425
65168
42757
3671
97014
51092
77050
39608
73233
84246
77048
10472
10660
67873
6065
31155
13193
39584
64272
82357
25419
14749
84886
30757
27281
98470
22944
10059
70014
95368
96033
76773
89916
70916
53136
35905
44847
22412
74408
36699
92742
62090
15983
29185
1340
23665
31254
68854
87668
87896
21518
41897
45971
12285
79089
98853
65504
88887
68331
8727
80406
35424
64063
69623
12199
35612
24357
60012
96910
17533
67593
98412
59981
69071
35565
24483
82374
19526
73292
77288
44065
87298
65731
12576
67257
49649
19702
20600
24617
36656
56257
87921
39471
67552
12551
51147
1142
98176
93849
69247
2219
6918
80200
79885
89539
27497
29243
68008
82032
67021
81249
226
12833
90247
38536
62242
70637
54687
92632
19262
28544
28721
98410
25429
69197
64750
21746
74851
80409
85425
93223
54223
98571
19108
45120
4541
24151
2621
53158
1431
51474
91185
99496
64140
72059
57368
53154
28171
65701
96446
13202
89862
60803
86830
4197
38306
85910
48547
12368
72546
41647
48501
39598
10265
25496
9664
22236
11583
68320
14839
2701
95856
3287
53913
83008
66405
33521
74644
95514
52117
2214
12214
80887
26561
1884
70989
69818
95222
43751
5000
42921
56639
11140
27881
91800
39034
27506
77336
39188
21497
90683
56191
67849
95769
36304
53058
14687
35296
3219
2004
96197
34949
68751
54169
91280
98484
60253
33103
56791
55342
97823
47741
53245
67429
39105
26549
3088
5937
90151
14948
29707
66502
72035
49739
38996
80572
32228
47651
42943
18068
70890
12826
59407
16101
3584
49460
58565
76747
36778
3979
87269
89514
14397
70173
52286
52118
13926
58516
44250
96486
88058
43410
72086
16268
10821
72922
53781
63241
50782
65046
97138
35373
2558
97672
20709
50906
58442
11553
71395
93983
25056
1971
40147
25023
46258
33730
91320
64316
29654
84815
37819
999
3867
1394
44238
84663
91515
34243
14534
64436
36652
972
44445
70158
613
4616
89144
92090
1472
47825
79039
58597
5491
90285
72868
52586
84243
31338
90331
48899
13505
85571
43820
58523
65979
69473
95437
58237
67313
97976
19260
95296
90430
9195
50344
7587
16645
52695
18099
89629
42655
84647
13765
42295
39497
13362
73272
45994
96880
11764
22185
62312
37315
32226
4690
32023
454
40315
53461
92434
88205
15154
91490
29258
33841
60312
35196
20952
38597
90039
31202
96944
83612
16885
78003
48832
3690
22136
33348
60026
20983
49639
52451
18606
12200
45742
60564
64421
81911
24892
44571
83554
46697
14477
15110
52873
11040
54879
16515
67336
82057
88831
28723
29112
74481
59997
40947
74174
95532
45846
7479
8880
41392
53919
93422
88367
37846
64839
22420
6420
2955
67755
26649
80470
10843
45223
45824
35098
75153
62360
51317
61881
799
31484
42178
59784
51086
82360
77064
80000
22163
79520
45174
22554
51549
66782
75278
59910
72841
97647
97849
98446
25080
15600
91175
19664
80921
1887
15690
507
37260
7438
18184
15897
70783
18516
1021
64152
64551
81883
68296
11625
89013
85217
94359
39117
27622
32481
91197
91745
10981
63435
22667
60681
29208
88472
893
21834
60034
59235
38358
69347
81459
38896
15975
94302
73871
17058
87962
32069
69883
83344
23895
4200
846
30681
41798
77305
22092
88299
91440
83325
3703
43367
51467
82351
21857
40968
37458
42887
84814
21034
5059
32694
80325
71622
4789
99631
40972
95465
22049
78099
60623
56164
26808
