4509
81780
28673
99848
80371
55707
44404
69955
96171
87698
91926
52382
58055
2440
21526
79127
42702
71567
96367
92870
17771
73891
50163
59839
79112
99204
62672
99099
3042
37268
40518
60428
77676
65896
86071
39235
1394
44423
2106
99361
4250
41118
53768
51610
90069
43770
22377
89615
14785
83022
11446
68515
1718
85279
41043
92445
74446
67285
29098
42988
82685
44485
37110
93076
83450
3003
76741
40581
33565
15570
83147
12452
77126
12794
22222
78016
67724
5164
94032
43698
7226
59091
12281
12397
52205
76993
85247
5422
35606
8524
61287
11457
57987
52648
36765
85549
67602
44970
89218
36575
1394
36878
99682
95830
65526
53502
77113
598
64481
2033
78428
93613
97405
32427
83934
31498
70735
97273
19991
79757
38527
10804
80205
69506
41903
39602
77770
38920
5568
79626
29006
91303
74656
10884
27354
29516
59331
49216
42514
17974
81246
59680
15553
99074
72204
95186
43091
16529
94534
84586
84652
4456
2183
93973
51092
80020
45045
49891
96107
8936
83591
59390
29145
31122
53641
13882
6154
32523
99016
8763
83005
18960
51450
95181
58413
17122
71629
27751
2971
31749
93552
81395
67771
83293
67618
20569
348
49073
44736
62208
94157
39057
11323
924
33157
57808
48432
65023
11097
7664
18920
88185
70172
45249
73339
73623
40316
79952
8382
85539
8255
48757
40417
65755
13718
49741
75999
78081
58632
99611
13163
35206
93132
17321
4882
50645
63059
98128
79626
30226
98044
73526
14440
