94868
99500
37148
35468
97178
16773
621
48366
56851
70602
74313
36951
24308
31766
81635
95301
70757
73594
56690
54948
79742
84097
69929
53422
37175
92123
64039
76115
18519
51134
87456
29868
72813
23639
85402
10983
88113
61315
84262
53075
3568
79211
53510
20485
80804
25059
51397
1277
72634
21840
58836
18579
51067
60342
41616
23456
16619
18257
47557
67117
94889
48234
42604
28580
34269
45383
24902
14123
57657
7077
48531
44373
50373
99723
83765
97643
34640
86115
80940
11270
9685
83381
43895
22548
49988
27212
36132
48877
58954
8074
9270
6785
31481
92831
61414
57288
9815
66525
54746
87042
65934
9616
9967
17549
38789
6382
68924
75847
26045
32520
58301
36036
48557
75111
43004
47596
27614
94982
3793
61838
86816
75842
28723
33817
54998
29916
81408
73837
33792
29068
40948
1878
78762
15367
66544
64732
22598
5972
78178
1429
31105
77245
12202
73037
98601
37981
24243
50633
64734
51652
87399
60694
56586
16367
75640
46523
86753
14786
11479
22305
76149
91196
86785
42332
60782
30214
92807
52877
71594
36437
83775
51676
95620
32261
3508
69655
54913
91996
19819
94762
8218
23350
29458
93339
89948
13245
3625
33388
43334
87961
16910
7492
26954
10319
40616
20695
14668
16613
16024
8890
21473
85811
69643
44441
98875
28132
220
12009
41536
77414
56052
43423
91074
35657
76662
24666
54020
94547
92076
75030
86080
96889
59140
31352
12769
2758
52414
93756
963
94622
63356
94570
89954
6255
25008
98161
33231
361
71675
95124
91025
4665
17929
36085
62718
74982
77902
57655
84513
59320
56427
32717
65392
14949
44490
28229
34926
93975
83032
72579
94806
55215
65925
59481
67964
38412
69849
19360
87270
154
92638
17848
70602
62284
76526
34488
32378
71667
76927
67886
26409
46043
25435
75399
93075
59288
19544
71990
95896
74551
44771
47007
21298
53261
28886
74610
35790
11506
74147
47271
53261
34849
93252
31485
57043
89506
72276
96556
61878
49182
74004
47275
32837
84773
37045
94299
27758
22718
12522
57223
11871
19608
46427
69064
22283
7076
24257
79924
40466
96338
6175
95727
25763
87195
43136
61255
77995
13501
4872
97150
38727
62063
66318
72954
95315
96878
76523
81220
20423
44041
74804
87685
80709
36863
32740
44412
5875
52397
12007
6359
80825
87933
40405
68725
23594
34633
67198
56324
17323
41987
58145
12329
12535
75822
93835
31863
3260
90773
71318
10251
94667
7833
47743
92865
24864
88809
59383
24121
99238
34700
96034
96045
75411
97902
87357
68675
88053
60372
42999
68241
87059
59255
74919
15156
28248
62251
12039
39981
42910
72252
7159
17611
86422
49474
92870
15584
22231
34035
12990
23944
22004
18405
24294
7627
84074
90039
35492
5956
6446
48888
41001
82260
93552
75776
23637
58671
56823
93696
87655
71039
19869
27387
84657
84567
70370
67808
10381
72355
23692
79766
83802
15227
26194
33253
67365
60020
19934
25794
5453
49159
94571
98001
53410
38401
82226
24504
