8902
11777
32357
17534
89321
60465
95917
27700
50693
77082
82933
15867
68044
78237
84184
39086
8626
88215
82102
50355
97510
91538
24805
97394
39070
37646
97531
52305
56458
58127
4875
42605
49662
44456
43878
44898
75956
46121
26456
38532
97173
39157
915
83705
85899
58078
90375
81381
19251
45521
51777
90148
62770
40966
94699
59875
84015
94311
24705
5387
42654
58467
33018
18052
669
60231
76690
86459
62287
33217
67919
86213
41492
36240
64440
8199
6278
12739
3796
5421
7602
66320
5442
61287
16810
16678
11127
7589
45061
13787
18782
64797
7386
37867
13948
28536
93030
9390
15912
39074
99666
29269
19997
91835
12268
81262
33553
9450
25034
37324
92062
35170
81718
82777
79222
47444
61108
2882
46003
57157
435
14699
50093
84125
41195
40796
38333
47410
3068
69207
24198
93722
24320
43005
65459
36308
13005
80993
96506
17365
45768
1665
92007
4593
96710
45392
86047
37720
44559
75701
66120
48332
84909
20581
92973
43961
27365
13388
8124
40655
68715
51451
8367
25892
63213
88832
47100
92995
11335
16370
31697
12237
60994
88089
63372
61271
42620
95504
83151
67139
71113
53863
48290
82534
1244
20011
25466
91476
86901
3155
30299
16560
17911
29474
59407
27514
25142
48702
8051
11206
44959
9143
75686
7460
77050
31251
17180
48882
30436
21617
6041
33631
14320
78455
48120
36065
31468
77560
9319
28416
71019
77447
7157
87237
48804
18536
34111
86108
75943
39766
35365
70806
98470
31792
13529
81832
99342
89395
10131
73854
27477
97725
6223
93948
22621
80732
20470
31118
88160
50363
31985
52735
88817
99150
65405
25760
46352
13187
34880
12279
67674
66361
94820
83203
53769
71441
67362
20974
4216
61964
91678
79966
50980
1816
33110
64492
86307
9339
69802
23028
30478
34182
87580
4718
95290
77289
59471
93126
23685
73633
13008
27014
17620
30023
83735
92685
3394
55165
28561
15835
41089
60038
24475
50514
70874
34822
39864
81651
62926
58037
99830
81412
43738
76702
93567
20466
65739
34629
99064
14647
68511
25668
93131
97448
51517
15367
75184
82451
10874
55720
53208
32372
68363
43891
55435
73994
84894
73657
9985
18242
86380
40665
36317
59492
47464
10197
80156
43597
16964
16677
79728
51677
5385
17728
50073
56749
54979
96852
40910
53700
5992
7022
16751
28852
890
66155
34439
5168
71996
96838
96329
39974
32948
40020
1260
91530
180
29114
6600
30540
71872
11908
32102
20033
92701
73340
77632
13970
995
28981
68917
59152
45010
54925
1372
63421
