92201
63636
99373
2448
56681
5187
91013
693
53789
99059
31249
88687
19794
71459
76488
529
3232
24873
32019
29906
19230
403
82550
64496
51362
17204
39041
52251
58140
32419
45950
67679
46661
11984
20488
41717
23125
54301
12849
59873
46876
21195
26330
18781
55559
53336
96907
69200
3365
55501
82632
51889
65527
81640
81769
52855
3433
6805
80495
28414
51833
38865
91834
98169
76476
83885
13642
85028
16661
27070
56724
25451
53115
85179
63025
27746
10854
18828
43348
23475
44109
11772
47780
14965
13722
20217
86936
79568
48935
21858
62534
76681
37792
49386
7879
25202
59431
24163
4936
57597
1251
40843
37377
82045
86288
96537
41177
38390
10275
86686
83029
16088
94513
22679
66867
5390
86246
84487
27981
61694
54354
97213
1086
59271
39478
92242
59440
79581
69181
92526
29707
79369
7002
89330
13946
96634
79236
84297
28650
13430
12540
51892
27979
40034
36678
35042
32712
79219
91828
968
69223
94708
58
88876
96842
65869
32144
39599
21632
57827
75276
19822
49443
62746
37736
17930
38024
57782
13978
31403
77378
42598
16974
79104
62368
82293
46765
55868
41442
1894
41766
42738
83397
2413
65613
29430
12504
50242
86826
32011
99519
60220
89057
33755
2488
25629
39785
49199
70342
94087
72759
13366
35722
64929
25106
56359
91636
69035
34534
1119
18291
7455
93635
75199
24536
64046
90668
10817
95116
57706
37368
34630
6276
92491
36617
1089
4520
77817
26652
28637
86471
69301
99793
57615
3255
7857
59990
27469
55167
71722
94125
2197
32054
22683
22842
3112
2188
87826
39093
23481
31561
41325
32771
63271
61388
13957
72886
49686
42833
67218
91449
39104
10761
65064
98885
1101
16877
45236
68103
66128
73030
76487
80181
65524
24354
4080
75260
59660
70290
30624
90053
69425
96755
648
93063
60281
16128
66539
77936
29067
16268
10618
52938
8040
38336
98836
72108
73977
84892
40853
95657
49656
46081
53343
12678
81393
21776
75174
1819
71341
87127
91624
77641
77927
72968
29315
84667
46732
99110
87887
70442
75897
67514
67736
165
76407
30344
88052
34301
77474
71352
77605
58311
99974
4835
61991
57993
56535
56211
15032
43587
44003
31559
2105
83762
49440
19710
64055
46506
4408
83851
44997
51877
71845
63381
14616
54580
99506
36239
48558
91723
31959
19892
12518
93443
44668
14035
77178
82463
14394
16976
16247
53864
60711
46156
22452
43637
80350
1597
51410
29348
41625
67657
74061
95201
84509
96914
74105
35878
89241
28998
63939
94462
67675
84434
41878
27011
68654
37544
87916
56403
38621
93225
84513
62963
87268
66996
67029
18098
69993
27498
46453
6448
82575
92797
83127
69584
59242
45872
43403
58451
53354
99349
2328
39876
85336
86478
88791
52971
61872
44145
31655
19366
81149
22231
29597
17911
20166
21514
86107
52541
28626
99894
61046
71153
21928
45423
8439
35157
64166
569
66960
57997
23654
50590
37397
18847
62385
69334
66145
63346
31275
32925
54572
65197
29410
81186
42672
66676
83193
84567
63922
6976
42718
36374
30042
1185
28445
66476
21815
33245
38352
64813
70684
45290
63760
82141
1705
56234
95599
73767
57279
61145
35239
49364
31539
59661
95228
36325
99731
20474
99727
48409
86619
59042
90339
85044
92256
93514
38054
64278
92401
38798
54504
26794
11052
46713
78704
36069
93036
6414
3025
53814
31214
97991
78929
8643
66051
86735
14852
23055
81742
97819
85973
4404
27982
88806
14404
89609
11008
18257
35995
59496
14704
30258
38841
82072
39962
26422
68253
85780
48387
25213
46522
74452
76847
26594
61894
25880
53042
46760
70658
10619
73391
42590
86166
43358
99453
58122
21881
50131
33022
89133
13708
92208
91324
25230
27720
87719
49391
88242
28903
63758
51989
52378
86731
45964
87985
17012
21760
8916
59961
27157
17906
43652
42329
10672
59526
29729
45407
29354
50247
80619
20325
378
60996
31458
6330
99286
44056
31701
89274
74289
35713
10754
35911
35995
50955
80672
13730
59818
26460
11697
91339
91074
37540
11498
47747
59377
25065
51759
89261
53043
67674
52781
63602
32407
49925
67007
51277
93863
6046
14768
6031
65511
11632
93848
47041
3207
3498
98047
12677
58534
52513
54269
68246
71347
94928
93118
85350
24842
8893
73149
77210
29341
27801
47834
28055
17004
84192
63986
80729
66870
41961
22866
1473
62453
23162
84945
22588
32250
7585
78975
82399
36321
31352
14280
2704
59802
59095
78320
75640
47671
83347
62089
95456
79261
97462
92642
76238
95117
80231
89971
91189
55493
43321
79261
90793
9289
24941
79339
9265
14845
4468
94869
14853
27442
8670
14599
59371
20441
54607
57312
18078
35243
6376
71173
68873
15571
92375
95507
35799
61301
54796
30895
33325
86668
84494
46622
56178
50993
20425
72917
83474
93522
70371
81587
82660
15522
77251
16485
61449
37275
67530
34575
94209
15425
52458
40286
69656
68368
31759
56490
6065
41654
57984
8562
97560
36327
37272
20397
14014
38956
24331
28154
68067
66977
45043
8802
35870
56556
16260
84671
15312
51592
81765
75683
61922
84968
15001
23793
82882
50723
78406
28027
43705
23298
56566
68135
14908
63273
94999
89837
44380
76813
58458
65547
19847
55745
81249
10234
10203
82773
14459
11707
53748
10636
56944
35577
20350
12827
76124
80819
76555
26141
49384
73568
24077
59017
64391
93540
74837
43542
94267
98147
7979
98130
19334
39810
63887
18428
22126
62783
64932
85275
66259
83110
87790
35949
71763
78485
47854
52683
20303
35107
29347
