12896
38550
93879
68245
54287
68856
24634
19790
98821
21659
25293
87901
99039
84229
90007
4247
78745
23903
28313
40246
95443
61456
53432
98767
26525
96007
33657
57118
57663
8235
13903
69845
40923
76096
96937
63420
64766
95949
67027
90675
22120
59769
98797
30219
83898
34346
37498
11187
14925
39541
52611
6586
2305
53740
73944
31089
8579
83013
53536
56871
4253
93298
3046
96735
64633
49665
1376
31365
37966
84231
15514
38515
98733
48144
29846
15817
32663
53113
52137
36790
13196
81729
82108
41455
10514
13046
58207
61312
45895
41683
50720
30397
75237
60659
63390
62331
72487
43234
7097
90845
83613
42637
76787
17023
219
86180
74760
50926
89563
38602
72487
55493
47890
71021
13177
69238
54456
7709
73914
36068
77712
68581
3365
62721
26239
97800
70274
59416
71618
51513
56136
57742
34689
9080
13435
4396
84605
16525
24902
19190
15219
85966
78628
57883
4549
56406
80783
74135
54822
65359
51098
78237
91673
94444
71801
24659
33793
50505
9795
29297
75609
11553
73859
15230
65173
30899
8548
75272
60608
8229
1755
99111
94461
49029
8805
87760
38937
3985
89181
8819
29101
82866
80870
29161
5396
95428
2397
27
60359
23698
87341
97008
61504
63989
25484
5170
97680
51242
90754
46248
61915
76487
82876
53984
79268
17321
7018
47307
67752
63748
71805
84190
36518
35706
94432
63459
22970
42314
54668
79554
26277
24401
93361
63887
22994
48119
7366
95556
48403
85153
24233
69579
69543
78129
75246
23422
54770
86218
19278
3469
1295
77728
33128
69990
84944
9728
2509
72482
70942
92552
64483
32343
71666
50782
65905
26830
25277
16478
42236
40533
11699
29901
30369
7203
64160
5031
58872
32707
89766
54369
58819
35809
25012
62249
83026
76787
11737
72753
25903
48325
73212
26422
69374
35143
26629
49778
92069
51303
18338
7908
5067
67373
8888
79127
47991
64804
34442
48628
61872
46508
42914
36614
47622
64662
33375
20680
69426
1098
69892
31817
40429
68331
98368
11218
38417
65423
32522
88344
43836
39586
3639
70046
22432
8372
17194
83050
80520
59540
55585
89206
38864
67485
84110
88319
23323
74769
2996
60862
78938
65605
95855
78153
80846
29832
73912
91710
21527
97616
74420
38019
65573
48913
65059
7386
32283
61738
4138
46159
79969
88536
72742
29688
51285
16616
63101
8686
87488
66353
64575
83948
72240
99406
68104
89781
6531
66892
12608
94670
62808
82322
40206
29256
99161
50604
70212
12892
80586
72404
52986
7948
81589
25317
88547
55180
80762
15828
18111
93620
22487
35126
45994
7230
23105
12466
10569
35093
93336
40014
2156
41671
45547
88361
28350
72261
50600
15885
69646
97364
44242
55761
46549
30793
21657
88405
71382
77791
90967
38355
18226
29240
27174
96777
71813
20048
40443
15175
39665
29762
1172
3919
70948
89653
40666
52015
97989
40619
70634
4678
31933
79058
83528
12457
58688
33854
63089
363
1486
88327
69499
32344
94723
61106
79184
10118
57559
70243
35675
75990
18911
35172
27490
7835
88071
54470
56849
29476
95852
33225
1324
53041
38693
94661
8213
42699
19397
4929
54473
93590
7314
33914
74541
70569
13148
80236
89301
29332
71561
93202
1205
55097
85448
72270
5530
51094
8162
81240
57751
93711
46476
4613
41238
62441
16856
96235
64055
31312
50101
27237
67497
90841
6374
35667
34542
36467
80186
43656
5553
38694
17120
34820
5533
91144
177
89235
16340
16938
82530
36620
59881
90081
33874
14712
69572
64086
59048
95773
96358
29351
98766
11892
72957
53947
64832
96037
42142
59290
64370
28362
74257
1449
62571
91956
59930
15152
63192
41232
67240
64895
61973
52119
44083
86768
67118
21307
93501
15050
39696
49910
7802
38118
25634
26462
43357
74846
90163
23188
8250
59552
59554
730
73651
15491
57297
58840
90704
11245
90069
40177
33379
91212
48510
89584
87286
70332
34928
20297
23534
26639
10387
71095
57043
98754
97327
19802
2871
66950
96180
35193
79389
41405
70172
40352
70145
91373
62930
27489
5619
49721
42603
12995
3070
8503
14894
14723
44228
27134
25220
61440
96411
32033
69943
96349
91199
27959
88945
51503
80290
87796
40947
82729
79487
98025
57941
76749
85680
78390
60443
27266
50651
70961
96459
34641
93732
6666
41931
13859
25731
56872
11072
89019
86406
72729
11448
6907
86649
58307
40995
88682
22524
54059
35740
67367
5622
90628
38007
59774
83853
69749
26977
98117
98560
37729
91112
73399
78021
55512
64536
18928
22227
57330
24283
11741
37927
19988
27205
