35509
87541
51913
70534
30637
1585
38531
75205
25739
92340
98650
61539
61538
40840
76007
2169
56032
99798
40331
26138
507
33234
44401
34807
86271
15314
85914
1270
56141
34479
75857
94828
23844
40437
1320
93694
61339
88381
72535
62185
8095
56198
87553
53083
44147
60961
36307
94157
45921
69965
66794
69324
94677
75639
23150
75456
50614
44591
19504
98332
1856
93081
59476
87388
77962
59694
41063
28898
83958
40085
98272
6523
38104
92538
31288
45562
31045
57316
86576
40811
88599
31261
94459
24474
22149
51621
70015
55
26627
11041
58939
58321
75378
29744
88474
24748
35859
69496
78973
59622
35050
68744
50667
43492
44777
49852
46219
87241
4404
15598
56563
20103
67505
13409
59138
97302
91856
64003
65690
23503
9544
3494
22972
75908
41162
88719
44374
67939
9977
88790
46132
24151
96217
63171
87357
54611
14645
37607
48712
85516
17399
20079
55022
19515
85117
9015
20819
95256
16827
1691
35912
62170
52780
51550
77369
93291
91670
43008
18609
62043
30991
57498
31919
56784
44575
43505
65616
77929
12716
9740
4095
30751
23906
81594
10045
29793
13957
72955
7217
92161
3336
79801
65946
24754
39073
76692
26400
91698
16099
80598
70362
43491
37847
86296
33267
98414
92295
49136
3257
53284
18465
36319
6396
6042
55137
53856
30757
26952
73882
87523
46755
93791
99082
20156
64455
59466
13812
46049
20417
44302
70385
29018
89293
4464
38765
12526
21811
66931
79213
94237
90522
48657
56886
58994
77302
73999
62282
45612
86535
42477
95377
52892
22890
9583
66185
40492
25397
36567
68502
72622
19066
33128
64727
38934
40711
6160
39791
42785
59750
95849
73441
84163
83986
10334
85734
78992
68877
71827
59687
35440
21217
85651
89637
78189
77139
33372
70091
82856
17175
63709
17841
44457
62522
81064
3391
96602
31293
21209
62152
62800
52885
15650
26196
59818
32924
35603
70214
44352
96727
27995
97193
65861
88039
21151
85276
87084
78857
2428
12219
58828
85088
24168
75923
92183
65966
51675
82946
19967
76252
31630
91650
9486
35768
41237
55620
81676
86196
50464
24664
27169
27854
36895
84023
21516
13605
63175
50168
50591
51841
71837
32006
8150
88082
52524
52115
77762
96091
40935
82496
64100
89220
69506
46639
46272
70111
13979
36301
93726
407
40227
84842
87028
22811
80306
59559
72258
97498
92534
60853
18621
58707
51994
34714
30029
91758
16695
94736
81882
41803
56214
64996
54519
77260
62273
81598
75416
72862
56291
56451
39015
4970
34086
61575
53316
60231
63475
98058
98263
48335
43715
95524
11361
41052
40387
72716
1370
30137
1906
33870
42979
20512
36823
63669
57826
60246
27808
60543
16896
64811
50605
98250
33865
61092
40635
38337
7337
14220
90281
99991
99012
38602
73041
68369
44747
43449
33098
71549
85216
71334
68100
12324
29658
43259
35713
10425
11323
570
87651
4445
17444
83945
14142
81251
34236
83987
22051
10953
95720
13987
77658
63485
65936
49586
60299
18369
19147
95390
71593
27996
20268
31335
41451
42796
56028
32035
99317
70821
53532
87771
17661
27224
43438
34963
8287
78637
1131
19608
53981
29336
32541
96186
51196
19328
47930
36561
63069
61309
81970
27875
90890
30255
79165
80130
98262
27436
11512
78192
23779
45975
75569
54181
96807
72876
84938
6622
97384
76847
22373
10409
52370
57161
72113
64073
34754
93763
30108
12815
82339
26260
35413
73687
12924
12737
71155
61308
77806
36619
33295
82522
93718
71946
65820
3519
57896
28100
62325
64524
18907
58361
49869
19401
66350
10417
81916
10090
78088
78652
57899
71903
26709
85271
234
43482
76852
9300
622
60684
84177
17817
43754
59307
44172
75289
46812
39912
83906
67514
66118
11304
92788
27362
65063
75438
53351
50014
67037
57289
30092
41472
1452
11936
6013
67182
88457
52372
91989
15268
7754
27841
7967
98490
61359
30327
95268
18799
57931
15780
8527
17045
65584
43665
51378
90226
82167
41673
84533
4388
49582
295
70764
95387
8286
58290
55499
48014
47098
47626
26240
99002
74479
20392
20277
84562
88269
83796
8309
49010
82267
10315
66959
52803
35179
30897
77171
74511
61069
50526
71519
82252
69071
40947
69868
36592
87360
4042
33623
91945
74677
49939
7411
63285
344
91476
92386
84840
58509
38573
81194
76074
28273
75910
76065
81485
66309
18200
85475
37280
41598
21356
18536
26139
14868
91923
4606
11933
60874
83528
8077
50141
97118
2473
63819
71928
62159
76804
98078
40577
53343
13780
1910
11004
53111
15446
792
11006
75776
22573
82687
70060
63141
84587
14484
26506
69674
68275
59801
52437
79123
82193
74005
58257
93510
74600
69046
20007
49393
31019
27607
78010
79476
11373
39538
96542
30412
19096
46599
69624
41791
66837
92522
70297
36556
80323
38581
18017
11760
49440
18569
85847
79251
33219
6385
20747
92774
93370
21964
36393
39977
68597
81493
7943
97017
1669
66313
90126
91441
99072
44581
45715
9666
56755
45845
90034
45382
19325
93452
88866
18859
51875
35952
31084
8608
85076
28952
89412
1946
18128
78644
18271
71993
49959
37590
66338
2116
77376
23319
13094
72074
15361
70033
6496
75570
61872
58989
6223
419
56988
68575
7588
42731
54989
75080
24651
2579
53718
8766
30510
66489
51316
47345
8819
21279
37152
4468
83
11096
89513
90716
10516
39460
85090
53714
44226
77834
16077
1271
75770
18097
58444
43492
50800
68181
84516
18514
68795
4692
57395
6502
86090
59594
63987
88200
19687
67242
4416
27802
58997
27249
61316
11007
96621
60320
61901
38820
35400
60483
13114
14792
7719
29332
