22661
59393
80310
19950
96755
1523
12139
12515
39079
83193
79469
93362
81232
23886
45073
21923
61029
83857
40726
56333
58343
42469
57082
53868
25726
70024
62547
87879
37620
61248
65151
62212
60658
41950
40868
42826
62928
97808
95946
14293
28517
80143
12773
72981
48910
11385
47544
42104
30862
92980
67852
57399
70080
93851
92748
70738
63021
68951
20067
58286
88368
56329
91327
84391
8706
32787
39873
22510
19496
69308
22496
85981
36861
99819
4397
966
48887
20070
10750
78238
7725
44215
96121
45405
5780
45275
21826
20263
52184
34030
28370
97920
90582
55585
85096
55218
23568
1057
78965
25958
66936
63249
94391
78229
50314
98376
55153
23571
51782
75370
4050
78442
27713
68877
74386
72545
18379
99813
534
89291
61778
65901
63298
14666
88036
66331
89378
22921
26411
74486
46912
20698
73519
88706
39124
36828
58162
5617
12223
31906
32336
64426
67394
59538
19262
35483
50125
18086
64637
20628
93966
31503
56308
44601
84147
6162
68779
32444
70743
44205
36734
65197
27834
89475
63761
94540
83872
86187
89137
83625
32421
89227
92726
90731
72026
3650
54643
51627
68867
14396
50771
83265
82086
66116
81812
66324
77586
50310
35549
61866
52969
29577
92926
52976
37192
76974
52838
14101
86319
7336
91690
79835
36706
99417
48450
67648
22213
25340
81169
58783
30716
33537
39005
31535
90934
69832
37067
71866
18425
65839
16702
332
81796
97735
84850
33499
5131
36151
80238
24211
6250
51342
85576
22575
10129
46775
19884
78870
22632
72582
45733
11062
16436
33484
44207
71526
3278
95736
72771
27237
55706
16006
11396
33378
67424
52557
2764
66074
77591
30377
32891
82116
73145
4799
54880
42922
62679
18851
28509
32105
75513
98312
81666
19090
34534
93191
4742
1460
51725
15601
9400
84328
61277
43911
83865
78351
8874
51252
67445
9120
85473
91191
2408
86055
82046
6601
42325
41472
2401
67472
60941
1440
13120
12120
98502
61560
6408
6088
26769
3692
57455
23924
80164
71435
68352
49571
16846
25008
6631
49195
94247
52172
22209
58135
39873
24759
10302
54716
92682
50007
43835
15734
42231
62826
86157
216
39075
14580
40294
3741
78986
66624
17469
590
25601
63985
61985
47020
42775
1664
77219
77099
56012
71834
75628
36233
58461
28703
3489
39574
96084
35288
67047
23414
16951
97846
38479
95704
43183
59728
10367
37530
50744
22116
99379
13759
52872
1882
42512
82730
814
91113
84687
81819
89509
29755
75840
5165
5074
82980
93021
