49324
61243
87413
97363
32991
70191
63899
21228
68755
34572
44745
9758
2381
17316
33991
68207
14488
99368
20710
76022
63205
49033
79668
44046
65086
68147
17022
87191
75762
91899
98458
32111
71558
43200
45739
19374
7347
82221
40978
97156
45147
60291
85248
13985
51100
16307
70396
12091
21231
24162
82653
3743
15097
34593
82670
95763
26741
29253
44661
368
88112
48565
9203
72006
62506
1378
68996
84807
10177
51214
36669
76396
43363
79293
40867
29576
69453
57996
1269
39361
30615
33606
94810
24164
13836
42369
75627
17773
278
82432
85426
1489
37049
71153
28838
66984
56819
31493
91084
97742
97948
59769
6521
97480
93033
59622
38591
89594
62076
82678
21951
28883
33908
73524
86030
64135
91254
56013
79324
57290
50527
86639
86952
47432
61272
69617
21948
68148
34903
98423
31679
23988
58487
66269
49688
77534
66309
18764
56195
40863
64409
80599
83600
13351
93131
1261
2494
24083
58853
13030
97272
99381
35529
25229
18087
77855
74801
35792
45711
46895
44771
37797
40784
32477
35276
67402
86518
54107
54034
19189
128
67956
96007
34562
76041
81199
74058
55074
3420
83987
20741
91531
7386
35956
92424
9716
90668
7630
46080
50779
20899
45088
67994
40625
70792
59524
91046
54120
72249
42645
12162
5067
58842
32700
69326
19346
48515
68930
69997
99332
13425
27657
19348
83778
12432
49775
47499
96216
48272
78869
8757
82392
8616
16108
26678
62639
43512
80157
46611
72169
285
5891
20339
26569
34610
80877
53795
5211
83502
68156
58455
19712
95101
4295
88482
65464
19520
75386
79020
48167
11740
7419
98846
53221
55700
25454
92883
28679
93668
29066
1187
50455
77044
35102
49147
86379
21835
69554
48647
81113
25501
86250
58956
36343
97457
2087
84030
41537
98205
73033
33401
49283
78548
19843
93987
90256
77518
10282
9946
63730
73234
96496
46839
8362
43983
1874
99091
60685
4361
6387
52123
1455
63985
58614
93696
3561
61055
14367
71377
93898
84801
2663
64004
84117
16071
6714
49366
70157
93417
3005
7805
79833
8891
27269
2693
70944
20728
66289
89308
41465
79221
28454
10970
77692
23187
4006
39762
70349
20629
7252
95823
49706
78391
76192
20757
55241
12619
83971
46212
61612
86139
90090
96377
46963
78438
62640
58475
67253
88428
65356
97970
33961
64942
48022
81410
20222
71418
77375
6144
66574
71755
53513
65607
22458
40863
61138
10955
16133
43462
49701
98221
42550
26518
80886
4869
31752
35276
75113
77546
76472
16142
1470
18720
16310
13523
77383
35481
7443
3065
22132
63866
54389
81374
7901
91642
77056
45394
16898
99145
67421
12114
94401
51132
48898
8953
83193
83766
7604
8551
22808
34286
30517
88524
80587
74454
2731
981
2056
57057
33955
76166
75431
23557
14181
32812
57636
64951
428
8833
51586
86492
26725
51653
99318
79593
67932
94656
26864
99470
30997
57865
11975
66118
11460
10386
63909
92201
77507
10638
86204
76445
75288
30480
73165
37839
48148
94002
31067
29489
8243
45182
45241
37916
35812
74746
19122
77046
69050
81150
48902
70919
94170
62222
32430
33324
66480
95924
38254
14026
31180
37100
26033
19820
16370
23513
76328
66
23509
1946
17544
52770
74555
10826
52247
81341
52104
90926
33933
1759
65491
71671
42251
87497
12912
6963
27012
83936
65077
7305
70786
66654
11033
39124
46322
13498
54875
54835
78567
29829
29544
30294
46077
1744
23503
2182
79053
605
69593
20298
35706
94210
27784
63780
16649
24077
61113
90212
44643
1339
18607
31535
96696
7950
13704
30092
41666
63592
50949
80539
79810
18642
19077
27832
61821
88141
38693
89496
6427
18746
56177
31831
63306
48846
24488
66217
70699
97549
50286
26202
75165
50000
22402
1720
21172
39108
76255
73276
4217
85408
13119
95710
37450
6076
25352
86641
25564
41724
42371
3501
42221
90879
48335
49047
12215
5267
19386
14705
49609
52869
40669
6547
40140
22943
98889
73514
17646
81239
44987
81886
5315
37979
4425
83801
96499
3651
67476
34137
34913
63019
29209
10640
21140
590
24126
82266
5940
37335
69429
49755
14011
78986
76570
75693
23834
78190
4588
15317
31318
44057
51539
84951
31537
30337
62595
9863
75281
1465
25340
86347
84184
39198
76466
17808
94935
15649
6727
59570
64686
43400
11708
83377
73243
52012
47381
17280
26619
72928
58977
88960
93040
73200
28126
9587
38655
54103
79561
45059
86567
90896
42804
84635
13584
8210
93250
97886
12701
73615
3797
13696
82508
67827
36227
56087
22358
56953
74794
27679
95862
90537
97715
44457
60480
62855
65965
34780
32320
94761
88213
46995
24452
54275
70505
44086
34065
15739
22071
45571
93852
19538
64048
26720
65947
42152
21267
36201
13913
26711
18579
51370
50854
83544
73218
34712
91981
68184
39180
83660
20848
84136
29994
92630
83325
93870
13520
31137
4997
86719
31167
7079
77826
77161
5532
81301
78258
39980
17934
8860
19455
73312
19612
6917
64090
22500
51542
42066
81163
62419
45393
91888
17524
28370
12157
23585
79469
99011
25205
19807
98740
73317
5768
40659
45278
72479
19674
54269
71820
44654
79878
58632
144
23502
94173
10663
11876
3586
73202
65292
29929
6086
117
78065
94653
82632
47889
49717
67320
11549
8795
15289
67009
80624
7950
23763
69305
70067
74877
10125
64989
36844
27690
82891
1672
338
90121
12258
18112
9974
36465
50250
24769
90760
47805
35714
37828
64582
1485
59357
82377
59245
1256
23175
1753
74474
39809
54596
69922
43049
99213
16943
58824
19593
2802
95027
62013
16444
79309
8890
12129
55998
28007
7912
81346
34655
38359
83313
97489
41033
31271
64159
84644
63473
54162
68577
35885
4448
70472
78767
91324
27622
38823
76266
58737
