49681
71594
44500
94004
76280
96986
89072
75265
35017
21343
3150
40441
78601
10965
83851
45647
69514
87088
31341
34298
28191
4205
82012
30159
71232
62632
31451
82645
62927
81985
79153
82577
21410
37894
64884
67584
55999
45772
72386
54305
78727
13434
76874
79358
28167
98256
30093
57658
34753
79305
40352
83106
17948
45343
52109
68167
46134
48488
12966
17919
59941
94337
68237
22841
78551
57689
44960
19788
80231
6258
87094
47971
23570
34264
54338
32659
81852
34806
72530
74422
69649
49235
76703
7835
79625
12042
83147
118
86726
54368
35480
90127
9940
67556
71124
40492
24692
98169
64023
94111
70016
26801
30711
41109
4033
83803
24603
95313
72870
84358
61893
11143
80542
17498
78325
63190
95140
62283
51789
96158
66198
62060
12794
25480
37195
26218
41215
85033
96409
91904
70473
3375
25050
4118
10026
16118
97795
91686
22715
60775
16212
73923
79073
36176
89029
58578
85684
48493
97028
86381
63343
80213
1471
32086
56546
36293
60078
95371
45943
45862
87298
66268
22915
26220
67183
14257
19305
47174
38889
88062
14382
9362
47573
33678
19335
63266
82639
67581
96574
66194
85615
77989
23814
34437
62398
91677
62630
81627
60469
77204
31783
69812
810
16565
13559
92247
38731
28372
33381
14604
54421
20571
30123
71435
69625
50769
53833
47386
87864
73855
48404
3459
43735
32668
35661
33803
8364
79600
90890
32228
39840
68231
23957
38057
11123
38138
65576
96601
11646
35054
41672
59239
564
84303
34800
73606
63087
69497
3296
5373
7511
45084
97797
12433
68854
97167
35308
99700
5561
65568
63052
77139
36957
27550
25652
24801
24379
23044
95597
50449
66747
86210
78903
75934
86437
99638
53575
8542
69185
52736
2526
53354
85930
80794
54552
29682
57048
83265
94978
48314
90459
684
5054
41777
32145
55714
57939
49185
35896
87567
86409
27609
20188
89232
70698
88561
92291
89053
61353
20103
69674
75686
12931
35116
74933
59489
6456
4802
10507
364
29748
58125
84757
72107
63940
830
52588
22725
28950
52820
23326
36566
51681
71608
72109
2263
41380
51851
32421
90114
95957
811
37085
66181
62719
81783
84240
78681
51476
34048
31959
14488
98833
23526
92619
91537
7753
2857
26194
30738
4271
84031
55648
47681
53868
33723
75337
40064
36582
19182
93746
35339
26178
65725
11150
3289
82477
43318
23587
23042
61953
8957
46148
86888
72379
36078
55744
63878
62116
44192
8802
37576
31793
38221
70399
58572
84696
37489
68191
48538
48018
18454
56563
33325
87445
33041
2668
54271
1501
41177
39742
26851
79725
91907
24991
8761
47286
6802
19879
7706
15293
31188
69409
24956
30035
80312
66770
68956
8122
3092
79408
74829
8789
16089
12388
7602
71666
45752
39721
74852
96705
60253
39063
9661
73235
14030
96717
68770
87200
26700
42833
78262
4419
73776
11962
52912
72192
85763
62881
393
13246
25908
21471
51686
64886
5235
84299
62978
38169
97486
91372
45083
95028
74366
35690
26748
42259
31938
61178
83232
27982
82793
53923
58039
30113
93191
9652
15115
42943
26830
14288
37424
72365
95749
6498
11202
79730
81143
32005
96209
21954
72122
14418
15125
98685
36737
31277
53995
67452
30283
61431
43864
2696
15485
54897
18418
50667
32919
63534
78184
1619
25254
34336
67733
46103
26518
84341
78805
31501
29309
91849
48026
46668
34916
10834
85636
32477
35852
48582
99070
10755
65703
34585
62615
32398
92222
27959
1791
10242
33106
99583
38198
69921
17336
58116
26778
55545
19388
56189
39347
87759
23963
32737
89518
73524
85547
48253
70405
57300
7583
47508
47874
682
74363
76881
99195
21625
51387
35048
36320
15917
21762
49011
1739
42102
90805
3654
26448
10832
47698
29357
90176
33797
16437
49893
26333
73645
9145
95525
42600
60980
63471
28851
88525
83835
75790
54502
86654
53738
47015
62177
72910
51368
14578
5893
42548
91353
15832
92357
87386
45695
82009
82563
97867
97746
58945
52136
18842
70742
27603
5622
99628
93311
30332
85640
98796
8145
94721
25095
60667
94473
62438
54906
82565
19004
94465
24479
12005
76429
1398
99818
87112
47148
92292
7793
81202
19289
90876
99944
98290
2266
88044
6450
2472
53929
60779
79275
26495
93397
63750
7764
323
42973
33062
59886
80921
92984
25688
21652
93412
18322
42631
79126
22734
79209
20506
38787
68720
43318
25232
72287
90193
17215
33821
12106
61157
33442
43848
36324
74253
25512
77720
4633
69430
81204
45999
76731
78665
87730
23741
8160
50909
96208
20842
93757
18462
86809
45735
44533
50942
55205
7360
3891
4134
86741
5617
6245
63345
990
47454
39777
18510
86587
18612
3528
99655
45750
90406
2631
25325
22310
59594
60246
26288
15903
78345
94957
87209
76375
97803
25563
21272
20976
31234
43561
16808
86087
16759
70826
35830
73382
85429
62688
57323
285
5948
80567
42488
82758
70077
52197
48638
39212
27018
81714
19277
86840
70344
40856
55734
86334
74777
35215
47101
99691
55069
12284
52750
47886
