7077
50376
47829
46548
3555
57002
6320
23056
94529
91103
18385
1125
9817
2425
71196
50896
77549
26041
63340
30022
62792
10714
79116
53277
96713
2948
54401
85943
95226
5792
57664
28552
59695
70140
4934
33289
71192
81835
61798
13556
42846
85367
23138
79615
41080
5931
79660
3916
20449
81536
24005
49634
77219
72159
29359
33753
75665
53554
51423
34142
4079
67683
17925
68778
11431
18088
95038
52860
91719
66212
84090
47768
19547
20382
59808
60061
7860
13218
55428
53645
88865
3933
9311
96605
85284
21487
29906
14869
94397
83704
58777
40180
91252
21076
20943
86254
28067
20242
96936
49674
44948
26319
39799
91576
64102
35308
8692
81944
82765
89649
86526
86752
95930
44872
40161
66926
81984
60832
78922
471
29665
63334
27920
33960
59244
75359
25173
77063
63592
53191
52961
85174
76042
3613
37743
35398
14993
89185
85541
41423
79597
44651
33283
74719
54981
41673
70978
80942
41164
18267
17907
58074
27011
64601
14123
59919
21498
18468
94263
20104
78927
79659
89546
51302
12359
13038
22602
58672
74721
94309
5903
12159
51988
43255
66285
12399
85391
23521
2931
73714
75247
39267
39867
33630
10605
37465
62274
14847
26861
37633
77242
71336
9013
78729
58723
20283
89555
7155
55873
37425
81331
85439
27956
40795
17875
20785
26317
3625
23916
56303
54399
58522
52583
42548
76927
78537
36185
49326
2398
18330
74631
82307
86540
26467
19455
82529
18511
7745
70485
9198
97882
41806
12251
1864
39747
3931
82247
73164
24275
80008
54416
44524
90592
30078
12156
4798
49315
19553
27294
18607
31003
52124
26789
25496
1919
52442
64558
88150
88384
20691
40502
98767
22188
10915
52749
19079
51336
82953
46483
10903
42785
62761
98436
54808
26867
39541
43934
83798
38247
94205
48183
92938
54919
93588
85542
56327
53852
68307
94867
70092
97065
24030
65171
97158
83378
82926
90565
82287
59225
66246
69233
62576
80387
18551
75251
96899
31524
8980
26717
22294
90140
32583
15089
4645
81851
27232
83413
75152
33915
90381
89899
82762
42237
56911
80831
85161
47501
29202
80050
55301
19064
96298
21587
9165
41460
96991
74069
41412
86621
91103
21732
46685
6653
21223
82467
77845
93828
8593
30482
4703
48280
13155
99898
36311
56907
2751
37877
77687
43756
87536
74667
92566
6106
24783
25897
48035
95380
97584
43123
42656
96035
1246
48039
75441
89695
58888
95912
45041
88038
348
57834
88138
86806
7111
18702
14236
62670
54322
62205
43659
57248
45785
90276
18941
33137
16566
29869
90690
69102
63518
13749
81759
85993
38869
47975
84492
11252
10604
19420
88751
91219
63118
89492
44941
5266
18522
92936
30781
17893
23165
33454
46415
76280
4562
83419
79020
37670
6412
65124
3151
59079
9534
33919
67410
24269
77025
14429
11890
42829
12384
37704
68218
7937
97800
70824
6520
90673
94619
9671
50572
41926
33271
67975
13307
44800
31496
41766
49610
73574
23887
60429
99067
58671
55415
30045
54256
59880
75045
36630
21328
56803
64946
16554
18357
29348
33026
60243
66053
22163
86422
48350
90890
35100
14207
75385
48556
63634
69146
3511
8925
98382
43940
80318
67481
23520
88532
4720
34771
85431
88322
83042
34399
22726
53098
99514
67989
55684
51715
48280
23566
71463
42510
53312
89733
97389
56435
69603
87615
3155
27027
33765
74889
13718
62702
2574
60494
83252
62155
9576
41091
93103
32169
56319
30084
16569
76740
31039
62695
81564
96907
62638
22084
55999
50360
79838
90146
39432
21588
30747
56911
78666
1805
47069
66577
16630
91192
6522
22314
28202
73113
64786
26420
29053
78767
99133
76029
81815
17365
53886
32660
5844
16510
82888
49860
80722
56205
10789
39171
34474
86994
62165
78776
43379
49001
43507
97950
86840
69425
85168
72109
94944
74627
