83136
20055
57372
16037
34299
54464
50254
97958
26922
64295
64829
50819
95727
25101
59097
18924
59454
5884
89556
24899
65193
70252
87045
22041
30327
95646
72077
53668
68583
41186
92776
37838
32830
61395
35891
5315
29484
20157
74223
31778
84818
87280
67208
27262
86771
20070
19135
94671
87710
96103
49660
16380
4677
13045
52067
56764
97962
84791
41545
35020
64030
23401
87431
2283
76757
9147
31688
65566
37613
39865
92981
77028
72302
41758
15262
9054
78489
18128
69945
27173
92239
6201
20082
15096
16731
87130
53295
95413
47865
36006
35146
83055
58308
53077
43563
50461
72268
68526
74663
28397
54090
67869
45196
96010
92803
88184
67083
27283
35917
44415
57088
