24186
85517
37697
50179
41864
82770
63669
57771
26327
63012
4125
34249
10199
16587
78310
10860
24771
17770
50481
7483
68760
10700
39118
33849
83947
50789
93790
80598
67364
51365
65450
77430
30138
15147
69502
76064
64807
72436
98822
47908
63574
61469
73985
25711
13428
77779
87346
80261
7877
91165
62129
69937
97920
93053
82066
29694
51065
18185
26473
30949
43550
20810
45796
65996
57977
86075
12788
32990
49923
33642
5685
48373
80536
28036
83023
14310
11344
53268
51226
33852
31505
92776
31770
51584
40588
44444
50877
70428
46467
50407
73276
17413
58118
63694
79831
83014
71267
42576
52552
19304
33947
26873
39505
49795
79457
84653
23572
70079
84412
58175
10718
30961
51662
55289
22478
77519
24862
51693
80885
92565
88582
45908
47779
1062
63151
38484
86706
25122
11731
56508
95139
42474
42801
34645
68580
81460
48991
60262
98486
94947
26964
79625
5509
1706
71919
97326
6830
92145
26688
29448
26774
76433
69659
19788
74490
10137
75030
82235
85527
5803
42407
17502
50007
44098
35405
30570
73471
87137
57247
19773
24435
64654
9422
64655
19012
37906
62215
21912
61911
12602
5677
25540
47565
4745
52661
45627
34499
6833
41040
48481
379
81070
99580
82864
45142
85468
18222
49304
26513
95137
11093
42039
35106
10873
51220
32132
34873
90403
56007
75800
28043
5566
46152
55041
42898
73907
18687
60811
24396
22822
66418
54468
17939
89365
3989
54095
49005
97448
56384
18718
86135
16966
38820
26437
10253
18339
22796
29402
55377
99037
62242
74052
57778
38793
74181
28166
82512
28678
81993
14147
64730
82055
48155
13683
72694
23878
15386
88161
78599
67711
74496
15030
10233
82566
43919
18703
42902
32971
34374
14176
56943
17163
51397
185
9956
39338
31276
44274
84366
92915
72103
93680
33492
81370
37031
64354
68621
84991
96459
36126
59603
20557
93728
33081
84187
85941
59597
19474
91118
61423
96679
24130
48434
5324
78093
72834
83642
26348
22396
6203
55085
78395
34853
62249
94935
24683
40797
54793
84534
16622
56299
86978
86786
63854
63392
93731
88939
56226
65564
99725
25971
80934
14142
86276
94652
58163
21301
796
89413
21335
76693
39707
32243
96271
77552
81220
17899
23103
92088
73017
63275
22524
60852
10539
32786
13937
32588
94582
94502
38425
99030
40411
77920
51969
15648
99705
78098
57788
13176
46561
23713
41290
35155
42998
43469
56805
92851
1383
53575
527
61336
37325
98929
46425
49826
2399
29195
62234
38053
38786
60670
56703
85161
50626
39087
17692
48434
99748
4801
1797
11960
16584
26392
68098
92429
7984
92290
63619
3000
29488
94341
41993
61265
54227
68262
49959
34953
38102
63125
12279
80762
23849
18037
37952
47143
14990
35368
18553
23666
55424
83852
48023
91234
13300
31656
29154
82307
82249
17451
96621
50525
55513
74321
80627
55562
7588
43160
76415
57811
4543
51502
74578
91519
182
59862
65957
1608
24778
41278
35161
39513
80627
57199
12140
40233
80157
59441
88912
88533
25188
32395
44468
50146
75921
56464
53808
20105
95474
76851
90318
29410
88855
36550
84332
14455
43181
22027
5995
62254
78924
35611
94875
4547
29417
99029
20301
91573
24092
14134
54286
62469
