24016
35276
66707
5959
56355
25901
9458
56555
90395
12817
13041
75312
26213
49883
65352
33418
36592
83366
93466
23787
88648
56831
36962
5248
6504
23319
11158
29624
78607
99991
99885
5064
23033
7857
48294
57399
78575
64965
26763
89592
28580
27250
82296
98052
96688
71999
44480
58920
38494
57357
67132
59101
85040
24918
81846
36544
76139
22918
79648
96741
78431
48566
29443
41879
33428
16485
58349
35157
72262
63259
65105
85694
18084
41972
347
36511
26586
15664
60694
47641
81831
94318
55287
87078
66334
44188
47821
8284
30683
82260
1359
50487
17748
91504
58526
14960
38180
78027
57683
50898
19728
62105
73785
70774
65095
13145
30777
62555
32620
23781
77198
32420
66054
35640
94494
713
86417
60284
61928
86214
53599
12043
10311
94092
43919
20705
77116
41252
11212
42760
44807
46472
37104
96279
10930
817
46043
22112
24452
63054
16440
6575
1917
20749
28591
15516
76404
86319
9068
999
95293
35980
803
4116
78622
54976
53636
28705
27791
77561
26168
89815
62596
13583
95192
40676
21748
10612
55484
99506
40864
87392
54467
94189
85331
17398
96811
53716
78213
80679
32189
89473
17496
48365
49690
13524
95444
72082
42286
84113
35809
34083
14543
29593
52289
88969
46449
50614
52532
77746
35489
48281
38718
15465
18853
54103
73828
80477
30106
83809
37526
75135
48700
71921
40701
41868
59081
49180
38585
86170
16512
9463
52189
16394
32052
88331
24567
97993
11570
52759
95851
16433
87002
