45411
3509
83945
16605
76192
23230
21181
83903
17410
657
52715
52236
11338
54039
9916
65094
98215
43524
92041
82305
50616
81175
66589
24286
70170
6975
40400
88037
95308
94885
76068
32659
91907
21402
98689
2244
15717
46102
14919
45338
71717
12005
68265
94335
27904
69159
17641
95965
35555
57415
45209
12713
68926
95072
22314
25873
40619
72203
78008
30800
38408
3356
13774
91134
46230
62018
6288
93656
31308
78051
64054
13778
65995
44635
53606
32396
72112
41613
73919
8728
87692
83953
57057
27029
65223
64720
18190
15176
53933
23150
69677
23110
5620
52248
3000
22393
55335
85770
94922
724
81761
4013
44087
55911
64015
67648
29819
53764
78421
74982
73919
18073
56963
52267
31178
4386
24386
40695
50550
63016
70721
62982
4764
78832
88180
90788
18001
41873
47739
22396
11235
20727
57055
1022
78307
63795
69669
82925
74453
98597
70109
89086
14596
13193
34338
7644
75670
38101
54148
38437
1454
52148
34016
91768
86970
57161
82393
25802
46784
84846
66599
93814
70737
47179
23312
99337
4552
14200
61040
68319
94318
44853
20896
93320
71833
62541
91900
10800
19817
63393
17917
32779
5594
15525
23423
63129
81729
81325
87678
49983
48034
81485
65394
41434
55212
21079
61109
25027
19020
66856
5118
26321
73215
92162
21024
42047
58414
28188
39752
2555
42529
58070
58049
93074
46706
72552
36433
15806
51216
67880
22785
46267
84290
10055
95022
73974
34713
99480
7691
60201
62215
18415
90829
8144
80801
85141
16599
85213
35905
35993
13712
58106
65806
73166
53562
94412
29531
13316
5591
75355
53111
16569
76467
40371
92070
74674
3327
20961
80229
63621
42915
59055
5921
11800
20898
24180
91102
92130
78695
78404
85371
83838
20928
38156
67031
55969
41887
74972
16845
7280
60389
27579
5830
81103
57757
97376
43403
50471
37425
84162
62656
30401
34547
19785
18322
42355
48994
25426
34723
67101
31423
12747
47280
13998
71097
90920
33760
83843
95171
79308
87997
19389
65349
78022
72667
82214
30234
37451
29837
60925
28836
41500
69782
80566
26252
7614
66836
82499
23003
8379
32962
76858
18883
66427
95286
11591
18122
66490
68615
72166
47703
29801
59301
48063
78097
37894
70428
48953
26808
53526
84698
64993
5130
21199
90448
15803
1038
52812
85946
48541
6974
18920
82578
36499
29595
96386
99175
77957
77189
69702
37592
94268
7867
30527
62181
46259
49826
98782
66661
43651
20636
27385
48254
89161
74456
40178
56685
71283
14477
12079
8286
65101
19681
75766
64443
61676
64525
37225
22553
44125
90037
8067
84396
89840
92963
71325
27373
44510
65921
1100
1292
27192
6783
1982
26905
84956
4939
10097
9350
43587
45922
97781
52092
90640
37243
30399
4097
72022
35817
64018
18056
64714
7642
43919
28756
90039
32447
24603
415
88123
41269
85240
88492
29513
9405
69666
36164
88785
59038
19029
17946
21042
40430
89203
83341
59493
66590
49091
52881
46925
40263
87243
42656
93387
2012
26758
14099
54538
84996
80718
85109
82063
93745
19080
69579
71229
11366
32631
16661
12831
50025
52690
30930
21742
10575
39476
52276
74879
56563
18146
69904
36518
50739
52214
30161
98146
81625
31472
42852
89627
16937
51474
94679
17961
66356
13476
84664
96536
28888
10908
34359
60113
85189
28270
29758
37188
3578
44075
49632
48840
29291
80024
14239
14936
29439
72349
38565
43243
64712
77745
16952
14182
63074
48494
12927
71166
53358
57281
84501
57154
51206
89400
90376
91335
22164
99933
8878
16794
56959
77015
42731
56973
19907
70602
70390
10211
14920
56321
58695
52955
91996
26596
93333
86870
68501
52610
90098
25879
42204
6383
83969
17782
50596
49805
43484
19384
77719
88870
86557
14280
95310
17129
85385
16348
50770
65553
12068
31271
56562
14064
72947
88345
64696
14098
42945
64377
53674
78398
505
93294
41300
3044
65322
37719
27704
9072
70059
45272
70663
91976
82392
8792
62556
52238
36401
77499
84842
409
78739
16526
43014
10785
61497
48235
55291
51335
70498
17245
40594
46965
16978
46785
88007
81558
7239
73661
78591
39032
95953
30126
14089
90033
26456
