80630
96491
71300
5631
41413
10801
29712
66619
29727
4140
83215
45625
1930
51790
16173
13551
49353
48103
37521
91004
56939
41388
89380
53897
13514
33668
46539
53595
48289
77184
82015
88216
92238
91793
6398
43457
58379
49538
61849
67455
86376
79606
91650
2326
4998
13487
82481
6204
82332
14048
99224
6817
70795
9194
21923
54419
87041
56471
80432
83135
9539
23198
84729
91984
28403
56692
88811
4287
61644
11452
77429
7886
40062
8008
87874
54274
49573
46272
67632
55963
36095
39227
73025
95855
85812
90572
89642
63065
4449
73093
30770
43544
29552
62571
5695
13977
6977
61094
73949
15777
65833
12641
60749
77871
39714
58384
30262
95213
82991
87297
53998
24278
39317
87237
48337
78886
32
50559
23014
89801
31506
10467
12401
24095
56807
24614
73807
28895
23818
3720
26974
38911
54652
10147
40457
49077
17462
77105
56612
45408
50878
79166
95256
8187
10281
98760
4152
84305
64401
49520
62415
84297
28989
9016
30251
11441
96803
20966
73712
29884
46247
51420
97468
91700
50022
91680
14948
24892
57609
99202
34042
33868
98777
95087
77965
7722
88471
78763
19815
32621
50797
19333
30871
34578
41591
97813
89322
91647
55617
34865
58684
75033
38226
46323
32961
63047
94151
49714
15395
37249
20846
46855
76049
17796
95152
63686
45229
43517
68693
94149
8495
71636
41819
39927
28199
27493
57326
54119
49165
85094
29825
62370
15151
34476
15933
75753
31695
85703
68969
32681
64235
60675
39603
86028
24439
44745
1377
51719
15137
11429
81049
52993
23990
92374
85431
94053
95011
88618
46354
45269
21427
14055
20428
32543
30418
23787
88131
75338
67012
34340
43868
72014
6213
24552
45043
10257
88747
23585
79322
26098
19825
97188
82716
56884
21329
78004
74507
250
9834
89243
49671
94700
74799
266
82538
78778
85958
54030
63142
92262
438
73086
21991
99829
71180
84389
73864
245
33857
20393
33202
19217
70458
44487
73404
60106
76450
55397
24972
98122
88862
47036
16438
70351
52959
50396
74727
95807
80019
30901
47954
41727
82285
19913
78245
14819
54693
97107
30350
79553
95199
61538
33503
72484
97743
17397
83789
87992
26515
32723
60784
63282
39960
85364
68401
78017
86337
15178
99049
59577
80997
65932
89086
20580
86989
70169
91538
29498
54296
24460
98402
91490
18335
59705
37524
43072
90998
59158
34570
7602
70879
26204
1385
80514
53596
54854
11078
83760
3943
77396
54757
67425
75183
52204
69940
43391
53908
105
78692
35267
14849
65104
70728
91529
73476
69567
79001
32830
56950
35581
97056
62075
61645
27300
15140
57544
14848
55112
36433
10211
14850
85636
33806
70970
50366
77861
74635
44972
22761
33842
76929
3073
46613
98695
8157
3449
77368
81292
31084
24488
62094
76592
44663
33395
64423
27463
66897
96472
48376
24955
10213
47709
20729
91633
21817
67060
34212
82047
22712
12861
55028
33699
68830
88427
42784
56142
43772
63827
584
25011
48255
93461
54470
45303
84933
26878
32550
63097
44449
38475
33428
10155
83740
77135
61900
14392
92812
40712
20188
94970
14202
98383
74567
13988
2226
13216
13282
35809
29763
18838
11015
23280
54729
2873
86692
87096
