38633
84302
13839
89103
911
12712
46083
88883
12620
9597
6159
17920
73591
96240
43918
8670
24611
22508
90772
59856
73163
10669
14715
10122
27134
28024
91431
29796
66377
60444
49424
47283
65188
80847
51967
89085
94683
75832
69916
34789
89604
30764
35008
63507
27962
45667
97932
80984
46356
78055
33222
44751
5830
94503
50450
93687
52429
47981
95554
24543
79052
85850
28785
75344
59153
55029
36447
51747
81455
74847
10717
20342
81192
49988
25979
18929
41039
21557
97238
23199
97261
10287
3644
47283
55711
1736
89484
9637
66834
38152
3587
97506
29584
11135
52343
2220
12024
82299
61236
67019
51567
56321
55211
5484
72066
81425
58634
28133
28940
89926
35266
94074
45430
14156
21291
29736
54823
80250
14892
92924
19411
37388
63549
31746
41804
79848
56501
80351
17196
6220
50756
31337
72761
59718
55119
61889
34648
17044
55519
86071
42934
66156
43499
60160
85157
84365
74405
85234
87093
25929
86854
98558
3835
53566
48990
47758
53714
39883
87516
30684
96317
43228
17645
53387
41461
9223
7091
79213
94373
66125
20628
91535
75868
65296
87871
6640
97442
56721
77065
81280
28591
20988
34470
29997
51376
58577
69659
24871
95130
233
22423
61279
77622
56579
97156
52589
39573
90349
44397
59467
24598
5119
44552
64185
23637
54777
16772
80047
9211
19337
87676
22690
49459
34603
60654
75525
735
67095
24067
82603
57955
18409
96349
83969
13349
60747
50511
9913
13297
81132
47502
45466
28725
78722
39903
39892
40673
72585
90230
42850
59376
97081
85784
20186
66037
45308
76628
36758
80068
53908
98682
86200
12855
57067
88361
32571
10588
48551
65903
91018
82053
15402
67503
91103
10671
44329
9651
10991
22528
22825
5668
69091
80874
3233
44793
21997
96575
75548
99580
77470
2451
97841
62418
19399
41738
76691
5416
38886
38231
39593
21397
13912
11230
49989
39603
86760
23223
93844
85168
65456
87824
10100
54899
67207
17776
49817
50861
89313
27500
87280
73323
97739
41208
63420
70179
67483
43667
93106
83944
91943
34851
33058
85293
67954
67536
39551
10558
49613
26677
47242
69222
77806
44207
59182
41880
55020
89784
46750
13275
17237
5964
47087
69788
93082
79265
67531
50457
10685
89748
45306
31564
81637
31302
84044
84758
84893
44070
57686
3442
51285
20677
4903
16727
35175
65996
60601
90695
67255
18379
86779
50658
79747
71713
48620
30564
71269
74622
34025
45296
76913
42327
67895
73977
91040
63786
23635
19334
34745
45784
66226
29626
9102
76443
42702
72901
10403
48015
71756
57428
60808
76242
57659
51310
34341
47851
11592
33762
31605
70291
38588
29750
97842
73263
91315
84035
28177
60979
50631
27956
42431
22427
17858
30060
5254
8282
93334
5009
99402
96870
32832
86891
33390
65215
28153
62711
55668
84322
54518
63251
22784
23630
37543
72784
41243
51292
39058
32334
27271
31205
49952
15356
82856
7073
87886
58053
64732
19847
70442
82908
85911
63423
13088
76022
52089
25912
93430
23263
75779
80416
99557
95634
71077
47577
10454
5036
51477
40432
14178
86192
73879
48486
75730
61125
89819
37007
61721
15032
40265
19364
52661
50991
77347
23161
53976
53869
53112
20743
25568
4688
90186
99443
74264
9854
18780
32393
14636
80714
10672
65621
58206
35271
80214
16094
84138
53969
32334
29106
76818
39399
68814
16770
53004
19846
51829
59739
5331
1677
86047
47283
70583
49843
90717
36618
31137
4397
97771
76240
28615
14576
82992
97214
12374
76224
49035
3324
69627
84415
21629
19104
78915
86933
32050
43561
15265
59988
86953
70885
27407
16524
12933
58452
68002
72318
17689
3597
59219
68595
32788
48289
65095
21899
55794
7106
32792
23936
83049
51824
76240
28670
48496
47788
53628
95025
30832
83053
23264
92632
20732
44495
6960
78769
32393
11626
4431
80428
14643
9201
45464
91560
92613
94670
64551
75787
13511
70642
46423
12813
47047
96068
59895
28510
58899
81977
37570
24526
94453
19412
45728
30215
4776
79386
96617
79411
11091
15438
64473
59506
91153
62847
36390
95162
30606
83176
93831
58707
53787
70023
39209
68502
73672
58285
59802
69710
83022
3136
14844
75551
36432
2066
23474
27175
16613
20104
79542
18527
80124
1201
87867
23230
20308
17437
67418
61170
49168
38287
65865
60624
68369
46835
37731
28598
39403
27512
89645
19601
33431
65940
19323
54068
90716
12877
24410
51214
28458
80102
37819
9437
14757
19493
14944
61021
51412
53045
98588
13889
29063
54564
27235
33896
72808
41606
58921
58239
887
8237
41653
50225
15152
66003
76453
5109
66158
78689
80364
37805
67087
2455
69527
9094
37470
39352
64755
5875
53458
35378
90884
27916
77893
9374
43269
9762
79298
18083
20855
98244
37791
42665
56382
86914
16561
36937
84685
60385
60121
29019
16587
68811
63449
46592
54106
30884
56720
70709
72596
77071
97084
27473
35138
51148
20425
80978
54240
91443
34140
78564
88726
66774
40022
23854
1660
6064
14449
45786
22
75566
90689
57037
98019
48146
