63883
46280
1564
88440
61096
10664
25311
88202
69737
38242
24892
49532
52203
49350
6930
82988
29204
27919
19335
54579
75694
45672
94928
94561
40916
58465
83981
15425
53283
4368
10454
10090
85428
34788
64570
93997
55825
25193
18676
82815
21019
64300
48872
69358
63478
39543
80077
12147
48064
94649
14008
24562
2250
22962
8411
74652
28095
81172
9735
20639
77549
26553
65912
46610
58510
53693
99047
29994
94466
28934
83317
66978
65055
50928
18678
24943
2086
63309
8396
8671
42673
85418
76734
32630
93394
24680
84283
94119
7378
12289
37523
38900
68203
45960
28185
89391
43736
46720
98608
47599
68813
