82730
91842
30421
80942
55982
58763
5463
20368
15221
20027
83697
54487
33384
72530
78745
31121
45615
35034
8457
32678
99491
88016
43454
11079
914
61084
15381
7574
99764
77511
83413
77173
96974
87676
13360
43262
77500
3829
63700
79492
85208
49439
93358
10552
45583
88
90180
99940
29131
94912
32733
36290
11332
64871
60437
26975
59665
66559
24341
88879
41237
53433
30016
70068
3615
69500
49974
83591
62094
88607
68323
63127
38240
78451
91145
14659
73603
12867
57279
61749
76804
6532
93466
36014
76980
63466
40198
94230
64548
16418
33619
26469
55848
6933
32138
39129
31584
25624
45936
26966
4679
36893
47707
86182
4910
26562
10185
79967
64823
39550
96685
33114
38441
60558
72910
63168
34102
32038
49353
44515
40599
21522
11717
20886
18486
88646
21928
44196
83317
56243
47824
62668
34158
81402
77669
36913
77553
85724
17896
73968
45237
80563
74287
96704
47496
45622
48548
19382
56711
15136
90751
5595
41489
86884
8223
7674
83359
62881
15792
13844
79381
15605
71227
67085
65519
50628
78657
46443
37821
43083
69403
15652
60133
20820
13161
88442
2229
73281
86887
53295
94338
87728
91397
62484
34111
95213
93853
35437
83066
38932
13688
58795
36855
7338
27585
17359
47198
35840
45214
89645
6458
42024
77923
8156
78047
92554
10853
6890
8758
98680
65063
81907
69334
57813
41370
89412
99862
23847
83144
50417
29693
31647
86089
45230
65838
1309
4964
32807
70520
91525
6466
82487
12912
7994
63694
72717
15162
26027
29605
67134
85406
70392
38845
59073
13951
76068
35169
76075
44030
87785
60699
35928
33310
26834
95697
27727
1121
45095
84921
15179
14303
92496
33570
4362
18813
81516
465
16932
79881
13298
91597
26678
65343
89819
41794
10230
43248
50686
59808
68100
23477
71007
80845
12150
3738
28164
39150
69872
1824
54823
74405
82475
6866
99496
66816
44828
98829
65634
81292
27845
81000
17049
41301
32303
6187
92658
45358
6112
27080
16864
38519
73658
38312
92961
48721
33087
80781
38474
16043
25267
57637
77597
26034
40353
92606
78517
99085
61639
41039
18793
51243
18959
47897
90179
89158
35828
48579
42177
49421
95057
60912
24288
96179
20200
92448
28288
34113
18154
10030
68001
61792
99368
14439
74792
96661
32682
73281
92052
68235
93851
96815
17771
75547
83560
45924
29478
32749
94437
53738
50818
76389
21534
9465
86181
98165
1526
51717
85959
59634
31043
30110
48070
81152
74875
79069
70431
92686
20507
49385
84040
8483
83378
92404
82827
20330
84536
47370
28806
33605
85559
46499
88348
17912
44751
8014
93545
64336
57073
94490
37594
20999
27799
2746
65167
25864
92512
98486
645
52244
38100
32132
22639
83686
69328
59778
59575
50463
10711
21601
34686
55441
66591
61080
42465
83159
534
80097
44337
56329
86989
72994
76679
3018
26992
53434
42666
74596
88501
85709
61660
87324
305
37647
15101
7252
92650
11131
80433
93564
83645
67292
36028
4325
91521
43642
76046
66750
39927
27971
99746
69212
7398
45638
13379
60828
7404
47626
34912
56024
60736
50604
79655
13234
18405
33787
36657
82209
40917
