22001
61247
51213
19717
78701
77797
88973
20306
85876
75519
4903
13184
88020
3464
29685
6964
44430
21281
64721
33174
44272
60322
8827
52552
20472
72540
38748
15969
91945
70063
8412
78077
89033
34059
15033
59584
94090
13276
37111
6716
80122
74203
95651
60430
23218
23745
80122
61948
33780
33616
68844
16805
33826
99490
67408
91306
26705
29252
31671
73950
34396
81077
22143
43547
77852
21722
72822
81539
73432
23919
386
93607
7740
82913
67120
52127
76156
13248
58051
34013
47184
95114
27003
27779
70513
67676
99895
81626
49766
86126
65946
19890
88339
67984
75345
76859
32966
42368
55940
60776
26212
39753
15991
53450
5725
22729
94591
33941
34043
43493
63948
38510
25895
4871
64477
34230
87647
31341
36120
50189
9124
55762
58373
44930
14617
71159
22846
59433
61268
99285
31307
69800
83764
79089
11159
48136
4934
33257
45040
59413
27197
82490
67010
97189
7679
62428
2306
71925
1992
80057
82163
67689
5204
65037
46425
38495
61992
63810
28572
97649
29676
49475
96368
99825
2249
4778
6668
76807
46244
3046
1857
21882
71152
17213
93908
56234
98455
71906
77662
22577
42004
47571
98122
77397
70485
5762
39637
55509
18978
63773
94770
46642
92750
94113
623
84246
78688
67641
9975
55075
20801
3104
69043
61743
76869
515
69106
32480
72125
73616
27493
70659
28740
22830
95594
98817
59343
55656
80523
97363
25099
27484
11490
18435
26271
36129
4953
42579
99889
73002
10495
88738
69035
36849
9997
26345
76166
86184
43325
40334
72230
26543
92978
35028
1067
36918
61061
20229
77807
62606
78215
18870
49750
19003
76007
5759
92417
95959
23146
6470
37087
12598
39647
28068
29901
27718
42202
65077
14367
57332
49335
51049
55003
13195
61857
94510
83983
51966
63755
98939
10325
40493
40179
71989
80274
25124
56548
81345
17892
10723
27832
60635
60165
64487
3998
92194
46430
28916
83828
49900
42872
23923
74637
79449
59873
50848
76625
96034
83726
34931
75124
72049
93044
46292
12144
9934
55698
80441
26984
13547
75704
11746
13635
63937
50851
25964
76018
97480
94690
6170
237
85827
48900
36336
81299
44545
40957
48010
73420
24580
6615
74929
97153
94823
32851
16342
56044
97935
43052
59400
8302
41553
68435
49243
646
58634
25550
8316
64608
34857
27606
67003
84731
28048
93995
12696
86214
55549
91263
7157
89704
9513
85336
631
14339
91880
68230
13523
85034
13668
11646
33570
2106
96471
40500
71634
20138
53946
50336
74899
85526
93382
26168
94056
42922
76110
37696
47242
75733
4089
32274
10225
