33927
96959
42969
60801
58335
1417
30448
32508
49589
25763
92508
30986
66148
9702
55903
34369
31033
52097
68464
35855
94165
75147
56154
44070
70978
80917
20242
330
50228
53219
26342
14056
41757
86171
30482
91265
32128
61016
68296
8579
94506
3622
87727
86110
8706
22716
77048
9581
28507
4424
65817
48968
73744
81203
41580
10493
63900
33863
23359
83807
89520
9186
90094
66147
93192
24323
82702
25119
66503
86477
76420
57497
27659
47612
93039
54373
27131
76548
1626
35789
95135
83941
45376
11319
32512
8735
9443
4167
33493
1265
71859
90887
86583
45691
187
47063
73146
31669
50414
87115
310
15331
59188
45682
53858
58731
69316
58424
94825
63416
97715
45948
18427
5666
38814
26938
44046
56759
11939
52961
83451
11419
19322
42984
20051
180
29958
99531
60355
60221
97496
57799
96150
42202
69422
30993
93848
46023
90144
99249
27662
99663
71944
32007
33968
91784
67801
1304
17045
76758
27010
53536
59153
60675
27807
45426
51659
13130
67876
58330
14196
94417
13434
77330
48010
79960
37556
90425
22978
77456
57117
43333
75702
76121
27316
97390
83722
62948
30008
40976
66725
13071
91239
7667
61691
15886
2134
76491
39737
41783
29735
39855
27382
95277
70411
55348
99842
95426
70863
55358
73153
47127
48480
79070
90520
10724
32688
66679
37706
11027
32793
34471
32909
96589
19316
33372
67561
69842
5535
27985
27470
76849
57702
71987
54795
3854
83423
45839
94154
89095
74086
16547
10714
71765
12985
32192
38746
79412
39473
10919
16051
62480
64985
74545
34282
62283
63164
60024
87414
18295
83423
38866
7135
20311
62683
74218
39976
59716
12408
47025
20844
17409
91429
3892
15757
33508
55083
47557
75969
77281
13412
21768
41603
99007
57549
88785
66289
88793
86280
60390
49276
54888
70177
27652
34709
42059
67556
86195
29656
18301
74862
60615
21917
59129
48700
83872
85751
75636
71968
31474
67368
18592
75050
27146
34771
85719
28911
89318
12723
28561
10795
30753
50210
53792
48413
61157
38089
50987
14763
20699
82700
95686
39727
79300
47408
66641
262
8104
14949
52661
53681
86885
24710
92028
65969
9382
89980
51372
78865
44132
9103
97672
12644
1214
7156
72594
54756
56540
45579
31882
25200
23993
47367
75160
81530
37755
37439
28764
18378
68021
94043
20469
24940
65383
51083
19435
39554
64330
66834
37483
57108
93251
14997
59538
31332
79908
69093
2454
44993
77592
41467
8782
99297
34515
82700
98153
437
46096
13928
94875
16198
36569
93111
66889
68882
66739
44751
12302
63098
60492
51480
97659
5331
96747
77779
89251
83405
46653
80742
84399
42706
43873
60837
54880
40476
57120
92191
341
42344
50766
96870
36440
38964
43004
48790
87129
24791
47940
8840
78092
50145
55593
26519
95667
13982
92405
96053
6038
81970
20227
52162
52735
86256
59985
31342
55438
24911
69744
41882
87746
1888
34844
12937
30164
61908
59446
74716
3070
4137
43116
38075
9184
49569
89788
19952
25670
20498
98247
78890
60745
15488
4619
30602
13519
20667
46899
13476
94888
24346
76122
45577
88203
86499
39570
29250
94656
26518
72345
57682
39664
10386
66226
27384
36680
71079
85306
88365
492
74438
44900
6935
64763
41246
96812
62835
32888
36438
5457
16578
26844
60048
94973
61768
6134
90353
14300
41836
15775
22233
68241
85742
21444
6540
24339
63524
11417
94433
87051
17324
63438
63761
99839
34952
30988
95277
67044
67792
38430
84139
74398
59116
34558
99528
15165
74186
7923
57802
51396
93758
38511
34005
4327
22710
87499
41056
16849
83753
89811
96063
84542
43225
64175
60911
94780
19792
34772
6258
76145
26604
31725
82731
12971
8756
66433
3066
36857
39059
50242
85732
56183
41453
86798
61473
45157
30356
88231
42077
72603
95102
31618
86900
83645
67133
65812
65539
80923
28467
31173
11743
58974
38254
25477
84120
63248
77043
11565
75558
54492
23293
78641
72687
3836
75640
38167
57010
30545
56600
40003
15319
66363
30811
25489
82647
3395
63887
14272
62408
60797
75848
32593
77036
97715
42737
61628
56365
528
85820
26987
59057
41633
5573
72424
98870
54728
81001
38572
70220
46940
94053
2557
83122
78809
5050
81983
43983
4369
33335
47661
22024
52584
56312
99283
86057
18307
73791
64026
50994
26120
92967
37465
53221
65089
18184
17024
25377
1243
92508
35910
16568
61012
92702
98241
78259
47865
42256
81225
9462
36303
20992
4368
20290
13629
54635
20408
93158
60005
76795
54484
90472
11374
68082
14852
23022
16127
48714
13775
13505
86460
86514
95289
68634
91832
69200
2504
86346
66046
372
61131
96130
6859
77737
80832
90590
95267
92616
45645
35933
11051
31145
50042
37083
37922
32380
93207
82074
69293
77439
74758
23011
46886
96662
50926
87866
8055
81693
74280
90678
78774
9200
23480
15064
72823
92314
74658
41327
69890
7537
70750
53939
28061
7417
61335
18908
90513
7101
46065
1089
18229
66252
69375
54344
28285
76316
98438
89168
90913
22465
63879
85247
90973
24772
32176
72088
50201
6055
75357
77293
28874
70231
31683
83003
92873
57080
9276
2331
84262
49284
99821
39552
29250
1311
38868
41352
77215
18028
862
91787
5484
82064
7792
68873
7811
85812
