4725
12815
80254
84595
42156
89292
83735
82012
38468
11746
13241
34431
68343
9997
24547
61936
23639
91391
63700
77305
20394
57752
642
2109
46491
51120
47490
36592
82469
6078
55858
81478
48429
22343
9231
40723
8020
1882
41936
1546
88266
34461
73018
66422
27023
65313
79625
11768
79324
53934
33969
7513
71909
43563
49677
92182
56872
17918
45120
14378
53998
22951
30508
36573
61275
21561
64557
71793
87561
81130
7590
68516
19385
92375
93378
57522
36652
1958
18206
76428
90533
33289
78001
19709
38428
39172
50342
79859
51956
91919
28952
88753
26465
96163
60302
59271
35628
88804
77183
69580
975
86502
88463
45813
61102
13891
69277
95721
27381
78275
30872
53906
74160
65155
25821
60338
75329
11544
15101
97508
62333
4702
31692
31968
69977
73222
10022
40653
31517
91807
42953
99413
80364
41505
58153
52653
19308
1443
61374
82048
31992
77219
76260
55161
70943
8331
23585
86038
85523
29192
18998
97006
23865
85613
43930
10821
66757
54619
48488
17937
57570
44880
83035
28708
83822
56586
4668
66108
43248
42399
87599
33184
4717
77057
46857
1310
21776
89132
86313
17870
43770
28713
69454
77295
60303
86527
15975
84338
26265
31483
26342
19375
34837
95548
29111
59878
36791
32536
24756
58419
11795
31635
83094
10157
3912
55244
61299
22703
60195
73703
91802
72437
4477
49729
66222
65514
64697
33203
26686
96970
18645
63224
79882
29200
50074
65573
50681
66291
23068
95485
60580
45123
68835
67621
73664
26396
24457
35501
48592
69484
80326
93792
11882
2823
59201
65217
67738
41382
80707
99095
31374
93129
60341
17708
14974
69044
79702
3475
12488
87700
20182
95875
22191
50474
84192
75061
6696
48400
31897
88509
28723
30584
16737
89359
13036
87691
81754
94940
1932
84536
57126
90661
95642
92949
40860
20971
59028
49621
50985
88240
99677
9579
92794
31729
60929
99092
90457
60956
53474
11358
94753
62834
11628
27190
79162
39361
17920
79315
2974
93653
65379
90571
69259
99205
81511
10552
45054
8134
11257
95191
14065
93271
52518
45036
90898
79632
35695
14428
86409
29483
10334
81146
71540
33035
11117
51533
81567
43664
35152
86084
61213
68221
51495
58205
16682
77967
53455
90075
31779
4266
98145
73115
10434
73186
99339
39120
77151
43066
88357
67374
21890
2852
35112
20267
20653
5522
17091
44462
58034
41922
59624
71081
16104
55329
85241
92033
50363
20814
8848
13338
67816
46726
5313
99573
69579
75121
25109
95160
3371
57980
38428
47977
30353
35845
33353
55060
58038
13944
49273
4616
89811
99110
79049
24816
70807
13918
13693
29557
48921
88422
58619
85615
88579
